0.03336666666666667,-0.9948986905801115,-0.10008617317826622,-0.012623526468855544
0.23336666666666667,-0.9981557911313192,-0.057926530924177606,-0.018153061617826087
0.4333666666666667,-0.9209938737557601,0.3767838374096062,-0.09901628336415468
0.6333666666666667,-0.9220354307474783,0.3681816268328652,-0.11955314345100769
0.8333666666666667,-0.7828086457223039,0.6043997201220574,-0.14802568188929627
1.0333666666666668,-0.6150678931695257,0.7737519844626398,-0.15165537686520628
1.233366666666667,-0.6327021867960605,0.7654581882622038,-0.11731029300887494
1.433366666666667,-0.3468862897591964,0.9341969651486851,-0.08334225989307771
1.6333666666666669,-0.3365776658472866,0.9401659170506417,-0.05294830751892313
1.8333666666666668,-0.3690460849988183,0.7983703143145043,-0.47582541795116945
2.0333666666666668,-0.3139826615020439,0.8157229799451737,-0.4858095390844637
2.233366666666667,-0.18082344572719905,0.9573232957688077,-0.22546615899884007
2.433366666666667,0.4335188401716217,0.7884700110405013,0.4363215063528775
2.633366666666667,0.46292044844489105,0.8060421918504936,0.36878265057948867
2.833366666666667,0.6296201492107502,0.6982661232419415,0.34059196825601007
3.0333666666666668,0.8763068631293631,0.4775328666805633,0.06362894681054446
3.233366666666667,0.9425757529862726,0.31793976348513175,-0.10229983713271491
3.433366666666667,0.9581664128179941,0.2713165583740111,-0.091128757807727
3.633366666666667,0.9476137527121598,0.21078991427948024,-0.23999122423294486
3.833366666666667,0.8346905536429851,0.12497785759694137,-0.5363508317972907
4.033366666666667,0.704450239638891,0.1841904583641929,-0.6854368934630651
4.233366666666667,0.6166599161386006,0.43720269736418155,-0.6546635389613645
4.433366666666667,0.45388617049849717,0.5887012687398734,-0.6688932354376687
4.633366666666667,-0.11433556873385489,0.6627798392344282,-0.7400339603198571
4.8333666666666675,-0.30889407899706334,0.6094385445329739,-0.730184297556505
5.033366666666667,-0.4764595294971485,0.5466763952074203,-0.6885718812690337
5.233366666666667,-0.6629514844595412,0.3245138541518256,-0.6746748014535734
5.433366666666667,-0.6441246484722261,0.31899056575397206,-0.6952326633512639
5.633366666666667,-0.6285451532973094,0.30951266054124393,-0.7135354954248195
5.8333666666666675,-0.6795199106843719,0.16167090713058774,-0.7156222528478808
6.033366666666667,-0.6628262554983838,0.10800590498623906,-0.740942696509045
6.233366666666667,-0.6683804397638309,0.09153221849941072,-0.7381662690191719
6.433366666666667,-0.7833803961376397,-0.0069305503787730725,-0.6215039198739473
6.633366666666667,-0.7939645643393577,-0.030300648794592926,-0.6072084825297164
6.8333666666666675,-0.8938232986503166,-0.051703146857830146,-0.445428664765599
7.033366666666667,-0.9591656260853908,-0.09532192757520264,-0.26629876428471955
7.233366666666667,-0.9929523102633252,-0.0309940208575174,-0.11439003546554621
7.433366666666667,-0.9978178928947017,0.05741108036774092,-0.03261012833747437
7.633366666666667,-0.9935067084947111,0.11028592223321212,-0.0279541684400678
7.8333666666666675,-0.7905184955948259,0.29724413826871254,-0.5354684214660881
8.033366666666666,-0.7455448405938271,0.15135745504724096,-0.6490406855240647
8.233366666666667,-0.7357847316675866,0.186603372489335,-0.6509992396466097
8.433366666666666,-0.6182759363635711,0.3632414991891456,-0.6969867142066423
8.633366666666666,-0.5871639567604754,0.3971618579133965,-0.7053374699391504
8.833366666666667,-0.45644316999339873,0.48477092372508956,-0.7460943533341481
9.033366666666666,-0.40556778905855595,0.5086633834027519,-0.759457919086647
9.233366666666667,-0.5802061308433369,0.40896265931747006,-0.7043510410411755
9.433366666666666,-0.5765498058765385,0.4013054338315822,-0.7117192354580363
9.633366666666667,-0.5509290751465781,0.41854494995982566,-0.7220091959395418
9.833366666666667,-0.6257876646644097,0.32020794956471077,-0.7112360141257104
10.033366666666666,-0.6102421950108878,0.3421741486176755,-0.7145077434472372
10.233366666666667,-0.4513800949722968,0.777237910002985,-0.43835743533900706
10.433366666666666,-0.4445458180104463,0.7846487561626927,-0.43209413921246664
10.633366666666667,-0.6555175759111935,0.5312335162541175,-0.5367379797254884
10.833366666666667,-0.654178088275803,0.5302668067336078,-0.5393219284401098
11.033366666666666,-0.5752035255072169,0.4308907636951894,-0.6953229853861045
11.233366666666667,-0.5458784892093572,0.32790666051022804,-0.771034303394823
11.433366666666666,-0.7848393328237251,0.20802209895083906,-0.583741405076681
11.633366666666667,-0.7951598071975815,0.1266489662158692,-0.5930269137011885
11.833366666666667,-0.8205278728711495,-0.34128296801443136,-0.4585411056653565
12.033366666666666,-0.7005316661338579,-0.594143200151622,-0.3952837492957571
12.233366666666667,-0.6473948264389093,-0.7130711490701761,-0.2690900872642351
12.433366666666666,-0.47758457161515844,-0.8696760184563098,-0.12480624935132893
12.633366666666667,-0.1888058200032997,-0.9793328395077336,-0.0725227674223821
12.833366666666667,-0.2175023950825855,-0.9737069647048034,-0.06773075386187717
13.033366666666666,0.22922010644266516,-0.9155223117811441,-0.3305707782507747
13.233366666666667,0.0009101414667310181,-0.8190353579592862,-0.5737423237438689
13.433366666666666,0.006116483750557289,-0.7901535847218841,-0.6128783738864391
13.633366666666667,0.20230817903007225,-0.9736235320451514,0.10549226770461081
13.833366666666667,0.193290057519303,-0.94866970307974,0.25032927939572513
14.033366666666666,0.17117631139270778,-0.952578592332903,0.25158039638861457
14.233366666666667,0.14328739604860802,-0.9568660621637752,0.25273713857049174
14.433366666666666,0.14360386394856045,-0.845004513094655,0.5151167858929748
14.633366666666667,0.1628992411206333,-0.8358839886405244,0.5241772551119799
14.833366666666667,0.17435624384433251,-0.8388468132976462,0.5156897556214202
15.033366666666666,-0.2584214273276891,-0.9539117871864841,0.15254726534621363
15.233366666666667,-0.32125671000183986,-0.9392622186414115,0.12075020046197593
15.433366666666666,-0.35503072415418047,-0.9282872098970414,-0.11061663911059645
15.633366666666667,-0.930579570379923,-0.3583762664373542,-0.07475369453037224
15.833366666666667,-0.9985137706496175,0.04999679847107218,-0.021692624685050583
16.033366666666666,-0.9959392327958684,0.08574250359290787,0.027445721990819925
16.233366666666665,-0.968841002580711,0.24421251379207126,-0.04132021086296702
16.433366666666668,-0.9246518407993719,0.22160059249215655,-0.3096968690727413
16.633366666666667,-0.8958685419739361,0.19597580293750413,-0.39876439179607587
16.833366666666667,-0.7859402307634774,0.2414783070366908,-0.569197839857238
17.033366666666666,-0.7717146909957493,0.25988853855823024,-0.5804432644345209
17.233366666666665,-0.6577239342766581,0.2768504497491969,-0.7005376897450283
17.433366666666668,-0.64645204252534,0.2892107339986371,-0.7060148072489594
17.633366666666667,-0.5631146216038128,0.48641832469898805,-0.6680562374029784
17.833366666666667,-0.5202963408205303,0.5271905420160768,-0.6718346895907961
18.033366666666666,-0.5081631516201209,0.5577235911382605,-0.6562885091355393
18.233366666666665,-0.4278940039328759,0.6102380133762988,-0.6667205474776072
18.433366666666668,-0.31225964219838626,0.7142616936409014,-0.6263578440886383
18.633366666666667,-0.01933423422382119,0.8798106334000356,-0.4749309810311455
18.833366666666667,-0.01149702283246401,0.8788966084966434,-0.47687374643514197
19.033366666666666,0.3331610132838618,0.9164185424351612,-0.2217674329307305
19.23336666666667,0.47945218212424884,0.8745221731227559,-0.07305185673854064
19.433366666666668,0.49306602195060684,0.8693343727322009,-0.03381784121014163
19.633366666666667,0.5368732230278533,0.8410598675304787,-0.06622266700532278
19.833366666666667,0.7601383322913926,0.6474654429880289,-0.05457303287866876
20.033366666666666,0.7397796003918122,0.6696314852808211,-0.06572531296792737
20.23336666666667,0.23728965652597817,0.9560643741721317,-0.1721468307713896
20.433366666666668,-0.16253400345153507,0.9508856817039346,-0.26343712352753235
20.633366666666667,-0.26588061328076723,0.9109804545372171,-0.3153127192686783
20.833366666666667,-0.537089879207788,0.45747337473358834,-0.7086978009436922
21.033366666666666,-0.5313559377340086,0.32993002290313056,-0.780260884206015
21.23336666666667,-0.48936533488249223,0.1718074238872689,-0.8549875894494413
21.433366666666668,-0.5018837738978346,0.16322162207830446,-0.849394713654491
21.633366666666667,-0.5067479796310924,-0.037622745875794956,-0.8612729034008739
21.833366666666667,-0.5362469164393985,-0.07030492821300945,-0.8411280887464172
22.033366666666666,-0.7325810613916207,-0.13822690497755294,-0.666497045177736
22.23336666666667,-0.7327174246812177,-0.14857480395196068,-0.6641164831557491
22.433366666666668,-0.7557861465818086,-0.43544634177431274,-0.4890539684640024
22.633366666666667,-0.7414839065417316,-0.4844140131534442,-0.4642678970165691
22.833366666666667,-0.3066413215397361,-0.6761406736594625,-0.6699290181412448
23.033366666666666,-0.319608847744947,-0.6500872660332208,-0.6893741589185081
23.23336666666667,-0.20140871044831982,-0.6907218512455832,-0.6945054755489112
23.433366666666668,-0.1577225588187673,-0.7135917277619525,-0.6825763257756398
23.633366666666667,-0.23050882097531283,-0.6924857728436333,-0.6836147583703321
23.833366666666667,-0.7162462470345423,-0.4569196989889867,-0.5274615647464249
24.033366666666666,-0.7482667923277536,-0.42173736066855805,-0.5120882796118786
24.23336666666667,-0.8306398639589007,-0.16206711911992328,-0.5327022294889593
24.433366666666668,-0.8484430951551932,-0.0016797649248394963,-0.5292839433359691
24.633366666666667,-0.8945086495880216,0.06387365099307876,-0.44246404658574084
24.833366666666667,-0.8951775813394699,0.22741733126696084,-0.3833255213348446
25.033366666666666,-0.9103026622024308,0.19436912575438142,-0.3654718951446811
25.23336666666667,-0.909459484855795,0.22483903151473056,-0.34975828126486214
25.433366666666668,-0.9225773607890234,0.17620304797051317,-0.34322514366733187
25.633366666666667,-0.9777538626533469,0.00884409342002163,-0.20956900075640517
25.833366666666667,-0.9946378716994341,-0.0021292815918062605,0.10339714861215334
26.033366666666666,-0.9899372994028859,-0.017670229880382846,0.1403990962467184
26.23336666666667,-0.9941876269044904,-0.00862336498912411,0.10731542333831659
26.433366666666668,-0.9991299402235073,0.007114793184424577,0.04109430942252239
26.633366666666667,-0.9914854235675274,-0.09341487800734984,-0.09072108586207063
26.833366666666667,-0.9751371368247026,-0.13139467283027986,-0.17844608243709092
27.033366666666666,-0.7907552402820109,-0.10161325180226922,-0.6036397079589018
27.23336666666667,-0.7347608000697602,-0.11479940402712932,-0.6685414448752317
27.433366666666668,-0.7374629383836293,-0.13915722121456897,-0.6608961206531799
27.633366666666667,-0.7312706000565059,-0.18365201461223415,-0.6568982014146985
27.833366666666667,-0.6498758462307128,-0.4052780082281787,-0.6429705440628795
28.033366666666666,-0.11728505538715592,-0.803021914631591,-0.5842944637802464
28.23336666666667,-0.0769514024422237,-0.7938011805120965,-0.6032894558002627
28.433366666666668,0.02622947514089019,-0.8062688648779928,-0.5909674544018363
28.633366666666667,-0.09828580877839854,-0.8484481764257129,-0.5200726792599838
28.833366666666667,-0.7474741477708116,-0.36391586166251805,-0.555740626591872
29.033366666666666,-0.6620394651092568,-0.2903030920567467,-0.690961548409274
29.23336666666667,-0.6420124230337316,0.37857587793323016,-0.6667085970027994
29.433366666666668,-0.6604342681794892,0.3679180284648831,-0.6545707767268077
29.633366666666667,-0.3845189525844369,0.760815160330561,-0.5227862535631084
29.833366666666667,-0.35662633340266037,0.8589225778223136,-0.3675182493847705
30.033366666666666,-0.24013771375779575,0.9433904815685005,-0.2287974600320823
30.23336666666667,0.33241437054164363,0.8745799242532116,-0.35300232626804273
30.433366666666668,0.4168967586392684,0.8515953946099803,-0.3177772435451349
30.633366666666667,0.670000391850106,0.65027034662622,-0.35811723111199345
30.833366666666667,0.7146107662026774,0.4356441835988542,-0.5473075900475988
31.033366666666666,0.7059190668141654,0.3946171416749019,-0.5881798896634841
31.23336666666667,0.6976183870616205,0.40010658496889895,-0.5943427518680348
31.433366666666668,0.6700255484808344,0.44374405138985207,-0.5951108982694548
31.633366666666667,0.5281386010816743,0.774574911561484,-0.34799902934780136
31.833366666666667,0.5110842054716949,0.8016909708392113,-0.30997503478868926
32.033366666666666,0.33687969005306595,0.9368614217074237,-0.09382297664269158
32.23336666666667,0.32951869601492534,0.9394634148995529,-0.09394637322374029
32.433366666666664,0.327758236355861,0.9397976427361361,-0.09672088300102265
32.63336666666667,0.42335442355564723,0.8934577197862154,-0.15001444933833027
32.83336666666667,0.037405073597767624,0.9929879683489158,-0.11214167460600011
33.033366666666666,0.04017590510995411,0.9868729960178106,-0.15642118264297297
33.23336666666667,-0.3255579219398055,0.9325433119747056,-0.15612498439866151
33.433366666666664,-0.3011629981970751,0.9394344642879898,-0.16359625859073268
33.63336666666667,-0.6409428782958266,0.7454832538614592,-0.18288505946083417
33.83336666666667,-0.6060604235207441,0.770145311582715,-0.19891445922561532
34.033366666666666,-0.8493214390999823,0.501440722374412,-0.16495543346541588
34.23336666666667,-0.8378546415554425,0.5150668276524246,-0.18084734633405178
34.433366666666664,-0.96690214564919,0.2244990871254254,-0.1212452086428293
34.63336666666667,-0.9840326798208764,0.09142467119389179,-0.15271284995583637
34.83336666666667,-0.9864549337048769,-0.009196976319321912,-0.16377447724199576
35.033366666666666,-0.9733986668405278,-0.14516241450437553,-0.17726508062318277
35.23336666666667,-0.8306324358990971,-0.39808846519376573,-0.3893267654708632
35.433366666666664,-0.880412490082752,-0.300160715160343,-0.36712040583536043
35.63336666666667,-0.8392449030496121,-0.35724503383769746,-0.40993167540890313
35.83336666666667,-0.7751153161591053,-0.4809424241042264,-0.40974459282865544
36.033366666666666,-0.40084925503107577,-0.9001440041224901,-0.17047183516159478
36.23336666666667,-0.3650071690498607,-0.9177576797638618,-0.15649475319211126
36.433366666666664,-0.31738858522535485,-0.9342312050232257,-0.1627161378889621
36.63336666666667,-0.20968607493132108,-0.9579882443141818,-0.1956790068855821
36.83336666666667,-0.3984388851583605,-0.9164998881754546,-0.03569887628683057
37.033366666666666,-0.4080868088116238,-0.912942366519178,0.0011797831614649454
37.23336666666667,-0.4315932088485125,-0.9020642144584292,-0.002730397286508658
37.37066666666667,-0.4933542381395785,-0.8688319153387478,-0.04162569637278829
