0.033366652777777776,-0.9867628615910622,-0.0479110037474393,-0.1549309223639089
0.2333666527777778,-0.9903148179209228,-0.023918245152871904,-0.13676431901287864
0.4333666527777778,-0.9493232549098254,-0.312691008419944,-0.031775634387597444
0.6333666527777778,-0.8657725473199311,-0.4884550095819751,0.108855867648144
0.8333666527777778,-0.727512313690322,-0.6809095587070771,0.0841902980769655
1.0333666527777778,-0.5720582702938369,-0.8168731022034714,0.07394369672189803
1.233366652777778,-0.6805870967544518,-0.731073944330747,-0.048291734821087035
1.433366652777778,-0.7587409042510594,-0.6415526713428559,-0.11279366165317323
1.633366652777778,-0.7720164437632088,-0.6193419944946764,-0.14284993669779744
1.8333666527777779,-0.4017573460281992,-0.9108105672019906,-0.09494812049517518
2.0333666527777776,-0.2894228620316408,-0.9564334257159276,-0.03833417674490084
2.233366652777778,0.07703376917931998,-0.9970058327097638,-0.006720710434023682
2.433366652777778,0.37089276845972946,-0.9286717912918354,-0.002694134943180492
2.6333666527777777,0.4385696344656533,-0.8941951787935952,-0.0898424061729968
2.833366652777778,0.5382735711121979,-0.7862588557425279,-0.3034115594511401
3.0333666527777776,0.28129407013643987,-0.5971972712045046,-0.7511518257795617
3.233366652777778,0.23270478754530705,-0.3159065881888191,-0.9198105834313898
3.433366652777778,0.21923702506529255,-0.42951632003215573,-0.8760427259366721
3.6333666527777777,-0.33702945657568184,-0.11919793118880485,-0.9339180898775921
3.833366652777778,-0.49277035801368874,-0.04569029494820581,-0.8689590158405673
4.033366652777778,-0.5369734907327436,0.31928399332882695,-0.7808439036416239
4.233366652777778,-0.43003860738930183,0.5730972076411145,-0.6975861142171821
4.433366652777778,-0.4951338582594335,0.6380703179536587,-0.5896683235104668
4.633366652777778,-0.6446245331875322,0.7497483753440828,0.14945429027520296
4.833366652777778,-0.033621391118092536,0.9875562569386528,0.15363021005193514
5.033366652777778,0.19199227135357594,0.9570299053222873,0.217330918323438
5.233366652777778,0.24356591987833998,0.8211401421155202,0.5161438846681431
5.433366652777778,0.32505023693026297,0.8051434410752498,0.4960709452942045
5.633366652777778,0.5156772761511467,0.8499820204092823,-0.10773816335119384
5.833366652777778,0.5336922151244867,0.83834864297309,-0.11110433088182042
6.033366652777778,0.8774104682344803,0.4793544140962918,-0.019240995788968603
6.233366652777778,0.9729873875994175,0.2251595643796911,-0.05097758468982448
6.433366652777778,0.9944005522503854,0.07216375117093758,-0.07720061334644555
6.633366652777778,0.9942339296950776,-0.0338900961243051,-0.10173669164942059
6.833366652777778,0.9910971964039821,-0.05423157064246641,-0.12159475328244018
7.033366652777778,0.6488159436671742,0.758990831224055,-0.054504948042288115
7.233366652777778,0.337004111816529,0.9393702798492491,-0.0633380292928014
7.433366652777778,0.24346258527774972,0.9639324773185685,-0.10751813214691731
7.633366652777778,-0.8576230896645387,0.5087698288995007,0.07507261335416389
7.833366652777778,-0.9620480240965413,0.23224242212920196,-0.14327266555593457
8.033366652777778,-0.9740244938077113,-0.12180253119956197,-0.19089376327164684
8.233366652777779,-0.9168284400080405,-0.38668402340991703,-0.0995041588675674
8.433366652777778,-0.8652154066972603,-0.4967256686727037,-0.068307467346917
8.633366652777777,-0.6468186711596733,-0.7618453149326491,0.03489015268535173
8.833366652777778,-0.5892268762213988,-0.8079648037389912,-0.0021364122697031924
9.033366652777778,-0.3712994288058252,-0.9283702910984658,-0.016289161249673056
9.233366652777779,-0.19908987040534593,-0.9795719576518415,0.028319662500133642
9.433366652777778,-0.14280936388192084,-0.989707911274166,0.009150734886813764
9.633366652777779,-0.016277129952379288,-0.9998674826772367,-0.00026856135066375677
9.833366652777778,0.2713338409938159,-0.9314578355748858,-0.2424133809790448
10.033366652777778,0.3867588136243077,-0.9189891123526018,-0.07665919032506652
10.233366652777779,0.3728047919731761,-0.9229513792398012,-0.09579842713315143
10.433366652777778,0.49222092230149417,-0.8701972647076021,-0.021801012455252268
10.633366652777779,0.6065980257314075,-0.7915805101174616,0.07375046563201137
10.833366652777778,-0.02638226046766079,-0.9994525712337097,-0.019963321039928407
11.033366652777778,-0.7491780630148289,-0.6599574983584752,0.056465301360864285
11.233366652777779,-0.8146328414292042,-0.5728551333130008,-0.09061087077125698
11.433366652777778,-0.9490464824374719,-0.2942821436447372,-0.11273328747499398
11.633366652777779,-0.9670515662505967,-0.23344323750306542,-0.10156536356630427
11.833366652777778,-0.9964701426952871,0.033734004262219466,0.07687178723869235
12.033366652777778,-0.898695132095581,-0.4349305180424585,-0.05641368648674886
12.233366652777779,-0.8728317169838534,-0.48597708816350116,-0.04462133578393848
12.433366652777778,-0.7843329149508558,-0.6127703922130802,0.09661431028435674
12.633366652777779,-0.6990449800823768,-0.6887191260213256,0.19235925055492184
12.833366652777778,-0.7893410368880502,-0.6003334221016807,0.1286099132733679
13.033366652777778,-0.6816800440866415,-0.7316153322742949,0.007164012507506586
13.233366652777779,-0.319198945479305,-0.9434351697024432,0.08967783323331376
13.433366652777778,-0.38637440141869195,-0.9223007289419426,0.008728534900490637
13.633366652777779,-0.3654784541550316,-0.9308097324470945,-0.004329148902112759
13.833366652777778,-0.16874981111324022,-0.9856588150058238,0.00044905518685754676
14.033366652777778,-0.11911593756751965,-0.9928371216241145,0.009265168242058497
14.233366652777779,-0.15549238335115118,-0.987810005438625,0.007315181140801593
14.433366652777778,-0.7481484669396042,-0.6625665533231152,-0.035769174346743524
14.633366652777779,-0.8310846257476623,-0.5518939286865308,-0.06863990329840484
14.833366652777778,-0.9212774633154696,-0.37917600286104963,-0.08644879664478063
15.033366652777778,-0.9971744746307336,0.003394299779979393,-0.07504362647103346
15.233366652777779,-0.9928618436905879,0.1185371482065614,0.013202417899083625
15.433366652777778,-0.9070103212465468,0.4070304176697348,0.10797460925531228
15.633366652777779,-0.610875283737912,0.7861698475518917,0.09363951365935956
15.833366652777778,-0.4042030058900911,0.820422122735838,0.4043852996277648
16.03336665277778,-0.2929670330681976,0.6690269682850974,0.6830616613765329
16.23336665277778,-0.1561818800594453,0.2854427911637808,0.9455842814438741
16.43336665277778,-0.026271462904977897,0.09105664183892126,0.9954991201472005
16.63336665277778,-0.002291004026783311,-0.02458630442167892,0.9996950859814376
16.83336665277778,0.017143801180306333,-0.05596300243698759,0.998285646716073
17.03336665277778,0.021774933171437857,0.059113277277467846,0.998013763800328
17.23336665277778,0.3316721780533941,0.2360733064400734,0.9133799649060453
17.43336665277778,0.49037989777602314,0.31619187654213593,0.8121269931888361
17.63336665277778,0.459140958167193,0.4642119009473799,0.7574278127664257
17.83336665277778,0.4995717451225072,0.42836858217307106,0.7529464982867548
18.03336665277778,0.12484455797742167,0.970913748924678,-0.20430449944249712
18.23336665277778,0.11574533723046937,0.648599470726712,-0.7522777036988629
18.43336665277778,0.0356671911839172,0.238940985014197,-0.9703788214679336
18.63336665277778,-0.13104348654899475,0.13677074547269422,-0.9818968213697035
18.83336665277778,-0.1480531636970564,0.08937815281943126,-0.9849323867747873
19.03336665277778,-0.28003119236118834,0.010733757994917924,-0.9599308921709303
19.233366652777782,-0.2535594383545416,0.03434117496491363,-0.9667100366311291
19.43336665277778,-0.130458488641924,-0.3169745270234864,-0.9394188267005842
19.63336665277778,-0.18265717319537955,-0.6851761238339407,-0.7051028551978565
19.83336665277778,-0.016490694333806954,-0.6977255800341546,-0.7161753081239197
20.03336665277778,0.48553110507199904,-0.7147638707349224,-0.5033608597215266
20.233366652777782,0.5222661662701548,-0.670665899252193,-0.5267307691313677
20.43336665277778,0.8643817853269551,-0.3820018866540538,-0.32698423171114704
20.63336665277778,0.8812289414507507,-0.4708226810505691,-0.04197089179352603
20.83336665277778,0.8631547464621951,-0.5048486393324243,0.00957784025674508
21.03336665277778,0.8686578589198773,-0.4950218989793959,-0.01966834175946879
21.233366652777782,0.9306502783169579,-0.36400705571335806,-0.03726825538526397
21.43336665277778,0.9772177187025283,-0.205740498780917,-0.05211887772397281
21.63336665277778,0.9756938147545668,-0.21469317736014992,-0.04391377283591531
21.83336665277778,0.5704931573436327,-0.8212323020977771,-0.010726761639857816
22.03336665277778,-0.17437378182239305,-0.9846789998516934,-0.0010254091989303298
22.233366652777782,-0.22942012342455836,-0.9731840687296672,0.016708540888735312
22.43336665277778,-0.7349446149909125,-0.6770549532177385,0.038118279331387075
22.63336665277778,-0.8622074984288729,-0.4975161751216019,0.09526744011148987
22.83336665277778,-0.8715776451884933,-0.49005196042112265,0.014194523419112513
23.03336665277778,-0.9473192066677019,-0.3094034265693475,-0.08280000184554608
23.233366652777782,-0.978229479072336,-0.2052993236762106,-0.0303195311961902
23.43336665277778,-0.9925823106394506,0.10311058383449194,0.06440934797807013
23.63336665277778,-0.9865719145740449,0.14818287723994494,0.06868545891667927
23.83336665277778,-0.9977073100658419,0.021512739635275734,-0.06416638897871389
24.03336665277778,-0.9885927092493476,0.007883346162584326,-0.15040714102833094
24.233366652777782,-0.9968840434295749,0.06893861731115225,0.03833628827531479
24.43336665277778,-0.993303316691807,0.08578039928774231,0.07739666754513232
24.63336665277778,-0.8383260609660717,-0.5182837045408428,0.16908996750999278
24.83336665277778,-0.7833073983776653,-0.5946497380688632,0.1811662459219336
25.03336665277778,-0.7722897164463182,-0.609925560330203,0.17764966852531344
25.233366652777782,-0.945849506788462,-0.3103717746724365,-0.09506877507733787
25.43336665277778,-0.9451957445281414,-0.3111830327579936,-0.09884394088374941
25.63336665277778,-0.9506869875419581,-0.24968964727868273,-0.18398187889095008
25.83336665277778,-0.9480499776701791,-0.25194082145215924,-0.1942345549215818
26.03336665277778,-0.9456048516155099,-0.24392371334979873,-0.2152502884245564
26.233366652777782,-0.9512255010314896,-0.21665720644621525,-0.2196126159452444
26.43336665277778,-0.9593037360679755,-0.2056149771830191,-0.19354281987211863
26.63336665277778,-0.854266207865323,-0.5196250815734006,-0.01479934793283512
