0.041666635,0.1660750452232981,0.0,-0.5346440624087706,-0.828598096718262
0.12499996833333332,0.16795305848167563,-7.237830359838992e-24,-0.54346696179089,-0.8224569481671549
0.20833330166666664,0.17097616947834807,6.830473686658678e-18,-0.5606623833472664,-0.8102004945504996
0.29166663499999995,0.17720942774219423,3.2526065174565133e-19,-0.5736999234106009,-0.7996656905219548
0.37499996833333327,0.184617297202998,9.974659986866641e-18,-0.5784429063359744,-0.7945566422119013
0.4583333016666666,0.18612190029680392,9.432558900623889e-18,-0.5744965602289768,-0.7970648283012995
0.5416666349999999,0.18142357275623094,-2.6291902682773483e-18,-0.5620765444446375,-0.8069420335027419
0.6249999683333333,0.1769002813047539,-2.5587171270657905e-17,-0.5304151941040428,-0.8290753960514505
0.7083333016666665,0.1789135996006026,1.1275702593849246e-17,-0.45459999991327377,-0.8725415542865606
0.7916666349999998,0.19481237229275622,0.0,-0.3535647463470367,-0.9148989614936855
0.8749999683333332,0.22940339279549227,-5.204170427930421e-18,-0.25468057512916664,-0.9394210387391769
0.9583333016666665,0.28163423276478766,3.469446951953614e-18,-0.19331777794021954,-0.9398459425178394
1.0416666349999997,0.3271777181841923,-5.204170427930421e-18,-0.15067235838576237,-0.9328732931873748
1.124999968333333,0.3602061942359909,1.734723475976807e-18,-0.1270334138725555,-0.924182887416721
1.2083333016666664,0.3853942358860711,6.938893903907228e-18,-0.09894755383150547,-0.9174315585026235
1.2916666349999997,0.3984903375399949,-8.673617379884035e-19,-0.0738962697377058,-0.9141907854524203
1.374999968333333,0.37853920084064663,-2.6020852139652106e-18,-0.04845539523988423,-0.9243160434067296
1.4583333016666662,0.3148530115334401,0.0,-0.019510976980790184,-0.9489398837152851
1.5416666349999995,0.23247025332251914,3.469446951953614e-18,-0.047147945159925105,-0.9714600622708897
1.624999968333333,0.14904163990083727,8.673617379884035e-19,-0.09561564863438934,-0.9841972552856944
1.7083333016666662,0.0872294340859118,-4.336808689942018e-18,-0.16229714111775395,-0.9828787635380345
1.7916666349999995,0.048685842572010994,-1.0842021724855044e-18,-0.15858555878368813,-0.9861441625230659
1.874999968333333,0.021918982879594998,4.336808689942018e-19,0.020934463961131383,-0.9995405476558639
1.9583333016666662,0.007777836009626594,-1.734723475976807e-18,0.9859949503589073,-0.16659370676512203
2.0416666349999995,0.020481067120713046,0.0,0.7570911199102649,0.6529881790986862
2.124999968333333,0.03230196423354894,-1.734723475976807e-18,0.708410015023096,0.705061581510177
2.208333301666666,0.038792378528858966,-4.336808689942018e-19,0.6895413770244707,0.7232066376487913
2.2916666349999995,0.03167944880719008,1.734723475976807e-18,0.6237942728882809,0.780946296255417
2.374999968333333,0.0175903879358011,8.673617379884035e-19,0.5172787837458468,0.8556361599059998
2.458333301666666,0.005257975418711266,-8.673617379884035e-19,0.9563770460827751,0.2920878282648594
2.5416666349999995,0.013352197707395444,8.673617379884035e-19,0.5092220353507179,-0.8605316017030722
2.6249999683333325,0.02415074105270758,-1.0842021724855044e-18,0.5759218892309342,-0.8171479175836384
2.708333301666666,0.03317210378631275,-1.3010426069826053e-18,0.6478847967467453,-0.7610157039607125
2.7916666349999995,0.052847945167852906,3.469446951953614e-18,0.4531479352798826,-0.8898674302631346
2.8749999683333325,0.0818620603051018,3.469446951953614e-18,0.2840277613136212,-0.9553150443103975
2.958333301666666,0.10389483891906968,8.673617379884035e-19,0.21886650315115083,-0.9702078726975821
3.041666634999999,0.1149613334798242,4.336808689942018e-19,0.1867258496492698,-0.9756625179216936
3.1249999683333325,0.11748136830040509,0.0,0.16414283768096005,-0.9794157732752249
3.208333301666666,0.11627239623175327,-1.0842021724855044e-18,0.1430532712794112,-0.9828613795702756
3.291666634999999,0.11400728313776266,2.168404344971009e-18,0.11477739932487982,-0.9868274864411526
3.3749999683333325,0.10279074437117364,1.2841019480375193e-18,0.09683019149790115,-0.9899787759775964
3.458333301666666,0.06819083251729684,0.0,0.0210237273996373,-0.997450757304251
3.541666634999999,0.022535264198980765,1.734723475976807e-18,-0.1819096599106877,-0.9830569858856911
3.6249999683333325,0.01878825254342915,-8.673617379884035e-19,-0.2778314305557394,0.9604460931055505
3.708333301666666,0.04688865639670171,8.673617379884035e-19,-0.07361005590669743,0.9961842267225097
3.791666634999999,0.06944106575004771,0.0,0.00932207945808952,0.9975424989553451
3.8749999683333325,0.10211982386304368,2.168404344971009e-19,0.01309615085844948,0.9946858963546602
3.9583333016666655,0.15939978831720497,0.0,0.013117728652618874,0.9871269587441256
4.0416666349999995,0.21209984574900773,2.168404344971009e-19,0.008206593193545572,0.9772135423035246
4.1249999683333325,0.24899628379656186,2.710505431213761e-20,0.008701609921918542,0.9684653492202336
4.208333301666666,0.2689731570161544,-2.168404344971009e-19,0.021631396060557945,0.9629047323122027
4.2916666349999995,0.27435432653245206,-4.336808689942018e-19,0.04042215243927776,0.9607787222379045
4.3749999683333325,0.2679914096981602,-1.734723475976807e-18,0.06125212497360907,0.9614721948731593
4.458333301666666,0.24911755249429357,-8.673617379884035e-19,0.07835789439468231,0.9652981329233394
4.5416666349999995,0.21589036385646238,1.734723475976807e-18,0.12509775458223488,0.968370746456339
4.6249999683333325,0.17306666906615067,3.469446951953614e-18,0.15893566797873981,0.9720017394544618
4.708333301666666,0.13275504870727606,2.6020852139652106e-18,0.17615937709804183,0.9753686333398048
4.7916666349999995,0.10532776283747827,-3.469446951953614e-18,0.1818797793343722,0.9776634432384859
4.8749999683333325,0.08784771713756613,-4.336808689942018e-18,0.2119327520221473,0.9733279443301919
4.9583333016666655,0.07293665872963569,8.673617379884035e-19,0.2765945050651989,0.9582148629514647
5.0416666349999995,0.05762928145651333,8.673617379884035e-19,0.3796325790864469,0.9233406580536669
5.1249999683333325,0.0435325353806411,1.734723475976807e-18,0.564408798009061,0.8243467881257864
5.2083333016666655,0.029513022336521845,1.734723475976807e-18,0.8126444870768864,0.5820119578978666
5.2916666349999995,0.0228884932132152,5.421010862427522e-19,0.9044273015577763,-0.42601334847085265
5.3749999683333325,0.0557802619229903,3.469446951953614e-18,0.24694503651762686,-0.9674227159412325
5.4583333016666655,0.08713093608348109,-1.734723475976807e-18,-0.01825641499577407,-0.9960295694851226
5.5416666349999995,0.09877554697772323,0.0,-0.09721512852130147,-0.9903497413064934
5.6249999683333325,0.09982399641993997,-2.168404344971009e-19,-0.09269701370431607,-0.9906777646586472
5.7083333016666655,0.09984823123567188,8.673617379884035e-19,-0.05784730707923951,-0.9933196966650707
5.7916666349999995,0.10000572804958621,-2.168404344971009e-19,-0.018083640226540593,-0.9948225149811544
5.8749999683333325,0.09965621660655159,2.168404344971009e-19,0.0014365515502508237,-0.9950208916456535
5.9583333016666655,0.09951420942591689,-1.0842021724855044e-19,-0.003016805179689268,-0.9950315678453837
6.041666634999999,0.09991590121177592,1.0842021724855044e-19,-0.014699486070030805,-0.9948872990416129
6.1249999683333325,0.09942541876017198,2.168404344971009e-19,-0.008876445066928983,-0.9950054245215643
6.2083333016666655,0.09589484415793273,-1.0842021724855044e-19,0.002704414169245546,-0.9953877962924434
6.291666634999999,0.09083113876534056,-4.336808689942018e-19,0.03021771699118942,-0.9954077525368346
6.3749999683333325,0.08466631711724447,-4.336808689942018e-19,0.0637396037145145,-0.9943685823999666
6.4583333016666655,0.07740865226600364,0.0,0.09328902509091719,-0.9926253363439536
6.541666634999999,0.07140158267200336,1.8431436932253575e-18,0.11690224184680197,-0.9905734096184518
6.6249999683333325,0.06759877891778056,1.9951861072575044e-18,0.11567522649259963,-0.9909841810365647
6.7083333016666655,0.06624066520815114,-1.4094628242311558e-18,0.12018670997073572,-0.9905389083822966
6.791666634999999,0.06628152934930048,-8.944667923005412e-19,0.13092857987606055,-0.9891736277513449
6.8749999683333325,0.06481503918155318,2.168404344971009e-19,0.1497051910010426,-0.9866039562475082
6.9583333016666655,0.062084076913139434,-2.168404344971009e-19,0.19279275076286134,-0.9792734667329309
7.041666634999999,0.05681517477542457,1.734723475976807e-18,0.23818730354616335,-0.9695560037174984
7.1249999683333325,0.04673650111003142,-2.6020852139652106e-18,0.34825571086190804,-0.936233763178865
7.2083333016666655,0.040297914041730915,3.469446951953614e-18,0.578536080908932,-0.8146607153965503
7.291666634999999,0.03860082869444978,-6.505213034913027e-19,0.7220847010191702,-0.690726907379579
7.3749999683333325,0.04077807266802952,-3.0357660829594124e-18,0.7650168531224466,-0.6427179499812572
7.4583333016666655,0.044724551273517425,8.673617379884035e-19,0.7827941981921177,-0.6206713766480153
7.541666634999999,0.0476836355511978,1.0977546996415732e-18,0.8155687282895805,-0.5766922232324074
7.624999968333332,0.05017094935197172,-2.9544509200229996e-18,0.8467936352170351,-0.529550200828062
7.7083333016666655,0.05242569450442438,-2.3852447794681098e-18,0.8667002867888693,-0.4960666884964363
7.791666634999999,0.05434311177897293,5.963111948670274e-19,0.8774118449917989,-0.47665006081009326
7.874999968333332,0.055468504967067074,-2.1412992906588713e-18,0.8787802659021652,-0.4739920771675812
7.9583333016666655,0.05487931198364612,5.014435047745458e-19,0.8658789601603244,-0.49723423802859473
8.041666634999999,0.05560933708039404,-1.3010426069826053e-18,0.8393387961551774,-0.5407568648646606
8.124999968333332,0.057604997266621716,1.0842021724855044e-19,0.8203438816268566,-0.5689618442103953
8.208333301666665,0.05987988451487388,-4.336808689942018e-19,0.8184401277508652,-0.5714631717946773
8.291666634999999,0.05947648415136651,2.222614453595284e-18,0.8095748429842791,-0.5839958231357243
8.374999968333332,0.05872758181329332,-3.3949080525952358e-18,0.8042931157959291,-0.5913236465909673
8.458333301666665,0.05898814207471597,-1.3010426069826053e-18,0.835389552185929,-0.546483938641536
8.541666634999999,0.0578565992380957,-3.144186300207963e-18,0.8701531037118372,-0.4893732624748305
8.624999968333332,0.05421018242196079,-2.3852447794681098e-18,0.897903791265536,-0.4368409753591743
8.708333301666665,0.047564102671098715,-2.168404344971009e-19,0.907683485807215,-0.41695125102337444
8.791666634999999,0.03233739020619079,-8.673617379884035e-19,0.8636945336990912,-0.5029771820400625
8.874999968333332,0.019983934279373092,-1.0842021724855044e-18,0.6160467754456118,-0.7874560386674178
8.958333301666665,0.019070595832244103,-8.673617379884035e-19,-0.05966873516883013,-0.9980360486565378
9.041666634999999,0.02551120183121127,6.505213034913027e-19,-0.39735730449306844,-0.9173092996078968
9.124999968333332,0.029581569847329736,-6.505213034913027e-19,-0.45272760421350755,-0.8911580371115245
9.208333301666665,0.030614276662338877,2.168404344971009e-19,-0.42612022873232513,-0.9041483930912849
9.291666634999999,0.03093757884248372,-6.505213034913027e-19,-0.3792382003830042,-0.9247817329433067
9.374999968333332,0.031760139120240144,0.0,-0.369439732980885,-0.9287117837402923
9.458333301666665,0.03172406195684865,-1.0028870095490916e-18,-0.37538481513722066,-0.9263259817458177
9.541666634999999,0.03144809774183329,-3.7947076036992655e-19,-0.3911840970273242,-0.9197749830155945
9.62499996833333,0.031150451677635877,-1.4094628242311558e-18,-0.3685956816276872,-0.9290677439485778
9.708333301666665,0.030536512409772718,-6.505213034913027e-19,-0.3125067510272593,-0.9494245899344691
9.791666634999999,0.02957523703634631,6.505213034913027e-19,-0.2844866050532797,-0.958223709213826
9.87499996833333,0.028959558853378593,1.8211208365967457e-18,-0.2803529440920437,-0.9594600412158608
9.958333301666665,0.029039176475679798,4.0657581468206416e-20,-0.2741548650808709,-0.9612470214165056
10.041666634999999,0.028851162648119412,3.2526065174565133e-19,-0.2645949984234937,-0.9639279522988858
10.12499996833333,0.028789749258274863,1.0842021724855044e-18,-0.21165431737561838,-0.9769204677321008
10.208333301666665,0.029321740732353226,2.168404344971009e-19,-0.16157835468342316,-0.986424184019341
10.291666634999999,0.02967540382054744,0.0,-0.1184501259207425,-0.9925164674087014
10.37499996833333,0.029804083112654325,-3.7947076036992655e-19,-0.08980170761968198,-0.995513621171706
10.458333301666665,0.029415505541590784,1.6940658945086007e-21,-0.08815099385861447,-0.9956727024054999
10.541666634999999,0.02953771247087744,3.2526065174565133e-19,-0.06374454518540847,-0.9975290253927919
10.62499996833333,0.029952974352894325,1.0842021724855044e-19,-0.044089258389519034,-0.9985784679343318
10.708333301666665,0.029463167531073007,1.0842021724855044e-19,-0.009263231321983176,-0.9995229433607371
10.791666634999999,0.029587047920438828,0.0,0.029901913849611578,-0.9991148493258841
10.87499996833333,0.029517531687569713,-1.6263032587282567e-19,0.03896559854153073,-0.9988044840975502
10.958333301666665,0.02952881207309991,0.0,0.05090844720233014,-0.9982666874442918
11.041666634999999,0.029411698009356637,-1.0842021724855044e-19,0.028064119635133628,-0.9991733369187307
11.12499996833333,0.02939947415411116,0.0,6.868259096896532e-05,-0.9995677396765882
11.208333301666665,0.029564609124128203,-1.3552527156068805e-20,0.011655929408736974,-0.9994949090400391
11.291666634999999,0.029203012413938738,0.0,0.021817001051115444,-0.9993353804059412
11.37499996833333,0.029131044337851963,0.0,0.05573398616805531,-0.9980205934957481
11.458333301666665,0.029218690365032805,3.5236570605778894e-19,0.07596488177444861,-0.9966822988647619
11.541666634999999,0.02870266980164127,3.2526065174565133e-19,0.08965308191247202,-0.9955593812776081
11.62499996833333,0.02774015267556061,3.2526065174565133e-19,0.1122349457344917,-0.9932944180279644
11.708333301666665,0.026728460028607837,-9.486769009248164e-20,0.11647604636856952,-0.9928337826881427
11.791666634999999,0.02633867992418195,3.2526065174565133e-19,0.13427470520809248,-0.9905940528193834
11.87499996833333,0.02646262415154562,-4.0657581468206416e-19,0.12889350639252042,-0.9913052978436336
11.958333301666665,0.02581888781245536,2.168404344971009e-19,0.1406769757424758,-0.9897188355932601
12.041666634999997,0.02595008050086785,-9.893344823930228e-19,0.14587861989307227,-0.9889620930956308
12.12499996833333,0.026383640528658957,3.7947076036992655e-19,0.12575025273857227,-0.9917110352560567
12.208333301666665,0.026278681361133968,1.8973538018496328e-19,0.12170514403096802,-0.9922183675090486
12.291666634999997,0.025927872372695396,-1.0842021724855044e-19,0.08378369743417277,-0.9961465943717743
12.37499996833333,0.026114043710202123,0.0,0.059434279348489896,-0.9978905867676213
12.458333301666665,0.026654781809495716,2.0328790734103208e-19,0.05761429651500866,-0.9979830236250359
12.541666634999997,0.026777719843254694,-2.0328790734103208e-19,0.053322324148101015,-0.9982182544250738
12.62499996833333,0.026333357990177254,3.3881317890172014e-19,0.07301901990610951,-0.9969828368577428
12.708333301666665,0.02713036164189158,2.439454888092385e-19,0.06917902267805091,-0.9972352813145401
12.791666634999997,0.027593434986534486,1.3552527156068805e-20,0.05948186432135194,-0.9978479393988345
12.87499996833333,0.028017970308493692,-4.336808689942018e-19,0.07244993493086559,-0.9969784352072545
12.958333301666665,0.029603690708697204,0.0,0.0568637734802928,-0.9979429506549992
13.041666634999997,0.03321102987732974,0.0,0.0029380710430188,-0.999444043072464
13.12499996833333,0.03658078862942238,-2.168404344971009e-19,-0.10096326031916121,-0.9942174138330987
13.208333301666665,0.03950403524497918,4.87890977618477e-19,-0.10518974250681998,-0.993667222600561
13.291666634999997,0.04792963482314379,6.505213034913027e-19,-0.09418881343968986,-0.9943999283631025
13.37499996833333,0.06375100389179465,4.336808689942018e-19,-0.07124816300726805,-0.9954192628088319
13.458333301666665,0.0814443351062294,-2.168404344971009e-19,-0.04863099576470051,-0.9954907566271209
13.541666634999997,0.09611839064328007,-2.168404344971009e-19,-0.03874069129609065,-0.9946157116283891
13.62499996833333,0.1052805380199679,-9.75781955236954e-19,-0.050759849648276005,-0.9931462359481159
13.708333301666665,0.10893927647252795,-1.3010426069826053e-18,-0.08364127733178857,-0.9905232812851745
13.791666634999997,0.10328684533163071,0.0,-0.24890847113290118,-0.9630038424532488
13.87499996833333,0.09143778010485157,0.0,-0.6122061721257407,-0.7853933633413543
13.958333301666665,0.09015424431211745,-1.734723475976807e-18,-0.9104790884684972,-0.40360877306382403
14.041666634999997,0.10677080910378312,1.734723475976807e-18,-0.993162822063947,-0.04719749138778839
14.12499996833333,0.13236849711404014,7.589415207398531e-19,-0.9826912562487408,0.12960121860554386
14.208333301666665,0.16287812286315953,3.469446951953614e-18,-0.9679271078015548,0.19127945805938235
14.291666634999997,0.1907026119601629,8.673617379884035e-19,-0.9619977933606202,0.19542967881278703
14.37499996833333,0.21167539439796282,9.974659986866641e-18,-0.9620331247327395,0.17229565961865753
14.458333301666665,0.22819610158369497,-4.336808689942018e-19,-0.9642929975642106,0.13440816221730517
14.541666634999997,0.23913159854966243,-1.734723475976807e-18,-0.9667544998055936,0.0905638762461053
14.62499996833333,0.24846067800667915,-1.6805133673525319e-18,-0.9669953133721708,0.05645666834589663
14.708333301666665,0.2618690594348695,-3.7947076036992655e-19,-0.9643038084332841,0.03927799322471763
14.791666634999997,0.2762442282852186,2.222614453595284e-18,-0.9603996237195147,0.03635504227089673
14.87499996833333,0.2926497951020246,-5.963111948670274e-19,-0.9548709363891457,0.05076999375673537
14.958333301666663,0.3121001962157951,4.336808689942018e-19,-0.9464811706978407,0.08226093262604867
15.041666634999997,0.32940831623471584,3.0357660829594124e-18,-0.9367048472152334,0.1186346930661348
15.12499996833333,0.34233202767063853,9.75781955236954e-19,-0.9285455610991068,0.1435685334397971
15.208333301666663,0.3508941107095327,1.734723475976807e-18,-0.9235166967419064,0.1548878107156396
15.291666634999997,0.3564137781797283,1.0570971181733668e-17,-0.920038454917032,0.16278347642660834
15.37499996833333,0.3605391238635168,0.0,-0.9176051420945712,0.167368884101346
15.458333301666663,0.36452738877955027,2.710505431213761e-18,-0.9156220817993503,0.16957590085559482
15.541666634999997,0.36960280594613454,-7.37257477290143e-18,-0.9135931213590626,0.16953281228762032
15.62499996833333,0.3770791568802855,-3.3610267347050637e-18,-0.9106623856182625,0.16883521216413358
15.708333301666663,0.38520994061483,2.4936649967166602e-18,-0.9071694413335266,0.16928350883100368
15.791666634999997,0.39113735682924045,1.0516761073109393e-17,-0.9040809543730193,0.17218941904950533
15.87499996833333,0.3954909526637387,-3.3068166260807885e-18,-0.9015389459073886,0.17554040951679173
15.958333301666663,0.3984646240950113,1.328147661294743e-17,-0.9000533316577655,0.1764367975128138
16.041666634999995,0.4012758209341266,1.0625181290357943e-17,-0.899359977921552,0.1735780678731858
16.124999968333327,0.405628629233186,-2.0599841277224584e-18,-0.8985833234285425,0.16737211835464616
16.208333301666663,0.40927957653895936,-4.933119884809045e-18,-0.8982146991535372,0.16031401202830253
16.291666634999995,0.4109720623443604,9.039535613097893e-18,-0.8982909705647468,0.15548407048398288
16.374999968333327,0.41114325631914217,-3.713392440762853e-18,-0.8987088995438518,0.15258943824515303
16.458333301666663,0.4111129658729264,1.3179832659276913e-18,-0.8991711766371678,0.14992439560024015
16.541666634999995,0.40868087795511276,3.577867169202165e-18,-0.9004869698525957,0.14867130563605369
16.624999968333327,0.40214276604289045,2.168404344971009e-19,-0.9036032130940304,0.14758871571199914
16.708333301666663,0.39680271223153596,6.559423143537302e-18,-0.9067896222971643,0.14240852664030712
16.791666634999995,0.38836859510786,-3.577867169202165e-18,-0.911490322618794,0.13548146037828884
16.874999968333327,0.36788514414374773,-1.3010426069826053e-18,-0.9206624733225746,0.13054168274498934
16.958333301666663,0.3303393052748818,-1.734723475976807e-18,-0.9356106524211342,0.12453373224395228
17.041666634999995,0.2880693723506286,1.3010426069826053e-18,-0.9512282677513166,0.1103667492696244
17.124999968333327,0.2524047603570646,-4.553649124439119e-18,-0.9636676518554339,0.08738703402980998
17.208333301666663,0.23065317761233967,5.421010862427522e-19,-0.9713886170304418,0.05659740595660004
17.291666634999995,0.21331496991973675,-4.87890977618477e-19,-0.9763942851280663,0.03392526458842401
17.374999968333327,0.1985882696842282,5.421010862427522e-19,-0.9796541061112782,0.02899192168754542
17.458333301666663,0.18320089350131288,-2.710505431213761e-19,-0.9821961144344762,0.04157193055581935
17.541666634999995,0.16419664310559998,0.0,-0.9845792768959764,0.06035818005745947
17.624999968333327,0.1428889137820065,-4.336808689942018e-19,-0.9874375690906624,0.06745224582267033
17.708333301666663,0.12532638651304417,9.215718466126788e-19,-0.9910191688734306,0.046629430288154854
17.791666634999995,0.11633530954885424,-5.421010862427522e-20,-0.9932098910663775,0.0004561141160815893
17.874999968333327,0.11448344299513406,5.581417726813805e-19,-0.9917949263381267,-0.05688906195332806
17.958333301666663,0.11911625327442336,-1.8431436932253575e-18,-0.9855151717040898,-0.12071107880771328
18.041666634999995,0.1307411972896231,-8.673617379884035e-19,-0.9712815514781592,-0.19879357909514053
18.124999968333327,0.13157161692237557,-4.472333961502706e-18,-0.9505732099388028,-0.2812463016060343
18.208333301666663,0.12075538957089026,-5.421010862427522e-18,-0.9250054391660658,-0.360254178883155
18.291666634999995,0.10476227535373038,1.1709383462843448e-17,-0.8952281143348549,-0.43311833136819444
18.374999968333327,0.08681667804758544,4.336808689942018e-19,-0.8590781978438893,-0.5044279080325326
18.458333301666663,0.07458704550174637,3.469446951953614e-18,-0.8417881675252422,-0.5346302027175563
18.541666634999995,0.07144034688767266,-2.168404344971009e-19,-0.8779825087583973,-0.47333179816158544
18.624999968333327,0.09073554880546832,7.37257477290143e-18,-0.9732563209129388,-0.21104310930703526
18.708333301666663,0.14084708587347086,4.336808689942018e-19,-0.9873195354042652,0.07322727231064402
18.791666634999995,0.18441930410072702,0.0,-0.9632510944435682,0.19528658256078918
18.874999968333327,0.2166464432383674,4.336808689942018e-19,-0.9465380927361948,0.23901873908020577
18.95833330166666,0.23973491253279017,8.673617379884035e-19,-0.9352420617315091,0.26047928455270947
19.041666634999995,0.2608874399722542,-2.211772431870429e-17,-0.9175367392462785,0.3001067739955731
19.124999968333327,0.27959714020300575,0.0,-0.8831608106612554,0.3766330066556233
19.20833330166666,0.3031464660104987,-2.6020852139652106e-18,-0.8350653169856116,0.4590949101363092
19.291666634999995,0.33618828690875746,8.673617379884035e-18,-0.7689881750501161,0.5437229279499323
19.374999968333327,0.37877590143222073,-2.42861286636753e-17,-0.7084506790266707,0.5955052072659464
19.45833330166666,0.41142682622674026,-4.85722573273506e-17,-0.6744485878495632,0.6130636745140929
19.541666634999995,0.42735304723435297,3.469446951953614e-18,-0.6543707715519812,0.6238335245544101
19.624999968333327,0.4326438568212464,2.2551405187698492e-17,-0.6438628394856019,0.6310783921862442
19.70833330166666,0.43729589433939753,-4.2500725161431774e-17,-0.6377019805959228,0.63412024469965
19.791666634999995,0.4433112896034253,1.8214596497756474e-17,-0.6325846653905937,0.6350682968176091
19.874999968333327,0.45115819540357865,1.5178830414797062e-17,-0.628776418043311,0.6333217972190835
19.95833330166666,0.45967277392494027,1.951563910473908e-17,-0.6252268291505466,0.6307078190592724
20.041666634999995,0.4706644698229569,-2.905661822261152e-17,-0.6190195721286043,0.6287207060118144
20.124999968333327,0.4792816625960662,1.7564075194265172e-17,-0.6167153317365743,0.6244607974086103
20.20833330166666,0.48113345827910664,-1.973247953923618e-17,-0.6235109467855183,0.6162342854491413
20.291666634999995,0.481159818797707,-3.838075690598686e-17,-0.6342529384102522,0.6051515834008192
20.374999968333327,0.4768814480106584,-6.071532165918825e-18,-0.6502548114495831,0.5913989894562931
20.45833330166666,0.4576708789542293,2.42861286636753e-17,-0.674785388972017,0.5789663594606744
20.541666634999995,0.426471885079834,-1.214306433183765e-17,-0.7000912994830868,0.5727075201396745
20.624999968333327,0.39645852443122576,3.469446951953614e-18,-0.7129762065911145,0.578347272182345
20.70833330166666,0.3752279852294404,5.204170427930421e-18,-0.7150796976918425,0.5898008011605257
20.791666634999995,0.3620994378566189,8.673617379884035e-19,-0.7246574125590847,0.5863067725407007
20.874999968333327,0.3502147794662237,1.214306433183765e-17,-0.7413074502582606,0.5725494497726993
20.95833330166666,0.3404046928743377,-1.3444106938820255e-17,-0.7474759744890785,0.5704422079674069
21.041666634999995,0.3340229696954629,1.465028185571038e-17,-0.7384970269153774,0.5857053840908177
21.124999968333327,0.3296283859624092,-9.947554932554503e-18,-0.7274606919219871,0.6017857333604717
21.20833330166666,0.3251943345444241,4.119968255444917e-18,-0.723512005861092,0.6089162685912312
21.291666634999995,0.31905354952034104,-1.0842021724855044e-18,-0.7222050964202912,0.6136975079328817
21.374999968333327,0.3109871826596817,-6.5052130349130266e-18,-0.7211241600830472,0.6190855497957558
21.45833330166666,0.301954211241045,-5.204170427930421e-18,-0.722235099920902,0.6222540596541281
21.541666634999995,0.2925877874667803,-5.204170427930421e-18,-0.7266139918702521,0.6216305119954066
21.624999968333327,0.2831535059602612,-9.107298248878237e-18,-0.7360491445318006,0.6148623820794511
21.70833330166666,0.27534724851197534,-5.204170427930421e-18,-0.7438289140390946,0.6090176018608213
21.791666634999995,0.2687566066433041,8.673617379884035e-18,-0.7697653065331708,0.5789915882320488
21.874999968333327,0.24843181925393443,1.734723475976807e-18,-0.8637461884328811,0.4384337500123026
21.95833330166666,0.22819073237254792,8.673617379884035e-18,-0.9540076849787215,0.19441791754059334
22.00041129300007,0.22496466391619466,0.0,-0.9708435911324929,0.08278660245497772
