0.0,0.9739173604664749,0.01230019608573671,-0.2265693716243813
0.2,0.9856285867684395,-0.019136468572937534,-0.16783946054312104
0.4,0.9869241182007553,-0.017354033173732214,-0.16024862697154665
0.6000000000000001,0.9686151157397,-0.04160536117253304,-0.24505866946972213
0.8,0.9571105324186208,-0.009397070859638517,-0.2895705851646598
1.0,0.9605193309126856,0.11175054655536949,-0.254783104399846
1.2000000000000002,0.9529336516720499,0.20435131131263923,-0.22395981129608236
1.4000000000000001,0.904370769838465,0.36734304838568244,-0.21719253086719406
1.6,0.8090653739731525,0.5366843307431862,-0.2395478026875246
1.8,0.710099559102992,0.6314607760807768,-0.3114737620301264
2.0,0.627261557453938,0.6709423773763318,-0.3954481821693663
2.2,0.5754506413740197,0.6962766230051877,-0.4290168103917622
2.4000000000000004,0.5411986017781882,0.7047087430865493,-0.45879152220884567
2.6,0.5021618639065173,0.7139602522084897,-0.4879489939576908
2.8000000000000003,0.49729550477196816,0.7362137942063746,-0.4590059151621549
3.0,0.5020464112848654,0.7311470220773596,-0.46192362249986424
3.2,0.49508773253638283,0.7633244969916888,-0.4149986137137918
3.4000000000000004,0.4794684533319463,0.8517425540903047,-0.21129274434110548
3.6,0.46116253652864836,0.8735700014698919,-0.15557817145845276
3.8000000000000003,0.5234562456726461,0.8394409371224435,-0.14605639989159291
4.0,0.7800410131541098,0.6192106800213304,-0.09007858538537886
4.2,0.9981644215201912,-0.05009876310917449,-0.034027952424342714
4.4,0.6916754088627503,-0.7221385823105186,0.010049712090520142
4.6000000000000005,0.4159441481814261,-0.9093739387962081,-0.005431853449646664
4.800000000000001,0.27731816045070223,-0.9588418111424994,0.060967360851614
5.0,0.13114243503120254,-0.9865930047797203,0.09713858478385141
5.2,-0.01216092589951756,-0.9953604130588171,0.09544506271488243
5.4,-0.06062768528707485,-0.9929804695655678,0.10155821403547687
5.6000000000000005,-0.1986248224461078,-0.9630956146023999,0.18164530558722844
5.800000000000001,-0.3816957590960293,-0.8875467752478639,0.2580098239122376
6.0,-0.42563683626145843,-0.8708690887932832,0.24580543891804596
6.2,-0.41173496644291163,-0.880539732379488,0.23478521484393822
6.4,-0.2665497075176649,-0.9310096807225764,0.24934359390827424
6.6000000000000005,0.560918917574943,-0.811474009182263,0.1639509082872653
6.800000000000001,0.9943422478718947,0.050687774171338476,0.09335011326518382
7.0,0.7758892559719177,0.6308307888393996,0.00695545250900674
7.2,0.46980967240227073,0.8815707244910603,-0.04595573345708057
7.4,0.2140613178222962,0.9761471013633094,-0.0362572573727059
7.6000000000000005,-0.20385672872646582,0.9789957476962439,-0.003124123175706624
7.800000000000001,-0.5886828809927057,0.8079395188794404,0.026195409120424784
8.0,-0.7279377240331361,0.684610397287864,0.03762012566181374
8.200000000000001,-0.7730047927185943,0.633786447674563,0.027898551542000553
8.4,-0.8992350767751334,0.43728447532587206,0.012592233169574833
8.6,-0.9699748609713962,0.24309988762364576,-0.0071563762402115615
8.8,-0.9706505580426421,0.2359373254988811,-0.046594770178017116
9.0,-0.9659705211057921,0.25645242591515205,-0.03366163390030554
9.200000000000001,-0.9878816559004443,0.1503542964193459,0.038515185104569916
9.4,-0.9548651560644114,0.2970232625433134,0.0031169283298976623
9.600000000000001,-0.8520634888173053,0.5171329069960877,-0.08100226864883216
9.8,-0.7771260327076424,0.618118611869133,-0.11834065636566712
10.0,-0.7087521889377586,0.6910823341206201,-0.14168818631887364
10.200000000000001,-0.6732767397224669,0.7224623691183415,-0.15731038413467444
10.4,-0.6363376620087782,0.7502732284199122,-0.17934453609063256
10.600000000000001,-0.5873811887222895,0.7880230640174782,-0.18439899596173356
10.8,-0.5467384389962913,0.8143308758561727,-0.19478784343797542
11.0,-0.49289460916746536,0.846066179927774,-0.2030441415950631
11.200000000000001,-0.43268520399121424,0.8779496165921822,-0.20490969955744356
11.4,-0.4028957986569241,0.8973429877733353,-0.1801403278519926
11.600000000000001,-0.3897313470064299,0.9074318854950655,-0.15708867033438048
11.8,-0.3703879659611234,0.9164495686734195,-0.1514362662953807
12.0,-0.34580921629133754,0.9258167859284621,-0.15257543977017665
12.200000000000001,-0.3252458449646996,0.9337378520329181,-0.1494950300650523
12.4,-0.30412787324149637,0.9403598885066559,-0.15241232497850826
12.600000000000001,-0.28389701201228473,0.9469853834296058,-0.15040335814462277
12.8,-0.24889754922998658,0.9559727945375398,-0.15545425723148731
13.0,-0.11758827256942989,0.9761250937457723,-0.18262748838535905
13.200000000000001,0.04119435266578658,0.9790837257889269,-0.19924377833127058
13.4,0.143994482472468,0.9684154349660312,-0.20356113169522083
13.600000000000001,0.14289748170491084,0.968209039127183,-0.20530846615473955
13.8,0.1157752706593787,0.9703869968385933,-0.21200274307264008
14.0,0.10827736471324578,0.9705314587661727,-0.21527819173329998
14.200000000000001,0.09037997775517953,0.9707328439757981,-0.2225066409068106
14.4,0.08082777568979743,0.9706167618030807,-0.226649448232159
14.600000000000001,0.07282805496175127,0.9724537225054276,-0.22142680956881614
14.8,0.056132397929093025,0.974972080689419,-0.2151246052381623
15.0,0.006598421496444518,0.9863262558013163,-0.16467233511039908
15.200000000000001,-0.1575227166709806,0.9780970513434415,-0.13606157387690063
15.4,-0.23078998724726002,0.9603112056897875,-0.15664727898382488
15.600000000000001,-0.18766275423628226,0.9694435313829147,-0.1579934496499024
15.8,-0.10441458756914018,0.9803581493690195,-0.16731853713356964
16.0,-0.052713984414136605,0.982182994004869,-0.18038237756171774
16.2,-0.02301171707368349,0.9829497034417716,-0.18242900367281134
16.400000000000002,0.011597579713180373,0.9841030402234322,-0.1772193622824381
16.6,0.03757295703823005,0.989391049734097,-0.14033397167281056
16.8,0.02281970038257064,0.9929249189719379,-0.11653053916901174
17.0,0.008498206056910707,0.9945739431590881,-0.10368438688055692
17.2,0.009871820595176106,0.9943717483696919,-0.10548636500675862
17.400000000000002,0.016190852847541515,0.9935307721223058,-0.1124031188629761
17.6,0.01918358452937835,0.9924027749147087,-0.1215266325798215
17.8,0.02836653878372508,0.9918314359322948,-0.1243613371346316
18.0,0.04415015356860463,0.9921441175163577,-0.11705047636620833
18.2,0.07085492329254994,0.9894785002157531,-0.12614229051349563
18.400000000000002,0.09820509704383168,0.9869449537641569,-0.1276535042765284
18.6,0.12497065047774802,0.9855730733386554,-0.11414049951251345
18.8,0.18649794219149746,0.9770317908344701,-0.10308926838970857
19.0,0.24668621093274645,0.9638255982743333,-0.10092635655153787
19.200000000000003,0.27616372649918053,0.9555427958529424,-0.10330324999547526
19.400000000000002,0.3017468417572333,0.9471601571435683,-0.10879558910777039
19.6,0.3189622286287607,0.9412921114355131,-0.11059953732926878
19.8,0.33005556129407576,0.9370932809145636,-0.11366401947683888
