0.0,0.9989085451081299,-0.036987290448062,-0.02852470605054439
0.2,0.9988985716297913,-0.0351134687664132,-0.031123751495486324
0.4,0.9987586763189914,-0.036680400379865336,-0.033699476338803686
0.6000000000000001,0.9985700680133335,-0.040873171397986734,-0.034455814135164076
0.8,0.990997981936804,-0.1276765635661873,-0.040270273318066624
1.0,0.8899205335121487,-0.45167380961183073,-0.0634997145205315
1.2000000000000002,0.7267694846160943,-0.6844923975498636,-0.05723874498358974
1.4000000000000001,0.576228725014837,-0.8172120499255752,-0.011176847686828653
1.6,0.4408744141868945,-0.8960078952478804,0.05291127071641505
1.8,0.34342803648316567,-0.9335942851453426,0.102268736675849
2.0,0.270038340496137,-0.9513934996552275,0.14808681060739606
2.2,0.0464419633415572,-0.967893104128687,0.24703457859400196
2.4000000000000004,-0.09465933968369461,-0.9308033545292189,0.3530505978012217
2.6,-0.29570935995064185,-0.8793578424510715,0.3732100740298674
2.8000000000000003,-0.45346876121249224,-0.827846192330147,0.33020715384268184
3.0,-0.5385721530997064,-0.784303108733156,0.3079101647186309
3.2,-0.6000504789016851,-0.7403026474196123,0.30313596453303193
3.4000000000000004,-0.6610141691184805,-0.6842262235634258,0.30804990377005065
3.6,-0.7159779813822161,-0.6219670043563083,0.31706872388787755
3.8000000000000003,-0.7501226759139878,-0.5786099704891916,0.32019755328567817
4.0,-0.758786757884688,-0.5657549167399918,0.3227445278286978
4.2,-0.7578560029399091,-0.5679129282602797,0.32113733000506023
4.4,-0.7563668171373393,-0.5687246854640255,0.32320499698701455
4.6000000000000005,-0.7557241065056067,-0.566552310802477,0.32848067518603874
4.800000000000001,-0.759593693579211,-0.5631454294026449,0.32539921022891566
5.0,-0.7591707602409181,-0.5650905152632226,0.32300536582968964
5.2,-0.7777828088739489,-0.55668943134159,0.29180606445501944
5.4,-0.8157701350738953,-0.5329273054825903,0.224738901377988
5.6000000000000005,-0.8613189311013751,-0.4735787114792498,0.18399158393806606
5.800000000000001,-0.9096654133471522,-0.379173679102577,0.1695174233988093
6.0,-0.9534787903256221,-0.2599476402498111,0.1526611303762161
6.2,-0.9777115998803423,-0.15496400334897226,0.14165516272088602
6.4,-0.9916652361732546,-0.02669360778016762,0.1260456689820071
6.6000000000000005,-0.9896853507152197,0.08893373763470074,0.11231071582897001
6.800000000000001,-0.9817454722542313,0.1702403935144104,0.08481766398796049
7.0,-0.9677921575885122,0.24722233152977582,0.04753376171894843
7.2,-0.9402758875960935,0.3358673382078397,0.055447148984949186
7.4,-0.8940680351781221,0.44074136163241046,0.07993372641845807
7.6000000000000005,-0.8583233638209071,0.5055200599878217,0.08792310315879584
7.800000000000001,-0.8196573943628378,0.5671900873798534,0.08035645987945296
8.0,-0.7617157761271464,0.6432077123562477,0.07792891096673671
8.200000000000001,-0.7495479711222383,0.6574984617595604,0.07663949223702184
8.4,-0.7558166873978602,0.6509711735815928,0.07055257767601016
8.6,-0.787629312171007,0.6140398924208066,0.050941899501991926
8.8,-0.8108547951311497,0.5840445595292704,0.037502715862748656
9.0,-0.8270447036235198,0.5621003255634627,0.006346826745216224
9.200000000000001,-0.8346197581187327,0.5505082234824926,-0.018723120359010477
9.4,-0.8331928666572116,0.5523029311198387,-0.027406554471013964
9.600000000000001,-0.8277696798093173,0.560664839824215,-0.021267218277619026
9.8,-0.8225667222744527,0.5682609659651703,-0.021528166828488505
10.0,-0.819026748198215,0.5730428938337603,-0.028583693996532076
10.200000000000001,-0.8079434307490153,0.5882375501898914,-0.034698663606920616
10.4,-0.7873820606760431,0.6155443297487913,-0.03368484287717308
10.600000000000001,-0.7457151559387554,0.6648006366966525,-0.04414770266915273
10.8,-0.7229566038683978,0.689237136478902,-0.047811281319747316
11.0,-0.7066442601433413,0.7061532627186837,-0.04473767046044852
11.200000000000001,-0.6658155588779262,0.7442041597904715,-0.05338361271619937
11.4,-0.6116594557315235,0.7898520497559236,-0.04479341146398918
11.600000000000001,-0.5703277489304595,0.8204926641448889,-0.03896212114782257
11.8,-0.503389631183389,0.8631854052320136,-0.038856600616839
12.0,-0.44137733529194995,0.8963134213191364,-0.04252409497874697
12.200000000000001,-0.36191847875578903,0.9313402263373356,-0.04025416178504015
12.4,-0.27537426879802146,0.960066766947243,-0.04940460593328236
12.600000000000001,-0.1586699332405696,0.9846482515797625,-0.07274388597229026
12.8,-0.03812695313489334,0.9968060508591365,-0.0701714501436459
13.0,0.08682800062862506,0.9933393002995817,-0.0757491438048846
13.200000000000001,0.17306841374533233,0.9820026680825809,-0.07561801400702817
13.4,0.1948751460548349,0.9772256421404014,-0.08398643815156767
13.600000000000001,0.1588194667691084,0.983737536841215,-0.08388584853689857
13.8,0.1217713737039186,0.9890156700918353,-0.08378386992171126
14.0,0.0839804536261225,0.9932085685967357,-0.08052342935304312
14.200000000000001,0.052467235864864514,0.9943494802953741,-0.09228380246294896
14.4,0.04946751737884858,0.9935563839825722,-0.1019739014250649
14.600000000000001,0.05503653537019415,0.9932112691690382,-0.10248099614110702
14.8,0.06036157166951406,0.9931878671788739,-0.09967116510940228
15.0,0.05950929293679397,0.9931909210215673,-0.10015207663595241
15.200000000000001,0.061403888667931894,0.9928862306999323,-0.1020122313398604
15.4,0.063021627672871,0.9925479210802172,-0.10429237174789438
15.600000000000001,0.06532674958987972,0.9925555923605225,-0.10279013504161685
15.8,0.06476965354867098,0.9925212535384716,-0.10347199260479371
16.0,0.06369707769828564,0.9924840213092899,-0.10448995041839983
16.2,0.06362445155018404,0.9924335158596439,-0.10501259811757935
16.400000000000002,0.06380625933735895,0.9922777486399698,-0.10636555280431369
16.6,0.0653792484128648,0.9920364257980681,-0.10765353578384197
16.8,0.06505279512025935,0.992009811554124,-0.10809564111189832
17.0,0.06572187765172904,0.9919690259828031,-0.1080651946218612
17.2,0.06494635959526218,0.9920827132874914,-0.10748888487398121
17.400000000000002,0.06488267022507449,0.9920532646096217,-0.1077986979599306
17.6,0.06300796658393831,0.9920475176921053,-0.10895741731469984
17.8,0.06497612370009526,0.9918451650822444,-0.10964156078734764
18.0,0.06555961957139922,0.9916455806438984,-0.11108995756178548
18.2,0.06705113468255608,0.9916769301603209,-0.10991365486409599
18.400000000000002,0.06606418792470486,0.9916496891948673,-0.11075385769160632
18.6,0.06754561166000561,0.9916258727523611,-0.11007142605414767
18.8,0.0672736202352806,0.9916506548600482,-0.11001472054264953
19.0,0.06945582964903718,0.9918999901326561,-0.10634988153543447
19.200000000000003,0.0690044263349266,0.9920631877459879,-0.10511432188553742
19.400000000000002,0.07040649146525157,0.9923148960509444,-0.10175496565257701
19.6,0.06982365368917154,0.9923719387151558,-0.10160016061117899
19.8,0.06906552538534622,0.9926731669405886,-0.0991460379409515
