0.03333333333333333,-0.9944062199072343,0.08065402557058846,0.06819969185461204
0.23333333333333334,-0.9949051159400701,0.0734668613263852,0.06903934069156303
0.43333333333333335,-0.9978102005117362,0.0209617752735138,0.06273282818517804
0.6333333333333334,-0.9822764290671765,-0.18267177407063134,0.04200047448452026
0.8333333333333334,-0.9021861683537725,-0.43132779082989553,0.004056413309865005
1.0333333333333334,-0.7773625430223857,-0.6282906180680236,-0.030957647738013638
1.2333333333333336,-0.6493406276308754,-0.7587188821991221,-0.051984681421122746
1.4333333333333336,-0.5856023808414477,-0.8077092630032952,-0.06837834460925368
1.6333333333333335,-0.6607749256866321,-0.7467234282729476,-0.07603038374309082
1.8333333333333335,-0.8188286784978537,-0.571929478928222,-0.0491555327745614
2.033333333333333,-0.9580201306459016,-0.28661501091007496,-0.007018888674683782
2.2333333333333334,-0.9996926091429448,-0.02277096984213177,0.009806638436315024
2.4333333333333336,-0.9878304726876793,0.1490798688159511,0.044341289375192716
2.6333333333333333,-0.9557799986037958,0.2861103630001577,0.06801069366537836
2.8333333333333335,-0.9208920695199886,0.3822230761658169,0.07657229486917921
3.033333333333333,-0.8803301174339778,0.46348028646646333,0.10101934664035138
3.2333333333333334,-0.794039050240885,0.5927775310641031,0.1345986083066969
3.4333333333333336,-0.6890095771053449,0.7035609890295222,0.17397625519856005
3.6333333333333333,-0.5790300901777555,0.790216263854767,0.2007047857131313
3.8333333333333335,-0.531382851875865,0.8192363977202671,0.21560145960218532
4.033333333333333,-0.535026624662413,0.8109289591197415,0.23694035992907175
4.233333333333333,-0.5900138465006451,0.7774122419160158,0.21797675806522943
4.433333333333334,-0.6268053482847197,0.7568676941078234,0.18511172025989547
4.633333333333334,-0.6273199560206049,0.7623762520683466,0.15890916606831573
4.833333333333334,-0.597821144485784,0.7895828980538635,0.13845116939401342
5.033333333333333,-0.5310083204884841,0.8399758677266628,0.11167231173768952
5.233333333333333,-0.3958779799096744,0.9122885261841278,0.10492983377203846
5.433333333333334,-0.26127344333588537,0.9593971368184213,0.1062700412723429
5.633333333333334,-0.22674270727454343,0.9694445790440138,0.09362132695057074
5.833333333333334,-0.4780407577659935,0.875032991348768,0.07612028616434524
6.033333333333333,-0.7348325906889535,0.674680881391371,0.06947497352517663
6.233333333333333,-0.8342914135858757,0.5461747079371427,0.07517330394933207
6.433333333333334,-0.8718742131555154,0.4847285282454096,0.06981124794394088
6.633333333333334,-0.8886293459893392,0.45305499397300086,0.07126750930602035
6.833333333333334,-0.8999916680776693,0.43160354151196995,0.06110139397018693
7.033333333333333,-0.9140137573207412,0.40135801822354944,0.05908123759778829
7.233333333333333,-0.9261703908690125,0.3722347427677877,0.06041277475948039
7.433333333333334,-0.936256137826922,0.3461190853308229,0.060216469102485314
7.633333333333334,-0.9413107613295403,0.33191876637172213,0.061351309158613816
7.833333333333334,-0.943848054633217,0.32486507442185786,0.060112670760605814
8.033333333333333,-0.941249570645723,0.3323773514605916,0.059787473564995586
8.233333333333334,-0.9346662171753994,0.3525877859980197,0.04561705422365301
8.433333333333334,-0.9285815963567937,0.3687006711942974,0.04237964096525638
8.633333333333333,-0.9262118709013134,0.3746376512109972,0.042168714666162004
8.833333333333334,-0.9277858782221702,0.37176387323305704,0.03170152567735678
9.033333333333333,-0.9282490776271362,0.37076275191359787,0.029809925827271024
9.233333333333334,-0.9296745373211375,0.3669312582544525,0.03266047110091215
9.433333333333334,-0.9323987267110417,0.3598741915029867,0.03351388843002053
9.633333333333335,-0.9346687353330507,0.3541224401099119,0.03149051605670829
9.833333333333334,-0.935513839314325,0.35222752426344733,0.027379328016115423
10.033333333333333,-0.9367070360279709,0.34907681511305183,0.026931502115962968
10.233333333333334,-0.9376135959226104,0.34671935551607413,0.02581536851548375
10.433333333333334,-0.9378629876913221,0.3462469991680683,0.022935385015619137
10.633333333333335,-0.9364373412036745,0.35004483907983314,0.02353118426614082
10.833333333333334,-0.9347937174937325,0.3545426131489403,0.02145323275799775
11.033333333333333,-0.9360753647525597,0.3512749887880191,0.019204003627886133
11.233333333333334,-0.9365247466490539,0.35013116531258015,0.018153952483695817
11.433333333333334,-0.9395868810749182,0.34174463215606604,0.019674839374759924
11.633333333333335,-0.9533844517558441,0.3011219087151856,0.019587834028598733
11.833333333333334,-0.9759131301177115,0.2175283060884013,0.016583079152010165
12.033333333333333,-0.9902719468273387,0.13820349152650777,0.016163732758093637
12.233333333333334,-0.9941583484286001,0.10733012475626044,0.01137640406824378
12.433333333333334,-0.994989847607278,0.09982822723978334,0.005433986069917059
12.633333333333335,-0.9960694275706738,0.08837157827836907,0.006013286257963836
12.833333333333334,-0.9653793194678997,-0.2605174352717934,0.013169489857304982
13.033333333333333,-0.741684960990266,-0.6702607647115302,0.025571975464993065
13.233333333333334,-0.6363014421038413,-0.7708302573125584,0.030678806822091117
13.433333333333334,-0.6437990583047892,-0.7650225433162253,0.016225928134950864
13.633333333333335,-0.656336425773975,-0.7544683182042475,-0.0002302787394728841
13.833333333333334,-0.6653921736377576,-0.7464631011853536,-0.006789243725549233
14.033333333333333,-0.6743081448884305,-0.7382462240227807,-0.017350459741165666
14.233333333333334,-0.6710628040118384,-0.7410818656180533,-0.02173433973772524
14.433333333333334,-0.6689728975320403,-0.7428182316558871,-0.026388199772009756
14.633333333333335,-0.7069712693303298,-0.7067332165256651,-0.02682880915638055
14.833333333333334,-0.8454780001900463,-0.533690626420171,-0.018473398872049875
15.033333333333333,-0.9623269376587738,-0.27141079329233375,0.01621870342267556
15.233333333333334,-0.9981796489200311,0.007234587651025759,0.05987528057055824
15.433333333333334,-0.9760691300974544,0.19864326055197232,0.08848676911312857
15.633333333333335,-0.957353467898567,0.2706965583093863,0.10098371562801926
15.833333333333334,-0.9535747128401982,0.28350649939516187,0.10158411210634705
16.033333333333335,-0.9538579070004921,0.28274681969740434,0.10104122526792893
16.233333333333334,-0.9566184585709767,0.27230586297625325,0.10358881073768084
16.433333333333337,-0.9599661876258867,0.25955561798379223,0.10533660231881611
16.633333333333336,-0.9656913347511962,0.2391588830812197,0.1012090639705578
16.833333333333336,-0.9675302123368431,0.23100306811641413,0.10258104472185073
17.033333333333335,-0.9672495410709011,0.23219742930250856,0.10253135678141662
17.233333333333334,-0.9677063664884792,0.22997531725769135,0.10322665212961767
17.433333333333337,-0.9684015795977148,0.22779355557310124,0.10153066862783515
17.633333333333336,-0.9677965557735361,0.2292991873825409,0.10388315214021791
17.833333333333336,-0.9679753979681673,0.22945268768793864,0.10185820065733178
18.033333333333335,-0.9659545743914696,0.23833404895788363,0.10064115122322667
18.233333333333334,-0.9648165758202766,0.24247621750857484,0.10165755734411167
18.433333333333337,-0.9654838631075416,0.24032793523488802,0.10041610241725914
18.633333333333336,-0.9662551504611532,0.23821048947003237,0.09801401386405058
18.833333333333336,-0.9701603564451255,0.22348348051290584,0.09404263246052069
19.033333333333335,-0.9733827649923694,0.21056042751648194,0.09050027171167135
19.233333333333338,-0.9739608276312244,0.20932012286610785,0.08709415826114952
19.433333333333337,-0.9726940763039559,0.21629890728988196,0.08414877674926206
19.633333333333336,-0.9719281272762564,0.22000084709715328,0.08339869714692465
19.833333333333336,-0.9719887948315735,0.22118655195514209,0.07946251919025099
20.033333333333335,-0.969896265614296,0.2316394771162041,0.07512913275670664
20.233333333333338,-0.9669892991387781,0.24403407508429198,0.07334211306506881
20.433333333333337,-0.9640924319674457,0.2546703491851014,0.07529140634252146
20.633333333333336,-0.9649411453174919,0.25157718450291444,0.07481648421941531
20.833333333333336,-0.9642863311336205,0.254809071754322,0.07227868662726833
21.033333333333335,-0.9631483409799919,0.25917994124010657,0.07190988336984143
21.233333333333338,-0.9626936865814757,0.26110527354627594,0.0710274731529435
21.433333333333337,-0.9625278568803936,0.26214942171176914,0.06941041294663138
21.633333333333336,-0.9621305481377798,0.2641755843195125,0.06720170376961897
21.833333333333336,-0.9564062492235981,0.28362969261270565,0.06957933539831553
22.033333333333335,-0.9285675766521846,0.36030933423661027,0.08910353108749408
22.233333333333338,-0.861160472573152,0.4947166302101217,0.11686785816094673
22.433333333333337,-0.7424796630952961,0.6513812433464286,0.1562895572530557
22.633333333333336,-0.6191541684333833,0.7597249570055814,0.19866077975894728
22.833333333333336,-0.5614262146440895,0.7937653540093326,0.23395975783208522
23.033333333333335,-0.5974405992963726,0.7656391380144706,0.238456370543649
23.233333333333338,-0.6758005314565683,0.7010857323185307,0.22753557441070515
23.433333333333337,-0.7296852341097462,0.6456504297673448,0.22515546110065324
23.633333333333336,-0.7336515594948159,0.6397139512292382,0.22917558738552585
23.833333333333336,-0.7249486438365658,0.6461988004695527,0.2384881004814186
24.033333333333335,-0.7881642191319448,0.5805375655256162,0.2043851723920378
24.233333333333338,-0.8466802217793422,0.5027192088239039,0.1743731605699458
24.433333333333337,-0.8667369833664014,0.46839249461824917,0.17139274386683978
24.633333333333336,-0.8742681982047387,0.45616796973210927,0.16602981960577237
24.833333333333336,-0.8751276365544096,0.4558373796304089,0.16236964947420252
25.033333333333335,-0.8776189492405547,0.4550640983252909,0.1506706552361641
25.233333333333338,-0.8776297789364186,0.456734169923852,0.14546432259486475
25.433333333333337,-0.8830620397839657,0.44679860575488684,0.14343095826240296
25.633333333333336,-0.9136513370625009,0.37874138903792576,0.14763534303657563
25.833333333333336,-0.9387623069279247,0.31119223348215364,0.14793486712654982
26.033333333333335,-0.9541229439328178,0.2612859289071302,0.14621583777454147
26.233333333333338,-0.9600005817597654,0.23954410916235458,0.1449741452346808
26.433333333333337,-0.962330858472833,0.22995024239868225,0.145059314942985
26.633333333333336,-0.9611604555051164,0.23277609749010286,0.14827632046444728
26.833333333333336,-0.9604271359143117,0.23676666999257745,0.14670126304861164
27.033333333333335,-0.9594004945955569,0.2424228798741422,0.14415907284429932
27.233333333333338,-0.9579331201681579,0.24886449048659412,0.14293565916084763
27.433333333333337,-0.9563027704194804,0.25711681436588146,0.13919753969940465
27.633333333333336,-0.9559288132368232,0.26029020183584745,0.13582751875777097
27.833333333333336,-0.95352193966187,0.26837326805862743,0.13700985210924488
28.033333333333335,-0.9529854917801878,0.26723513716414027,0.1428426894220944
28.233333333333338,-0.95318036109122,0.26618610812420107,0.14349966923900076
28.433333333333337,-0.9510277081044198,0.27516224092842345,0.14082627448350132
28.633333333333336,-0.9524676565783924,0.2713565860755967,0.13845925886506366
28.833333333333336,-0.9552991339016381,0.2603972921566146,0.1399886245531501
29.033333333333335,-0.960568996905635,0.24309828506375278,0.13494601136293327
29.233333333333338,-0.9609734846576955,0.24573614704448546,0.12705789161078127
29.433333333333337,-0.9599655438978599,0.2525809703927305,0.12111567992771434
29.633333333333336,-0.9539654427521186,0.27528030324011055,0.11904070179055222
29.833333333333336,-0.9571885635035822,0.2635133959496694,0.11979459108416446
30.033333333333335,-0.9562510472625403,0.2714454000256809,0.10909321433614834
30.233333333333338,-0.9565950570755569,0.27131834654538767,0.10635906922538048
30.433333333333337,-0.954672213056223,0.27949208261896874,0.10239697930918344
30.633333333333336,-0.9507293720884766,0.295411273654873,0.09405232823198337
30.833333333333336,-0.9479989075502795,0.3039970137137843,0.09425437356737326
31.033333333333335,-0.9547955446617711,0.27630180564430834,0.10964843861965087
31.233333333333338,-0.959500452524912,0.25360504910401976,0.12265137860389877
31.433333333333337,-0.9613573122212129,0.23898966834655097,0.13666036975806478
31.633333333333336,-0.9557450312738681,0.25921289781723184,0.139140608021191
31.833333333333336,-0.9527045396664142,0.2736874179500281,0.13209563715298284
32.03333333333333,-0.9539624717075982,0.27292531803929765,0.12436789516060066
32.233333333333334,-0.9552305846750531,0.27195686516183404,0.11650748299016835
32.43333333333333,-0.9563203156930006,0.26913105473444343,0.11410490423450437
32.63333333333333,-0.9603744858754469,0.2562468517520065,0.10962845363616125
32.833333333333336,-0.9641249885140735,0.24195787702760738,0.10917596927451988
33.03333333333333,-0.9645475862129425,0.241202157752119,0.10709562561798688
33.233333333333334,-0.9630945191889309,0.24731676503059122,0.10622318411272462
33.43333333333333,-0.9637751451333115,0.24361395695945853,0.10858042916575276
33.63333333333333,-0.9612435662090402,0.2521476192575119,0.11150060324723071
33.833333333333336,-0.9639399634543809,0.2442581832257008,0.10562995211040656
34.03333333333333,-0.9651798379720339,0.2407926578096691,0.10220947273728716
34.233333333333334,-0.9661937632698208,0.23683958859315496,0.10186570126164521
34.43333333333333,-0.9658864813453212,0.2396562032560996,0.09812343958110012
34.63333333333333,-0.9655175681475134,0.2426968931915135,0.09420214240503581
34.833333333333336,-0.9640903124310475,0.2502267844503327,0.08897429864995703
35.03333333333333,-0.9640423157845877,0.25081892501705105,0.08781958910163663
35.233333333333334,-0.9654273565814351,0.245883951403614,0.08655115023110603
35.43333333333333,-0.966719177404163,0.24166323944551288,0.08398160953279514
35.63333333333333,-0.9668502768644153,0.243575786938108,0.07662491856233854
35.833333333333336,-0.9664574698348906,0.24680921774388986,0.07102935334768978
36.03333333333333,-0.9665200653621261,0.24788896676951433,0.0662572517263922
36.233333333333334,-0.9671049115987376,0.2468017422634595,0.06161972068518181
36.43333333333333,-0.9660037779766928,0.2520474091675656,0.05752220846485409
36.63333333333333,-0.9666967477332927,0.24871966796175957,0.06029862926192545
36.833333333333336,-0.9661719392070345,0.24950524181379624,0.06526038765098556
37.03333333333333,-0.9681807921598431,0.24005111633310722,0.07072068466840845
37.233333333333334,-0.9678321238363554,0.23955482182174745,0.07690557465074221
37.43333333333333,-0.9664962230475358,0.24373524284540754,0.08048715568299622
37.63333333333333,-0.9687178022740888,0.23475198449993126,0.08048183230148312
37.833333333333336,-0.973985774350292,0.21305526845138853,0.07719562130308072
38.03333333333333,-0.9820514993390926,0.17915551929563706,0.05897586414585775
38.233333333333334,-0.9849735997455241,0.1615578623659723,0.061041501554940744
38.4,-0.9848540582206193,0.16002371321061143,0.06674500143579828
