0.01999981,0.08927344963291796,0.0,-0.9559996029836746,0.2794548448062683
0.05999981,0.08866935250489662,-6.395140110800595e-23,-0.948696742322801,0.3034999786366839
0.09999981,0.08789196676038881,-1.7784383169890095e-22,-0.9421852340692299,0.323360459674496
0.13999981,0.08694944861737847,3.6892255319865034e-22,-0.9377040302576097,0.3363791685342149
0.17999981,0.08633500775934776,2.778268066994105e-18,-0.9361104508328445,0.3409449959696171
0.21999981000000002,0.08568201724970236,-1.2197274440461925e-18,-0.9364746856283813,0.3401084460833725
0.25999981,0.08457238715496886,-2.439454888092385e-19,-0.9380930825786192,0.3359001038241192
0.29999981000000003,0.08359086099717145,-7.752045533271357e-18,-0.9426477263548072,0.3231529544284938
0.33999981,0.08232062794524513,0.0,-0.9499256142434747,0.301437624756529
0.37999981,0.08095355518761191,-1.5178830414797062e-18,-0.9577407387132596,0.276005795793252
0.41999981000000003,0.07998382225545915,-1.0028870095490916e-18,-0.9646585673853135,0.2510705808085083
0.45999981,0.07910778906354152,1.463672932855431e-18,-0.9695037060134228,0.231958017183534
0.49999981,0.0784314840164244,-1.2739375526704677e-18,-0.9714833326126743,0.22376022160060852
0.53999981,0.07797602055490899,-4.6141168543973575e-23,-0.9707112081576921,0.22724324098959306
0.57999981,0.0780728446537481,-4.094544032137487e-23,-0.9679500857954626,0.2386991041797777
0.6199998099999999,0.07865081706833503,-2.7627832459271124e-22,-0.964065015499187,0.2537571572685897
0.65999981,0.0791833808089471,-1.5716431638507526e-22,-0.9603897708212059,0.26717312796323067
0.69999981,0.07959781558896124,-1.166324663699769e-22,-0.9579182868521573,0.27578387093463996
0.7399998099999999,0.07986945808007931,3.8050308177439273e-22,-0.9567851064478747,0.2796124635017611
0.77999981,0.08007784854299524,6.265893140089185e-22,-0.9565459980624504,0.28036991950534895
0.81999981,0.08016869946501827,-7.796177273312286e-23,-0.9567173618615591,0.2797585908220624
0.8599998099999999,0.08026568740506079,-7.014491594449675e-22,-0.956871391478012,0.2792034376513408
0.89999981,0.08058892829822059,-5.67445900211377e-22,-0.9566506637784099,0.2798659181252197
0.93999981,0.08108930642620478,1.1911400820763599e-22,-0.9557542926914196,0.2827689098632331
0.9799998099999999,0.08164558311767203,-1.7536228986124187e-22,-0.954754487628165,0.28596829738846163
1.01999981,0.082161703066724,-2.0183206946293875e-22,-0.9539365800543835,0.28853848232657364
1.05999981,0.08250962362990662,-9.297510085096031e-22,-0.9530053731881125,0.29150115039745117
1.0999998100000001,0.08255774504844345,-3.6892255319865034e-22,-0.9521487501820828,0.2942736418016639
1.1399998100000002,0.08200946611880434,1.1514354126738145e-21,-0.9519278936573121,0.2951401916785679
1.17999981,0.08061708740799796,-7.411538288475128e-22,-0.9542605052101902,0.2879023678503598
1.21999981,0.07682564711168118,-7.411538288475128e-22,-0.9616210798760632,0.26340599591479646
1.25999981,0.07080322917374798,4.499862532288471e-22,-0.9742149743287044,0.21422438360814985
1.29999981,0.06585361108876583,3.1763735522036263e-22,-0.9888165764887297,0.13380986498639721
1.3399998100000001,0.061439477634567016,3.441071348220595e-22,-0.9976750602360769,0.02949007919507894
1.3799998100000002,0.056978129434243366,-5.029258124322408e-22,-0.9943722923234504,-0.08931537955795239
1.4199998100000002,0.051449175313306464,-8.999725064576941e-22,-0.973164823747534,-0.2242837670898452
1.45999981,0.04442806984447216,1.0587911840678754e-22,-0.9196126000040086,-0.39030604981701494
1.49999981,0.03894899855888412,1.2176098616780567e-21,-0.8147394155648143,-0.5785176403847724
1.53999981,0.036285072256213545,-4.235164736271502e-22,-0.6578934641829551,-0.7522363879238442
1.5799998100000001,0.035176085891223244,-8.470329472543003e-22,-0.4324931973516261,-0.9009507629309943
1.6199998100000002,0.03639214471566219,-4.235164736271502e-22,-0.1552483362451529,-0.9872049259885742
1.6599998100000002,0.04036040694109067,-8.470329472543003e-22,0.09234090821200071,-0.9949091386765591
1.69999981,0.04632967961274665,-6.352747104407253e-22,0.2812632249320745,-0.9585116374295043
1.73999981,0.05384187067333093,-8.470329472543003e-22,0.4171044203107233,-0.9072623410677045
1.77999981,0.0633279918916183,-1.826414792517085e-21,0.531556566380394,-0.8446521071902093
1.81999981,0.07668411123268308,2.0117032497289633e-21,0.6413368345004719,-0.7634177177648998
1.8599998100000001,0.09592885705132542,-8.470329472543003e-22,0.7375494707546384,-0.6684447864815607
1.8999998100000002,0.11775442834276567,-5.082197683525802e-21,0.7927487352575412,-0.5980663319007663
1.93999981,0.1377387157303531,5.929230630780102e-21,0.8155231613145061,-0.5620943155276944
1.97999981,0.15281808713906092,9.317362419797304e-21,0.8165553800507478,-0.5566722047608784
2.01999981,0.16442366223039406,-2.117582368135751e-21,0.8098076523079247,-0.5631841844035329
2.05999981,0.17455711411245645,2.541098841762901e-21,0.8043099241961347,-0.567992394097262
2.09999981,0.18549776960682426,-9.317362419797304e-21,0.8050231263599749,-0.5634965337040729
2.13999981,0.19762827491213805,1.5246593050577406e-20,0.8089830062818482,-0.5536149930253293
2.17999981,0.2100832605571254,-6.776263578034403e-21,0.810776980706322,-0.5463567618236524
2.21999981,0.22349055872085066,-1.2705494208814505e-21,0.8099094543223305,-0.5423086261179578
2.25999981,0.23767709561701164,0.0,0.8048332729032898,-0.5438317764224896
2.29999981,0.2525050675878239,-7.199780051661553e-21,0.7952247434612105,-0.5512338870475223
2.3399998099999997,0.2684270093058112,8.470329472543003e-21,0.7816460773883233,-0.5630065278294608
2.3799998099999997,0.2852182589965114,4.235164736271502e-21,0.7643019624461941,-0.5783537455017433
2.4199998099999998,0.302500357899856,5.082197683525802e-21,0.7430710410972452,-0.5969413382846889
2.45999981,0.3197790968526769,-1.0164395367051604e-20,0.7184324013841189,-0.6177347439294105
2.49999981,0.3373054210551239,1.6093625997831706e-20,0.6894464964725959,-0.6410059137234917
2.53999981,0.35563642774695325,6.776263578034403e-21,0.6549765712105179,-0.6667296471769495
2.57999981,0.37350595238295253,-1.5246593050577406e-20,0.6165143640638939,-0.693111349234303
2.61999981,0.38882992019953894,-1.6940658945086007e-21,0.5781468083370894,-0.7173266767430703
2.65999981,0.39952790100091573,1.1011428314305904e-20,0.5420912692485395,-0.739266198419967
2.69999981,0.40542864092138187,-2.371692252312041e-20,0.5091047543189106,-0.7592364363296344
2.73999981,0.4072326313067307,3.134021904840911e-20,0.4747112292834376,-0.7802633099096764
2.77999981,0.40295384036032134,-1.6093625997831706e-20,0.4349020916323696,-0.8052877580297981
2.81999981,0.3901562820808561,-9.317362419797304e-21,0.39139159524156153,-0.8334210788833631
2.8599998099999997,0.3670973551333799,8.893845946170154e-21,0.34710532310032793,-0.8629932946028575
2.8999998099999997,0.33558292080568536,9.370301979000698e-21,0.30718948537307006,-0.8905159871331642
2.9399998099999998,0.29728621194950317,2.9434394917086937e-20,0.2721131215567648,-0.9151914320301238
2.97999981,0.2539116443423686,-1.2705494208814505e-21,0.24298415859870864,-0.9362091515988467
3.01999981,0.20525641878594125,3.3881317890172014e-21,0.2167003910399754,-0.9544164411148269
3.05999981,0.15599035862250132,-7.623296525288703e-21,0.19521088627342803,-0.9682766742502714
3.09999981,0.11085179734453526,2.117582368135751e-22,0.16336162009455393,-0.980318754337368
3.13999981,0.07174533399117788,-1.0058516248644817e-21,0.12267325861483004,-0.9898504324751864
3.17999981,0.039553421849851216,0.0,0.03393736341645025,-0.9986409676076321
3.21999981,0.014629378774859522,1.6940658945086007e-21,-0.3394016572993499,-0.9405277754001296
3.25999981,0.012783311439541284,2.541098841762901e-21,-0.8428022838997443,0.5380714610551414
3.29999981,0.026675440611321,8.470329472543003e-22,-0.5680785381250373,0.8225419110233304
3.33999981,0.038026814347978194,-6.352747104407253e-22,-0.5120253853903081,0.8581281758026893
3.3799998099999997,0.0466390624541886,-8.470329472543003e-22,-0.4975148824873601,0.8662007501480142
3.4199998099999998,0.0538045024810095,1.164670302474663e-21,-0.49593747235553853,0.8666897363107345
3.45999981,0.05991571278738696,3.0704944337968387e-21,-0.5092943803368987,0.8585041301697005
3.49999981,0.06620988087001346,2.329340604949326e-21,-0.5566561321749703,0.8281003575576938
3.53999981,0.07530696177607811,2.117582368135751e-21,-0.6560948179330227,0.7509117467382505
3.57999981,0.08645265285262037,-2.752857078576476e-21,-0.7340336997585635,0.6735877570394964
3.61999981,0.09637728153069076,6.1409888675936775e-21,-0.7660077544529454,0.6355655274813997
3.65999981,0.10379393969219128,-1.376428539288238e-20,-0.7677163826424332,0.6323277424766298
3.69999981,0.1084405721681935,-2.541098841762901e-21,-0.7444547032202755,0.6588078909371429
3.73999981,0.11270182140830459,-1.0164395367051604e-20,-0.7090547084535851,0.6960888735434955
3.77999981,0.1189240218437099,-2.117582368135751e-21,-0.6723156720169268,0.7306495152868748
3.81999981,0.12831615725996895,-1.1858461261560205e-20,-0.6338731634169056,0.7627186745359524
3.8599998099999997,0.14203100434140886,4.235164736271502e-21,-0.5924866151363118,0.7929607838286118
3.8999998099999997,0.16092908556061436,1.2705494208814505e-20,-0.5463838053484276,0.8219285654322985
3.9399998099999998,0.18419172270616344,-1.6940658945086007e-21,-0.5019291362975025,0.845068370856571
3.97999981,0.21244430424276858,-6.776263578034403e-21,-0.46370287940528676,0.8601436259288632
4.01999981,0.2441072452672022,-1.5246593050577406e-20,-0.43463273720929874,0.8668944783270975
4.05999981,0.277801342370311,-8.470329472543003e-21,-0.4174838063782306,0.8651784125769653
4.09999981,0.3112362708800729,-1.9481757786848908e-20,-0.4064158586833747,0.8590448960906067
4.13999981,0.3421475999553729,-6.776263578034403e-21,-0.3998050853452695,0.8503475251782885
4.17999981,0.3680729625032923,8.470329472543003e-21,-0.3936723711245253,0.8423445604307326
4.21999981,0.38783491409907545,6.776263578034403e-21,-0.38641069664235556,0.836821876462448
4.25999981,0.4006582904527949,-4.235164736271502e-22,-0.37886733687270907,0.8342256741088859
4.29999981,0.40688436890941204,-1.5246593050577406e-20,-0.37162653516367405,0.8344691897843995
4.33999981,0.4059485497083163,8.801201717564214e-21,-0.36499838331077616,0.8378436340811061
4.37999981,0.3970640669884662,2.117582368135751e-22,-0.3596832872157296,0.8443743598690487
4.41999981,0.3781042883446668,-3.4728350837426314e-20,-0.3543543798221205,0.8552602648529005
4.45999981,0.3468064105419206,3.3881317890172014e-21,-0.35407124216562347,0.8685383521056059
4.49999981,0.30684545848635447,2.710505431213761e-20,-0.36379669047056834,0.8794872555125289
4.53999981,0.26368246065482104,-6.776263578034403e-21,-0.38612865625968856,0.883954874842662
4.57999981,0.2229747247385068,-5.082197683525802e-21,-0.4252821007848812,0.8771644126842957
4.61999981,0.18811554180612458,8.470329472543003e-21,-0.48450162720439544,0.8543247135412163
4.6599998099999995,0.16086675534274253,-1.6940658945086007e-21,-0.5550688685826186,0.8161007524539541
4.69999981,0.14298824558259582,-8.470329472543003e-22,-0.6239983669531787,0.7682319959914308
4.73999981,0.13222759847080506,1.3552527156068805e-20,-0.6722530901438574,0.7284172190404881
4.77999981,0.12516024869610834,1.1434944787933055e-20,-0.6978592622239329,0.7052144087258828
4.81999981,0.12103239634505965,-6.988021814847978e-21,-0.7092702073968816,0.6944688127872677
4.85999981,0.11804946746394283,4.446922973085077e-21,-0.7121810980350004,0.6919988488669189
4.89999981,0.11540232075741876,0.0,-0.7142432062978206,0.6903180039816511
4.93999981,0.1131410203700091,3.1763735522036263e-21,-0.7200239680020841,0.6846638554883464
4.97999981,0.11079678936189516,-8.258571235729428e-21,-0.7255339788755166,0.6792087432918965
5.01999981,0.10884913654071118,1.9058241313221758e-20,-0.7313321317629534,0.673279420839072
5.05999981,0.10736284761118035,-8.999725064576941e-22,-0.7358684094973008,0.6685588252777246
5.09999981,0.10653480624687008,-7.040961374051372e-21,-0.7388659226680112,0.6653776997900444
5.13999981,0.10636957456070625,-1.7536228986124187e-22,-0.7420360289586504,0.6618670903852614
5.17999981,0.10677816099663921,3.1763735522036263e-21,-0.7442914271596132,0.6592637528265012
5.21999981,0.10800272046547936,-5.293955920339377e-23,-0.7475516710155852,0.655363953489862
5.25999981,0.10997501832627153,-5.823351512373315e-22,-0.7517758339279731,0.6501835055321205
5.29999981,0.11206199608758868,2.9116757561866574e-22,-0.755663283703892,0.6453023405309456
5.33999981,0.1139610911473273,1.0587911840678754e-21,-0.7578066226767369,0.6424499920863787
5.37999981,0.11533151974909354,7.411538288475128e-22,-0.7574520271155915,0.6426235812439861
5.41999981,0.11662064131388251,3.8116482626443515e-21,-0.7535125389730328,0.6470073257931107
5.45999981,0.11797494804954957,-1.4558378780933287e-21,-0.7433750918068854,0.6583884753804634
5.49999981,0.12013760265626319,-7.411538288475128e-22,-0.7247021547422479,0.6785084696154862
5.53999981,0.12456075809254247,-1.2705494208814505e-21,-0.6895077230730059,0.7134870127522226
5.57999981,0.1331178552260562,-3.8116482626443515e-21,-0.6324333152747627,0.7630909109343312
5.61999981,0.1471054947453419,-2.541098841762901e-21,-0.5593066662786584,0.8158039142293824
5.6599998099999995,0.1643108239431511,-2.117582368135751e-21,-0.48771626708439597,0.8574000209682673
5.69999981,0.18120389731456363,8.470329472543003e-22,-0.4337421701184673,0.8826283914870038
5.73999981,0.19558072512027583,-1.376428539288238e-21,-0.3928742503070571,0.8985532835659191
5.77999981,0.2079972023682593,-7.411538288475128e-22,-0.3593918218537152,0.9097113180518559
5.81999981,0.21932852700594513,2.329340604949326e-21,-0.3285369021412346,0.9186721401962963
5.85999981,0.2305959313750807,8.673617379884035e-19,-0.30005064689347616,0.925632284296559
5.89999981,0.24243335112232095,-1.5612511283791264e-17,-0.2739415928094104,0.9306890318428841
5.93999981,0.2546490335463244,4.336808689942018e-18,-0.24843200448640482,0.9345776633650036
5.97999981,0.2660171534900215,-2.6020852139652106e-18,-0.2233504210715582,0.9377363507171002
6.01999981,0.27501717343275317,1.3877787807814457e-17,-0.19806273287240136,0.9408170428750612
6.05999981,0.28038039616502786,-8.673617379884035e-18,-0.16894788650367035,0.9449039343194021
6.09999981,0.28203626939159354,9.26442286059391e-23,-0.13637156916300563,0.9496622230412728
6.13999981,0.2809969172767797,-7.940933880509066e-23,-0.10226870092747309,0.9542441224820583
6.17999981,0.2781453819753899,-1.5881867761018131e-22,-0.06947066210323567,0.9580234723599953
6.21999981,0.2743324090371175,0.0,-0.04008613168164183,0.9607990588040215
6.25999981,0.2699259096246131,0.0,-0.014175980043206093,0.9627767367895528
6.29999981,0.26467448194984955,5.293955920339377e-23,0.009442882678151012,0.9642915796434735
6.33999981,0.25884512371613594,0.0,0.029793444994160985,0.9654592443825676
6.37999981,0.25344782149266365,-2.117582368135751e-22,0.050145253377370996,0.9660484746348613
6.41999981,0.24847939023630908,1.0587911840678754e-22,0.07786712646655282,0.9655023061824524
6.45999981,0.24459805273348942,0.0,0.11901166715962919,0.9622931027908653
6.49999981,0.2427824621274653,0.0,0.16449439805704927,0.9560325669615941
6.53999981,0.24251861712577283,-1.164670302474663e-21,0.2010851667786671,0.9490782244098737
6.57999981,0.24268825744882447,7.940933880509066e-22,0.2211879728608382,0.9445518992401457
6.61999981,0.24311458251758636,1.4293680984916318e-21,0.23020075886502137,0.9422860024351778
6.65999981,0.24340762990342077,3.441071348220595e-22,0.23629066906791435,0.9407015708588121
6.69999981,0.24366628043417513,9.529120656610879e-22,0.24123553276189463,0.9393786039252006
6.73999981,0.2436074577046931,-4.336808689942018e-19,0.2458508605166569,0.9381965470698961
6.77999981,0.24301113527944188,-1.1655173354219173e-18,0.24750187199751653,0.9379170600260568
6.81999981,0.24180994939631428,7.101524229780054e-18,0.24878959119072525,0.9378868202976859
6.85999981,0.24018191261821978,6.505213034913027e-19,0.251983693435016,0.9374523279046789
6.89999981,0.23847833835560692,2.710505431213761e-18,0.25583481088675203,0.9368439740285938
6.93999981,0.23685446256446976,-8.239936510889834e-18,0.2592510544927775,0.9363166421182949
6.97999981,0.23494466109723156,-4.963083675318166e-23,0.2609460032578381,0.9363269672532494
7.01999981,0.23263318687558052,1.286265852519958e-22,0.2604826430109706,0.9370328665816
7.05999981,0.22982668685964233,2.0514079191315086e-22,0.2551797566808227,0.9391820834041906
7.09999981,0.22658904180866127,-1.0587911840678754e-22,0.23860697453914714,0.9443114517115143
7.13999981,0.22312521551131995,2.6469779601696886e-22,0.20427345963101443,0.9531461020711375
7.17999981,0.22006356696898594,1.0587911840678754e-22,0.1555612131011911,0.963001939495125
7.21999981,0.21813565675731497,0.0,0.10229441056900596,0.9705424714134846
7.25999981,0.21784296842999182,0.0,0.04725576969310087,0.9748391320296506
7.29999981,0.2188983810442485,0.0,-0.008546497393778621,0.9757102316561538
7.33999981,0.22158069715578024,-4.235164736271502e-22,-0.06196229307399761,0.9731714488644694
7.37999981,0.22570262650982897,6.352747104407253e-22,-0.1102368037683666,0.9679391362485036
7.41999981,0.23145727849788675,-8.470329472543003e-22,-0.14848326207997783,0.9614469559535983
7.45999981,0.23936933538429364,-4.235164736271502e-22,-0.18031252288059862,0.9540386341077154
7.49999981,0.2501020265792482,-2.117582368135751e-22,-0.20685829358525967,0.9458639556912757
7.53999981,0.26272443873097945,2.329340604949326e-21,-0.2295528835687222,0.9371666569713076
7.57999981,0.275828272151174,-1.5881867761018131e-22,-0.2503927913069144,0.9280205893963938
7.61999981,0.28929223035908047,-1.402898318889935e-21,-0.26922305231233423,0.9186016294115196
7.65999981,0.30267926556534563,5.699274420490361e-21,-0.28469397854840256,0.9095793537537585
7.69999981,0.31546727989192125,5.558653716356346e-22,-0.2965889479827971,0.9013963563560982
7.73999981,0.3276213133154964,4.036641389258775e-21,-0.3064780056868426,0.8937200384301814
7.77999981,0.3382096055291408,8.251953790829004e-21,-0.31551136209420794,0.8866041073203308
7.81999981,0.3466098975952353,1.6675961149069038e-21,-0.3223560801790021,0.880879183804822
7.85999981,0.35296213700632845,1.852884572118782e-21,-0.3266792189139713,0.8767544797545568
7.89999981,0.3574716899025223,5.029258124322408e-22,-0.32961244651473715,0.8738247112669706
7.93999981,0.3605212265623933,8.784658105313154e-21,-0.33221035860700626,0.8715851781852143
7.97999981,0.36258554862722686,-3.2359305563074443e-21,-0.33454709385189774,0.8698332954778992
8.01999981,0.363847520646507,-6.63067979022507e-21,-0.3362656493223202,0.8686428465170413
8.05999981,0.3643730514096354,8.35452418678558e-21,-0.33718045645232375,0.8680677503473065
8.09999981,0.36418680455383917,-3.732238923839261e-21,-0.33718933502703363,0.8681424558981611
8.13999981,0.36367141325344543,3.3087224502121107e-21,-0.33797410140209966,0.868053345114046
8.17999981,0.36299204684427233,-1.3923104070492562e-20,-0.3389376162001302,0.867962018899663
8.21999981,0.36226294783921814,-1.376428539288238e-21,-0.3408085154100287,0.8675339258189574
8.25999981,0.3618612716098801,-1.334076891925523e-20,-0.3434988401357966,0.8666400446172812
8.29999981,0.3617721214947639,6.299807545203859e-21,-0.3460198739375286,0.8656738294238973
8.33999981,0.3618417100022432,7.517417406881916e-21,-0.3508033652250441,0.8637173008857916
8.37999981,0.3617924138637224,-1.4928955695357043e-20,-0.35723773832830913,0.8610966540317849
8.41999981,0.3616685854978265,2.752857078576476e-21,-0.3632478552614207,0.8586307878896374
8.45999981,0.3615408068102413,1.7364175418713157e-20,-0.36766875780079716,0.8568009859636125
8.49999981,0.36130791008993546,-3.1763735522036263e-22,-0.3705232092041435,0.8556688293653717
8.53999981,0.3610173954444432,9.846758011831241e-21,-0.3720009370967793,0.8551501289163375
8.57999981,0.36065002465600915,-4.896909226313924e-21,-0.3730343693966823,0.8548549110606077
8.61999981,0.3599844155386554,-1.6675961149069038e-21,-0.3743602476389414,0.8545558059933847
8.65999981,0.3591964965332945,1.4293680984916318e-21,-0.3759210557792081,0.8542021053006439
8.69999981,0.3581396659208352,7.411538288475128e-21,-0.3775953336807766,0.8539073390459972
8.73999981,0.35613219652395905,2.117582368135751e-21,-0.3798490279264613,0.8537473716400787
8.77999981,0.3506362415518994,-1.0587911840678754e-21,-0.3827116139232341,0.8547432636052954
8.81999981,0.33640958226679735,7.835054762102278e-21,-0.3871015421040839,0.8584759688306477
8.85999981,0.3096853183161376,0.0,-0.39586069822187736,0.8645168079469134
8.89999981,0.27300756731648806,5.505714157152952e-21,-0.409163635908305,0.8706618099114198
8.93999981,0.23060540656124243,-8.470329472543003e-22,-0.43060732564089815,0.8725815019636377
8.97999981,0.18670854772968873,-8.470329472543003e-22,-0.46565309540628363,0.8650474628268771
9.01999981,0.14545018041646235,8.470329472543003e-22,-0.5263332361397332,0.8377455279209163
9.05999981,0.11041456437813844,-4.235164736271502e-22,-0.6320748058839629,0.767000693441627
9.09999981,0.08469424230917955,-2.117582368135751e-21,-0.7831707323330678,0.6160117607128619
9.13999981,0.07104727803027845,1.0587911840678754e-21,-0.9258232250722763,0.37121912693348286
9.17999981,0.0669106708682107,4.342698215903395e-23,-0.9912782409009594,0.11353594690786432
9.219999810000001,0.06817312195037153,-1.6874484496081765e-22,-0.9964810206248411,-0.04876475138883186
9.25999981,0.06983289417738009,-1.1249656330721176e-22,-0.9912124097197688,-0.11234467369813383
9.29999981,0.07049469730666595,-2.663521572420749e-22,-0.9920538344809091,-0.10420982268177313
9.33999981,0.0697292939447467,-1.6874484496081765e-22,-0.9959340839235209,-0.05703618189697314
9.37999981,0.0682792020970383,1.3648480107124957e-22,-0.9976237491302311,0.009209002787151088
9.41999981,0.06684216515934956,-3.8050308177439273e-23,-0.9944493403376028,0.08125659640249017
9.45999981,0.06611579234558138,-3.2756352257099896e-22,-0.9869668182548461,0.14671469478692895
9.49999981,0.06608242496616733,2.117582368135751e-22,-0.9777665108661684,0.19901196782904762
9.53999981,0.066835901070495,-7.940933880509066e-23,-0.968993123538996,0.23787662529604509
9.57999981,0.06786621007269375,1.5881867761018131e-22,-0.9626477688476207,0.26211343090934297
9.61999981,0.06906554463851985,4.2020775117693806e-22,-0.9595992495683048,0.2727622238722419
9.65999981,0.07020458984344315,-1.6543612251060553e-23,-0.9592667997501368,0.27363940224690764
9.69999981,0.07132341195119071,-4.1689902872672595e-22,-0.9595698234758856,0.2722842720064794
9.73999981,0.07238715070969856,5.161607022330893e-22,-0.9596975074483021,0.2715525632536874
9.77999981,0.07312098933224277,4.632211430296955e-23,-0.959163675834768,0.2732368274559824
9.81999981,0.07373093359413566,-5.7240898388669515e-22,-0.9580554913707703,0.27693577754715826
9.85999981,0.07422773790254114,-3.1763735522036263e-22,-0.9565911270480547,0.2818220335225834
9.89999981,0.0746526751172112,-1.0257039595657543e-22,-0.9544628702917224,0.28883837579575755
9.93999981,0.07496483208380526,-3.9870105525055934e-22,-0.9521189479447918,0.29639464049667
9.97999981,0.07528030523186192,-2.150669592637872e-23,-0.9493425599826583,0.305092739097099
10.01999981,0.07559341186576021,2.3161057151484775e-23,-0.9459819909663827,0.31528353723239716
10.05999981,0.07604289478960241,6.749793798432706e-22,-0.9425435749183741,0.32531382929735514
10.09999981,0.07647383380083031,8.023651941764368e-22,-0.9390449674548408,0.33518099862841283
10.13999981,0.0769169059475514,-4.566036981292713e-22,-0.9359587930877362,0.34360577297420886
10.17999981,0.07707377642399822,2.2333876538931747e-22,-0.9332184848032448,0.3509457117693269
10.219999810000001,0.07712206707743893,-5.823351512373315e-22,-0.9307277448068589,0.3574885338251306
10.25999981,0.07718135319799144,4.851414292623507e-22,-0.9291863641018456,0.36146333076222187
10.29999981,0.07706335741265807,-6.28657265540301e-23,-0.9279302807328227,0.3647007445062237
10.33999981,0.07675327649699212,1.7718208720885853e-21,-0.9267612637414823,0.3677261135346076
10.37999981,0.07646332901748229,-7.213014941462401e-22,-0.9256225032826194,0.37064314472600374
10.41999981,0.07618408260337042,7.506664058918726e-22,-0.9240807936131559,0.37452726527338803
10.45999981,0.07608350470516262,-1.3234889800848443e-22,-0.9219095195798493,0.379860682382148
10.49999981,0.07618950473144703,-1.343341314786117e-21,-0.9188288896273568,0.3872320117900063
10.53999981,0.07647587157013917,2.216844041642114e-22,-0.9157918238676834,0.39430543542372
10.57999981,0.07654178329672197,9.065899513581183e-22,-0.9124942648809231,0.4018651166363931
10.61999981,0.07644442980464647,-2.1002115752721373e-21,-0.9093983230352115,0.40884097056506896
10.65999981,0.07620731991048746,-1.2523514474052839e-21,-0.9076551989244814,0.41274021400563904
10.69999981,0.07588485993596597,-8.602678370551488e-22,-0.9068830262209369,0.4144932626531514
10.73999981,0.07551346861375018,1.3234889800848443e-21,-0.906796706174252,0.4147498640499449
10.77999981,0.07532636791078723,9.760731228125727e-22,-0.9080755115404612,0.4119767027853623
10.81999981,0.0754252284084033,-4.350970022028926e-22,-0.9104375898003669,0.4067117283753188
10.85999981,0.07569417987522606,1.7867101231145398e-22,-0.9128933977518648,0.4011184805940417
10.89999981,0.07603330634847859,1.7238443965605097e-21,-0.914069320395204,0.39836693366539394
10.93999981,0.07636059597956228,-3.5072457972248373e-22,-0.9140365836095237,0.398379446263329
10.97999981,0.0767903658308683,-2.157287037538296e-21,-0.9134528566106964,0.39963373038986594
11.01999981,0.07717927167233495,2.812414082680294e-22,-0.9124382171779117,0.40187045158523677
11.05999981,0.0773240125317547,3.680953725860973e-22,-0.9108339193750887,0.4054658658898473
11.09999981,0.07734009090087927,-2.1423977865123417e-22,-0.9091789921035824,0.4091602017021668
11.13999981,0.07729555669013954,1.8321533580166717e-21,-0.9071642504316866,0.41361627102264464
11.17999981,0.07716938851895314,-2.7627832459271124e-22,-0.9054484871604326,0.4173822259925484
11.219999810000001,0.0771185780638471,3.829846236120518e-22,-0.9045656885314477,0.41930137138940804
11.25999981,0.07709009178103199,1.4483932525803515e-21,-0.9045684813814915,0.4193005845934087
11.29999981,0.07719024964593395,-9.520848850485349e-22,-0.9045776569723722,0.41926236161378905
11.33999981,0.0772689002708776,1.791673206789858e-21,-0.9041624766546669,0.42014251494061877
11.37999981,0.0772625904724038,1.976961664001736e-21,-0.9026216303236781,0.4234438387617876
11.41999981,0.07711471381152545,1.630786577648294e-21,-0.9010478407783538,0.42680921913945685
11.45999981,0.07705742489348953,1.825587611904532e-21,-0.9000835676490633,0.4288493028056805
11.49999981,0.07713511349257589,1.6761005655797146e-21,-0.8998030269120736,0.4294236684515164
11.53999981,0.07710564107156166,1.3094737616983257e-23,-0.8998356057931393,0.4293606906341541
11.57999981,0.07705721805461845,1.5990435216415716e-22,-0.8999347100463065,0.4291616278275042
11.61999981,0.07696124136020788,-2.034864306880448e-22,-0.8995429157637792,0.42999943026415066
11.65999981,0.07696549885147413,-1.3565762045869654e-22,-0.8984646630734745,0.43224710663555826
11.69999981,0.07707870288613947,-1.0339757656912846e-24,-0.896773302331933,0.4357252778828306
11.73999981,0.07732001391890142,2.394687873341015e-22,-0.8951796396862043,0.43894763712641
11.77999981,0.0775125333905522,1.780506268520392e-22,-0.8939138807819325,0.44148587849756166
11.81999981,0.07752608372481395,1.9226779363029437e-22,-0.8932555399267518,0.4428140091872212
11.85999981,0.07747589797433446,-2.4319110009059014e-22,-0.8932857273283213,0.442761893781051
11.89999981,0.07733362956282973,7.610061635487855e-23,-0.8938020495416122,0.4417435975470979
11.93999981,0.07707750410323753,5.517294685728695e-22,-0.8945373818173556,0.44029754813372074
11.97999981,0.07692017912791375,4.524677950665061e-22,-0.8950541064101839,0.43927375592129
12.01999981,0.07678946055375013,-5.252596889711726e-23,-0.8954899568726535,0.43840747699837096
12.05999981,0.07672971308270168,1.2407709188295415e-23,-0.8951625050684382,0.4390861426301728
12.09999981,0.07677823485763646,-2.55465136891897e-18,-0.8936464306961105,0.4421551306456226
12.13999981,0.07679192520505677,-6.776263578034403e-20,-0.8917570055308007,0.44595116695669784
12.17999981,0.0767068029306922,-1.4772254600114998e-18,-0.8900707889294849,0.4493217745431402
12.219999810000001,0.07668454914350008,7.064254780100865e-19,-0.8890878736186731,0.4512673629976851
12.25999981,0.07668438114078618,-1.260385025514399e-18,-0.8880993313813207,0.4532097563922318
12.299999810000001,0.07672818128634602,9.656175598699024e-19,-0.8874208703529487,0.4545294105539318
12.33999981,0.07676291186411947,-1.229891839413244e-18,-0.8864168380763373,0.4564785258222887
12.37999981,0.07680964629378201,1.5585406229479126e-19,-0.8856583405042855,0.4579405879930488
12.41999981,0.07695378309891016,-6.593304461427474e-18,-0.8850870446144018,0.45901964960392494
12.45999981,0.07707606301358705,-4.275822317739708e-18,-0.8846691411279779,0.45980407919701144
12.49999981,0.07717836044758532,-2.4530074152484538e-18,-0.8835752063640441,0.4618856518418379
12.53999981,0.07719207860615111,8.402566836762659e-19,-0.8820176543829882,0.46485077213789056
12.57999981,0.07717190575091491,-3.211948935988307e-18,-0.88021490037204,0.4682587170847028
12.61999981,0.077134546909097,1.068955579434927e-18,-0.8784196029340784,0.4716240694178621
12.65999981,0.07698072576655918,8.809142651444724e-19,-0.8767506258423954,0.47474446594501957
12.69999981,0.07681979042516689,2.4106557678857388e-18,-0.8753255445530954,0.4773928265609575
12.73999981,0.07659183034912675,-2.9205696021328276e-18,-0.8745713860185377,0.478809546982289
12.77999981,0.07646010222626609,-3.1848438816761693e-19,-0.8742387815266215,0.47943759306336975
12.81999981,0.07631369427855465,-8.029872339970767e-19,-0.8732416444500455,0.4812746102421568
12.85999981,0.07616947715038964,9.825582188149884e-19,-0.8722712626742126,0.48305388422345924
12.89999981,0.0759816232259873,-1.0430363712489454e-17,-0.8703727791299835,0.48649565083512625
12.93999981,0.07591731659794468,-3.2255014631443757e-18,-0.867947956538389,0.4908186078190213
12.97999981,0.07607515775879013,-4.87890977618477e-19,-0.8662326698892263,0.4938152812424483
13.01999981,0.0762225110498031,-6.135906669910152e-18,-0.865732612836493,0.49466874965027
13.05999981,0.07625745621067141,-4.596000771801834e-18,-0.8657540394045985,0.4946258622705633
13.09999981,0.07620667312199421,3.6591823321385775e-19,-0.8667994511463846,0.4927994059087366
13.13999981,0.07590116061503234,1.4501204056993622e-18,-0.8681712428106891,0.4904260463860324
13.17999981,0.0756224533710849,2.2090619264392153e-18,-0.8691790437819881,0.4886809126581138
13.219999810000001,0.0755354077126772,6.1663998560113065e-18,-0.8690576094922995,0.4889102919403616
13.25999981,0.07553805673851295,1.6720430378799889e-18,-0.8694274463237998,0.4882518997024443
13.299999810000001,0.07559926153788551,6.359523367985287e-18,-0.8697229495266247,0.48771584218849695
13.33999981,0.0756206738339679,-5.289720755603106e-18,-0.8696795232632314,0.48778995531430885
13.37999981,0.07559140607079777,-3.520361573017478e-18,-0.8694605875843268,0.48818462282804165
13.41999981,0.0754292282480179,-3.503328269843786e-18,-0.8689770970967573,0.48906976623708937
13.45999981,0.07519935546894424,-4.607859233063394e-19,-0.8687343427818315,0.4895362076583047
13.49999981,0.07463492501284041,8.131516293641283e-19,-0.8680234901437607,0.4908817052274127
13.53999981,0.07417063130153134,8.714274961352242e-18,-0.8671309992085368,0.4925266974123709
13.57999981,0.07383524067044661,4.960224939121183e-18,-0.8671107936450807,0.4926126559268811
13.61999981,0.07369196449268636,-3.7269449679189215e-18,-0.8692133889341657,0.48891469487712425
13.65999981,0.07348474886785963,3.63207727782644e-18,-0.8718183791455006,0.4842857683929394
13.69999981,0.07326099967320547,4.336808689942018e-19,-0.8735952467753482,0.4811072341364253
13.73999981,0.07307762662761817,-3.806566064960826e-18,-0.8737828637995682,0.48079430884391705
13.77999981,0.07327538688948013,-3.6591823321385775e-19,-0.871910081594246,0.4841523802384041
13.81999981,0.0740892791332231,-1.463672932855431e-18,-0.8723203062668623,0.48328879771003097
13.85999981,0.07496140716006487,-7.670730370334944e-18,-0.8754106688267732,0.4775321437776149
13.89999981,0.07730637006138233,7.047314121155779e-18,-0.8779155158333284,0.4725336730932875
13.93999981,0.083087778409077,-1.5178830414797062e-18,-0.8629079010480876,0.49848407736639727
13.97999981,0.0898431029680488,3.469446951953614e-18,-0.836280002241891,0.5408918327164639
14.01999981,0.09748568436895035,-1.3010426069826053e-18,-0.8285166184899275,0.551413414988367
14.05999981,0.1056013971108994,2.168404344971009e-18,-0.8313472136197533,0.5456282208013976
14.09999981,0.11227989811561165,4.336808689942018e-18,-0.8393705554129056,0.5318367185377275
14.13999981,0.11866015915249489,5.204170427930421e-18,-0.8448730793709435,0.5216409170915985
14.17999981,0.12611441170742535,3.903127820947816e-18,-0.8488822635008311,0.5133167227681129
14.219999810000001,0.13495914671231435,2.168404344971009e-19,-0.8544018310480842,0.5017803701026625
14.25999981,0.1455393568435867,5.637851296924623e-18,-0.8654993526446026,0.4793007053837175
14.299999810000001,0.1563053224000908,4.553649124439119e-18,-0.8803898254814096,0.4477526118050197
14.33999981,0.16535451204071946,4.119968255444917e-18,-0.8928605858137477,0.4188769027388675
14.37999981,0.17070184743212333,1.5504091066542713e-17,-0.9006553077253513,0.39960092085656274
14.41999981,0.1713979715660504,5.4752209710517974e-18,-0.9051324553144211,0.389047521107038
14.45999981,0.16825555822361496,1.4094628242311558e-18,-0.9072477969388012,0.3854756828602181
14.49999981,0.163451010035763,-1.3335686721571705e-17,-0.9068239420824908,0.388528126889496
14.53999981,0.1590276745842728,9.432558900623889e-18,-0.9046652532641903,0.395336537968295
14.57999981,0.15438369050503542,-4.7704895589362195e-18,-0.900725339541976,0.40602898765117446
14.61999981,0.14975955591137857,1.0950441942103595e-17,-0.8959939396111996,0.4180513552103725
14.65999981,0.1460728815643261,6.505213034913027e-19,-0.8925151363747984,0.42670768051837255
14.69999981,0.14357996392786704,-1.951563910473908e-18,-0.8914951135453922,0.42967575738358865
14.73999981,0.1426282375659732,3.198396408832238e-18,-0.8936873746759303,0.4254175151467882
14.77999981,0.14275233366444925,-1.3538974628912737e-17,-0.8974808213258558,0.4173127682992953
14.81999981,0.1431230361609763,-3.699839913606784e-18,-0.9026868067240087,0.40579838033988747
14.85999981,0.14328210847399198,-1.6263032587282567e-19,-0.9076472306103138,0.3945209020529522
14.89999981,0.14290153702336106,1.2197274440461925e-18,-0.9108416745586948,0.3872293824123805
14.93999981,0.14211276822362806,-5.3939058081153846e-18,-0.9128282689209152,0.3828165521064402
14.97999981,0.14098940910619637,-2.520770051028798e-18,-0.9135045082889853,0.3816169543607632
15.01999981,0.13997921648122585,-3.1170812458958252e-18,-0.913756488549331,0.381385498658901
15.05999981,0.13919028086070195,-5.149960319306146e-18,-0.9159371179485102,0.37641102757238115
15.09999981,0.13926034926289613,2.6291902682773483e-18,-0.9190112890777945,0.36881540866773266
15.13999981,0.1400251928215348,-2.981555974335137e-19,-0.922016645884064,0.36094078473898283
15.17999981,0.14137938510223433,-9.595189226496714e-18,-0.9250183232780324,0.35263716631689807
15.219999810000001,0.1430863696512146,-5.421010862427522e-20,-0.9279020528258145,0.3442732507495687
15.25999981,0.1451257275654404,1.0028870095490916e-17,-0.931217616582001,0.3343236063545905
15.299999810000001,0.14846356836314314,-6.884683795282953e-18,-0.9356112141987619,0.3202970882390299
15.33999981,0.15287683960203216,-2.927345865710862e-18,-0.9409075707451109,0.3021946644595646
15.37999981,0.15726983914652115,-1.3552527156068805e-18,-0.9458572020685173,0.28393723072176297
15.41999981,0.16100877176322997,5.963111948670274e-19,-0.9500060701055394,0.2675156858539798
15.45999981,0.16300251622845288,-1.870248747537495e-18,-0.9532809609339783,0.25433361795874315
15.49999981,0.1635045780745545,1.3247595295057257e-18,-0.9553201093638706,0.2462310735745279
15.53999981,0.16318526914887568,-1.7211709488207383e-18,-0.9565669394619134,0.24155798115830743
15.57999981,0.1618563010279352,-9.730714498057402e-18,-0.9569858486072409,0.24079165970405517
15.61999981,0.1586182287848871,-9.215718466126788e-19,-0.9560791617213783,0.24648102162091848
15.65999981,0.1528549503262085,-5.204170427930421e-18,-0.9535737297495713,0.2594850787468594
15.69999981,0.14689132491902665,7.37257477290143e-18,-0.9505130150139504,0.2737662268297949
15.73999981,0.1434431885371171,1.5504091066542713e-17,-0.9486808906739691,0.2818308346018046
15.77999981,0.1423011875351077,-8.355132991716419e-18,-0.9479694898056104,0.2847880236663558
15.81999981,0.1432765461220784,1.3823577699190182e-18,-0.9483385279957236,0.2830651296967394
15.85999981,0.14473463340654402,-3.279711571768651e-18,-0.9493679187557159,0.2788412464649266
15.89999981,0.14532894397661159,2.961227183601034e-18,-0.9501431921589498,0.27587571918645537
15.93999981,0.14499342030178736,9.256376047594994e-18,-0.9507282749569549,0.27403039113675337
15.97999981,0.14359430718249952,2.9815559743351372e-18,-0.9513801099884396,0.27250057112447096
16.01999981,0.14044796428381173,2.168404344971009e-18,-0.9528563492174463,0.26895937813084964
16.05999981,0.13498565698420809,-3.0357660829594124e-18,-0.9555624810875676,0.26206719967655984
16.099999810000003,0.127778726767107,4.7704895589362195e-18,-0.9585902573850793,0.2545138806277256
16.139999810000003,0.11776360858912603,-4.553649124439119e-18,-0.9610768067952452,0.24992619697086962
16.17999981,0.10347745886536876,-1.5178830414797062e-18,-0.9627531838933524,0.2497973626962037
16.21999981,0.0859009890031536,3.0357660829594124e-18,-0.9626429852645777,0.2567868824710136
16.259999810000004,0.06796187938303273,-1.3010426069826053e-18,-0.9593876240353235,0.2737819749336739
16.299999810000003,0.05523366953499364,-2.8189256484623115e-18,-0.9549632251200064,0.29153812858371536
16.339999810000002,0.04835335249740372,-2.0599841277224584e-18,-0.9497998105422307,0.3090991316652388
16.37999981,0.04597555864324706,-1.6534083130403943e-18,-0.9465433052910395,0.3192836031119598
16.41999981,0.046085532714638056,2.202285662861181e-19,-0.9523979925456719,0.30135392393228017
16.459999810000003,0.046480172169997995,5.759824041329242e-20,-0.962627139925192,0.266811887056203
16.499999810000002,0.04626521387110012,-1.3552527156068805e-19,-0.971295235163906,0.2333347298053888
16.53999981,0.04734185434519613,6.776263578034403e-19,-0.9798684443454696,0.193949943550256
16.57999981,0.054888654312678954,7.589415207398531e-19,-0.9918334935472802,0.11512409263720871
16.619999810000003,0.06755014044378428,-5.963111948670274e-19,-0.9976902076397794,0.007157381205358283
16.659999810000002,0.07861121904216288,-1.6263032587282567e-19,-0.9918580417367469,-0.10018932719033091
16.69999981,0.08333404840802207,-2.4936649967166602e-18,-0.9753967798883606,-0.20409938304499212
16.73999981,0.08011997849495933,-6.2341624917916505e-19,-0.944705741161953,-0.3179808982653082
16.779999810000003,0.0730246629930469,3.469446951953614e-18,-0.8971425517105298,-0.43566344866774337
16.819999810000002,0.06415015941000991,2.168404344971009e-19,-0.8289688300241905,-0.5556036680008465
16.85999981,0.0542389537413507,1.6127507315721878e-18,-0.719389534837383,-0.6924859804093492
16.89999981,0.046283173164600254,-2.168404344971009e-19,-0.5688856948827425,-0.8211132285133365
16.939999810000003,0.04154959510132834,-1.0842021724855044e-18,-0.441117385890488,-0.89648707911049
16.979999810000002,0.039620042238678196,-1.4094628242311558e-18,-0.4404245447962584,-0.8969149751197233
17.01999981,0.03875312664265496,6.505213034913027e-19,-0.5012093354789494,-0.8644578631744687
17.05999981,0.0391749403654816,-6.505213034913027e-19,-0.5828898489098243,-0.811606276519128
17.099999810000003,0.04085521909143219,-1.951563910473908e-18,-0.6685863756365693,-0.7425113530351892
17.139999810000003,0.04259474342226056,-1.1926223897340549e-18,-0.7296761193820075,-0.6824649797875393
17.17999981,0.0429040860568587,-4.119968255444917e-18,-0.7573914783325763,-0.651549988833413
17.21999981,0.04159784513582505,1.1926223897340549e-18,-0.778585402576592,-0.6261584385558515
17.259999810000004,0.038231971407474606,-1.3010426069826053e-18,-0.8089238579411709,-0.5866689939104253
17.299999810000003,0.03436590671318641,-2.8189256484623115e-18,-0.8638467757226991,-0.5025810706038156
17.339999810000002,0.031705482410824465,-8.673617379884035e-19,-0.9376953994085192,-0.34600881536919686
17.37999981,0.03032238637757126,-1.0842021724855044e-18,-0.9886526308856238,-0.14712759199859113
17.419999810000004,0.02969176736183313,4.1165801236558996e-19,-0.997841406986402,0.05857410224944407
17.459999810000003,0.028673490013541476,-6.352747104407253e-20,-0.9675244199207051,0.2511460288906563
17.499999810000002,0.02739545776580653,-4.607859233063394e-19,-0.9033669657321474,0.4279925397921037
17.53999981,0.027427155641828904,1.3010426069826053e-18,-0.8338281782505734,0.5513422895885356
17.57999981,0.028503495353400837,-2.3852447794681098e-18,-0.7943392822474232,0.6068052862585223
17.619999810000003,0.03122781235184031,2.168404344971009e-18,-0.8037181007664789,0.5941902374122638
17.659999810000002,0.03756558082766703,2.3852447794681098e-18,-0.8594861729777079,0.5097767605503548
17.69999981,0.04934976103909318,-3.469446951953614e-18,-0.9204160134458079,0.38781305196951604
17.73999981,0.06658237941312262,2.6020852139652106e-18,-0.9581763068327754,0.27832526255442563
17.779999810000003,0.08757237726879295,-1.3010426069826053e-18,-0.9756183716153367,0.20124579922604846
17.819999810000002,0.11033466660666429,1.3010426069826053e-18,-0.9812703518449705,0.15790743470414578
17.85999981,0.13183706413057017,0.0,-0.9821435367706854,0.13421274790794557
17.89999981,0.15114422473576272,-2.168404344971009e-19,-0.980762440368135,0.12353322991068329
17.939999810000003,0.16916765001364004,-2.6020852139652106e-18,-0.9783707644824667,0.11905021375392899
17.979999810000002,0.1862480538850017,-4.336808689942018e-19,-0.9756513354096873,0.11582803692260057
18.01999981,0.20074362469537615,1.3010426069826053e-18,-0.9732435045654207,0.11179927533477069
18.05999981,0.21143999150839282,3.903127820947816e-18,-0.9716151832377468,0.10609931994508988
18.099999810000003,0.21885048961320616,2.0057740190981832e-18,-0.9708765206281432,0.09748458795650979
18.139999810000003,0.22320744849236646,1.5720931501039814e-18,-0.9708363795694879,0.08749376573183243
18.17999981,0.2269979295774267,1.2739375526704677e-18,-0.9709302093259919,0.07593726743666342
18.21999981,0.23013100234666722,1.3145951341386741e-18,-0.97102883461417,0.0643639969763011
18.259999810000004,0.2336290900431602,-4.472333961502706e-19,-0.9708308111501152,0.053897907261922326
18.299999810000003,0.23688519883165973,1.802486111757151e-18,-0.9704768827437227,0.045387472219896724
18.339999810000002,0.24008096646709484,3.2526065174565133e-19,-0.9700175828709771,0.03777589788969781
18.37999981,0.24370360938590893,-5.285485590866834e-19,-0.9693828687949035,0.03008993950215548
18.419999810000004,0.24675854268433658,-1.3010426069826053e-18,-0.9688144769351484,0.022555063581762298
18.459999810000003,0.24942387813715763,-3.8624702394796095e-19,-0.968254006600346,0.016489624537801787
18.499999810000002,0.2513565684382217,-6.318865786517081e-19,-0.9677837943032189,0.014642506173007762
18.53999981,0.2515118479843299,-5.709002064493984e-19,-0.9675091268691978,0.025843369523150306
18.57999981,0.250057271485629,2.8561950981415007e-18,-0.9652655321829748,0.07572194765509384
18.619999810000003,0.24875395973148168,0.0,-0.951017304635611,0.1835416949946958
18.659999810000002,0.25380696819783805,1.6479873021779667e-17,-0.9087934160655307,0.3311745005433917
18.69999981,0.26707906967042894,-6.938893903907228e-18,-0.8395986236066039,0.47301471624239627
18.73999981,0.28604949413573916,-2.2551405187698492e-17,-0.7607168944266381,0.5826538367148872
18.779999810000003,0.30742504785069524,1.3877787807814457e-17,-0.6877189335626566,0.6576720370925315
18.819999810000002,0.32771022641843084,-3.469446951953614e-18,-0.6278049773442462,0.706021896206181
18.85999981,0.34534156133711114,-2.42861286636753e-17,-0.5820844316959358,0.7361500664881218
18.89999981,0.3588977001691704,-8.673617379884035e-18,-0.5491396310816498,0.7547437355743934
18.939999810000003,0.3679718182357082,1.734723475976807e-18,-0.5273404961710684,0.7658385874858739
18.979999810000002,0.37246680754074535,3.374896899216353e-22,-0.5127193012446206,0.7735550370927938
19.01999981,0.3732238769762736,-4.1689902872672595e-22,-0.5015682480766488,0.7804698778147178
19.05999981,0.3713027893924887,5.823351512373315e-22,-0.49272109983352513,0.7869943814082783
19.099999810000003,0.3672718368022063,7.692779696743157e-22,-0.48390779994277017,0.7943202370873359
19.139999810000003,0.36158112542262305,2.4269479172305832e-21,-0.475637047760693,0.8018905714220623
19.17999981,0.3553944911935818,3.0605682664462024e-22,-0.4679991664466452,0.8091177515260066
19.21999981,0.35004825892292746,1.555099551599692e-22,-0.4615116979605375,0.8151522367451426
19.259999810000004,0.3467342792924473,1.078643518769148e-21,-0.4564922171936595,0.8193840340189477
19.299999810000003,0.3458452971737712,-1.1249656330721176e-21,-0.45257994435086935,0.8219260455747524
19.339999810000002,0.34634950135825693,-3.441071348220595e-22,-0.44946747242652735,0.8234203143834841
19.37999981,0.3462094066367088,-2.0381730293306602e-21,-0.44577905656662375,0.8254817257110112
19.419999810000004,0.3446165397484904,2.8852059765849605e-21,-0.44164936983826447,0.8283630089841295
19.459999810000003,0.34100516263068775,6.961552035246281e-21,-0.4368971288681711,0.8323679341769282
19.499999810000002,0.334554837523744,-3.891057601449442e-21,-0.4310062330435974,0.8380374023675968
19.53999981,0.3227732255141607,8.470329472543003e-22,-0.4218105723429697,0.8472858348579193
19.57999981,0.3027968618726704,-6.670384459627615e-21,-0.4067776508595138,0.861885145017176
19.619999810000003,0.27380545555403085,3.8116482626443515e-21,-0.38198042778551505,0.8826786081568109
19.659999810000002,0.23780968260878615,1.2937104780329353e-21,-0.3429287184851376,0.9087609415548459
19.69999981,0.19836525255070778,-6.352747104407253e-22,-0.28143365558767597,0.9388537288007388
19.73999981,0.16117302306115422,-1.0587911840678754e-22,-0.20957584687817132,0.9644175553372232
19.779999810000003,0.129123783128686,-4.235164736271502e-22,-0.13898574523795557,0.9818401149123955
19.819999810000002,0.101358819476677,0.0,-0.05615998556226386,0.9932635328732958
19.85999981,0.07848136165962248,4.235164736271502e-22,0.06464296509877704,0.994817552587051
19.89999981,0.06274357702744175,-4.235164736271502e-22,0.22634312820659122,0.9720247074305551
19.939999810000003,0.0537872079973901,-4.235164736271502e-22,0.4300864242019243,0.9011840011745926
19.979999810000002,0.050873205349915955,-8.470329472543003e-22,0.6256492157339659,0.7784439452066528
20.01999981,0.05088231755595386,-1.0587911840678754e-22,0.7327169486804612,0.6786286634651748
20.05999981,0.0519621318262827,-1.6808310047077522e-21,0.7794284162013081,0.6243326684340558
20.099999810000003,0.053555709861155744,2.541098841762901e-21,0.793811993718524,0.6058005485057684
20.139999810000003,0.05444380289667765,-8.470329472543003e-22,0.7850369475293704,0.6170517509414557
20.17999981,0.05557236915981992,2.6469779601696886e-22,0.7743004165150813,0.6303733629925493
20.21999981,0.05727019144087273,-1.2705494208814505e-21,0.7703675224989135,0.6350228385272548
20.259999810000004,0.059970838488924774,-1.852884572118782e-22,0.7826384617519085,0.6195809363735635
20.299999810000003,0.06403955167531432,-1.5881867761018131e-22,0.8165770829621334,0.5736730805975457
20.339999810000002,0.07057704261930238,5.293955920339377e-21,0.8678506110562493,0.4917867403096672
20.37999981,0.0818981560175059,-1.9058241313221758e-21,0.920922807051252,0.3810431412501408
20.419999810000004,0.09741350222825476,-2.541098841762901e-21,0.9583312635517593,0.2685364014112695
20.459999810000003,0.11207427102825541,1.2705494208814505e-21,0.978049093779542,0.1756682325592824
20.499999810000002,0.12162467202922381,-1.2705494208814505e-21,0.9873106558006955,0.10210341863123146
20.53999981,0.13092139341560968,1.5881867761018131e-22,0.9908302861172452,0.03339061034082849
20.57999981,0.1432226400942527,1.138200522872966e-21,0.9892790350284337,-0.028535350315764138
20.619999810000003,0.1610070165199393,-1.0587911840678754e-21,0.9838250399155463,-0.0785177143485586
20.659999810000002,0.18246418069530948,2.752857078576476e-21,0.9765348268091365,-0.11439648068030635
20.69999981,0.2014138064372312,-7.411538288475128e-22,0.9692262604569925,-0.14153774979495753
20.73999981,0.2133965991071344,6.1409888675936775e-21,0.9624604283694164,-0.16772541641763442
20.779999810000003,0.22015270304842355,-4.235164736271502e-22,0.9563392549739249,-0.19221866906310464
20.819999810000002,0.22514614758684487,-3.441071348220595e-21,0.9510206013170672,-0.21182310567387702
20.85999981,0.22856708456408548,4.314574075076592e-21,0.9470145045523348,-0.22565596828218382
20.89999981,0.22953767210739887,1.1514354126738145e-21,0.9443159450384299,-0.235753797487322
20.939999810000003,0.22610441329270228,-2.117582368135751e-21,0.9422016732654749,-0.2472504826796141
20.979999810000002,0.21641216212883882,-2.117582368135751e-22,0.9398674136962645,-0.2642253219406043
21.01999981,0.19779234297617224,-5.505714157152952e-21,0.9351512753301264,-0.29388821226519857
21.05999981,0.1680503489373925,3.3881317890172014e-21,0.9222435186693906,-0.34817520373272154
21.099999810000003,0.1323827678341493,8.470329472543003e-22,0.8902162777613899,-0.43587817287543273
21.139999810000003,0.09693614934733566,5.505714157152952e-21,0.8174171072276786,-0.5678315381882595
21.17999981,0.06796944017521514,-6.749793798432706e-22,0.6683106878509774,-0.7407705310731667
21.21999981,0.04883997912448223,4.235164736271502e-22,0.41644640614402906,-0.9078474801688016
21.259999810000004,0.038115876535817585,0.0,0.04698531386807614,-0.9981681021935256
21.299999810000003,0.03397604972670032,-4.235164736271502e-22,-0.3468437211649714,-0.9373073461428778
21.339999810000002,0.034923947164482036,-1.376428539288238e-21,-0.6786162915072949,-0.7336622157473688
21.37999981,0.04195271382700205,3.705769144237564e-22,-0.8841788825881196,-0.4652608659534714
21.419999810000004,0.05312289915215972,-1.164670302474663e-21,-0.9627806789821352,-0.26501192758886993
21.459999810000003,0.06475641654683288,1.5881867761018131e-22,-0.9877156006434198,-0.1422128642620685
21.499999810000002,0.07617354819450274,2.3822801641527197e-22,-0.9949406602207008,-0.06550323041694715
21.53999981,0.08591091866701411,7.279189390466644e-23,-0.9961893942322494,-0.015033458450203766
21.57999981,0.09482518276909353,-3.110199103199384e-22,-0.995205644958691,0.02395639695704987
21.619999810000003,0.1021429157407652,-3.970466940254533e-23,-0.9931601201633772,0.05656677895232375
21.659999810000002,0.10921257193938792,-2.3822801641527197e-22,-0.9903222174935014,0.08564181028643854
21.69999981,0.11558372102084827,1.0587911840678754e-22,-0.9868798587349169,0.11273219530517911
21.73999981,0.12156300214194384,1.2440796412797536e-21,-0.9833542806996891,0.13504367863708008
21.779999810000003,0.12776669496770765,2.752857078576476e-21,-0.9798778961773912,0.15334594953893818
21.819999810000002,0.13444378736158263,-2.752857078576476e-21,-0.976562933533752,0.16807648523165364
21.85999981,0.1413309270035477,8.470329472543003e-22,-0.9732950571632778,0.1808930644713887
21.89999981,0.14849242013192768,-2.064642808932357e-21,-0.9698165194350784,0.19340610071606712
21.939999810000003,0.15509663365808274,1.0058516248644817e-21,-0.9660203444814972,0.20676007418208145
21.979999810000002,0.16063355799647536,-2.1705219273391446e-21,-0.9622371873807882,0.21976454506335366
22.01999981,0.16564794857291945,-1.9587636905255695e-21,-0.9593041231372249,0.22868396634985955
22.05999981,0.17039357230240762,-1.0587911840678754e-22,-0.9575367916894726,0.23257111402548583
22.099999810000003,0.17473552699801342,-3.494010907423989e-21,-0.9565566244676565,0.23338148982249904
22.139999810000003,0.17894167005521208,7.676236084492097e-21,-0.9565398083121491,0.23024220688659303
22.17999981,0.18284514720759407,-1.852884572118782e-21,-0.9571653430808441,0.2245042497316324
22.21999981,0.1875429364007367,1.0587911840678754e-21,-0.9581980943116867,0.21606494177362837
22.259999810000004,0.19385238651393602,1.6940658945086007e-21,-0.9594708158857788,0.20454096339444938
22.299999810000003,0.20208686333712014,-2.8587361969832636e-21,-0.9604367382329627,0.1916302990630439
22.339999810000002,0.213426645188861,-2.117582368135751e-22,-0.9607957377022113,0.17697631914098505
22.37999981,0.2266415666202225,3.1763735522036263e-22,-0.9603249768558941,0.16251012001305618
22.419999810000004,0.23851245240475877,-6.03510974918689e-21,-0.9592265254951128,0.1516452532539076
22.459999810000003,0.24926268337347054,3.3881317890172014e-21,-0.957609962324583,0.14439970475789635
22.499999810000002,0.258386817256314,-3.546950466627383e-21,-0.9554114659522186,0.14291670089665734
22.53999981,0.2647828253620388,3.0704944337968387e-21,-0.952782573767637,0.1486452909379023
22.57999981,0.2680891392613148,2.117582368135751e-22,-0.9483790027239436,0.16942691817555336
22.619999810000003,0.2697516995028262,5.082197683525802e-21,-0.937312565227697,0.22063357786522747
22.659999810000002,0.27283307722722394,-6.3527471044072525e-21,-0.912640826696178,0.3043827088026527
22.69999981,0.28097999221554165,-4.235164736271502e-21,-0.8711398866628547,0.4026978294448365
22.73999981,0.2946926112482797,-1.2705494208814505e-20,-0.821222182047205,0.48862090887445453
22.779999810000003,0.3105910139856957,-8.470329472543003e-21,-0.7700635263384444,0.5572570209827217
22.819999810000002,0.3274524352533107,2.0328790734103208e-20,-0.7238653398561011,0.6072840129640228
22.85999981,0.3448753875391426,1.5246593050577406e-20,-0.6845164936545917,0.6422601785760577
22.89999981,0.3614008536333271,8.470329472543003e-21,-0.6509434892504894,0.667579206383408
22.939999810000003,0.3762306038850253,1.6940658945086007e-20,-0.6237314261794207,0.6851347609751641
22.979999810000002,0.3889431412896721,-2.541098841762901e-21,-0.6024061631001527,0.6970150984754022
23.01999981,0.39918214390822,-5.082197683525802e-21,-0.5863890311216174,0.7048414858428014
23.05999981,0.4069998970921952,-3.5151867311053464e-20,-0.574765476510152,0.7099265671736765
23.099999810000003,0.4125129162157553,-1.3129010682441655e-20,-0.5664120268981248,0.7134497247461316
23.139999810000003,0.41565278547070783,1.2705494208814505e-20,-0.5604691638535793,0.7163149295524361
23.17999981,0.41654993458589085,-5.823351512373315e-21,-0.5556349440393386,0.7195526116684527
23.21999981,0.41592830123364494,-2.4775713707188285e-20,-0.5510368562521778,0.723437648512027
23.259999810000004,0.4144384273759809,1.4240741425712924e-20,-0.5464687385223075,0.7277449468955189
23.299999810000003,0.41296093436310977,1.979939514206927e-20,-0.5418363846278188,0.7320359273856727
23.339999810000002,0.4121612940155017,-2.4881592825595072e-20,-0.5370577977126338,0.7359972755598508
23.37999981,0.41221266349906227,-2.9010878443459787e-20,-0.5323941835092896,0.7393491417567791
23.419999810000004,0.4129946095269392,1.164670302474663e-20,-0.5283077896075246,0.7418398290343426
23.459999810000003,0.41409792398461015,1.207021949837378e-20,-0.5253864354891048,0.7432980578177832
23.499999810000002,0.4146429290897187,1.7470054537119944e-21,-0.5241884334369924,0.7438398534676468
23.53999981,0.41438114558808936,-7.940933880509066e-21,-0.5250671007031202,0.7433658627757413
23.57999981,0.41398143809618176,1.641126335305207e-21,-0.5269918189529187,0.7422257012988108
23.619999810000003,0.4138573355844137,-1.545835128739098e-20,-0.5286657425685106,0.7411036623964662
23.659999810000002,0.41435552976418943,4.326981784264888e-20,-0.5299610131273033,0.7398991955117402
23.69999981,0.41570717716867206,8.470329472543003e-21,-0.5310594062463582,0.7383518469454249
23.73999981,0.4185919139139664,-1.3976043629695956e-20,-0.5315171375101786,0.7363900747150441
23.779999810000003,0.423427337733139,-1.3552527156068805e-20,-0.5284956517490614,0.7357999971069321
23.819999810000002,0.4305979239358761,2.710505431213761e-20,-0.5187697094885292,0.7385549515231081
23.85999981,0.43958988806506294,-4.489274620447792e-20,-0.5052985678981536,0.7425860809300295
23.89999981,0.44846440679883987,-3.3034284942917713e-20,-0.4913408192795022,0.7466350347688704
23.939999810000003,0.45564438795808415,-2.202285662861181e-20,-0.4781694116065969,0.7508276803142676
23.979999810000002,0.46026538612793677,1.4399560103323106e-20,-0.46593047796709797,0.7556881394026592
24.01999981,0.4626235490880095,4.235164736271502e-22,-0.45546735572690444,0.760610899012337
24.05999981,0.46358241140313833,-3.1763735522036263e-21,-0.4468606560456639,0.7651188809041968
24.099999810000003,0.4636630992959326,1.0587911840678754e-20,-0.43995212590719585,0.7690634936473251
24.139999810000003,0.46327413969443687,1.588186776101813e-20,-0.4341396334493429,0.7725929394958574
24.17999981,0.4622131870424955,1.5537760626196072e-20,-0.4301982543127745,0.7754279023289402
24.21999981,0.4590663669503704,2.371692252312041e-20,-0.43082216232583437,0.7769493774911466
24.259999810000004,0.45095025642990366,3.3881317890172014e-21,-0.44114523653811066,0.7759089808125297
24.299999810000003,0.43691681632541873,2.541098841762901e-20,-0.4653927872860011,0.7697488221194154
24.339999810000002,0.41811445323138174,3.3881317890172014e-20,-0.5019399181494116,0.7571239149354515
24.37999981,0.39818642972103874,2.710505431213761e-20,-0.548571786169658,0.7351983151535669
24.419999810000004,0.3783771181572358,-2.710505431213761e-20,-0.6021935604437714,0.7029890982192248
24.459999810000003,0.35877224221192555,-1.3552527156068805e-20,-0.663177482202617,0.6568699302888095
24.499999810000002,0.33877861783226454,1.6940658945086007e-20,-0.7289212609456815,0.5948973385728149
24.53999981,0.3188327313539634,-1.8634724839594607e-20,-0.7977185175120446,0.5118504236940294
24.579999810000004,0.3007536337727572,-2.541098841762901e-20,-0.8614475221053502,0.4092131699139635
24.619999810000003,0.2858610682804695,-1.5246593050577406e-20,-0.9129986350666258,0.2910617494759955
24.659999810000002,0.27530677277646065,1.6940658945086007e-21,-0.9478177205905464,0.1607723527163522
24.69999981,0.27056952594508377,1.0242977525244142e-20,-0.9624646416112775,0.021305991596916023
24.73999981,0.2721565686634324,7.835054762102278e-21,-0.9547804413600627,-0.11968755545013968
24.779999810000003,0.2812377650349061,1.0164395367051604e-20,-0.9267089458351196,-0.24923051423798886
24.819999810000002,0.29673628874603547,2.710505431213761e-20,-0.8854097842215083,-0.35776680805526334
24.85999981,0.3168144965042222,-5.082197683525802e-21,-0.8417172580599931,-0.43719633151336396
24.89999981,0.33779871601717043,1.5246593050577406e-20,-0.8011352583321361,-0.4940387892810168
24.939999810000003,0.3580848398001934,1.8634724839594607e-20,-0.761809894155782,-0.5398341714560373
24.979999810000002,0.3784168157546035,3.3881317890172014e-20,-0.7179596092372533,-0.5842385754621453
25.01999981,0.40060029349812704,5.082197683525802e-20,-0.6679935773315889,-0.627139526336015
25.05999981,0.42501699012283484,4.404571325722362e-20,-0.6155290284245181,-0.6636901184089569
25.099999810000003,0.4525918286473723,5.082197683525802e-20,-0.561474441214459,-0.6927532666862992
25.139999810000003,0.48204960958581533,-2.371692252312041e-20,-0.5103277692609185,-0.7121753588964854
25.17999981,0.5110507582068569,-5.421010862427522e-20,-0.46358373962479943,-0.7238212755174325
25.21999981,0.5365080966804405,3.3881317890172014e-20,-0.42072054025083505,-0.731541720756497
25.259999810000004,0.5578073047786,-6.776263578034403e-21,-0.3817929731297619,-0.7369431025556662
25.299999810000003,0.575343765955332,-6.776263578034403e-21,-0.3490512592857393,-0.7396909958674472
25.339999810000002,0.5903085220871152,3.7269449679189215e-20,-0.32083445847802644,-0.7406761093787471
25.37999981,0.6031815404954819,-1.1858461261560205e-20,-0.29611704926897114,-0.7405988943670758
25.419999810000004,0.6142648170726106,-2.0328790734103208e-20,-0.27312070453617526,-0.7403268300287486
25.459999810000003,0.6234601521207659,-7.623296525288703e-21,-0.2511226979104055,-0.7404288144796575
25.499999810000002,0.6314027903907637,-1.4399560103323106e-20,-0.23094967866573587,-0.7402653323038644
25.53999981,0.6380495155132622,-2.202285662861181e-20,-0.2136309415914593,-0.7397666095114309
25.579999810000004,0.6431218189498457,-4.235164736271502e-22,-0.2017222640435951,-0.7387167618104846
25.619999810000003,0.6464740643004626,1.2281977735187355e-20,-0.19294587193942675,-0.7381349298660617
25.659999810000002,0.6487728557682902,-1.6940658945086007e-21,-0.1864427002671637,-0.737789198304872
25.69999981,0.6501710193068162,2.964615315390051e-21,-0.17991950301514242,-0.7381779040910939
25.73999981,0.6516954338680877,1.0164395367051604e-20,-0.17194965973840468,-0.7387329530969441
25.779999810000003,0.6542194983352492,-6.3527471044072525e-21,-0.16278193509103933,-0.738578966398307
25.819999810000002,0.6589104032978945,-6.3527471044072525e-21,-0.1552170236448484,-0.7360331215350575
25.85999981,0.6660458868075098,1.6940658945086007e-21,-0.1495231651685169,-0.7307706204718319
25.89999981,0.6742121060975442,-1.9058241313221758e-20,-0.1447362915529197,-0.7242164330495561
25.939999810000003,0.6811185959512291,-1.3976043629695956e-20,-0.1397340346889691,-0.7187154219849247
25.979999810000002,0.6856517058249357,-8.046812998915853e-21,-0.13517617235112586,-0.7152685794356232
26.01999981,0.6872338107043696,1.1434944787933055e-20,-0.13027084774330114,-0.7146601959343982
26.05999981,0.6861615940622845,-1.207021949837378e-20,-0.1260318077268031,-0.7164483584146304
26.099999810000003,0.6827892424462904,6.88214269644119e-21,-0.12190041507744186,-0.7203743049301302
26.139999810000003,0.6779978171321764,-7.358598729271734e-21,-0.11958484369657901,-0.7252712769178636
26.17999981,0.671644189218187,1.384369473168747e-20,-0.11862048698921243,-0.7313161171175475
26.21999981,0.6661640492904292,-8.787966827763366e-21,-0.11818056870728084,-0.7363822462641277
26.259999810000004,0.661761465238591,-6.3527471044072525e-21,-0.11896567783600816,-0.7402154622961427
26.299999810000003,0.6585757558109848,1.418780186650953e-20,-0.12082109421555547,-0.7427518004357486
26.339999810000002,0.6560707747095542,-1.810532924756067e-20,-0.12268142464165328,-0.7446612697192595
26.37999981,0.6541863604635535,5.717472393966527e-21,-0.12404028118907012,-0.7460926312636964
26.419999810000004,0.6523978125479559,-1.7787691892340307e-20,-0.12523710807402622,-0.7474575311975236
26.459999810000003,0.6503739629636089,4.341043854678289e-21,-0.12609116724351774,-0.7490759146055742
26.499999810000002,0.6483248470885259,-9.423241538204091e-21,-0.12694479820375082,-0.7507062746884755
26.53999981,0.6463712115331236,6.564505341220828e-21,-0.12779177271918804,-0.7522456511848302
26.579999810000004,0.645439101889675,5.61159327555974e-21,-0.1280401393569057,-0.7530033787874487
26.619999810000003,0.6460448196519476,-3.5998900258307764e-21,-0.126767212427904,-0.7526992525930535
26.659999810000002,0.6489654038650257,6.352747104407253e-22,-0.12521552884567214,-0.7504431863387147
26.69999981,0.6548956456353505,-3.22931311140702e-21,-0.12538004153030433,-0.745245958401464
26.73999981,0.6634443022880319,1.1011428314305904e-20,-0.1266052308802166,-0.7374366232262363
26.779999810000003,0.6744729978130434,-6.988021814847978e-21,-0.12637152950488184,-0.7274038848890506
26.819999810000002,0.6871388426134643,4.0234064994579266e-21,-0.12426764204912975,-0.7158196449605013
26.85999981,0.7007836851815482,-1.6940658945086007e-21,-0.1217608213991801,-0.7029057753038923
26.89999981,0.7149691531813822,2.964615315390051e-21,-0.1191160143391314,-0.6889343111843517
26.939999810000003,0.7303351263940738,8.470329472543003e-21,-0.11659732093384907,-0.6730643861518758
26.979999810000002,0.7464683516288995,-7.623296525288703e-21,-0.11454358997286969,-0.6554881890717489
27.01999981,0.7617693474168828,-2.117582368135751e-22,-0.11295780579184443,-0.6379247568849704
27.05999981,0.7750884632608264,7.199780051661553e-21,-0.11094269832006433,-0.622036648284837
27.099999810000003,0.7861435488931363,-3.1763735522036263e-21,-0.10762842040218108,-0.6086003973507051
27.139999810000003,0.7959640119141629,-5.929230630780102e-21,-0.10362820505476517,-0.5964079869138559
27.17999981,0.8061673011716816,1.9058241313221758e-21,-0.0998154601564789,-0.583207644356037
27.21999981,0.8173521313174066,1.376428539288238e-21,-0.0959252734808553,-0.5680966778097863
27.259999810000004,0.8282586276449794,-7.940933880509066e-22,-0.09288901856756407,-0.5525932282983662
27.299999810000003,0.8379797838981057,3.22931311140702e-21,-0.09043368433938424,-0.5381557678914988
27.339999810000002,0.8462241310573954,6.88214269644119e-22,-0.08756068989372198,-0.5255833383979097
27.37999981,0.8528637084630786,1.9058241313221758e-21,-0.08400374322444384,-0.5153318017655097
27.419999810000004,0.8586690710368956,-1.5352472168984194e-21,-0.08055356536309156,-0.5061605966014433
27.459999810000003,0.8645631212702046,-3.2954875604112623e-21,-0.07924394811944233,-0.4962368446880626
27.499999810000002,0.8710556094952355,-2.4881592825595072e-21,-0.08104873288210397,-0.48445147132100763
27.53999981,0.8774589990015166,2.4352197233561135e-21,-0.0857029979404031,-0.47193294143901826
27.579999810000004,0.883562586421684,-8.470329472543003e-22,-0.09164061628928996,-0.4592593530043168
27.619999810000003,0.8892035716578747,-3.705769144237564e-22,-0.09639358028550267,-0.4472418650245315
27.659999810000002,0.8941493262586739,1.6179652781537221e-21,-0.09856098090700884,-0.43678680771494
27.69999981,0.8982026977943457,4.8572045569113785e-21,-0.09913713481674508,-0.4282566312099393
27.73999981,0.9011828277194566,-2.779326858178173e-21,-0.10020501635012734,-0.4216971255792893
27.779999810000003,0.9027514382467878,3.546950466627383e-21,-0.10238673917321074,-0.41779994780377017
27.819999810000002,0.9022890610617709,6.88214269644119e-21,-0.10565241755851021,-0.4179856659651263
27.85999981,0.8997394461612018,4.7645603283054394e-21,-0.10907269862094086,-0.4225778927453248
27.89999981,0.8951294192416974,7.940933880509066e-21,-0.11156236849836255,-0.4316215480522922
27.939999810000003,0.8890595442324218,-3.970466940254533e-22,-0.11148605517597056,-0.4440089935018647
27.979999810000002,0.8815034747384494,2.845501307182415e-22,-0.10929383498252243,-0.45935441835129126
28.01999981,0.8730026375482894,2.3822801641527197e-21,-0.1086584925611387,-0.4754573869739233
28.05999981,0.8625320739940324,-2.541098841762901e-21,-0.11137567679209083,-0.49359282809888627
28.099999810000003,0.8491934017663572,4.235164736271502e-22,-0.11646681831893527,-0.5150786800355327
28.139999810000003,0.8332241522622844,-9.740878893424454e-21,-0.12246263104744512,-0.5392035015499574
28.17999981,0.815279555408942,-2.752857078576476e-21,-0.12744577039631538,-0.5648688539300851
28.21999981,0.7956715029176614,3.864587821847745e-21,-0.1298622337179621,-0.5916440312371377
28.259999810000004,0.7745689030482323,-2.329340604949326e-21,-0.1269757479900558,-0.6196129226000892
28.299999810000003,0.7528241384903146,3.8116482626443515e-21,-0.11732688100221922,-0.6476806462297655
28.339999810000002,0.7302191290722082,3.917527381051139e-21,-0.10630396609662388,-0.6748922064516331
28.37999981,0.7072027089669078,-4.764560328305439e-22,-0.09832428251747265,-0.7001404601201757
28.419999810000004,0.6848710080573419,3.469446951953614e-18,-0.09257507043981297,-0.7227596825055921
28.459999810000003,0.664226534292436,-1.9852334701272664e-23,-0.09047785072915729,-0.7420356256065417
28.499999810000002,0.6451756792005348,9.26442286059391e-23,-0.09039141200061972,-0.7586683963397071
28.53999981,0.6258782148647142,-5.955700410381799e-23,-0.09162577864359915,-0.7745199654274335
28.579999810000004,0.6050811308309815,3.970466940254533e-22,-0.09280781068060197,-0.7907360718905987
28.619999810000003,0.5820777490416278,-4.764560328305439e-22,-0.0960031931198284,-0.8074458997242038
28.659999810000002,0.5558623560455859,-2.6469779601696886e-22,-0.10211107210465137,-0.8249790119058115
28.69999981,0.5257869630428964,-5.637851296924623e-18,-0.11072334098317253,-0.8433791622133262
28.73999981,0.49254099513390304,6.071532165918825e-18,-0.12313890627784378,-0.8615336196998936
28.779999810000003,0.4547741184468978,8.673617379884035e-19,-0.14047396675841325,-0.8794586777410314
28.819999810000002,0.4095675519112832,3.469446951953614e-18,-0.16554062137153175,-0.8971347296238874
28.85999981,0.35675297964175035,-5.204170427930421e-18,-0.19867259009331886,-0.912828852229346
28.89999981,0.3010322512879865,0.0,-0.2430113936075294,-0.9221307099654653
28.939999810000003,0.24736404423210817,-1.3877787807814457e-17,-0.30609074524162755,-0.9193038046796939
28.979999810000002,0.1999559299350916,-1.0408340855860843e-17,-0.39106206372138397,-0.8983808148005862
29.01999981,0.1610383850977604,-1.3877787807814457e-17,-0.49588267678786385,-0.853327023705923
29.05999981,0.13103704028716467,8.673617379884035e-18,-0.6222830944577743,-0.7717467488916534
29.099999810000003,0.11083404278493064,1.734723475976807e-18,-0.7535648222310846,-0.6479628644110571
29.139999810000003,0.09872067990506891,-3.469446951953614e-18,-0.8684770346036851,-0.4858002343814486
29.17999981,0.09255298681099176,-5.204170427930421e-18,-0.9472192850300725,-0.3069357761804298
29.21999981,0.09077313808269305,-1.6263032587282567e-19,-0.9875219889529936,-0.128687834455881
29.259999810000004,0.09256362823973918,-4.963083675318166e-24,-0.9948688083521482,0.040841509461230344
29.299999810000003,0.096828336527223,-3.308722450212111e-24,-0.977521909409637,0.1872837149073789
29.339999810000002,0.10240370633916498,2.6469779601696886e-23,-0.9458166011684171,0.3081305533085378
29.37999981,0.10940513326321048,-7.940933880509066e-23,-0.9099145538501912,0.4001075124354285
29.419999810000004,0.11711046082686116,7.940933880509066e-23,-0.8769889300319774,0.4660209829678139
29.459999810000003,0.12551731130357718,-1.164670302474663e-21,-0.8490135351203875,0.5132459661268696
29.499999810000002,0.13531747798833121,-7.940933880509066e-22,-0.8296142973604717,0.5416911461026186
29.53999981,0.1456070299125065,-5.293955920339377e-22,-0.8163202096225668,0.5589453535023144
29.579999810000004,0.15518420176065303,3.705769144237564e-22,-0.8060774297736287,0.5711016028111371
29.619999810000003,0.16397464144737503,2.6469779601696886e-22,-0.7981144696925705,0.5797634088398056
29.659999810000002,0.17262279137867514,-4.764560328305439e-22,-0.793409913304134,0.583696908821146
29.69999981,0.18128430649621252,-1.1117307432712692e-21,-0.7934918666220315,0.580953232044432
29.73999981,0.18973589211609515,5.293955920339377e-23,-0.7971490226829012,0.5731960632092696
29.779999810000003,0.19746554356992121,-2.8587361969832636e-21,-0.8022265511594859,0.5634180683270571
29.819999810000002,0.20379581319230491,1.2705494208814505e-21,-0.8064977637286886,0.5550032645182474
29.85999981,0.20860749923317218,1.0587911840678754e-22,-0.8098992456742508,0.5482208707445946
29.89999981,0.21255275902570356,-5.823351512373315e-22,-0.8132606841700372,0.541690302861187
29.939999810000003,0.21676681529844746,1.6675961149069038e-21,-0.8189090052413935,0.531413387975802
29.979999810000002,0.22066509154314162,-2.541098841762901e-21,-0.8246340038084244,0.5208509164215269
30.01999981,0.22299954720963525,-2.782635580628385e-21,-0.829007376668323,0.5128527774847309
30.05999981,0.22358828911590822,-8.470329472543003e-22,-0.8321386845236262,0.5074972775193091
30.099999810000003,0.22267283584631437,-1.1911400820763599e-21,-0.8338349424919719,0.505109984909792
30.139999810000003,0.2206526818216074,3.732238923839261e-21,-0.8353587812321198,0.5034760179227207
30.17999981,0.2183132704688307,3.1763735522036263e-22,-0.8374695399993779,0.50098311898749
30.21999981,0.21618050684264717,-4.235164736271502e-22,-0.8392929005448153,0.4988520978770429
30.259999810000004,0.2149767069842461,6.577740231021676e-21,-0.8413239072790027,0.49594263629476515
30.299999810000003,0.21396641686653844,6.213780761498344e-21,-0.8408379804835043,0.49720203441832056
30.339999810000002,0.21236961388280168,3.3881317890172014e-21,-0.8379798833337516,0.5026816708685743
30.37999981,0.2086186389760019,-1.4558378780933287e-21,-0.8313081217286137,0.515174795792501
30.419999810000004,0.2021604569078186,2.964615315390051e-21,-0.8180484949845065,0.5384494493602958
30.459999810000003,0.1921840334880921,-2.752857078576476e-21,-0.7938984369485064,0.5768800300608147
30.499999810000002,0.18055329217312754,-3.566802801328655e-21,-0.7580777347525575,0.6266726871005919
30.53999981,0.1707200663892475,3.441071348220595e-21,-0.7138777148273965,0.6791415663945668
30.579999810000004,0.1644024151702648,-2.2234614865425384e-21,-0.672771293266786,0.7213533342560497
30.619999810000003,0.1613173689799915,-2.5940384009662948e-21,-0.6434295526023984,0.7483148517190146
30.659999810000002,0.15925812041051599,-3.546950466627383e-21,-0.6202565776296408,0.7680616049448606
30.69999981,0.1586802425864355,-1.8661194619196304e-21,-0.6118449029983541,0.774897667623051
30.73999981,0.15904091769215747,-2.541098841762901e-21,-0.6179652000856743,0.7699512958510486
30.779999810000003,0.1600076862244045,-4.0234064994579266e-21,-0.635159966214615,0.7556251436177609
30.819999810000002,0.1620359348256401,-4.341043854678289e-21,-0.6605875467052318,0.7330541923781244
30.85999981,0.16581157326602364,-1.7470054537119944e-21,-0.6920976654538181,0.7025007783941745
30.89999981,0.17086411813901045,-7.543887186483612e-22,-0.7215524311993771,0.6709452601836059
30.939999810000003,0.17693638163488926,-1.402898318889935e-21,-0.7486630333183846,0.6389031064226156
30.979999810000002,0.1830404364988947,2.329340604949326e-21,-0.7703007904416344,0.6108460451302663
31.01999981,0.18874100139153419,7.676236084492097e-21,-0.7859993063634113,0.5887120898962047
31.05999981,0.19309691870274717,-7.411538288475128e-21,-0.7967697601870074,0.5726006717067694
31.099999810000003,0.19584351019730345,-1.504806970356468e-20,-0.8027767496075378,0.5632005058619493
31.139999810000003,0.19694645996452112,-4.8307347773096816e-21,-0.8063135111694237,0.5577370470150597
31.17999981,0.19716521952028362,5.585123495958043e-21,-0.8084678128588982,0.5545319393710951
31.21999981,0.1968714228066126,-2.9116757561866574e-21,-0.8087963793892471,0.554157071207203
31.259999810000004,0.19688343494884022,-9.793818452627848e-22,-0.8087218413873152,0.554261577511788
31.299999810000003,0.19801030886382243,-4.0498762790596235e-21,-0.8096317426076044,0.5525290571054411
31.339999810000002,0.19970787292872075,6.829203137237796e-21,-0.8108819817095476,0.5500792463173674
31.37999981,0.20174089743035822,-1.2904017555827232e-21,-0.8133066756621689,0.545740654182319
31.419999810000004,0.2038263822731166,-8.437242248040882e-22,-0.8169134691083804,0.5395435013775672
31.459999810000003,0.20577345355826876,-4.599124205794834e-22,-0.8211355858552365,0.5323472883868958
31.499999810000002,0.20746778061765386,-6.389970231972139e-22,-0.8260912039777509,0.523956527506028
31.53999981,0.20865674244379417,2.5907296785160827e-21,-0.8309778493683464,0.5156919406893052
31.579999810000004,0.2093914490090551,-1.0918784085699965e-21,-0.8352279022667495,0.508477700943683
31.619999810000003,0.20999636652572268,2.656904127520325e-21,-0.8389052325406883,0.5021349787276804
31.659999810000002,0.21054894588977432,1.3193385186432982e-17,-0.8420599788954769,0.49659252242382174
31.69999981,0.21131813508874964,-7.318364664277155e-19,-0.8444395057537647,0.49220581762607274
31.739999810000004,0.21236199511787038,4.662069341687669e-18,-0.8464622565032648,0.4882663528699874
31.779999810000003,0.2140305177967028,-5.963111948670274e-19,-0.8487448298254878,0.4835526354970874
31.819999810000002,0.21647174354970566,-4.174178364069192e-18,-0.8523128136823488,0.47613322912545036
31.85999981,0.21891285152572473,6.884683795282953e-18,-0.8574336173701779,0.4657088739119832
31.89999981,0.22078710237055207,1.475870207295893e-17,-0.8628363247276473,0.45471588069617885
31.939999810000003,0.22155109332546438,1.4121733296623695e-17,-0.8676011661892762,0.44517786273948895
31.979999810000002,0.22084550509634532,0.0,-0.8706974631755271,0.439446459194339
32.01999981,0.21869186202706403,5.421010862427522e-18,-0.8720242459933196,0.43788992210704997
32.05999981,0.21675352592549535,-5.963111948670274e-19,-0.8720955306910606,0.4387109462362926
32.09999981,0.21553906641145854,1.4826464708739273e-17,-0.871427344167138,0.44063283432840733
32.13999981,0.21474675127756018,-1.1221492485224971e-17,-0.8701776656693938,0.4434801720324128
32.179999810000005,0.21255990445567427,-3.3068166260807885e-18,-0.8673608645585057,0.45000379737299584
32.219999810000004,0.2069347770570254,-1.0842021724855044e-18,-0.8608253931152089,0.46492756490920756
32.259999810000004,0.19912857961777233,1.214306433183765e-17,-0.8504817838003204,0.4868557735133
32.29999981,0.19057109133926886,1.9949319973733282e-17,-0.8368647123879837,0.5131667490256336
32.33999981,0.18142562295351378,2.168404344971009e-19,-0.8198148806826522,0.5431282581004396
32.37999981,0.17109387469615073,4.336808689942018e-19,-0.7979700605932759,0.577901954001041
32.41999981,0.16054947625302562,-4.336808689942018e-19,-0.7714501781788407,0.6157016227546537
32.45999981,0.15150393501034368,9.107298248878237e-18,-0.7430954017730395,0.6518096206256444
32.499999810000006,0.14398702064714083,5.366800753803247e-18,-0.7114255989718372,0.6878527131681041
32.539999810000005,0.1379263251886276,6.776263578034403e-18,-0.6775306136767497,0.722446258451636
32.579999810000004,0.1334438573818058,-9.75781955236954e-19,-0.6444598688499072,0.7529038546647406
32.61999981,0.13019502266958102,-3.639594695233322e-23,-0.610734582420184,0.7810585931337746
32.65999981,0.12746061060133995,2.779326858178173e-22,-0.5687101535180857,0.8126023344973657
32.69999981,0.1257561054359,-2.9116757561866574e-22,-0.5109760922424643,0.8503463030449511
32.73999981,0.1255116534750064,-5.293955920339377e-23,-0.437518335760709,0.890406946690753
32.77999981,0.12716351103991122,-8.470329472543003e-22,-0.3620132814421473,0.9234586214441288
32.81999981,0.1294810644557598,-1.5881867761018131e-22,-0.29906714829097386,0.9454065235445057
32.859999810000005,0.13092042868327544,5.293955920339377e-23,-0.25705131541982185,0.9574886226970672
32.899999810000004,0.13099053780936235,-3.1763735522036263e-22,-0.2391237955434214,0.9621129296549975
32.93999981,0.12968011308143662,-3.705769144237564e-22,-0.22823326364165678,0.9649314201738194
32.97999981,0.127680462878458,2.6800651846718097e-22,-0.21882399105688116,0.9673746742276649
33.01999981,0.12557021738922858,1.0587911840678754e-22,-0.2131730623467462,0.968911433514195
33.05999981,0.12367109044776879,-4.125240187681447e-22,-0.20862438578579165,0.9701450031015781
33.09999981,0.12221267281689785,-1.3552527156068805e-18,-0.20742100228650587,0.9705877551326367
33.13999981,0.1207317320249272,-6.451002926288751e-18,-0.21085604727219057,0.9700327706892221
33.179999810000005,0.11962609645597051,4.336808689942018e-19,-0.21482704956823614,0.9692981666239308
33.219999810000004,0.1185136828685019,-2.168404344971009e-19,-0.2110270028617987,0.9702690920750339
33.259999810000004,0.11670966061828444,-3.686287386450715e-18,-0.19286325368032234,0.9742600374120887
33.29999981,0.11438683661878687,-2.3852447794681098e-18,-0.16540564225760196,0.9795696121857279
33.33999981,0.11130846966408653,1.1580528575742387e-23,-0.1414984133443655,0.9836608275224069
33.37999981,0.10685371286890247,6.617444900424222e-24,-0.11522816582514757,0.9875751889586445
33.41999981,0.10176348866258002,-7.940933880509066e-23,-0.0799184510778574,0.9915932803082809
33.45999981,0.09693650472194164,5.293955920339377e-23,-0.019357957186569248,0.9951022980306377
33.499999810000006,0.09349075226210407,-2.117582368135751e-22,0.07222414091424996,0.9929970557411862
33.539999810000005,0.09264013900075406,-1.0587911840678754e-22,0.18875186594537102,0.9776454049132854
33.579999810000004,0.0950977303051118,7.411538288475128e-22,0.32626069126942914,0.9404841216220561
33.61999981,0.0984484719355963,6.352747104407253e-22,0.42258930651773235,0.9009584765073294
33.65999981,0.100238357367942,-7.411538288475128e-22,0.4792472781687303,0.87193710672275
33.69999981,0.10146435787523098,-7.411538288475128e-22,0.522733963497027,0.846436168584292
33.73999981,0.10220737373399341,-3.705769144237564e-22,0.5513605293806403,0.8279826202255093
33.77999981,0.10331951039618893,-8.470329472543003e-22,0.5776322465568888,0.8097320955162476
33.81999981,0.10427951812861101,2.4881592825595072e-21,0.6018489155932202,0.7917724830392439
33.859999810000005,0.10493627545514382,7.047314121155779e-18,0.6219474088838834,0.7759960042914047
33.899999810000004,0.10503787830762425,-7.26415455565288e-18,0.6392836193994278,0.7617634134612927
33.93999981,0.10481817909730069,7.589415207398531e-19,0.6584363874508973,0.7453017328648431
33.97999981,0.10447815291089356,-4.445228907190568e-18,0.6796724729425286,0.7260369447132259
34.01999981,0.10418293049810869,-5.854691731421724e-18,0.7018465883302238,0.7046682080540114
34.05999981,0.10385024892810789,-1.734723475976807e-18,0.7225609765666821,0.6834623332273495
34.09999981,0.1037688248413767,-7.589415207398531e-19,0.7417452307892942,0.6626054961984367
34.13999981,0.10362182717826958,8.673617379884035e-18,0.7604597415273913,0.6410643481338907
34.179999810000005,0.10301297422132989,-1.3010426069826053e-18,0.7751053818236362,0.6233778743347496
34.219999810000004,0.10191721942091692,-3.7947076036992655e-18,0.7850834836062123,0.6109474643160759
34.259999810000004,0.10053945038506422,-4.174178364069192e-18,0.7912413145878826,0.6031823944757578
34.29999981,0.0997134066525618,5.041540102057596e-18,0.7944938611702652,0.5990298332274481
34.33999981,0.09983924798934558,6.112189747387031e-18,0.7940567235109163,0.5995882290439252
34.37999981,0.10103517001791275,4.716279450311944e-18,0.7919550558217581,0.6021620080823827
34.41999981,0.10375106762171203,-6.505213034913027e-19,0.7923392612672036,0.6011939878457676
34.45999981,0.1077042423311097,4.228388472693467e-18,0.7970223721107248,0.594268571050897
34.499999810000006,0.1118856728984439,3.3610267347050637e-18,0.8023660115425425,0.5862511234286678
34.539999810000005,0.11578304612202836,-1.951563910473908e-18,0.8071736361698135,0.5788480001719846
34.579999810000004,0.1173356203092054,5.366800753803247e-18,0.8060037076328515,0.5801640935879702
34.61999981,0.11711486356139111,6.965998958219366e-18,0.8043442388424603,0.5825070421668223
34.65999981,0.11584067500772949,-4.4994390158148434e-18,0.8056730109513341,0.5809233490215082
34.69999981,0.11301038340396401,-9.64939933512099e-18,0.8067674235148925,0.5799611862857988
34.73999981,0.10786924421648143,3.469446951953614e-18,0.8046738686492565,0.5838357570971517
34.77999981,0.09893285168334487,-2.168404344971009e-18,0.792052113930182,0.6023833826364495
34.819999810000006,0.08838024862015952,-9.974659986866641e-18,0.768710197690363,0.6334615723314887
34.859999810000005,0.07777135692643473,-7.806255641895632e-18,0.7310734117012122,0.6778519622641592
34.899999810000004,0.068769077637684,3.903127820947816e-18,0.6835134354851461,0.7266912669574027
34.93999981,0.06215677718979961,1.4873898553785514e-18,0.62547552336319,0.7777640418037602
34.97999981,0.05870965569927599,-4.336808689942018e-19,0.5686795687258189,0.8204612875946611
35.01999981,0.05825091108899788,-5.421010862427522e-19,0.528543877311829,0.846905072079203
35.05999981,0.06031993068401371,1.6263032587282567e-18,0.5212717337437553,0.851256298397877
35.09999981,0.06442270571254738,2.0599841277224584e-18,0.5440806583916412,0.8365560065846117
35.13999981,0.06977059514741735,-3.5236570605778894e-19,0.5813126070999086,0.8106834874841613
35.179999810000005,0.07559629447120131,-1.1926223897340549e-18,0.614968969549482,0.7849193377369879
35.219999810000004,0.07933640722307608,3.469446951953614e-18,0.6190713572293406,0.7813170861738252
35.259999810000004,0.08071265878350485,6.7220534694101275e-18,0.6075080499510201,0.7902021487928305
35.29999981,0.08004538851529151,1.3552527156068805e-18,0.598646686732223,0.7970036889763861
35.33999981,0.07811330359961484,-4.228388472693467e-18,0.6017416092601081,0.794861841759818
35.37999981,0.07601970044691582,4.336808689942018e-19,0.616324072720364,0.783814801167562
35.41999981,0.0745382618166609,-4.553649124439119e-18,0.6413318656550914,0.7636343926387228
35.45999981,0.07327097017865959,2.6020852139652106e-18,0.6679750941722841,0.7405677811615939
35.499999810000006,0.07186049996515367,2.710505431213761e-18,0.6826360937439936,0.7272166335162443
35.539999810000005,0.06953568884735813,1.734723475976807e-18,0.6779568893116549,0.7318054688312926
35.579999810000004,0.06630402429018897,-4.228388472693467e-18,0.6598510225196847,0.7484653662278923
35.61999981,0.06270540795654057,2.15485181781494e-18,0.6257235526831068,0.7775204611009509
35.65999981,0.060297041231631966,-3.2526065174565133e-18,0.5843961590198073,0.8092251825923406
35.69999981,0.05914833708093034,2.710505431213761e-18,0.5434611437880568,0.8373478724001977
35.73999981,0.058816820560635835,2.4936649967166602e-18,0.5066243914035614,0.8601583038337242
35.77999981,0.05933953543717985,1.5178830414797062e-18,0.48822707783167657,0.8706969277573235
35.819999810000006,0.060822190590938456,-7.326834993749698e-20,0.4950608107676285,0.8667268628430862
35.859999810000005,0.06317036484303742,7.589415207398531e-19,0.526985393459536,0.8475233920582345
35.899999810000004,0.06585210218551511,2.520770051028798e-18,0.5584982990169863,0.8268876287820985
35.93999981,0.0679138129388539,-3.767602549387128e-18,0.5713050944757372,0.8179231033771913
35.97999981,0.06935172929867861,-4.174178364069192e-18,0.5703949346870066,0.8184375089930132
36.01999981,0.07046367326311817,-4.119968255444917e-18,0.5633560471700526,0.8232040056190215
36.05999981,0.07160726106923948,1.6263032587282567e-18,0.5526028063964538,0.8303628956817164
36.09999981,0.0733482363356715,-4.119968255444917e-18,0.5484974685630282,0.8329289064538442
36.13999981,0.07575782962212063,-5.421010862427522e-20,0.5511473865028987,0.8309616775772336
36.179999810000005,0.07862596338762802,4.228388472693467e-18,0.5602426364575546,0.8245884708001051
36.219999810000004,0.08140653783505834,-3.3068166260807885e-18,0.5683953718535062,0.8187183134956881
36.259999810000004,0.08374094881824572,3.0899761915836876e-18,0.5732488819556675,0.815090898506171
36.29999981,0.08492617102945939,-2.7647155398380363e-18,0.5687923408283276,0.8180848479768507
36.33999981,0.08542317521592538,9.791700870259712e-19,0.568500754962749,0.8182357684327994
36.37999981,0.08548175567888504,7.047314121155779e-18,0.5796898336564968,0.8103410184615847
36.41999981,0.08508345128850263,-3.686287386450715e-18,0.5980223103209068,0.7969505145711885
36.45999981,0.08460974179596076,3.903127820947816e-18,0.613095786940796,0.785464669879344
36.499999810000006,0.08483340168129176,3.7947076036992655e-18,0.6249117964476602,0.7760725098982304
36.539999810000005,0.08529186134658841,-2.6020852139652106e-18,0.6283057475032884,0.7732769142049749
36.579999810000004,0.08585696380110826,5.041540102057596e-18,0.623162291157372,0.7773656415396489
36.61999981,0.08650319778948364,4.716279450311944e-18,0.6126862106908009,0.7855780063122574
36.65999981,0.08711731974488433,8.402566836762659e-19,0.6078717530338059,0.7892417275233714
36.69999981,0.08732179334519588,-6.640738306473715e-18,0.6114236914864309,0.7864705804390173
36.73999981,0.08779616693318791,4.87890977618477e-18,0.6331480274579061,0.769035375257863
36.77999981,0.08804337342667277,-5.204170427930421e-18,0.653882590863876,0.7514558681391718
36.819999810000006,0.0878296795427,-6.220609964635582e-18,0.6592229528486635,0.7468005395210392
36.859999810000005,0.08709926295734798,-2.134523027080837e-18,0.6547784643419756,0.7507855093342246
36.899999810000004,0.0860889025250994,4.119968255444917e-18,0.6558907587900012,0.7499306723930554
36.93999981,0.08415135436887482,-8.131516293641283e-18,0.6644006605727408,0.7426239369885608
36.97999981,0.08096505816603357,-1.5178830414797062e-18,0.676216565441061,0.732240272027745
37.01999981,0.07708972389359768,-6.938893903907228e-18,0.6951296083085104,0.71473911472849
37.05999981,0.0736639914243138,-4.7704895589362195e-18,0.7232404816122033,0.686656261986146
37.09999981,0.07132509411092898,2.8189256484623115e-18,0.7566175303953333,0.6499558782321568
37.13999981,0.06984243783865768,2.6020852139652106e-18,0.7921155472509327,0.6063620978261328
37.179999810000005,0.06882306622431696,1.6263032587282567e-18,0.8266835215917047,0.5584422447166948
37.219999810000004,0.0683584213241809,1.951563910473908e-18,0.8582468568983034,0.5086643872517997
37.259999810000004,0.0685445542492472,4.7704895589362195e-18,0.8863929825729099,0.457830890753642
37.29999981,0.06898281911913207,-4.336808689942018e-18,0.912232654340095,0.4038229253299046
37.33999981,0.06935536488841146,-9.75781955236954e-19,0.9359730057537288,0.3451729506515911
37.37999981,0.06922348219133101,-1.4365678785432934e-18,0.9558763840368508,0.28549684403499337
37.41999981,0.06879731912811689,1.7076184216646695e-18,0.9712328966039675,0.22797716867057435
37.45999981,0.06806575271801722,-1.870248747537495e-18,0.9821965056205145,0.17509162645249637
37.499999810000006,0.06668193170388996,1.8431436932253575e-18,0.9898752969254688,0.12530130294993985
37.539999810000005,0.06430845945467908,-4.336808689942018e-19,0.9954354570714438,0.07051718122225337
37.579999810000004,0.06238089039465424,8.809142651444724e-20,0.9980519391493559,-0.0009753326512798033
37.61999981,0.061669780886698666,-5.903819642362473e-19,0.9947171556763857,-0.08206472036428034
37.65999981,0.06143018842376426,-1.111307226797642e-18,0.9841507735489434,-0.16635380029694893
37.69999981,0.06058581973479383,-5.251604272976662e-20,0.9676936239203024,-0.2447415139919164
37.73999981,0.05960550547453085,4.87890977618477e-19,0.9461992954279398,-0.3180472874413425
37.77999981,0.05911451476017454,-5.421010862427522e-19,0.9231473823367202,-0.3798741694686944
37.819999810000006,0.058890822001358735,2.791820594150174e-18,0.9013500040667841,-0.4290688071309923
37.859999810000005,0.059155143806243767,-3.0899761915836876e-18,0.8849010280131338,-0.4620074020863324
37.899999810000004,0.06009537790027423,2.168404344971009e-19,0.8792379368617357,-0.47257718516464775
37.93999981,0.06149726895528258,1.0028870095490916e-18,0.8854186615837106,-0.4607080199327469
37.97999981,0.06294745974287878,-4.472333961502706e-19,0.899807132597211,-0.43172299155720656
38.01999981,0.06464189674729244,2.3445871979999033e-18,0.9161484686853527,-0.3955924778233225
