0.03333333333333333,-0.9805737311228845,0.04332609398935318,0.19130605691240116
0.23333333333333334,-0.9818074327879249,0.05730224936930111,0.1810265647345804
0.43333333333333335,-0.9857698629722742,0.029537036352819436,0.1654851677314819
0.6333333333333334,-0.9855060783189424,-0.024284205282112517,0.16789296283714522
0.8333333333333334,-0.9738402034734366,-0.09799551623757968,0.20501740632479487
1.0333333333333334,-0.9474134979906711,-0.23422291691159464,0.2180534086376665
1.2333333333333336,-0.7695256871149718,-0.6269636780583879,0.12143625185968451
1.4333333333333336,-0.4295938481524686,-0.8967256720129064,0.10645278193901273
1.6333333333333335,-0.3225775329653724,-0.9409909846186887,0.10237041609920942
1.8333333333333335,-0.32494979321807865,-0.9350622289078029,0.14165542685509674
2.033333333333333,-0.22803664370118315,-0.9676182155790501,0.10823251826098662
2.2333333333333334,0.08461022928846568,-0.995631683360913,0.03947987066427805
2.4333333333333336,0.11779320342770416,-0.9926061427625791,0.0292883351564127
2.6333333333333333,-0.19732997723044687,-0.9786878343623042,0.05684191197922796
2.8333333333333335,-0.3748664043696809,-0.9254222264074972,0.05539748862482971
3.033333333333333,-0.4733183534319443,-0.8798938588718148,0.04191101793251961
3.2333333333333334,-0.6121186230347943,-0.7884836644845635,0.060035840753518754
3.4333333333333336,-0.7397733369373396,-0.6699684294133069,0.06227128990201426
3.6333333333333333,-0.8637117840749359,-0.4974310458090494,0.08102042159484849
3.8333333333333335,-0.9241384462939991,-0.36804673692841283,0.10251698160627715
4.033333333333333,-0.950391706174685,-0.2917682533583945,0.10782806298252552
4.233333333333333,-0.9543521921731997,-0.2824752469919392,0.09705476871875725
4.433333333333334,-0.8963395480583541,-0.43529725355527144,0.0842123247142814
4.633333333333334,-0.7975362118652054,-0.5932403288114405,0.1095531972851186
4.833333333333334,-0.37667977956585336,-0.9235641279073952,0.07170526695350242
5.033333333333333,0.19933354413709636,-0.9782091227422012,0.05807796798853659
5.233333333333333,0.45063884834815815,-0.8914485395227154,0.04737224654018045
5.433333333333334,0.5973558647966517,-0.8006702083691133,0.045751374003468175
5.633333333333334,0.6826954296496983,-0.7302173358399404,-0.026638182637592628
5.833333333333334,0.7277688829089812,-0.6797818630815807,-0.09082440032694174
6.033333333333333,0.7040953626444764,-0.7002613973505343,-0.11782909523212022
6.233333333333333,0.5800729743449089,-0.8047283586693019,-0.1262046480446037
6.433333333333334,0.37602760931979606,-0.9135741475471978,-0.15487257330673532
6.633333333333334,0.0264154598978687,-0.9829145765458419,-0.18215696168989132
6.833333333333334,-0.2239875943122956,-0.954791585529577,-0.19545481778689242
7.033333333333333,-0.3492163568797679,-0.9153174512690216,-0.20060383717667207
7.233333333333333,-0.4757815921368911,-0.8565885760478983,-0.1997195232517818
7.433333333333334,-0.5926922995757933,-0.7908357767970241,-0.1526257257522652
7.633333333333334,-0.7646426470112508,-0.6345168852509603,-0.11273839054664374
7.833333333333334,-0.8588599302912197,-0.5060116761846479,-0.07944686088804614
8.033333333333333,-0.9770177160269359,-0.21288177113760456,0.010850533942002425
8.233333333333334,-0.9878361857119541,0.14831460027527585,0.046716694481131145
8.433333333333334,-0.9534949742641357,0.29205830585407777,0.07449348988120706
8.633333333333333,-0.8965221134693274,0.43361696766415864,0.0906886178868699
8.833333333333334,-0.8525037171515982,0.515031329491373,0.08933163988787164
9.033333333333333,-0.8502655701689613,0.5184396912040548,0.09093264963419975
9.233333333333334,-0.8440975317451963,0.5260742150910096,0.10365942850530208
9.433333333333334,-0.8236431393818525,0.5577825139655529,0.10242385495319975
9.633333333333335,-0.6948558057360262,0.701872197498782,0.1566870371574123
9.833333333333334,-0.5849834572973309,0.7965318894308654,0.1527458798402015
10.033333333333333,-0.4978346979256143,0.8534907762693434,0.15399385820371597
10.233333333333334,-0.28927723674868616,0.947751004916651,0.13448685057849544
10.433333333333334,-0.028059639349610144,0.9894582968082785,0.14207369748419796
10.633333333333335,0.16562369841917324,0.9768879718022556,0.13512468712278383
10.833333333333334,0.28044345682172167,0.9519123254651293,0.12334663413913198
11.033333333333333,0.5064892022346872,0.8556827025617203,0.10618757251364819
11.233333333333334,0.7310272539820927,0.6794796591122787,0.06250237425940684
11.433333333333334,0.8980022652654477,0.43700600406621115,0.05116330704916536
11.633333333333335,0.970829924733471,0.23034388703412234,0.06656538851396022
11.833333333333334,0.9989146878597391,-0.018020774005561645,0.04294994857180421
12.033333333333333,0.9755220952446507,-0.2122278326173037,0.057584622531097425
12.233333333333334,0.9188143727634708,-0.37538778934031203,0.12191864507721248
12.433333333333334,0.8154039547731868,-0.5665414669670845,0.11894182084965137
12.633333333333335,0.6145658998202133,-0.7810235423718471,0.11095486036719263
12.833333333333334,0.3233987342539159,-0.9441425823962833,0.06330910510378446
13.033333333333333,0.0812688466142587,-0.9938873256873388,0.07472187369209553
13.233333333333334,-0.0785707619501983,-0.9900644523443256,0.11661481711470537
13.433333333333334,-0.2276361056816919,-0.9637729945368393,0.13900869897804058
13.633333333333335,-0.29604125903486134,-0.9409285630685872,0.16435635719599684
13.833333333333334,-0.3035347557803919,-0.9324850973186685,0.19580141805393345
14.033333333333333,-0.33466794377258696,-0.9179840326964909,0.21284426965581363
14.233333333333334,-0.38529615895720837,-0.8861140710976805,0.2575824584390728
14.433333333333334,-0.3659366808987614,-0.8877374621941447,0.2793072569588872
14.633333333333335,-0.3583888911997077,-0.8916957511785402,0.2764707760230422
14.833333333333334,-0.3794485450298293,-0.8926097701447896,0.24344732472716046
15.033333333333333,-0.4089663126169528,-0.8909801552765485,0.19723315656316726
15.233333333333334,-0.40796322594055007,-0.8957656087917247,0.1765502205780865
15.433333333333334,-0.3812425530587182,-0.9077900252473762,0.17484674946546422
15.633333333333335,-0.3729361605483933,-0.9109266054178774,0.1764407540714042
15.833333333333334,-0.3747160502362636,-0.9107014125547251,0.1738125969720332
16.033333333333335,-0.3745867175875516,-0.9097924600622094,0.1787805096226573
16.233333333333334,-0.385044258390964,-0.9064072920303587,0.17368575080974352
16.433333333333337,-0.38642433855132186,-0.9042877117278915,0.18149370510601034
16.633333333333336,-0.39855184824863654,-0.9003482622626544,0.17472673206528627
16.833333333333336,-0.409595389714933,-0.8975799902197173,0.16303919124383812
17.033333333333335,-0.4108649291585225,-0.8963491714193491,0.1665778283067968
17.233333333333334,-0.4103878242665874,-0.8962908518707952,0.16806112741041962
17.433333333333337,-0.4097961612470563,-0.8974689684103748,0.1631458150477493
17.633333333333336,-0.41369916064076484,-0.8949561486362375,0.16705237652700414
17.833333333333336,-0.40854520030096403,-0.8967805254356339,0.16992795093931387
18.033333333333335,-0.4078398292788837,-0.8978986183245011,0.16566455524560209
18.233333333333334,-0.4081364381088477,-0.896438591707124,0.1726919198630072
18.433333333333337,-0.40823921912947025,-0.8965896497124933,0.17166170217316767
18.633333333333336,-0.40213883043270415,-0.8988705536260311,0.17411515982891673
18.833333333333336,-0.38802133916492043,-0.9038742529707882,0.18014098692180305
19.033333333333335,-0.43290058594728786,-0.882849754295627,0.18213564732540954
19.233333333333338,-0.637952387528738,-0.7419026116504582,0.20639105133850233
19.433333333333337,-0.7921908292629352,-0.5662688558601854,0.22753740992307175
19.633333333333336,-0.838847593363821,-0.5013069400479793,0.212193465892468
19.833333333333336,-0.8414299948312601,-0.5044192495795138,0.19379572867301767
20.033333333333335,-0.7885789214584189,-0.5769786364444399,0.21269447035170427
20.233333333333338,-0.6179940324147934,-0.7572933103027835,0.21116396015976713
20.433333333333337,-0.47788959354160193,-0.8480409822699998,0.2290153461564892
20.633333333333336,-0.4079032577494454,-0.8784526730164988,0.24886910934778125
20.833333333333336,-0.3436757384885564,-0.8995713206797245,0.26955226911469693
21.033333333333335,-0.2973000159391505,-0.9115738691539914,0.2839820092861563
21.233333333333338,-0.28341445460682,-0.9158346413531421,0.2844699573197151
21.433333333333337,-0.23036185738517012,-0.8675750339082992,0.440734585891632
21.633333333333336,-0.1549991741112355,-0.7599471287763968,0.6312334096745403
21.833333333333336,-0.14130384809826968,-0.703830139363799,0.6961726491580639
22.033333333333335,-0.04387896978178735,-0.6915424444074475,0.7210018610196933
22.233333333333338,0.20762979599530865,-0.7260180647909876,0.6555819074776972
22.433333333333337,0.41233373797952855,-0.7327555982451488,0.541341040162506
22.633333333333336,0.45256899770693715,-0.7990077958384217,0.39593919293745794
22.833333333333336,0.4182573237300552,-0.8518245467271324,0.31536606148932306
23.033333333333335,0.36565747477176663,-0.886239791866712,0.28438291519636416
23.233333333333338,0.26043498775794094,-0.9295689626647017,0.260912170666667
23.433333333333337,0.07585861968247365,-0.9778161892358933,0.1952459215657661
23.633333333333336,-0.08517088500148018,-0.9860286138298172,0.14315548559840116
23.833333333333336,-0.1833032359774493,-0.9722384736423444,0.14543821385660657
24.033333333333335,-0.24189312249885575,-0.958236737602395,0.15254531129101362
24.233333333333338,-0.28304871317068253,-0.9479821584376775,0.14564770254371745
24.433333333333337,-0.3117341678395643,-0.937611206390061,0.15397088768059086
24.633333333333336,-0.3230249020768737,-0.9318546469891732,0.16523265271401325
24.833333333333336,-0.38865161424891415,-0.9047417439835063,0.17433387345951148
25.033333333333335,-0.49389378105544235,-0.8513580677949772,0.17680037736148088
25.233333333333338,-0.6043744610122551,-0.7751003132882788,0.1842580126251182
25.433333333333337,-0.6564129851615359,-0.7318699323099233,0.18299834723840985
25.633333333333336,-0.6494515002718336,-0.7416842170102066,0.16768205340053935
25.833333333333336,-0.49197280297786994,-0.8632080967445738,0.1132896413830866
26.033333333333335,-0.20742802294030882,-0.9690567944428456,0.13380039029551125
26.233333333333338,0.07644819953619286,-0.994294382437912,0.07439323786531853
26.433333333333337,0.19595426427929047,-0.9779205458357723,0.07261771370008238
26.633333333333336,0.3071731592724297,-0.9466161325582126,0.09778828049990008
26.833333333333336,0.38951624054461753,-0.9155131032733218,0.10056269729298091
27.033333333333335,0.42510438376775034,-0.9006914087569461,0.08967301206533149
27.233333333333338,0.4719294859554794,-0.8677313966896006,0.1559640454877736
27.433333333333337,0.5378060985500326,-0.8196402922519092,0.19736866944780646
27.633333333333336,0.623960032659644,-0.7677669873150621,0.14562874315371024
27.833333333333336,0.7315415389365588,-0.6735914888270504,0.1054584420048415
28.033333333333335,0.9390796697389358,-0.33756635935409096,0.06463997923449626
28.233333333333338,0.9775641500825097,0.1949182551746895,0.07984488883526092
28.433333333333337,0.8927779147299091,0.4341740610506871,0.1201685469716157
28.633333333333336,0.8805233652257768,0.4517509847286745,0.14352578544688896
28.833333333333336,0.8917282541099484,0.4274722914452892,0.14862086283068546
29.033333333333335,0.9115278416128578,0.38652351002631585,0.140415704825143
29.233333333333338,0.9363836750255706,0.32256802073914326,0.13833107077601425
29.433333333333337,0.9643905158448718,0.22790038033321977,0.1342100949721607
29.633333333333336,0.9805646697494473,-0.08029297321566979,0.17901387346053613
29.833333333333336,0.7160307759881643,-0.665167570359032,0.211782981328646
30.033333333333335,0.5549818335918031,-0.80441422830574,0.21192667053101338
30.233333333333338,0.5364543447377723,-0.8232069533230084,0.18586836205394971
30.433333333333337,0.6671113041284248,-0.7335854622069317,0.12967219263479177
30.633333333333336,0.8079289948655994,-0.5718691588627629,0.14218440279108724
30.833333333333336,0.8749336574688359,-0.4605485640137697,0.14961990246307777
31.033333333333335,0.900569066686662,-0.41333206944477086,0.13465495347597597
31.233333333333338,0.9028965772405082,-0.41050354688808516,0.12753277539392172
31.433333333333337,0.902561677339016,-0.4128688063608046,0.1221546860877087
31.633333333333336,0.8956835682260417,-0.42723549634556895,0.123372510196644
31.833333333333336,0.8859646862404607,-0.44450651369084065,0.1322139705978779
32.03333333333333,0.8823655012756274,-0.4541174423455116,0.12332262856500385
32.233333333333334,0.871767539708769,-0.4749617579538093,0.12013611110547473
32.43333333333333,0.8702382210670364,-0.47909488534359224,0.1146888374328127
32.63333333333333,0.8570678401276485,-0.5047498334873359,0.10325852513683469
32.833333333333336,0.8495294037900236,-0.5178868522422009,0.1004639257187969
33.03333333333333,0.8586520218782885,-0.5029834601785387,0.09861208907203826
33.233333333333334,0.8618079493603265,-0.4973143131503192,0.09982751301708057
33.43333333333333,0.8655163537852153,-0.48813007234602657,0.11229636593322749
33.63333333333333,0.8646161636816575,-0.48948869579623366,0.1133124273330835
33.833333333333336,0.8642432769634351,-0.4904133413489258,0.11215307775752523
34.03333333333333,0.8628442866224517,-0.4907396105530106,0.12113782100265762
34.233333333333334,0.8625286240337187,-0.4918426172526673,0.11889160010928555
34.43333333333333,0.8612694666508962,-0.4947000760399652,0.11613242691398988
34.63333333333333,0.8607454133810294,-0.4950192536549516,0.11863082168819383
34.833333333333336,0.8587816194211642,-0.4991174160312837,0.11565437803480569
35.03333333333333,0.8594842871998896,-0.49864048141688366,0.11244745594648461
35.233333333333334,0.8540304525873974,-0.505780081508004,0.12173124168890143
35.43333333333333,0.8582447624713085,-0.4963448761516394,0.13060509794254016
35.63333333333333,0.8587464852999394,-0.4938359128715432,0.13667686396508535
35.833333333333336,0.8568718863918102,-0.49772663688511665,0.13430847049375347
36.03333333333333,0.855493713379599,-0.4976474103245499,0.14309983006717217
36.233333333333334,0.8573251928282363,-0.4887705193401557,0.16154532851797887
36.43333333333333,0.8584352773790304,-0.48532447085303926,0.16597901235519164
36.63333333333333,0.8611690262038174,-0.4779675518651255,0.17301713114956957
36.833333333333336,0.8565655258367797,-0.48658966607548804,0.17183130336613991
37.03333333333333,0.8549888174934069,-0.49397380595484597,0.15806328160490044
37.233333333333334,0.8564701254153728,-0.4933112936247467,0.15199635473673273
37.43333333333333,0.8578929881112654,-0.49180770394075535,0.1488113009621477
37.63333333333333,0.8597263747811592,-0.48766243731369,0.15184171936235855
37.833333333333336,0.8578699597052515,-0.4913326868697387,0.15050356490353844
38.03333333333333,0.8580566328681627,-0.49135297112519977,0.14936891429407162
38.233333333333334,0.85839245965404,-0.4903942924703239,0.1505849365694264
38.43333333333334,0.8587212333130995,-0.4919040799611236,0.14362527484683965
38.63333333333333,0.8208595073440736,-0.5415992305832174,0.1812731161383591
38.833333333333336,0.692517855172702,-0.6884691566319835,0.2154744547120288
39.03333333333333,0.6176948190911746,-0.7515706853283028,0.23150510884873873
