0.03336666666666667,-0.9979131509003409,-0.050634099280693776,0.04006908097506401
0.23336666666666667,-0.995834265301458,-0.08614547675506465,0.029884325091063164
0.4333666666666667,-0.9030426926559839,-0.31493550856863983,-0.29211217140551143
0.6333666666666667,-0.9149028812171365,-0.06779358927368148,-0.3979406327506321
0.8333666666666667,-0.9064873236474089,-0.08858394481249778,-0.41283606527048305
1.0333666666666668,-0.9187290758470874,-0.2755612334188116,-0.28284782450968265
1.233366666666667,-0.9298895981682576,-0.24080528126113843,-0.27806141719990646
1.433366666666667,-0.5667399140535805,-0.8004256381440165,-0.19525539075857704
1.6333666666666669,-0.4641020148824578,-0.8700664630732925,-0.1661134239523531
1.8333666666666668,-0.5069970645354187,-0.8493022341684243,-0.14710435611833952
2.0333666666666668,-0.5570585936446328,-0.8139425031642036,-0.16487366311650453
2.233366666666667,0.02239032429057114,-0.9829491570000011,0.18250925491916928
2.433366666666667,0.01653130833748423,-0.9458172284990527,0.32427840834539334
2.633366666666667,-0.17096335122632872,-0.978927642308566,-0.11167902068721605
2.833366666666667,-0.15315441732868268,-0.9567669826515114,-0.24726638542396717
3.0333666666666668,-0.32801873565985173,-0.9303972436412224,-0.16359913838687692
3.233366666666667,-0.34153547379251264,-0.9216536858787909,-0.18414125949217164
3.433366666666667,-0.3114776255982023,-0.9316037882031588,-0.1873394527514971
3.633366666666667,0.19676569889778373,-0.9498436833470002,-0.24306426504747725
3.833366666666667,0.22694215828971753,-0.9424946055944783,-0.2453592778276653
4.033366666666667,0.02582810929640278,-0.9312681732772936,-0.36341780117510136
4.233366666666667,-0.00018774694447404316,-0.9257549487640798,-0.3781239738364932
4.433366666666667,-0.04874918793269395,-0.9249166300621764,-0.37703148954739907
4.633366666666667,-0.3758493583259075,-0.8559825860161093,-0.3550085524084992
4.8333666666666675,-0.2650660082637126,-0.861870013017727,-0.43234256316486375
5.033366666666667,-0.09256769977867413,-0.874061803651108,-0.4769142316558163
5.233366666666667,-0.14882761522987903,-0.9718748660036808,-0.18250913888163336
5.433366666666667,-0.1338240289908713,-0.9756382348382012,-0.17384235383372365
5.633366666666667,-0.12903299940482998,-0.9747367583926744,-0.18231493878104185
5.8333666666666675,-0.15766966609439603,-0.9643731344888723,-0.21242583145603972
6.033366666666667,-0.5310569941029233,-0.8302430217308605,-0.1693369241529388
6.233366666666667,-0.6616747793686668,-0.7253112283631625,-0.1900265990795671
6.433366666666667,-0.6143672077462579,-0.7660543489268572,-0.18898060359813612
6.633366666666667,-0.5743469601220489,-0.7308849556093124,-0.3686905898752164
6.8333666666666675,-0.5880009903706964,-0.7110659426471879,-0.38553866282170335
7.033366666666667,-0.5734155827437175,-0.80308367850045,-0.162022142909136
7.233366666666667,-0.5673894841565094,-0.810568254788392,-0.14508024537445197
7.433366666666667,-0.9022887478442074,-0.3994167323638767,-0.16229999821779262
7.633366666666667,-0.9662889626416867,-0.1881458577533211,-0.17574634245730558
7.8333666666666675,-0.9454883990339874,0.004395047117066394,-0.3256261212694494
8.033366666666666,-0.9310001991312318,0.044991348475751106,-0.3622352933935908
8.233366666666667,-0.9565972277943637,-0.243408726542016,-0.16023088222727977
8.433366666666666,-0.9522574266399149,-0.2664404221194067,-0.14904796164309006
8.633366666666666,-0.948855772990597,-0.2687609854864856,-0.16565100284257164
8.833366666666667,-0.9613520631176817,-0.21781592573176764,-0.16839962362484745
9.033366666666666,-0.983291671419978,-0.08918351741778706,-0.15869401103096992
9.233366666666667,-0.7950387329175133,0.5933172716722335,-0.1260477222972806
9.433366666666666,-0.74775941569097,0.6504474192175957,-0.13331920746339623
9.633366666666667,-0.6949053958578977,0.6964002644632487,0.1792572521910787
9.833366666666667,-0.6950704754649035,0.6982423850485162,0.17127348264910433
10.033366666666666,-0.6744243201991527,0.7272115338380081,0.12773105095035703
10.233366666666667,-0.7266158278950595,0.6716258103884616,0.14473496285424578
10.433366666666666,-0.34908987563846966,0.9268842866496414,0.137919461602429
10.633366666666667,-0.04616388283979067,0.9989331712045192,0.0011897009863195988
10.833366666666667,0.0985191882715789,0.978855580217924,-0.17926439305824574
11.033366666666666,0.16205274804408698,0.9644344843638977,-0.2088181798146476
11.233366666666667,0.45574678967286913,0.859277281057935,-0.23224430662678594
11.433366666666666,0.47088195974549596,0.8483057278871153,-0.24217260790632905
11.633366666666667,0.45039934535905496,0.8615355667414378,-0.23430086841419323
11.833366666666667,0.4914171845459495,0.8687459984652429,-0.06155924693789455
12.033366666666666,0.28350979492359635,0.9499401534091778,0.13128557088777257
12.233366666666667,0.4699721083430248,0.8526565948879631,0.22826070308679067
12.433366666666666,0.32369048115377874,0.9212270492937786,0.21578970332227027
12.633366666666667,0.17066768365450702,0.9682004185219342,0.18292209087465727
12.833366666666667,0.1676624859483159,0.9614609001747145,0.21790417215110433
13.033366666666666,0.42883364793830003,0.9033306990441144,0.009764761154349636
13.233366666666667,0.48706728583431935,0.8364884156719437,-0.25110274693167267
13.433366666666666,0.7619729588327391,0.6276165566347034,-0.15967049773104375
13.633366666666667,0.7461820293290613,0.6413076648060492,-0.17870886426637103
13.833366666666667,0.7648436549463346,0.6086489286907214,-0.21109397218293616
14.033366666666666,0.6797402643627664,0.7209110171291684,-0.13505731518812508
14.233366666666667,0.5903100146355207,0.7964825904961602,-0.1309563654716217
14.433366666666666,-0.09375693428984283,0.9928467282421323,-0.07392571603619855
14.633366666666667,-0.07729701704476022,0.9946577909567231,-0.06841819966261473
14.833366666666667,-0.0501977865703962,0.997808853428858,-0.04310074526525891
15.033366666666666,0.1010041453990349,0.994684219554572,-0.020036616014757168
15.233366666666667,0.10307831868714551,0.9944866164635785,-0.019267327044885395
15.433366666666666,-0.46735102664838224,0.8836037966184537,-0.028763666180747008
15.633366666666667,-0.6252079450248306,0.7785937751723412,-0.053914364882752634
15.833366666666667,-0.6703827521532626,0.7406866585872278,-0.044387378907798425
16.033366666666666,-0.8734292045765386,0.4785391089318593,-0.09012072911099415
16.233366666666665,-0.9160561308973026,0.3961065859125419,-0.06277529483940067
16.433366666666668,-0.9337013861432603,0.35006678592001533,-0.07519951402625415
16.633366666666667,-0.9791885929456762,0.15889884166762294,-0.12625710895531828
16.833366666666667,-0.9692485477317391,0.22527111275830658,-0.09904634509434983
17.033366666666666,-0.967057465405868,0.2511076996882674,-0.041770584865971606
17.233366666666665,-0.9622430337962568,0.2704940792855609,-0.03035287436195831
17.433366666666668,-0.9898783225096126,-0.03934842263362515,-0.1363547148499131
17.633366666666667,-0.9874380111166615,-0.05165181315379624,-0.14932603389863588
17.833366666666667,-0.9862089480725056,-0.008312094592779169,-0.165296157926319
18.033366666666666,-0.9833781209754752,-0.017540012473826066,-0.18072027874359323
18.233366666666665,-0.9390516725488658,-0.31190845747400997,-0.14455127270059592
18.433366666666668,-0.9232842951514764,-0.34516739846783306,-0.16853954242725974
18.633366666666667,-0.9420191704213359,-0.28461059663766625,-0.17775458036362882
18.833366666666667,-0.8773656307635579,-0.47882047918774107,-0.030991912901374923
19.033366666666666,-0.7908748052992672,-0.6039325628259627,-0.09890653113576871
19.23336666666667,-0.6246310140599127,-0.7561583780651043,-0.19509126981091648
19.433366666666668,-0.630940954858378,-0.7513397994506269,-0.19339601144772983
19.633366666666667,-0.6565575058328006,-0.7461146981024704,-0.11065757457161034
19.833366666666667,-0.7798588901858743,-0.6236722378956078,0.05341395956434399
20.033366666666666,-0.6159426361132198,-0.7613195778198069,0.20250227022472783
20.23336666666667,-0.21091248703828064,-0.8793170605971855,0.4269864514876938
20.433366666666668,0.0984911672796619,-0.9039582336778808,0.41612378174511516
20.633366666666667,0.2077991083218378,-0.797926142066144,0.565803324829476
20.833366666666667,0.14572694036758227,-0.6311479609123707,0.7618503201333319
21.033366666666666,0.048532577184849435,-0.5060431546029781,0.8611416344778966
21.23336666666667,-0.15530363562078964,-0.4504617613350644,0.8791842709795694
21.354666666666667,-0.18244157506733732,-0.4380563580737388,0.8802395690027354
