0.020854064999999998,-0.9971789390631025,-0.05360603891661375,0.05254099428690179
0.22085406500000002,-0.9927390884929944,-0.11921624861959533,0.016018372051168687
0.420854065,-0.9891987303233949,-0.14658018644037227,-0.0003476631834033975
0.6208540650000001,-0.9870696011274721,-0.160197631360227,-0.005506490409180848
0.820854065,-0.9864971949995125,-0.16377440059374285,0.0011090393386896918
1.020854065,-0.9871235669901355,-0.15912548732166606,0.016313882962504023
1.2208540650000002,-0.9868413371895977,-0.15953731464414275,0.026306281568912782
1.420854065,-0.9850857268704588,-0.16934578257344557,0.030465006822373956
1.620854065,-0.9853081040177767,-0.16866446309753727,0.026837269699317583
1.820854065,-0.9858813451634079,-0.16568834029967852,0.024193948572475383
2.020854065,-0.9857790122648431,-0.16697669005360577,0.018934728857124442
2.220854065,-0.9867564955211362,-0.16199545114939606,0.00831218104651388
2.4208540650000003,-0.986797573228456,-0.16192239151395546,0.003418858995552177
2.620854065,-0.9862040767001339,-0.16553299538483962,0.000588675597922702
2.8208540650000002,-0.9871759693702182,-0.15821497393758466,0.021251529824919915
3.020854065,-0.9912004646212574,-0.13201121664055063,0.009730242324104688
3.220854065,-0.9961427126780131,-0.019934874165983472,0.08545347722870099
3.4208540650000003,-0.9787701080486955,0.08657703108013401,0.18577807534715735
3.620854065,-0.967858128234963,0.10518337872878739,0.22844496153058483
3.8208540650000002,-0.9682207203327087,0.07456739796955748,0.23872230703991776
4.020854065,-0.9750101980777216,0.013968963218111367,0.22172050358740636
4.220854065,-0.9815549702029455,-0.048157018135232356,0.1850155184686355
4.420854065,-0.9828067526245061,-0.0825002844813148,0.16518047722468684
4.6208540650000005,-0.9870459136087276,-0.09144189675087626,0.13182846409980856
4.820854065000001,-0.9958292313953807,-0.05017152781967782,0.07620340999407704
5.020854065,-0.9964540171709099,-0.05758673572479205,0.061344596604095025
5.220854065,-0.9971727818472785,-0.03863287749714068,0.06445109711440437
5.420854065,-0.9973818930258337,-0.04534923202989977,0.05632767187185193
5.6208540650000005,-0.9970505101356824,-0.05495876794528017,0.05357064554504572
5.820854065000001,-0.9970016997754321,-0.06226614030499817,0.04594059660494147
6.020854065,-0.996804202568689,-0.07019908929671419,0.038124396432106585
6.220854065,-0.9962292368416399,-0.08068274180994643,0.031899887710674826
6.420854065,-0.9958725294519317,-0.08718137010502025,0.025245074561654524
6.6208540650000005,-0.995366000202717,-0.09371134398114675,0.021557125265035098
6.820854065000001,-0.9958750104836647,-0.08621239333947946,0.028291106886083786
7.020854065,-0.9961630100357677,-0.08169907524147633,0.031377038438425604
7.220854065,-0.9965584036154982,-0.0722738433605293,0.040593592465161345
7.420854065,-0.9972459615391174,-0.060084647434808014,0.043477894803636744
7.6208540650000005,-0.9962516970241149,-0.03714317399707715,0.07812132104614374
7.820854065000001,-0.9728109927123249,0.05498173590597264,0.22497951278911474
8.020854065,-0.954451386972801,0.048868131075366326,0.29433731613728104
8.220854065000001,-0.9609286775959561,0.029661112957128158,0.27520228006292274
8.420854065,-0.9872810485996851,-0.002390423009076901,0.1589667164967053
8.620854065,-0.9848525609992784,-0.011949284399747628,0.17298163976415598
8.820854065,-0.9949219488026435,-0.05840447188359762,0.0819709305470481
9.020854065,-0.9938612356804957,-0.10293631317768093,0.04054577217201115
9.220854065000001,-0.9946140630552354,-0.09962824074640883,0.02858459757513116
9.420854065,-0.9935194083791841,-0.11231701229282139,0.017437715546766777
9.620854065000001,-0.9795242783404932,-0.19923067882614157,0.02897110208485817
9.820854065,-0.9933306660173178,-0.11518746464832237,-0.005102542256884529
10.020854065,-0.9964283308046423,-0.08429091569365549,-0.005061926648972703
10.220854065000001,-0.9975122927963105,-0.07042231120743778,-0.003150207048808374
10.420854065,-0.9973069736695876,-0.06986765369692224,-0.022300476158485495
10.620854065000001,-0.9968653015193856,-0.07376926756976825,-0.028594855986436726
10.820854065,-0.997841769915059,-0.05862186100822101,-0.029585125058305066
11.020854065,-0.9977798529943245,-0.05857746655866987,-0.03168667496270658
11.220854065000001,-0.9977983554607888,-0.0568620014068637,-0.03413436151081851
11.420854065,-0.9976647331558743,-0.06207758545924186,-0.028486024653657373
11.620854065000001,-0.9964397178253602,-0.08363169739873841,-0.010659640252971473
11.820854065,-0.9974821797811094,-0.06897990187853344,-0.01646432980580685
12.020854065,-0.9966273743515468,-0.07546079505552054,-0.032241977339031086
12.220854065000001,-0.9944881445358217,-0.0967723640403172,-0.040353933336752974
12.420854065,-0.9943979499063014,-0.09500270578403014,-0.04633792308528868
12.620854065000001,-0.9941669586670883,-0.09718418906522258,-0.046768490358009486
12.820854065,-0.9936951740155531,-0.10261926516409174,-0.045157364353796255
13.020854065,-0.9933954432739109,-0.11039994638907555,-0.03126251941094539
13.220854065000001,-0.9949470557164916,-0.09827408149403312,0.020556294111269472
13.420854065,-0.9894459623923917,-0.0829241578427733,0.11882874884244504
13.620854065000001,-0.9836454186202668,-0.11560799474474126,0.13811763818738018
13.820854065,-0.9737120441124254,-0.18019225658035323,0.13933989313503245
14.020854065,-0.9711547283722883,-0.17305313139006995,0.1640460523031204
14.220854065000001,-0.9823771043662215,-0.12772448071420178,0.1364612833126142
14.420854065,-0.9884143622250829,-0.07556762512933356,0.131630477395986
14.620854065000001,-0.9946803987000326,0.030479062759781732,0.09839680470030147
14.820854065,-0.9832561278406503,0.16880745866607133,0.06863984966849133
15.020854065,-0.9866834709481156,0.14576607711443998,0.07216632816242378
15.220854065000001,-0.9810446643145085,0.15220314968709261,0.11993985094772154
15.420854065,-0.9604445202197233,0.2293811165897118,0.15789435370513608
15.620854065000001,-0.9648582901572227,0.19129658722125473,0.1801502029762451
15.820854065,-0.9666786113345702,0.16961103617607734,0.19174086365599025
16.020854065,-0.9599583471144164,0.22945699983604706,0.16071545361787162
16.220854065,-0.9694840474048394,0.20157947438987925,0.1395220317090842
16.420854065000004,-0.9765002595560441,0.17172578041384265,0.130220963858495
16.620854065000003,-0.9910136973611701,0.06353779120164402,0.11770641754704386
16.820854065000002,-0.9957113471841499,-0.06647175766704623,0.06434608396304063
17.020854065,-0.9909265156991212,-0.10864787049182778,0.07912193578263023
17.220854065,-0.9867260650522708,-0.14567598450450106,0.07176475517345698
17.420854065000004,-0.9703789118159883,-0.23069221055520442,0.07173473002647741
17.620854065000003,-0.9700619512921923,-0.2299790817850003,0.07803481656614834
17.820854065000002,-0.9719280519010537,-0.22347716968021947,0.07357864200664345
18.020854065,-0.9675738063673899,-0.2362377200552115,0.08940172735935287
18.220854065,-0.9717970326918584,-0.2199318926670088,0.08509106791671399
18.420854065000004,-0.9751845946293619,-0.20438715923324208,0.08509345179349911
18.620854065000003,-0.9779830451813065,-0.1924843728924015,0.08061593843724446
18.820854065000002,-0.9775112951700109,-0.19313226115047044,0.08468528513239058
19.020854065,-0.9777499507477188,-0.19114167092806497,0.08642855689910003
19.220854065000005,-0.9773323017159039,-0.19196314897254746,0.08928449730629218
19.420854065000004,-0.9789577171038603,-0.1838237222130569,0.0886037655776296
19.620854065000003,-0.9790464673803209,-0.18310380181182603,0.08911235869491071
19.820854065000002,-0.9781169790738498,-0.1886668912998114,0.0877039302124574
20.020854065,-0.9778273131956916,-0.1896526988799054,0.08880089738320694
20.220854065000005,-0.9770515102351098,-0.19389973529620763,0.0881659741586987
20.420854065000004,-0.9773961111547771,-0.19055786387272036,0.09156714703311626
20.620854065000003,-0.9776268729521991,-0.19102941087201286,0.08805374190570497
20.820854065000002,-0.9783378620589028,-0.1875015950498658,0.08773927008912298
21.020854065,-0.9785544394497703,-0.18594836195913983,0.0886251415674928
21.220854065000005,-0.9774269103753092,-0.19012304702784674,0.09214044640126597
21.420854065000004,-0.9788693496791826,-0.1810890578117813,0.09498183720846702
21.620854065000003,-0.9799893251721871,-0.17449650838586303,0.09576999065314504
21.820854065000002,-0.9822884206101564,-0.16305117333717978,0.09232428504230547
22.020854065,-0.9836882382357948,-0.15449843155330925,0.09212863075138926
22.220854065000005,-0.9892396350198331,-0.0030018584768495985,0.14627348820450345
22.420854065000004,-0.9404751571020973,0.2895806278790044,0.1779031726276594
22.620854065000003,-0.8816467602413708,0.4523185398423704,0.1345619882090085
22.820854065000002,-0.8342318161360989,0.5465326550206541,0.07320747190240315
23.020854065,-0.8665273334200816,0.49337226433053605,0.07559225638411797
23.220854065000005,-0.9346273264922472,0.3397649131960279,0.10503125408586776
23.420854065000004,-0.957595551846242,0.23274619585436881,0.16982334173961686
23.620854065000003,-0.95132278743854,0.14560324498128338,0.2716332990468707
23.820854065000002,-0.9356704588838862,0.18807163486759845,0.29857972558472073
24.020854065,-0.9160203773408782,0.3316425116786039,0.225654409980799
24.220854065000005,-0.9127576461690406,0.39088859669050047,0.1186574242821915
24.420854065000004,-0.9133835336406455,0.4035438482420075,0.05369248569548097
24.620854065000003,-0.8850280066364193,0.4647410418028549,-0.0272248330236047
24.820854065000002,-0.8700146240309872,0.4904175126156271,-0.05064797421537522
25.020854065,-0.8696326606067518,0.4913501470373385,-0.04810476704452612
25.220854065000005,-0.880623468628449,0.47231224170425845,-0.037728673937705945
25.420854065000004,-0.9303510676052125,0.36643211651931523,-0.013205869491130513
25.620854065000003,-0.975718085886768,0.21841280242286917,-0.016433642665291005
25.820854065000002,-0.999989363823994,-0.0008576166358463071,0.004531747189524657
26.020854065,-0.9928307207301879,-0.1060206034202276,0.05519775017866598
26.220854065000005,-0.9922170470212207,-0.1008985013401531,0.07297139184502094
26.420854065000004,-0.9909566858367005,-0.10589693692111862,0.08240561598743153
26.620854065000003,-0.9909240752362016,-0.10503397830666018,0.08388885812999738
26.820854065000002,-0.9905500258600923,-0.10804480564373582,0.0844805672446505
27.020854065,-0.9907652492870871,-0.10944065043898936,0.08004351839210677
27.220854065000005,-0.9910202751451576,-0.10286917650793968,0.08542099727698195
27.420854065000004,-0.9907424284420938,-0.1061005821746696,0.08468829285597233
27.620854065000003,-0.9886155375330321,-0.12333380027003404,0.08618638325875698
27.820854065000002,-0.9867961368915403,-0.13309957332230984,0.09229240379008166
28.020854065,-0.9878813746996105,-0.1245166584690063,0.0926606242441799
28.220854065000005,-0.9879518789237265,-0.12259197533508945,0.09445788751882962
28.420854065000004,-0.9887397492664545,-0.11719333366410103,0.09305606248495144
28.620854065000003,-0.9894995642461639,-0.11360871656621871,0.0893513954945731
28.820854065000002,-0.9893412880361678,-0.13789732724293907,0.04677758999980774
29.020854065,-0.9899468633079636,-0.08045609435933587,0.116327231150604
29.220854065000005,-0.9894397058217083,-0.05900808071128815,0.1323900107795952
29.420854065000004,-0.9882137744944253,-0.050309190605403446,0.14457704257630374
29.620854065000003,-0.9868667268810497,-0.06104108076058949,0.14955951937159898
29.820854065000002,-0.9866826222052201,-0.06288710317766452,0.15000871738719937
30.009579229999634,-0.9861686176171001,-0.06941914659716066,0.15050727461787305
