0.016683201,0.12414718247330482,0.0,-0.7292488429459674,-0.6728919691495121
0.05004986766666667,0.12158874804278545,4.963083675318166e-23,-0.7454184923984342,-0.6554139512856234
0.08341653433333335,0.11973701963011511,1.6212740006039342e-22,-0.760330048611611,-0.6384052500632829
0.116783201,0.11854408753379594,-2.6469779601696886e-23,-0.7729134670749042,-0.6233394514428161
0.1501498676666667,0.11787498326058228,8.933550615572699e-23,-0.7816962611209579,-0.6124185200259973
0.18351653433333334,0.1177472549196547,-3.58996385848014e-22,-0.7855391583911064,-0.6075062259706301
0.21688320100000003,0.11821762220712778,2.117582368135751e-22,-0.784728968925623,-0.6084612059356139
0.2502498676666667,0.1189557834237588,1.3234889800848443e-23,-0.7776123874277221,-0.6173884486358634
0.28361653433333334,0.11982233615509241,4.764560328305439e-22,-0.7649041407375412,-0.6329014640849712
0.316983201,0.12110336082873821,-8.205631676526035e-22,-0.7486245197868556,-0.6518399376916733
0.35034986766666665,0.12284796453300359,1.0587911840678754e-22,-0.7292121314205099,-0.6731701456535748
0.38371653433333336,0.12476289697927727,1.0587911840678754e-21,-0.7068432295355161,-0.6962807396425238
0.417083201,0.1263542086016496,-2.064642808932357e-21,-0.6809106543501671,-0.721384290625377
0.45044986766666667,0.12720745540539793,2.276401045745932e-21,-0.6500030782391352,-0.7492090906875948
0.4838165343333334,0.12705189100853423,2.6469779601696886e-22,-0.6143956278011845,-0.7787013737819806
0.517183201,0.12557834942299032,-9.107298248878237e-18,-0.5770916651328675,-0.8069667206213473
0.5505498676666667,0.12201760882104437,1.5178830414797062e-18,-0.5389104617093727,-0.833478984376802
0.5839165343333333,0.11579026815815291,-2.0599841277224584e-18,-0.4976651955215598,-0.859605704358894
0.617283201,0.10662798160282722,-1.7577588016751838e-24,-0.45400935077303217,-0.8845936824045021
0.6506498676666667,0.09517967282437582,7.858215819253763e-23,-0.404047160696699,-0.9097728957349634
0.6840165343333333,0.08241696859716724,-9.26442286059391e-23,-0.3426558759748725,-0.9358388717867763
0.7173832010000001,0.06855388021716075,2.6469779601696886e-23,-0.2555403653192293,-0.9643648102246815
0.7507498676666667,0.05438032986278706,-5.293955920339377e-23,-0.11889344195712967,-0.9914167283153948
0.7841165343333334,0.042181568009786216,0.0,0.087580677615059,-0.9952639550534937
0.817483201,0.0338686175864673,3.1763735522036263e-22,0.38573076884410595,-0.9219895285249808
0.8508498676666667,0.03158977711273587,5.293955920339377e-23,0.7176552292060084,-0.6956817217487025
0.8842165343333334,0.03480432656359643,4.632211430296955e-23,0.9015536683667191,-0.431265164263202
0.917583201,0.04004691268163923,-1.5881867761018131e-22,0.9616261380327777,-0.2714247878083986
0.9509498676666668,0.04558647414915648,-1.1911400820763599e-22,0.9780515475996601,-0.2033151337519135
0.9843165343333334,0.0507063260478066,-1.9852334701272664e-22,0.9784212934721124,-0.2003013753799314
1.017683201,0.05521203990932681,5.421010862427522e-19,0.9671871396968492,-0.2479932810664006
1.0510498676666666,0.05991715378466496,-1.1926223897340549e-18,0.9439181175777565,-0.3246975854403747
1.0844165343333334,0.06589098153329555,6.505213034913027e-19,0.9105238939626306,-0.408172288471066
1.1177832010000002,0.07352847297521839,-6.071532165918825e-18,0.8705012448545283,-0.48664272969874856
1.1511498676666667,0.08230436127902777,1.3010426069826053e-18,0.8264494080067548,-0.5569626272199381
1.1845165343333335,0.09240906938181473,3.903127820947816e-18,0.7835681125620059,-0.6143952936603622
1.217883201,0.10364526394638436,4.336808689942018e-18,0.7449599418312366,-0.6590086071731421
1.2512498676666668,0.11509068751240058,-5.204170427930421e-18,0.7095416618189445,-0.6952012397796293
1.2846165343333333,0.12565318876830067,3.469446951953614e-18,0.6760670433016723,-0.726047263691347
1.317983201,0.1355365696133316,-3.469446951953614e-18,0.6455381853715968,-0.7516051420291088
1.3513498676666666,0.14524824826980157,-5.637851296924623e-18,0.619947151927971,-0.7710826643045164
1.3847165343333334,0.15504650351362723,-8.239936510889834e-18,0.5987189305885107,-0.7858092795985226
1.4180832010000002,0.16522221623903172,1.5178830414797062e-17,0.5807121816545822,-0.7971668466130779
1.4514498676666667,0.17513464587728003,2.6469779601696886e-23,0.5581048832651637,-0.8110775518339893
1.4848165343333335,0.18519680057310642,3.044024654195142e-22,0.5301330494078773,-0.8274425025238856
1.518183201,0.19609768453655593,4.336808689942018e-18,0.501994640680995,-0.8423461751839086
1.5515498676666668,0.2076853604182035,-2.6020852139652106e-18,0.4753015091088969,-0.8549592192068379
1.5849165343333333,0.21962788737819788,-1.3877787807814457e-17,0.45149152526805375,-0.8648230996550198
1.6182832010000001,0.23148785137094283,-9.540979117872439e-18,0.430262068437487,-0.8725181528951472
1.6516498676666669,0.24270918469437858,-3.469446951953614e-18,0.41153519725672955,-0.8784822326512102
1.6850165343333334,0.25340012103593956,1.734723475976807e-17,0.39644692559584466,-0.8823934575032693
1.7183832010000002,0.26355483187939494,6.071532165918825e-18,0.3847053993779428,-0.8846132523778294
1.7517498676666667,0.27308270739310275,8.239936510889834e-18,0.37564300098144976,-0.8856173952314303
1.7851165343333335,0.28191756074085683,8.239936510889834e-18,0.36890924212324816,-0.8856796599346606
1.818483201,0.2899373290524485,-6.505213034913027e-19,0.3636746507015665,-0.8852553832985292
1.8518498676666668,0.29698068048999504,4.336808689942018e-18,0.35954239062291354,-0.8846082436654429
1.8852165343333336,0.3027381493727402,1.734723475976807e-18,0.35635832699232056,-0.8839447695968358
1.9185832010000001,0.3072468619207113,-2.0166160408230382e-17,0.35380607279094795,-0.8834141886431992
1.951949867666667,0.31048653190920866,-1.0842021724855044e-18,0.35144274055535324,-0.8832248375209648
1.9853165343333334,0.31275067817712704,-1.5341460740669888e-17,0.35007498383650004,-0.8829691495129496
2.0186832010000004,0.3142902045425654,-4.336808689942018e-19,0.34944086373754346,-0.8826736373535533
2.052049867666667,0.31526359038200197,-6.423897871976614e-18,0.34954365674235055,-0.8822857250407233
2.0854165343333335,0.31578971089123004,4.4994390158148434e-18,0.35065788741893356,-0.8816552072585541
2.1187832010000003,0.3159468980878173,-4.607859233063394e-18,0.3528207675705903,-0.880735524183955
2.152149867666667,0.3156330108888659,-7.209944447028604e-18,0.3552605658950706,-0.8798668835438367
2.185516534333334,0.3149124302729296,3.2526065174565133e-19,0.35849384890717617,-0.8788130185399601
2.2188832010000006,0.3138003180412656,5.421010862427522e-19,0.3622509162634643,-0.8776694332511993
2.252249867666667,0.312150174719442,2.4936649967166602e-18,0.3663060890539549,-0.8765740798954862
2.2856165343333337,0.30995868514645625,1.3769367590565906e-17,0.37013340335569,-0.8757436138634493
2.3189832010000004,0.30745510016141936,5.854691731421724e-18,0.3740572924774592,-0.8749585723502366
2.352349867666667,0.3044924831029123,-1.6263032587282567e-17,0.3777720393835783,-0.8743984297754629
2.3857165343333335,0.30113834243117915,5.637851296924623e-18,0.38155271857649276,-0.8739183152129778
2.4190832010000003,0.29763822768352083,-1.0408340855860843e-17,0.3855163052383067,-0.8733777326087592
2.452449867666667,0.2939359294719133,-2.2551405187698492e-17,0.3892886064408856,-0.872958217935312
2.485816534333334,0.28995939046209046,1.1926223897340549e-17,0.3934324298178385,-0.8724302121376155
2.5191832010000006,0.2856315442320818,-5.637851296924623e-18,0.39779781357117144,-0.8718781568875276
2.552549867666667,0.2809912543027336,-1.734723475976807e-17,0.4029067605908628,-0.8710396416211801
2.5859165343333337,0.2760510685550863,-4.9873299934333204e-18,0.40885367120040933,-0.8698473906930703
2.6192832010000004,0.2707900548154318,-6.5052130349130266e-18,0.41540592387273584,-0.868395454055636
2.652649867666667,0.26539590639632277,-1.7564075194265172e-17,0.42273945036703925,-0.8665196881614682
2.6860165343333335,0.2596547884486473,1.214306433183765e-17,0.43148130216370234,-0.863946339027375
2.7193832010000003,0.2530074506076164,-1.431146867680866e-17,0.4418383113576618,-0.860677719331484
2.752749867666667,0.24559033496191685,1.0408340855860843e-17,0.4537193292955796,-0.8566353702695582
2.786116534333334,0.23773767846123395,2.168404344971009e-18,0.4674713899332229,-0.8514407177447904
2.8194832010000006,0.22953268931694557,3.469446951953614e-18,0.48217452477939365,-0.8454717453520825
2.852849867666667,0.22141027964125393,-3.469446951953614e-18,0.4976417286335229,-0.838647839078967
2.8862165343333337,0.21345277798841605,9.974659986866641e-18,0.5138982720854389,-0.8308709150744344
2.9195832010000005,0.2057007829555645,8.673617379884035e-19,0.5309669014177331,-0.8220470409230357
2.9529498676666672,0.1982324237886584,-6.5052130349130266e-18,0.5489776464731654,-0.8119898089456901
2.986316534333334,0.19073815744305228,-6.071532165918825e-18,0.5689744533371037,-0.7999293885993772
3.0196832010000003,0.18311147940788958,-4.336808689942018e-18,0.5909897352178685,-0.7856216131040233
3.053049867666667,0.1748229851424996,-6.938893903907228e-18,0.6179699438976269,-0.7665181487121029
3.086416534333334,0.16560546524663533,-3.469446951953614e-18,0.6521222683856237,-0.739804958726308
3.1197832010000006,0.15556286403043845,-2.6020852139652106e-18,0.6926159917516518,-0.7043317991575585
3.153149867666667,0.1450443339342788,3.469446951953614e-18,0.7402431808622083,-0.6565075585098482
3.1865165343333337,0.1345718118143097,-8.673617379884035e-19,0.794562586881687,-0.5920816860813173
3.2198832010000005,0.1243988587857013,0.0,0.8530739496085148,-0.5067442751843817
3.2532498676666672,0.11414476995265635,-3.903127820947816e-18,0.9146224138632727,-0.3878618459598412
3.286616534333334,0.10561476439582111,-3.0357660829594124e-18,0.9692837410387458,-0.2221138241973003
3.3199832010000003,0.10129083327217522,-9.75781955236954e-19,0.9947107734088992,-0.017048294908810865
3.353349867666667,0.10167192984071208,3.7947076036992655e-19,0.9756615335000681,0.1942868774023635
3.386716534333334,0.1061668896121273,-3.469446951953614e-18,0.9181998681859516,0.38162493840600614
3.4200832010000006,0.11424214549346279,3.903127820947816e-18,0.8405454217960866,0.5295584255685952
3.453449867666667,0.12492319505826054,-6.938893903907228e-18,0.7600140469891089,0.6377874596726347
3.4868165343333337,0.13719700380793248,9.540979117872439e-18,0.6877763909870644,0.7128398264315308
3.5201832010000005,0.1499567104561415,2.6020852139652106e-18,0.6266352589525709,0.7647491335245942
3.5535498676666673,0.16290291055694026,6.071532165918825e-18,0.5764797103576155,0.8007083022412579
3.586916534333334,0.175731191464226,-6.938893903907228e-18,0.5380595451916867,0.8243849065665132
3.6202832010000003,0.187828315530592,-9.540979117872439e-18,0.5107071566213038,0.8389867246033893
3.653649867666667,0.19908662613830222,1.734723475976807e-18,0.4927609158079822,0.847083936304394
3.687016534333334,0.2090198683506925,8.239936510889834e-18,0.48145930209853544,0.8511801425417831
3.7203832010000006,0.21698885542497687,5.204170427930421e-18,0.4721885722299657,0.8543733310893928
3.7537498676666674,0.2237334821156006,-3.469446951953614e-18,0.4636321841162904,0.8573147186605317
3.7871165343333337,0.22989382606419762,6.071532165918825e-18,0.45600932091813845,0.8597699273487894
3.8204832010000005,0.2356407671897708,3.903127820947816e-18,0.449675682883612,0.8615481466879107
3.8538498676666673,0.24144083410437228,-2.1467203015212988e-17,0.4449083621620222,0.8624168788383563
3.887216534333334,0.24747892998126556,-1.3877787807814457e-17,0.4406884069974384,0.8628718949840631
3.9205832010000004,0.25338530467858134,9.540979117872439e-18,0.4361668536718363,0.8634548993033473
3.953949867666667,0.2591350868148422,-6.7220534694101275e-18,0.43118475971288067,0.8642503744707372
3.987316534333334,0.26493786905914524,7.806255641895632e-18,0.4264849566183516,0.8648228184527985
4.020683201000001,0.27072057220693113,-1.2576745200831851e-17,0.4216170350473814,0.8654186544914588
4.054049867666667,0.2763128553414832,2.168404344971009e-19,0.41695099554884374,0.8659117006276477
4.087416534333334,0.2816636748385683,-7.589415207398531e-18,0.4123923971921442,0.866370639515531
4.120783201000001,0.28677847400794904,1.6696713456276768e-17,0.4078296761757787,0.86685238770856
4.154149867666667,0.29161459378908455,2.3418766925686896e-17,0.4026425681156571,0.8676634664606178
4.187516534333334,0.2961470084397044,4.9873299934333204e-18,0.3968614862137998,0.8687910624266272
4.220883201,0.3001141615563288,-6.505213034913027e-19,0.39106588782532625,0.8700568725162345
4.254249867666667,0.3032386704833714,-2.8189256484623115e-18,0.3857059747807056,0.8713651414544553
4.287616534333334,0.3057174172634552,-2.6020852139652106e-18,0.3813288549332566,0.8724248765235055
4.320983201000001,0.3077747770253094,-2.3852447794681098e-18,0.37831207566316505,0.8730146963450551
4.354349867666667,0.3095975713519727,-4.9873299934333204e-18,0.376233444317725,0.8732684233325865
4.387716534333334,0.3112839090722468,-9.812029660993815e-18,0.37463358773704875,0.8733567443444679
4.421083201000001,0.31313060079869337,2.8731357570865868e-18,0.3742543541787545,0.8728590408661028
4.454449867666667,0.31541215182064536,-4.9873299934333204e-18,0.37454236055469314,0.8719135247454236
4.487816534333334,0.31816538406162365,-1.3064636178450328e-17,0.3759428189650495,0.8703090171045752
4.521183201,0.3213532887723249,1.5720931501039814e-17,0.3785041601663329,0.8680245759953976
4.554549867666667,0.32498738928011434,3.1170812458958252e-18,0.3816484182674862,0.8652905186368457
4.587916534333334,0.3288670963098568,7.440337408681774e-18,0.38546444184173684,0.8621273670638009
4.621283201000001,0.3325348017288986,-6.532318089225164e-18,0.38843524195389384,0.859382725243731
4.654649867666667,0.3357209370404751,2.0599841277224584e-17,0.3895019594749529,0.8576594172501328
4.688016534333334,0.3382992094414646,6.396792817664476e-18,0.3887252644149331,0.856998432727167
4.721383201000001,0.3403672327578747,-1.5178830414797062e-17,0.3879830934720907,0.8565157710425267
4.754749867666667,0.3419674582158319,1.599198204416119e-18,0.388032588390516,0.8558556933667963
4.788116534333334,0.34304660866262593,2.1975422783565568e-17,0.38889733077354,0.855030929500382
4.821483201,0.3436313239315284,-6.179952383167375e-18,0.3908138432736271,0.8539215731662727
4.854849867666667,0.3435940508053177,2.2876665839444144e-17,0.3939854962307061,0.8524778923884403
4.888216534333334,0.34267446444440514,-2.482822974991805e-17,0.3982305511268846,0.8508740444783341
4.921583201000001,0.34076351572974106,-5.204170427930421e-18,0.40394652404492015,0.848944893417431
4.9549498676666675,0.3378465407566247,-2.2768245622195593e-17,0.41040091462887845,0.8470128713133955
4.988316534333334,0.33403508059316694,-5.854691731421724e-18,0.41791573757128536,0.8448473242091527
5.021683201000001,0.3292629631625537,-5.204170427930421e-18,0.42727868838138855,0.842032554919639
5.055049867666667,0.3229800195626084,2.168404344971009e-18,0.43884215147780004,0.8385114626823374
5.088416534333334,0.3152157892117884,1.6046192152785466e-17,0.4527118858912745,0.8340809041120383
5.121783201,0.30653569995053015,-2.2985086056692694e-17,0.46853583417745376,0.8285590122299533
5.155149867666667,0.29744460980987103,4.336808689942018e-18,0.4861557492120104,0.8216929424080278
5.188516534333334,0.288015551223085,-8.673617379884035e-19,0.5050541365130256,0.8136137667497672
5.221883201000001,0.27844076388578415,2.6020852139652106e-18,0.5252003784027409,0.8041363712283625
5.2552498676666675,0.26909276033880836,-2.6020852139652106e-18,0.5467603537911999,0.7928695995277929
5.288616534333334,0.2600470524991079,8.673617379884035e-18,0.569676378725854,0.7796437353101245
5.321983201000001,0.25134194618925737,-1.474514954580286e-17,0.593505130455074,0.7645775867819445
5.355349867666667,0.2430420772995677,-1.734723475976807e-18,0.6165343364385528,0.7488764655496823
5.388716534333334,0.23540005393565375,-1.2576745200831851e-17,0.6389085719977196,0.7323814929631457
5.422083201,0.22850780617428768,-4.336808689942018e-18,0.6604549616319221,0.7152506037559077
5.455449867666667,0.2222570418639495,1.0842021724855044e-17,0.6807404446487646,0.6979930188485333
5.488816534333334,0.21673749030600004,1.1275702593849246e-17,0.70007931961897,0.6803776940330253
5.522183201000001,0.21173901709834816,8.673617379884035e-19,0.7185564188702018,0.6624524598328976
5.5555498676666675,0.2071951984070942,6.071532165918825e-18,0.7360387903609475,0.6444509669796749
5.588916534333334,0.20301131694624844,7.806255641895632e-18,0.7530482799821362,0.6258631585320357
5.622283201000001,0.19906342414522657,-4.336808689942018e-19,0.7701062508517517,0.6060611483725356
5.655649867666668,0.19533355628844729,-3.686287386450715e-18,0.7882350992229403,0.5835496809533097
5.689016534333334,0.19164367496990659,-4.9873299934333204e-18,0.806946972243748,0.5586674196967965
5.722383201,0.1878157327167602,2.0599841277224584e-17,0.8261901944560958,0.5311638288971354
5.755749867666667,0.1840278637553082,4.7704895589362195e-18,0.8462786581120436,0.49994617528863694
5.789116534333334,0.18033199449783674,-1.734723475976807e-18,0.8667330739347915,0.4650313433608315
5.822483201000001,0.1766010392802618,3.469446951953614e-18,0.8873051662983567,0.4260300632412898
5.8558498676666675,0.17299096711899387,1.1926223897340549e-17,0.9077336256301836,0.3822221738668717
5.889216534333334,0.16961738965630088,-1.0842021724855044e-17,0.926887828156907,0.334826664321638
5.922583201000001,0.16645949751580788,-1.0842021724855044e-18,0.9443408427518957,0.2837456755572222
5.955949867666668,0.1638044252039438,-3.144186300207963e-18,0.9595611773039512,0.22893330315762456
5.989316534333334,0.16168479635262126,-4.445228907190568e-18,0.9717256614434654,0.1720676190358636
6.022683201,0.1599861721966291,-3.7947076036992655e-19,0.9805515025977481,0.11368014540441514
6.056049867666667,0.15866496259768528,-1.9109063290057016e-18,0.9858262571687327,0.05451623905372539
6.089416534333334,0.15798383338345387,-6.547564682275742e-19,0.9874314445424291,-0.004500079812737385
6.122783201000001,0.1579633613779307,1.3569467815013891e-18,0.985483643840199,-0.06220582115549024
6.1561498676666675,0.1585848785322934,-2.1412992906588713e-18,0.9802831696479651,-0.1178802087113725
6.189516534333334,0.1597636224368334,3.74049749507499e-18,0.9722313467575722,-0.17100231965625032
6.222883201000001,0.16142181530535982,-7.047314121155779e-19,0.9616358081348263,-0.2218097609583539
6.256249867666668,0.1635631437379875,3.2526065174565133e-18,0.9489306816720582,-0.26977334818686166
6.289616534333334,0.1662474179907584,7.15573433840433e-18,0.9346822282167365,-0.3142147804722157
6.322983201,0.1692677617203932,-3.3610267347050637e-18,0.9193652116204944,-0.35512819164939863
6.356349867666667,0.17252229500086816,1.0625181290357943e-17,0.9035112846593647,-0.3923052589767542
6.389716534333334,0.1755640420736605,-1.4094628242311558e-17,0.8887749806468409,-0.42338670374371185
6.423083201000001,0.1781927193833814,-6.288372600415926e-18,0.8761893263925704,-0.44781650156564023
6.4564498676666675,0.1800010579511085,1.0625181290357943e-17,0.866396412130105,-0.46578629883731354
6.489816534333334,0.18111406771055572,-1.1763593571467723e-17,0.8597677751485117,-0.47749038450372444
6.523183201000001,0.1816145928211346,9.568084172184577e-18,0.8561202906458479,-0.4838121408345211
6.556549867666668,0.18156018141470584,-1.4463934607314433e-17,0.8550092760913705,-0.48579320530691833
6.589916534333334,0.1813438101693061,5.3261431723350405e-18,0.855840593041137,-0.48440819751143144
6.6232832010000005,0.18037066135062255,1.1492543028346347e-17,0.8576370291969244,-0.48158607815655663
6.656649867666667,0.17753991011279105,-1.3118846287074604e-17,0.8598567709931078,-0.4786709868943891
6.690016534333334,0.1741235210428419,9.540979117872439e-18,0.8631718504537206,-0.47393602522275413
6.723383201000001,0.17086931263003383,-1.2685165418080402e-17,0.8672274220386667,-0.46767539647228407
6.7567498676666675,0.16855171932523538,-3.0357660829594124e-18,0.8716325646599519,-0.4602683892435174
6.790116534333334,0.16719493086807696,-8.782037597132586e-18,0.8759834622839716,-0.4524365468184515
6.823483201000001,0.16667242471153487,9.351243737687476e-18,0.8795956144191583,-0.44556913934356035
6.856849867666668,0.166839548675079,-4.590918574118308e-18,0.8817150860909106,-0.4412970337058633
6.890216534333334,0.16722882733381683,1.0842021724855044e-18,0.88129521792671,-0.4419878484393768
6.9235832010000005,0.16782564039960163,-9.75781955236954e-19,0.8767614921948359,-0.4506926227804802
6.956949867666667,0.1690800463881317,-7.806255641895632e-18,0.866642999962949,-0.469405846287205
6.990316534333334,0.17153595175234615,-1.951563910473908e-18,0.8481984305827356,-0.5011335546672175
7.023683201000001,0.1759807300900595,-7.37257477290143e-18,0.8203403303097031,-0.5441254681636736
7.0570498676666675,0.18249715287635196,4.336808689942018e-18,0.7865052017539359,-0.5900036921969439
7.090416534333334,0.19052830162817613,0.0,0.7499923224029199,-0.6334117796626121
7.123783201000001,0.1993256931111859,9.540979117872439e-18,0.7128318788335978,-0.6724135487810372
7.157149867666668,0.2084802805384152,2.6020852139652106e-18,0.6773383385660735,-0.7055131095416832
7.190516534333334,0.21780357528084374,-7.806255641895632e-18,0.6455052277159703,-0.7320413947217981
7.2238832010000005,0.22740433104859706,-9.540979117872439e-18,0.6177637154759998,-0.7527650776049778
7.257249867666667,0.23676421410221077,-2.6020852139652106e-18,0.5932354021573564,-0.7694247621098258
7.290616534333334,0.24567456259066436,-1.214306433183765e-17,0.5708990927218154,-0.7834017074434378
7.323983201000001,0.25407247235841596,-2.6020852139652106e-18,0.5515052626262881,-0.7945370501651833
7.3573498676666675,0.2618676687482181,-1.474514954580286e-17,0.5351783544321672,-0.8031248053768799
7.390716534333334,0.26905294170323646,-3.3393426912553537e-17,0.5208851569171126,-0.8101167618709478
7.424083201000001,0.27585738090003414,8.239936510889834e-18,0.5086923601754954,-0.8155579612155457
7.457449867666668,0.2821780528467488,-2.6020852139652106e-18,0.4983708173824715,-0.8197573268188242
7.490816534333335,0.2881703405441691,4.336808689942018e-18,0.489045888943381,-0.8232812237250621
7.5241832010000005,0.2941847426679519,-7.37257477290143e-18,0.47981492637948303,-0.8265790788574572
7.557549867666667,0.30032089942966156,3.903127820947816e-18,0.47048060734866026,-0.8297320986165321
7.590916534333334,0.306236348947766,-2.5153490401663703e-17,0.4612935405330727,-0.8327229839782282
7.624283201000001,0.3116596592679084,4.336808689942018e-18,0.45316035928714654,-0.8351730033686169
7.6576498676666676,0.31637179860772746,4.553649124439119e-18,0.44664415091287857,-0.8369097248216355
7.691016534333334,0.32042770980658475,-1.1709383462843448e-17,0.44159096227544065,-0.8380474359036948
7.724383201000001,0.323928483186582,-6.288372600415926e-18,0.4379358197681028,-0.8386194342754525
7.757749867666668,0.326827264694403,-2.5153490401663703e-17,0.4350852769798229,-0.8389783911447097
7.791116534333335,0.32909816252139135,-9.432558900623889e-18,0.4329392675766355,-0.8392008043461653
7.8244832010000005,0.3306309903584276,-8.131516293641283e-19,0.4311202436689001,-0.8395346828532301
7.857849867666667,0.3312638712341006,2.816215143031098e-17,0.42970501561411556,-0.8400106232489386
7.891216534333334,0.33103524732939993,-3.186199134391776e-17,0.4293428315671413,-0.840285902540006
7.924583201000001,0.32994251917545664,-2.2442984970449942e-17,0.4305434633283365,-0.8401013392593747
7.957949867666668,0.3282693320590915,1.7780915628762273e-17,0.4328108283435237,-0.8395915867242066
7.991316534333334,0.3260609199615565,-7.48099499014998e-18,0.4353808480340416,-0.8391232291141643
8.024683201,0.32341752303696675,1.6263032587282567e-17,0.4381782209967998,-0.8386900216627791
8.058049867666666,0.32058655170036116,1.0408340855860843e-17,0.44211269644768564,-0.8377115413485888
8.091416534333334,0.31775032573491524,4.9873299934333204e-18,0.44674160358552834,-0.8363352617946861
8.124783201,0.3148159453292727,2.211772431870429e-17,0.45157726861481,-0.8348466272536674
8.158149867666667,0.3119603389970634,1.3010426069826053e-17,0.45739024758350283,-0.8327514084697422
8.191516534333333,0.3091611015665059,-3.686287386450715e-18,0.4631857820455573,-0.8305891551116172
8.224883201,0.30654166774236374,4.9873299934333204e-18,0.46863033163835743,-0.8285033604073392
8.258249867666667,0.30419158123186973,-9.324138683375338e-18,0.4737895075241223,-0.8264326859870105
8.291616534333333,0.30214380502984195,-6.613633252161577e-18,0.4783814490193187,-0.824536421461336
8.324983201,0.30055488033474737,2.168404344971009e-18,0.482835734218427,-0.8225183388038946
8.358349867666666,0.2992615807613501,-7.589415207398531e-18,0.48668177639655497,-0.8207212406193175
8.391716534333334,0.298152520768831,-5.095750210681871e-18,0.4903162604688916,-0.8189597298274158
8.425083201,0.2969243129822167,-1.485356976305141e-17,0.49388234199018516,-0.8172613930868926
8.458449867666667,0.2954002440129071,-1.0625181290357943e-17,0.4976673354550036,-0.815515738081266
8.491816534333333,0.29362498934633513,9.75781955236954e-18,0.5017945872779372,-0.8136255636408737
8.525183201,0.2915369220857818,-4.7704895589362195e-18,0.5061078163796809,-0.8117025940947461
8.558549867666667,0.289182901851382,-3.881443777498106e-17,0.510370098203137,-0.8098738248251603
8.591916534333333,0.28679539772712626,5.204170427930421e-18,0.5148058232782752,-0.8079129681848884
8.625283201,0.2842847135722094,2.0383000842727483e-17,0.5193761783564209,-0.80587256249673
8.658649867666666,0.2816071216289971,-4.7704895589362195e-18,0.5239183747044253,-0.8038699930305302
8.692016534333334,0.2786745620413952,1.214306433183765e-17,0.5289425568029743,-0.8015985654139913
8.725383201,0.27506746558267703,-2.6237692574149207e-17,0.5350743561547817,-0.7987698809816683
8.758749867666667,0.27058403767684297,-2.1033522146218786e-17,0.5429825871461045,-0.794955463287485
8.792116534333333,0.26525949310707875,5.637851296924623e-18,0.5530070110057413,-0.7898231745745826
8.825483201,0.25890650276662974,-6.071532165918825e-18,0.5655855443701393,-0.7829945177488068
8.858849867666667,0.25153825076933145,-1.3877787807814457e-17,0.5806178776895771,-0.7743457809707216
8.892216534333333,0.24272136833671426,-5.637851296924623e-18,0.5982753546587798,-0.7636445098085002
8.925583201,0.23177131586589922,-3.469446951953614e-18,0.6208374306974331,-0.7488944797411713
8.958949867666666,0.21854728609562285,-1.5612511283791264e-17,0.6504114861113727,-0.7274627017755849
8.992316534333334,0.20373499677056386,-4.336808689942018e-18,0.6884243826710249,-0.6961062565692947
9.025683201,0.18888516364668057,1.3877787807814457e-17,0.7336620630067223,-0.6527345342931433
9.059049867666667,0.17515254061330546,7.806255641895632e-18,0.7804532456194664,-0.6001785725254989
9.092416534333333,0.16448292451134713,-1.5612511283791264e-17,0.8235304292859008,-0.5429023849499781
9.125783201,0.15786447110365642,-4.336808689942018e-18,0.8574692224469793,-0.4897196558433569
9.159149867666667,0.15408101003135735,1.0625181290357943e-17,0.8822922007292529,-0.4447690579166322
9.192516534333333,0.15153374935894498,9.75781955236954e-19,0.9001654759707705,-0.40833765277713074
9.225883201,0.14999780980352792,5.204170427930421e-18,0.9126742631682171,-0.3801662089198573
9.259249867666666,0.1491472929707636,-4.336808689942018e-19,0.921350694289628,-0.35898187019891936
9.292616534333334,0.14900816309275658,-5.44811591673966e-18,0.9270202360311857,-0.3441366724433875
9.325983201,0.14952065079844534,-1.802486111757151e-18,0.928751695592859,-0.33921064682317825
9.359349867666667,0.15071829640472933,-2.3852447794681098e-18,0.927320310918233,-0.342579970353446
9.392716534333333,0.152324683964475,-1.463672932855431e-18,0.9236096500683889,-0.35177038669517263
9.426083201,0.15426637156669806,-3.577867169202165e-18,0.9175637374139459,-0.3664405468648317
9.459449867666667,0.15620027272760048,1.5720931501039814e-17,0.9104704016109827,-0.38294271450199857
9.492816534333333,0.1579695137428652,-9.64939933512099e-18,0.9033010515508048,-0.39886444187850767
9.526183201,0.1595016478603027,1.3118846287074604e-17,0.8968842212324198,-0.41250202185463775
9.559549867666666,0.16104971349820313,-4.0115480381963664e-18,0.8913082320593563,-0.42383089227352366
9.592916534333334,0.16263103580286437,3.0357660829594124e-18,0.8868311680403951,-0.4325293349424939
9.626283201,0.1639899975657415,-3.686287386450715e-18,0.8833763443902699,-0.43903703131976407
9.659649867666667,0.1648404879858275,-1.1167282376600696e-17,0.8809698291403141,-0.4435310289766436
9.693016534333333,0.16531384872003504,1.07742590890747e-17,0.8797757602979237,-0.4457195788986386
9.726383201,0.1655173637029565,-2.8731357570865868e-18,0.8796300334359617,-0.44593161649548013
9.759749867666667,0.165420174867972,-5.759824041329242e-19,0.8800906327496718,-0.44505802306320885
9.793116534333333,0.16512159952726335,1.5612511283791264e-17,0.880971379868975,-0.4434233701794624
9.826483201,0.16470860766443346,3.7947076036992655e-19,0.8818329297833369,-0.4418616961346392
9.859849867666666,0.1643266728549904,6.396792817664476e-18,0.8822409653339677,-0.44118887528472184
9.893216534333334,0.16404021065883778,1.8092623753351855e-18,0.881717501597344,-0.4423404307362617
9.926583201,0.16397502504683645,-4.431676380034499e-18,0.8798072351112268,-0.4461517905453565
9.959949867666667,0.16412136563145435,1.3850682753502319e-17,0.8764948472356671,-0.4525714972383824
9.993316534333333,0.16455743659369404,9.64939933512099e-18,0.8714830940388564,-0.46199357881487296
10.026683201,0.16537235455719335,-1.0842021724855044e-17,0.8648612994800811,-0.4739904186899094
10.060049867666667,0.16646831827259442,-9.64939933512099e-18,0.8573242444630105,-0.487117479533862
10.093416534333333,0.1676365302641829,1.1926223897340549e-18,0.8495561721635235,-0.5001522808703837
10.126783201,0.16885052688117275,-2.927345865710862e-18,0.841994329802754,-0.5123817406504269
10.160149867666666,0.16989185246090835,-1.8865117801247777e-17,0.8346429437263471,-0.523935029326365
10.193516534333334,0.17081738178436856,-1.2468324983583301e-17,0.8276027652635938,-0.5346915793318483
10.226883201,0.17167850595113257,1.1384122811097797e-18,0.8211997479196924,-0.5442035139642346
10.260249867666667,0.17256419200315892,5.692061405548898e-18,0.8153316044496944,-0.5526807165297014
10.293616534333333,0.17327895441046115,-4.662069341687669e-18,0.8095356381268343,-0.5609157285733719
10.326983201000001,0.17389974409146994,6.071532165918825e-18,0.8042131297300797,-0.5683309959650902
10.360349867666667,0.17460658078376426,3.3610267347050637e-18,0.7996694375339941,-0.5744922389563403
10.393716534333333,0.17525927182963436,8.51098705401121e-18,0.7959177290291047,-0.579481799761562
10.427083201,0.1758328188795565,-1.1221492485224971e-17,0.7931182682133096,-0.5831348321196308
10.460449867666666,0.17633512805702353,-1.463672932855431e-18,0.7911465542832509,-0.5856560870159658
10.493816534333334,0.17676725257474807,-2.846030702774449e-18,0.7898282798051998,-0.5873028408216109
10.527183201,0.17693296751044543,-3.144186300207963e-18,0.788878301239339,-0.5885284622188485
10.560549867666667,0.1770193296165133,-2.795208725939191e-19,0.7887940210174027,-0.5886154511642704
10.593916534333333,0.17694405602537855,-2.303929616531697e-18,0.7894534023358535,-0.5877534573081069
10.627283201000001,0.17684248368797242,-1.7997756063259374e-17,0.7906314667310476,-0.5861984474371981
10.660649867666667,0.1767755046784372,-2.588532686809142e-18,0.7919843928270809,-0.5843895468469673
10.694016534333333,0.17658790634378255,-2.2727588040727387e-17,0.7932084911771928,-0.5827838371622199
10.727383201,0.1764086383952863,9.364796264843545e-18,0.7942021827643511,-0.5814833490237373
10.760749867666666,0.1762891481246707,-2.017971293538645e-17,0.7950454455151182,-0.5803661566796818
10.794116534333334,0.17626912996901412,-9.974659986866641e-18,0.7961229657798592,-0.5788932692455909
10.827483201,0.1761903782270185,1.6940658945086007e-18,0.797530076414529,-0.5769772333762015
10.860849867666667,0.1760256688757681,1.2468324983583301e-18,0.799300542570439,-0.5745725424552068
10.894216534333333,0.175840669696174,-1.4040418133687282e-17,0.8014112503913513,-0.5716817879091235
10.927583201000001,0.17576594184353025,5.502326025363935e-18,0.8037804289423188,-0.5683690312967083
10.960949867666667,0.17560171399617697,-1.0001765041178778e-17,0.8059695443636222,-0.5653115349963244
10.994316534333334,0.17536033869125456,-1.3362791775883842e-17,0.8077263660046798,-0.5628737596255157
11.027683201,0.17512472971304582,1.5029752616080305e-17,0.8086130590565297,-0.561672724783903
11.061049867666666,0.1748546325790715,-1.4568966692773966e-17,0.8086769121698433,-0.5616649438847734
11.094416534333334,0.1746796569204654,-6.946305442195704e-18,0.8083128713203721,-0.562243114245043
11.127783201,0.17444043102240503,-6.7898161051904715e-18,0.8077301038518713,-0.5631541665975338
11.161149867666667,0.17423111811864658,7.645319381917315e-18,0.8070901035966601,-0.5641356948070728
11.194516534333333,0.1740594325675736,-7.369186641112413e-18,0.8067595748858386,-0.5646612278740903
11.227883201000001,0.17394405869737556,5.034763838479561e-18,0.8068791165106156,-0.564525956695467
11.261249867666667,0.17389909791699912,2.1013193355484683e-17,0.8074753867326646,-0.5636866182238034
11.294616534333334,0.17386295792959505,5.549759870410176e-18,0.8082509091477366,-0.5625852288514418
11.327983201,0.1737788529718522,4.784042086092288e-18,0.8089213912780553,-0.5616467688793044
11.361349867666666,0.173538437339182,1.5368565794982025e-17,0.8094815702348295,-0.5609135389844229
11.394716534333334,0.17315239578100877,2.4936649967166602e-18,0.8102051240798367,-0.5599874148140058
11.428083201,0.17282225815257038,-5.068645156369733e-18,0.8111482482200949,-0.558722638253112
11.461449867666667,0.17243372413131877,1.3986208025063007e-17,0.8121529112097657,-0.5573816103852967
11.494816534333333,0.1721260621514949,-1.8973538018496328e-18,0.8133668945488699,-0.5557039801730301
11.528183201000001,0.17185387996012289,5.1228552649940085e-18,0.8145842158389837,-0.5540025263919289
11.561549867666667,0.1716938636783629,-8.239936510889834e-18,0.8155975266239842,-0.5525594010964208
11.594916534333334,0.17157988966511045,3.7947076036992655e-19,0.8164365583177715,-0.5513544120660875
11.628283201,0.1714780040454467,9.493545272826198e-18,0.8171438605449294,-0.5503373559030122
11.661649867666666,0.17141156145118772,-5.736107118806122e-18,0.817575303711026,-0.5497169265746593
11.695016534333334,0.17143002052053186,-5.675120746603812e-18,0.8180738874730974,-0.5489689086815246
11.728383201,0.17141473215028916,1.6130895447510896e-17,0.8184445979313971,-0.5484208509153883
11.761749867666667,0.17146886925088803,-1.7115147732220393e-17,0.8187878706651497,-0.5478912754638934
11.795116534333333,0.1716012378658265,-4.445228907190568e-18,0.818759519143569,-0.5478922019655943
11.828483201000001,0.17176593125630424,2.4665599424045226e-18,0.8175013300290584,-0.5497163270818642
11.861849867666667,0.17263285209544293,2.168404344971009e-19,0.8127643476482802,-0.5564279050957621
11.895216534333334,0.1752305983123604,4.553649124439119e-18,0.7997257638478201,-0.5742237717589832
11.928583201,0.18064254655240053,6.938893903907228e-18,0.777324261718439,-0.6026070548200939
11.961949867666666,0.1881870460697586,-6.071532165918825e-18,0.7495718569742783,-0.6346082783289788
11.995316534333334,0.19692138297945766,8.673617379884035e-18,0.720307265367756,-0.6651160894038596
12.028683201,0.20640820187510414,1.3877787807814457e-17,0.6908839053675643,-0.6928745077593408
12.062049867666667,0.21603531905069437,7.806255641895632e-18,0.6622245588748551,-0.7174868462527159
12.095416534333333,0.2253493743566031,5.204170427930421e-18,0.6355505372869114,-0.738439688824623
12.128783201000001,0.23437908217228237,4.336808689942018e-18,0.6116588084162863,-0.7556056828312288
12.162149867666667,0.24274980505070612,1.3877787807814457e-17,0.5915105506471379,-0.7688873783727783
12.195516534333334,0.250009300930836,7.37257477290143e-18,0.575694778685474,-0.7785055370659593
12.228883201,0.25580919621402104,2.1250362580715887e-17,0.5643350004253861,-0.7849125189645124
12.262249867666666,0.26017564258507586,-1.8431436932253575e-17,0.5571767421326519,-0.7885827242793791
12.295616534333334,0.263317270340258,-1.680513367352532e-17,0.5537909516225544,-0.7899237919201707
12.328983201,0.26532176087974896,-1.1872013788716274e-17,0.5529208562066453,-0.7898625766393668
12.362349867666667,0.26605408921739104,1.464689372392136e-17,0.553527473383376,-0.7891910781430062
12.395716534333333,0.26569490098943555,-1.3660947373317356e-17,0.5566009706797088,-0.7871477491720469
12.429083201000001,0.2634657129363743,-3.903127820947816e-18,0.5630697773973078,-0.7832868209593943
12.462449867666667,0.2583157166100438,2.5587171270657905e-17,0.5751163326213273,-0.7762178782432382
12.495816534333335,0.24935971170520388,-1.214306433183765e-17,0.5950404875984933,-0.764033083247607
12.529183201,0.23701050962932774,-1.5612511283791264e-17,0.6235347591526418,-0.745003639221785
12.562549867666666,0.22044029138023197,1.8214596497756474e-17,0.6597260238817868,-0.7184480853543466
12.595916534333334,0.20179238583524955,-8.673617379884035e-18,0.7082520038210595,-0.6765049387124767
12.629283201,0.18371045669122749,-4.336808689942018e-18,0.7656989584958415,-0.6164053642374345
12.662649867666667,0.16847599029111582,-1.3877787807814457e-17,0.8228439364354296,-0.5427188010073675
12.696016534333333,0.15664574530935618,-3.469446951953614e-18,0.8746005525787726,-0.4588420032052235
12.729383201000001,0.14807126334573384,-8.673617379884035e-18,0.9164473675361416,-0.3717514270413419
12.762749867666667,0.1424614950379419,1.734723475976807e-18,0.9461423084514645,-0.2907222980606896
12.796116534333335,0.1388120888532505,6.179952383167375e-18,0.9646405639263007,-0.22405308838787769
12.829483201,0.13653489806235475,2.710505431213761e-18,0.9753752837046881,-0.17320876868421403
12.862849867666666,0.13545834573165824,1.8431436932253575e-18,0.9809665465682021,-0.13912466023569614
12.896216534333334,0.13540008402395526,3.843835514640015e-18,0.9833283049417307,-0.12137652963703004
12.929583201,0.13610108504733381,-3.198396408832238e-18,0.9836793592788703,-0.11769202512341206
12.962949867666667,0.1373516659600473,7.589415207398531e-19,0.9828051467957348,-0.12340406512677712
12.996316534333333,0.13894331761041168,-1.6263032587282567e-18,0.9812007202992405,-0.1339399155429917
13.029683201000001,0.1406396853704623,-6.2341624917916505e-19,0.9792985350318056,-0.14558453964434862
13.063049867666667,0.1420911243296926,2.6291902682773483e-18,0.9776040971381945,-0.15524284732424729
13.096416534333335,0.14322160129868863,-7.182839392716467e-19,0.97656225542804,-0.1606665310347473
13.129783201,0.14406023573292007,1.5856456772600502e-18,0.9761507958247608,-0.16240773470269695
13.163149867666666,0.14479303196728263,-4.546872860861084e-18,0.9761814574145707,-0.16156961376968765
13.196516534333334,0.1453713556162398,-3.1848438816761693e-19,0.9766342041983513,-0.15828076369587663
13.229883201,0.14584513599851875,-2.9510627882339824e-18,0.9775127534033637,-0.15230894011629184
13.263249867666667,0.14618401164856457,5.435410422530845e-18,0.9786782387074302,-0.1442883911437596
13.296616534333333,0.14638534506908243,3.4931638744767346e-18,0.9800040680738589,-0.1347715003540921
13.329983201000001,0.1466152575568558,1.4535085374883794e-18,0.981333387666285,-0.12445380067699774
13.363349867666667,0.1467356298729934,3.5914196963582334e-19,0.9824940376753366,-0.11477857316672922
13.396716534333335,0.1466594285244776,-2.270048298641525e-19,0.983477374797472,-0.10612853191459164
13.430083201,0.14651711887961932,2.0040799532036746e-18,0.9842050569500858,-0.09936367419280583
13.463449867666666,0.1464415676750956,-5.776764700274328e-19,0.984654441694636,-0.09492364145925354
13.496816534333334,0.14642044402205712,8.180220688108406e-19,0.9848187357102199,-0.0932368562667568
13.530183201,0.14633335277760123,3.909057051578596e-19,0.9846864175834011,-0.09475868768421146
13.563549867666667,0.14611423469025941,4.2859867131067597e-19,0.984271924009392,-0.09929456192425218
13.596916534333333,0.14590919221655418,-3.8709405689521525e-19,0.9836401477626637,-0.10565305171246969
13.630283201000001,0.1458122102451194,9.90022696662667e-19,0.9828781709589309,-0.11264679487610685
13.663649867666667,0.14577043652340324,-2.676624113323589e-18,0.9819973883608146,-0.1201337133710426
13.697016534333335,0.14565334040412478,-1.913235669610651e-18,0.9810671122833876,-0.1276417863595442
13.730383201,0.14550027901582702,7.043078956419507e-19,0.9801456842299832,-0.1347000612162241
13.763749867666666,0.14539244442799518,-3.09188201571501e-18,0.9793398160155393,-0.1405509226931722
13.797116534333334,0.1453300352445682,1.2599615090407718e-19,0.978688338963855,-0.14508037783236927
13.830483201,0.1453029023062963,4.6095532989579024e-18,0.9781410723131746,-0.14875183775469772
13.863849867666667,0.14519028160433356,1.1079190950086248e-18,0.9777692604540349,-0.15128468342441048
13.897216534333333,0.14508539125688447,6.877907531704919e-19,0.9775110656122681,-0.15304360767246988
13.930583201000001,0.14492631562938238,-2.3310346708438345e-18,0.9772797957120023,-0.15466274254389817
13.963949867666667,0.14478491342377645,3.54440936778562e-18,0.9769612343484695,-0.15679309750491102
13.997316534333335,0.1446276983710898,2.0853951161400874e-18,0.9765589894076231,-0.15942198427771254
14.030683201,0.1445271496805305,3.076423664427619e-18,0.9760346067410186,-0.16269096302230981
14.064049867666666,0.14443740800881533,5.965441289275224e-18,0.9754886682230873,-0.16601112413342287
14.097416534333334,0.14442674687598625,-5.306661414548192e-19,0.9750979271850425,-0.1683001698937154
14.130783201,0.14445490775575012,1.8664370992748508e-18,0.9747538616269597,-0.1702577130957882
14.164149867666668,0.14456380643435596,2.4614777447209968e-18,0.9744819290181876,-0.17171568328548714
14.197516534333333,0.144771718798679,-1.3891340334970526e-19,0.9742897337625959,-0.17262868858010355
14.230883201000001,0.14491575823482272,4.2351647362715017e-19,0.9742067041114181,-0.17297606967321894
14.264249867666667,0.1449600666210785,4.4376056106652795e-18,0.9741967998164727,-0.1729947233662238
14.297616534333335,0.1449937134658233,-2.2950357705855268e-18,0.9742520632049396,-0.1726549750117526
14.330983201,0.14497427431163418,6.251950183683991e-18,0.974358660945176,-0.17206876424539932
14.364349867666666,0.144919513309138,-1.5043305143236374e-18,0.9744790166362497,-0.1714321463375243
14.397716534333334,0.14485637806068694,2.303929616531697e-18,0.9745544094712049,-0.17105651906715105
14.431083201,0.14477099899010193,7.19130972218901e-19,0.9746553648424175,-0.170552858772
14.464449867666668,0.1447528340947328,4.437182094191652e-18,0.9747642349518917,-0.16994500075081942
14.497816534333333,0.14485333047593013,-4.135214848495494e-18,0.9748363043813625,-0.16944524870918853
14.531183201000001,0.14496925905232533,-1.562352271210557e-18,0.9749831761838612,-0.16849842755423428
14.564549867666667,0.14500818096892276,5.803022721639212e-18,0.9751122829512495,-0.16771601918029952
14.597916534333335,0.1450290762316364,-8.927727264060326e-19,0.9751414429057923,-0.16752830619034992
14.631283201,0.1450477613420577,1.5293179862676393e-18,0.9750973455268556,-0.16776863138303771
14.664649867666666,0.1450516682889506,-6.564505341220828e-19,0.9750239123639713,-0.16819150943209665
14.698016534333334,0.14505960469629373,-6.481072595916279e-18,0.9748473045642991,-0.16920533049840894
14.731383201,0.14507933527969072,2.4919709308221516e-18,0.9746394543711552,-0.17038169050076996
14.764749867666668,0.14508762579927473,-1.5661639194732013e-18,0.9745224195798969,-0.1710427858054031
14.798116534333333,0.14508150088862143,-2.7731858693105793e-18,0.9744508032011651,-0.17145550513328403
14.831483201000001,0.1450813116289291,-5.755588876592971e-19,0.9743487594361507,-0.17203461280005214
14.864849867666667,0.14504258795035155,1.3315357930837601e-18,0.974334948045224,-0.17214545215710836
14.898216534333335,0.14512576681433176,-7.503864879725847e-18,0.9743469881724015,-0.17200714649665713
14.931583201,0.1452681093338804,4.008159906407349e-18,0.9744439012440178,-0.17133668532716154
14.964949867666668,0.14541662751618506,4.573977915173222e-20,0.9746013749717114,-0.17031196183788397
14.998316534333334,0.14546562787152065,-3.400837283226016e-19,0.9747316830235694,-0.16952255666425162
15.031683201,0.1454186473172751,2.9620742165482883e-18,0.9748704562153253,-0.1687631790733324
15.065049867666668,0.14543970770050613,-7.415773453211399e-19,0.9749269703614057,-0.16841821126565348
15.098416534333333,0.14546832819167324,-1.4729902952752283e-18,0.9747869153526135,-0.1692023497190756
15.131783201000001,0.14548067287634664,2.089630280876359e-18,0.9745934797983652,-0.17030244553135138
15.165149867666667,0.14549932395384024,-1.282990217294248e-18,0.9745120136371364,-0.17075210688559445
15.198516534333335,0.14547579046806633,1.2934193104573166e-18,0.974523438627011,-0.17070694758643526
15.231883201,0.14536300508990613,5.773376568485311e-18,0.974599806245413,-0.1703667057192673
15.265249867666668,0.14531287904103476,3.279711571768651e-18,0.9747511089890533,-0.16954186123024842
15.298616534333334,0.1454438330222036,-2.4072676360967216e-18,0.9749197791262099,-0.1684562723804353
15.331983201,0.14568695070891666,-1.4873898553785514e-18,0.9751605667082435,-0.16684478274850323
15.365349867666668,0.14613538038923737,-3.787931340121231e-18,0.9753907042112288,-0.16509822753989886
15.398716534333333,0.14656076431794196,2.3649159887340065e-18,0.9755752767775132,-0.16362402544559132
15.432083201000001,0.14695053361997165,-1.8295911660692887e-18,0.9756468159907721,-0.16284603500200456
15.465449867666667,0.14733325479379628,1.7889335846010823e-18,0.9755942102992047,-0.162815382757704
15.498816534333335,0.14780849036998092,-4.0657581468206416e-20,0.9755492576194781,-0.162653915208434
15.532183201,0.14832542792723313,-2.100641709190665e-18,0.9755174050562826,-0.1623741354479216
15.565549867666668,0.14891444050214422,-8.944667923005412e-19,0.9755686488560757,-0.16152492308948646
15.598916534333334,0.14953641592160272,4.187730891225261e-18,0.9756353725007608,-0.16054432484090736
15.632283201,0.15044825494156075,2.8324781756183803e-18,0.975654183624105,-0.15957517526802315
15.665649867666668,0.1516654551307725,5.000882520589389e-18,0.975653548202718,-0.15842267388042125
15.699016534333333,0.15331174463884567,1.8973538018496328e-19,0.9757891729421929,-0.15598397008854606
15.732383201000001,0.15550091450307146,3.767602549387128e-18,0.9762516935133624,-0.15083798096301984
15.765749867666667,0.15854775684747013,6.776263578034403e-19,0.9771389662547241,-0.14164056419431836
15.799116534333335,0.16172366532201451,2.710505431213761e-20,0.9788044836927966,-0.12564727922916263
15.832483201,0.164505991274072,-1.3010426069826053e-18,0.9811601461664996,-0.10130422700691359
15.865849867666668,0.16672756562253893,-2.0328790734103208e-19,0.98354746894815,-0.06954347695701021
15.899216534333334,0.16864342726884096,-7.386127300057499e-19,0.9852222531567636,-0.029941715443993756
15.932583201,0.17056420251525076,-1.8465318250143747e-19,0.9852255653162972,0.015441446419266598
15.965949867666668,0.17281338909341612,1.2265037076242269e-18,0.982670609050182,0.06703735271467898
15.999316534333333,0.17556389076721707,1.8973538018496328e-19,0.9763767019342242,0.125959740309052
16.032683201,0.17927251774374114,-7.589415207398531e-19,0.9648079065371868,0.19237221178005628
16.066049867666667,0.18466034261625763,-2.3852447794681098e-18,0.9465785607111884,0.26436638641624144
16.099416534333333,0.19154415877028955,-6.505213034913027e-19,0.9209835776291297,0.33926403431314517
16.132783201000002,0.19988650187706594,-4.336808689942018e-18,0.8885996813488365,0.41283894277804745
16.166149867666668,0.2100478247057258,3.0357660829594124e-18,0.8514587782527643,0.4805183245961621
16.199516534333334,0.2212706220105305,-1.6479873021779667e-17,0.8119662653697565,0.5401389596544238
16.232883201,0.23330524923491622,8.673617379884035e-18,0.7729167329502847,0.5900579502090383
16.266249867666666,0.24543382038721367,2.6020852139652106e-18,0.7375071954372964,0.6291624404621992
16.299616534333335,0.2573696599715246,5.204170427930421e-18,0.7066441278119026,0.6591016118589739
16.332983201,0.26935764221126807,-1.3010426069826053e-17,0.678615127039896,0.6833212787079095
16.366349867666667,0.28248795952678385,8.673617379884035e-18,0.6519906974968597,0.7036395974502521
16.399716534333333,0.29771881688868446,-1.8214596497756474e-17,0.6267199103791834,0.7201289190170814
16.433083201000002,0.31259566638169956,5.204170427930421e-18,0.6041132520029727,0.7330287362128266
16.466449867666668,0.32414176632456515,4.336808689942018e-18,0.5868849510240054,0.7419556385563372
16.499816534333334,0.3306891515208918,1.6479873021779667e-17,0.5756233606139449,0.7478652497488443
16.533183201,0.33331523730705864,-2.7863995832877464e-17,0.5705535267181973,0.7505795265848694
16.566549867666666,0.3338280584538975,-2.30850359444687e-17,0.5703416271917363,0.7505126619059695
16.599916534333335,0.3332401364183947,2.916503843986007e-17,0.573159543892375,0.7486248384370734
16.633283201,0.3323904018648803,6.505213034913027e-19,0.5772834129742928,0.7458287215258309
16.666649867666667,0.33178169742567915,-8.239936510889834e-18,0.5818316828182718,0.7425582792765785
16.700016534333333,0.33121170523483745,9.432558900623889e-18,0.5855552200876705,0.7398809975553575
16.733383201000002,0.3305832351505159,-1.951563910473908e-17,0.5874050343427664,0.7386948289152918
16.766749867666668,0.3303512330707437,4.2825985813177425e-18,0.5873823505991471,0.7388166464105016
16.800116534333334,0.3307544815492538,1.620882247865829e-17,0.5862264063466773,0.7395539692523763
16.833483201,0.33148367846330523,1.7618285302889447e-17,0.5848077298392907,0.7403502482154316
16.866849867666666,0.33234801840417927,-2.6942423986264785e-17,0.5834675350263816,0.7410198581907597
16.900216534333335,0.3334087307781257,3.686287386450715e-18,0.5816347177963809,0.7419836071604572
16.933583201,0.33465766285418813,3.2526065174565133e-19,0.5793807261211298,0.7431838419209106
16.966949867666667,0.33599454762403486,-6.396792817664476e-18,0.5770401552895381,0.744400646930365
17.000316534333333,0.3371439788034069,2.1575623232461538e-17,0.574652994367705,0.7457264066806527
17.033683201000002,0.3379107439308691,-1.2576745200831851e-17,0.5723410202407208,0.74715599822654
17.067049867666668,0.33833237937486066,6.342582709040201e-18,0.570075062168664,0.7486959493412125
17.100416534333334,0.33845843041144186,-1.5504091066542713e-17,0.5679968049382392,0.7502169822547173
17.133783201,0.3382863589080349,1.6479873021779667e-17,0.5658311117402747,0.7519291804176169
17.167149867666666,0.33798677531809973,9.75781955236954e-18,0.5635867946196202,0.7537472153450749
17.200516534333335,0.3376457738732704,-1.737433981408021e-17,0.5612569939312948,0.7556361016711198
17.233883201,0.3372691389786393,1.3823577699190182e-17,0.5587307164601606,0.7576737519384731
17.267249867666667,0.3367843788175409,-5.4752209710517974e-18,0.5562749251197479,0.7596936816029881
17.300616534333333,0.33623155502781027,-1.3552527156068805e-17,0.5540431163580481,0.7615671780085086
17.333983201000002,0.33561167235725703,-1.9542744159051217e-17,0.5526245049520689,0.762870213014013
17.367349867666668,0.33491498424802063,-1.180425115293593e-17,0.5519563383672942,0.763659710775891
17.400716534333334,0.33447028830473746,-9.222494729704822e-18,0.5516809008558107,0.7640535386164159
17.434083201,0.33454011054722893,2.0877668083923995e-17,0.551579532363084,0.7640961548870467
17.467449867666666,0.3350538786050689,-1.3308581667259567e-17,0.5510873782864008,0.7642261444920092
17.500816534333335,0.33585964817501734,-2.916503843986007e-17,0.5496459393859368,0.7649102156752156
17.534183201,0.33673507112452067,-1.0625181290357943e-17,0.5473525498650047,0.7661688312839682
17.567549867666667,0.33762351419123476,5.7462715141731735e-18,0.5442997765306499,0.767950594721982
17.600916534333333,0.33854801432573595,-1.973247953923618e-17,0.540827644991794,0.7699939612806916
17.634283201000002,0.33950375329359844,7.806255641895632e-18,0.5375902732051729,0.7718380009138881
17.66764986766667,0.3404304057695844,-4.553649124439119e-18,0.5341945776264396,0.7737850425422206
17.701016534333334,0.34137227483924715,5.637851296924623e-18,0.5313165254984944,0.7753500626834857
17.734383201,0.34229782720208995,2.710505431213761e-18,0.5293781489420748,0.7762673334073712
17.767749867666666,0.34321248337812493,1.0950441942103595e-17,0.5282972782712646,0.7765997534281056
17.801116534333335,0.34421497183313704,-1.6303690168750773e-17,0.528595853753895,0.7759526252034358
17.834483201,0.3452510067600593,3.098107707877329e-17,0.5304435534989244,0.7742295388853356
17.867849867666667,0.34611666485247133,-1.0842021724855044e-18,0.5341737472434334,0.7712727546512391
17.901216534333333,0.3468001313217785,2.3310346708438345e-17,0.540798033483231,0.7663335800393114
17.934583201000002,0.34736731211348726,1.5612511283791264e-17,0.5516521154090334,0.758298024552214
17.96794986766667,0.34730245136818605,-2.3852447794681098e-18,0.5654133234362422,0.7481235064843454
18.001316534333334,0.34621192549806296,1.431146867680866e-17,0.5795177994763341,0.7377644764645634
18.034683201,0.34422139339607566,-8.239936510889834e-18,0.593013105451061,0.7279059617091711
18.068049867666666,0.34160223322680516,2.992397996059992e-17,0.604530604950934,0.7196184141141174
18.101416534333335,0.3387653656739172,-2.168404344971009e-18,0.6147263154535786,0.7122847633556996
18.134783201,0.33610575475013615,7.15573433840433e-18,0.624734140337717,0.7047979678747203
18.168149867666667,0.33372411716994776,6.505213034913027e-19,0.635238763603022,0.6964911534508125
18.201516534333333,0.3314832249194322,-2.927345865710862e-17,0.6463654499933125,0.6872631058422648
18.234883201000002,0.32921182081190603,-4.336808689942018e-18,0.6578322465757468,0.6774040983067755
18.26824986766667,0.3267869474775277,-1.5178830414797062e-17,0.6685193401308438,0.6680510331025173
18.301616534333334,0.32424362376344074,2.1033522146218786e-17,0.6783474267842683,0.6593260506182917
18.334983201,0.32192637714311034,1.7564075194265172e-17,0.6873276889896136,0.6511098644988486
18.368349867666666,0.32008013664848645,2.233456475320139e-17,0.6951865456362148,0.6436337257240902
18.401716534333335,0.31878041672528684,-5.5294310796760726e-18,0.7019259874863625,0.63692931633247
18.435083201,0.31784381017540236,-2.3852447794681098e-18,0.7075455089634481,0.6311534402020146
18.468449867666667,0.31715121425027504,1.7780915628762273e-17,0.712157608931429,0.6262959742331465
18.501816534333333,0.31665072577562714,3.63207727782644e-18,0.7156268160564035,0.6225837919563465
18.535183201000002,0.3161130292719384,1.0733601507606494e-17,0.7182548617573612,0.619824577026785
18.56854986766667,0.31535795727161564,-8.673617379884035e-19,0.7205715434871939,0.6175159993894547
18.601916534333334,0.3143216325927703,2.6129272356900657e-17,0.7232139370206612,0.6149500081984637
18.635283201,0.3130439116659665,1.3660947373317356e-17,0.7266376346118845,0.611556422036852
18.668649867666666,0.3115553623308546,2.6020852139652106e-18,0.7304104376162461,0.6078107014722052
18.702016534333335,0.30998859133079854,6.7220534694101275e-18,0.7344022496622218,0.6037883809215072
18.735383201,0.30845700746847843,-1.5178830414797062e-17,0.7385376686085181,0.5995134582224872
18.768749867666667,0.307010908898372,-2.710505431213761e-18,0.7424749280151234,0.595378268906695
18.802116534333333,0.3057370762422089,1.214306433183765e-17,0.74603780517405,0.5915677758819794
18.835483201000002,0.30467014520334185,2.190088388420719e-17,0.7489751516567759,0.5883981006278689
18.86884986766667,0.30381386803661087,-1.235990476633475e-17,0.7510435052866954,0.586200295765284
18.902216534333334,0.3032904538108186,-2.5234805564600116e-17,0.7525221255579798,0.5845727937331054
18.935583201,0.3029700447899071,1.9109063290057016e-17,0.7538274169997413,0.5830552095123581
18.968949867666666,0.30271388134001953,-1.734723475976807e-18,0.7551670495777019,0.5814525202251424
19.002316534333335,0.302630865412092,-6.80336863234654e-18,0.7564916133396867,0.5797715052041159
19.035683201,0.30253516454387375,1.0842021724855044e-18,0.7577146728262688,0.5782222313247664
19.069049867666667,0.30249496277998195,-1.3918445389282663e-17,0.7586664729846493,0.576993917005864
19.102416534333333,0.30256557949936297,-1.1539976873392588e-17,0.7592230325662411,0.5762243112913018
19.135783201000002,0.3027385987060712,-2.690176640479658e-18,0.7593513605511708,0.5759642802141207
19.16914986766667,0.3031515033012121,-3.577867169202165e-18,0.7593999273029929,0.575682999973444
19.202516534333334,0.30368634081824736,-6.640738306473715e-19,0.7594664713386251,0.5753132062736616
19.235883201,0.3041238423189619,2.791820594150174e-18,0.7595783893671734,0.5749342214023464
19.269249867666666,0.30438318658079705,1.4462240541419924e-17,0.7600695419292416,0.5741473392417602
19.302616534333335,0.304630122130253,5.149960319306146e-18,0.7611377278534424,0.5725992035700069
19.335983201,0.30460455188441327,7.101524229780054e-18,0.7625796772902896,0.5706910747112957
19.369349867666667,0.30428274894777674,-7.860465750519907e-18,0.764214240449273,0.5686726680501932
19.402716534333333,0.30371539940362485,-8.131516293641283e-19,0.7659818824054105,0.5665939568966127
19.436083201000002,0.3030585565983801,-4.119968255444917e-18,0.767706922304909,0.5646074678195737
19.46944986766667,0.3024087907645173,2.2714035513571318e-17,0.7694124041156448,0.5626308520347298
19.502816534333334,0.3018224869972974,-1.9244588561617704e-17,0.7711116474271483,0.560615745002721
19.536183201,0.3013314911880827,-1.2468324983583301e-18,0.7728271679529869,0.5585136532728024
19.569549867666666,0.3008606598523026,1.0869126779167182e-17,0.7741830322121384,0.5568873279111818
19.602916534333335,0.30042135279217075,9.920449878242366e-18,0.7751004353033702,0.5558473945059456
19.636283201,0.3000672155538113,8.104411239329146e-18,0.7756732036592014,0.5552393603436752
19.669649867666667,0.29980520381170156,3.672734859294646e-18,0.7760546600606152,0.5548477307925368
19.703016534333333,0.29946858711607827,-9.0801931945661e-18,0.7763527232982822,0.5546124902650865
19.736383201000002,0.299087196965045,1.9786689647860456e-17,0.7766200026471726,0.554444063995547
19.76974986766667,0.2986714030069991,3.1712913545201005e-18,0.7770828915143869,0.5540194696411582
19.803116534333334,0.2981444030868439,-1.6263032587282567e-19,0.7776696836063526,0.5534796998152551
19.836483201,0.2976205533320362,7.697835424647081e-18,0.7786870715334209,0.5523300198803591
19.869849867666666,0.2970514040238129,1.0625181290357943e-17,0.78012382949291,0.5506062785918796
19.903216534333335,0.2965105875392886,8.348356728138384e-18,0.7817337219246939,0.5486108452107663
19.936583201,0.2960481269342911,5.854691731421724e-18,0.7836011862717881,0.5461910722559868
19.969949867666667,0.2956399874520496,3.7947076036992655e-19,0.7853967853426137,0.5438279943077964
20.003316534333333,0.2953390028958453,-1.0706496453294356e-17,0.7867685655543318,0.5420056250852631
20.036683201000002,0.29515213506946975,-1.8119728807663993e-17,0.7877676578268922,0.54065454261096
20.07004986766667,0.2950624545800447,1.1533200609814553e-17,0.7884492836442653,0.5397090651620039
20.103416534333334,0.29502286094211655,-8.131516293641283e-20,0.7889354562110227,0.5390198117459452
20.136783201,0.2949732889535364,-2.7647155398380363e-18,0.7894883704919999,0.5382368174528941
20.170149867666666,0.2948279688586107,-8.009543549236664e-18,0.7902845669069425,0.5371468812972973
20.203516534333335,0.2945731800431685,-6.776263578034403e-19,0.791612779080096,0.5353277963980034
20.236883201,0.2941588197033318,-1.555830117516699e-17,0.7937266761897513,0.5324176483696916
20.270249867666667,0.2934568893626971,-8.944667923005412e-18,0.7964353387738158,0.5287473926534364
20.303616534333333,0.29255014598640805,1.0083080204115191e-17,0.8000298286063273,0.5238002342720574
20.336983201000002,0.29150614016898835,6.613633252161577e-18,0.8042282540667649,0.5179199606160215
20.37034986766667,0.2902993980923762,1.3118846287074604e-17,0.8089410306184455,0.5112148945885395
20.403716534333334,0.28887601587856016,1.485356976305141e-17,0.8132458932908808,0.5051551885268994
20.437083201,0.28731231678028274,1.3335686721571705e-17,0.8161572457961959,0.5013371946711264
20.470449867666666,0.2862189174286398,1.9136168344369153e-17,0.8180161603469908,0.49892714169219515
20.503816534333335,0.2856368987982363,-4.1470733097570545e-18,0.8192953671500744,0.49715858979942296
20.537183201,0.285455523065346,2.0735366548785272e-18,0.8204225432157076,0.4954008426869702
20.570549867666667,0.2854851202080189,-7.298035873543052e-18,0.8213303225433164,0.49387725945897243
20.603916534333333,0.28533571214173176,2.4801124695605914e-18,0.8221158650534297,0.4926550880728034
20.637283201000002,0.28514033960114665,-5.353248226647178e-18,0.8229102881648869,0.4914403772224314
20.67064986766667,0.28468112327311607,1.3118846287074604e-17,0.8237581325715488,0.4902848122002063
20.704016534333334,0.2841272937985066,1.2197274440461925e-18,0.8247086846712209,0.4890064072653873
20.737383201,0.28364604287523637,-1.2766480581016815e-17,0.8259573721610657,0.4871748574526467
20.770749867666666,0.2831807168043946,-1.1302807648161384e-17,0.8274242363515106,0.4849513529502404
20.804116534333335,0.2826855063102098,3.7161029461940664e-17,0.8287983501536492,0.4828894276174716
20.837483201,0.2822137316326199,2.0383000842727483e-17,0.8298723388573842,0.4813183051550882
20.870849867666667,0.28177159739996616,1.8431436932253575e-18,0.830719172549128,0.4801150104485006
20.904216534333333,0.2814261114242585,-1.1072414686508214e-17,0.8314642843576534,0.4790266043198814
20.937583201000002,0.2811860492869189,4.580754178751256e-18,0.8322068307005129,0.47787675882158365
20.97094986766667,0.2809671738641625,2.4015078120553923e-17,0.8328848458570198,0.4768231126450502
21.004316534333334,0.28074085926799003,-1.2278589603398338e-17,0.8336191478671041,0.47567182620667586
21.037683201,0.28054856430205644,-7.359022245745361e-18,0.8343000335588455,0.47459030444348976
21.071049867666666,0.2804579318148424,-1.4230153513872246e-17,0.8350728302674225,0.4732829139439726
21.104416534333335,0.2804852272509186,1.9739255802814215e-17,0.8358979102218888,0.471807928060434
21.137783201,0.2805867542512069,-1.4657058119288413e-17,0.8365746963790707,0.47054633216829855
21.171149867666667,0.28076512656051633,5.404070203482436e-19,0.8370599792120819,0.4695759096343493
21.204516534333333,0.28094186101692464,9.835746583516936e-18,0.8372908704503347,0.4690582788831979
21.237883201000002,0.28105666855802147,-2.2939346277540962e-17,0.8373049114916161,0.4689644274900639
21.27124986766667,0.2810678752578804,-1.3925221652860698e-18,0.8374010807858298,0.4687859633102778
21.304616534333334,0.28101433862553715,-1.4230153513872246e-18,0.8376152421646386,0.46843531845957775
21.337983201,0.28092396221345906,-2.042365842419569e-17,0.8378193449337592,0.4681244201161245
21.371349867666666,0.28079021467097176,2.1616280813929745e-17,0.8381250782772802,0.46765714846213235
21.404716534333335,0.2807263173967483,-8.056977394282905e-18,0.8385113769881226,0.46700257534872625
21.438083201,0.2807576651821221,9.219106597915805e-18,0.8389434957692197,0.46620697586802035
21.471449867666667,0.2808480673091713,-1.5990287978266682e-17,0.8392337080150456,0.46562983841246747
21.504816534333333,0.2809035130866583,5.955488652144986e-18,0.839405634985755,0.46528635944946317
21.538183201000002,0.28098406639190115,5.319366908757006e-18,0.8394590128561014,0.46514139803777044
21.57154986766667,0.28097580444319764,-1.2279013119871965e-17,0.839308389733386,0.46541811765406027
21.604916534333334,0.2809837822087331,1.5270309973100527e-17,0.8389618523476506,0.46603768564470616
21.638283201,0.2811071811098005,-2.047109226924193e-17,0.8385748311762595,0.4666594103264285
21.67164986766667,0.28119796821684223,9.208942202548753e-18,0.8381353030029874,0.4673937489214103
21.705016534333335,0.2813437419744138,-1.2942663434045709e-17,0.8377897653061059,0.4679252162473984
21.738383201,0.28143895763361043,1.2000762796698927e-17,0.837616093949029,0.46817880375309406
21.771749867666667,0.281370557815705,2.0311850075158122e-18,0.8374259449815153,0.4685599170504188
21.805116534333333,0.28127513347101163,7.572474548453445e-18,0.8374830551407996,0.46851513491337393
21.838483201000003,0.28107185686310365,-9.63584680796492e-18,0.8375761013031492,0.4684707950399299
21.87184986766667,0.2809282981024041,-2.9205696021328276e-18,0.8378101213503718,0.46813832559208646
21.905216534333334,0.2808122231167846,4.6485168145316e-18,0.8380735101867485,0.4677363433297346
21.938583201,0.28069818443847155,-2.927345865710862e-18,0.8382649898681421,0.4674615877420405
21.97194986766667,0.2804707965174492,4.8382521947165635e-18,0.8382747504066849,0.4675805546977738
22.005316534333335,0.28010140116953275,-9.351243737687476e-18,0.8382279704760499,0.4678857494885551
22.038683201,0.2795308634209898,-7.047314121155779e-19,0.8382338669160381,0.46821627561427387
22.072049867666667,0.27866217068586424,-2.791820594150174e-18,0.8383602025313812,0.46850780723503804
22.105416534333333,0.27730169169577273,-8.131516293641283e-19,0.8383866771547288,0.46926703629395816
22.138783201000003,0.27552881146607655,1.3010426069826053e-17,0.8388093524140665,0.4695559012032389
22.17214986766667,0.27348108635311197,1.5720931501039814e-17,0.8397964509402729,0.468988290253865
22.205516534333334,0.27129085007188586,2.699663409488906e-17,0.8414079371307873,0.4673691881164037
22.238883201,0.2688296520320294,5.854691731421724e-18,0.8434597741548073,0.46508733327307417
22.27224986766667,0.26605621024877374,-4.553649124439119e-18,0.8458810881725805,0.4622761919675635
22.305616534333335,0.2630043423734533,1.0842021724855044e-19,0.8487780795818357,0.4586986892439067
22.338983201,0.25884570805307855,1.713039432527097e-17,0.8523165702058386,0.45448362299983514
22.372349867666667,0.2526940048715004,-5.854691731421724e-18,0.8563409602412853,0.4503619652180186
22.405716534333333,0.24474154834810302,-1.2793585635328952e-17,0.8605536913666122,0.4467089866876094
22.439083201000003,0.23630349989348925,-4.9873299934333204e-18,0.8652832203916689,0.4420923030846727
22.47244986766667,0.2280595060189698,9.974659986866641e-18,0.8702707457604995,0.43659785934867784
22.505816534333334,0.21959005840984108,-2.168404344971009e-17,0.8749041619925053,0.43165137967549094
22.539183201,0.21059087052175313,6.5052130349130266e-18,0.879044942628719,0.4277048913582383
22.57254986766667,0.2012151326404429,8.673617379884035e-19,0.8828049931354289,0.42446179391276734
22.605916534333335,0.19150937521545536,7.806255641895632e-18,0.8856680682436603,0.4229849076481678
22.639283201,0.181272395229445,-2.6020852139652106e-18,0.8871991585530669,0.4242852481415187
22.672649867666667,0.17096476107524236,-5.204170427930421e-18,0.8873402400003892,0.4282503344383249
22.706016534333333,0.16064818817226978,7.37257477290143e-18,0.8848987303479299,0.4372029238987183
22.739383201000003,0.15032528325709127,-6.5052130349130266e-18,0.8786044306951095,0.45327316661875955
22.77274986766667,0.13960586232335528,-4.336808689942018e-19,0.8663597218870884,0.4795112464756998
22.806116534333334,0.12777420083814042,-7.806255641895632e-18,0.8463952353271682,0.516999863844897
22.839483201,0.11462175514539827,1.1709383462843448e-17,0.8157792797543058,0.5668915416293797
22.87284986766667,0.10170317588560233,-9.540979117872439e-18,0.7707477942096822,0.6289708274122828
22.906216534333335,0.09044295113787795,1.1926223897340549e-18,0.7032122072015935,0.705203987674584
22.939583201,0.08176410098029033,4.119968255444917e-18,0.6066049374608539,0.7907876337165362
22.972949867666667,0.07617331684488564,-8.673617379884035e-19,0.4823095879717305,0.87268269557233
23.006316534333333,0.07350842988277775,3.469446951953614e-18,0.3333112108862464,0.9399468854322105
23.039683201000003,0.07363877637471161,-8.673617379884035e-19,0.17839618663980833,0.9811993330645971
23.07304986766667,0.07605944992943027,8.673617379884035e-19,0.03926398124302627,0.9963299151653432
23.106416534333334,0.07993517447268454,0.0,-0.07917022579985425,0.9936510671401816
23.139783201,0.0844317081961794,1.734723475976807e-18,-0.16856747848403844,0.9820673560650556
23.17314986766667,0.08912706595236686,-4.336808689942018e-19,-0.238303875447724,0.9670923580823697
23.206516534333335,0.0937567235320726,1.0842021724855044e-18,-0.2889276733023665,0.9527489052172202
23.239883201,0.09807988590098936,-8.673617379884035e-19,-0.3260981445200841,0.9402341921682104
23.273249867666667,0.10189836251558446,4.228388472693467e-18,-0.3542935822209949,0.9295659101503548
23.306616534333333,0.10512087064763163,-5.421010862427522e-20,-0.37463977759035355,0.9211919667481553
23.339983201000003,0.10801120932534337,-4.228388472693467e-18,-0.3925013253364136,0.9133872608424292
23.37334986766667,0.11077583701980592,2.710505431213761e-19,-0.410036701284655,0.9053168602937648
23.406716534333334,0.11326777456606706,4.255493527005605e-18,-0.4236306591912025,0.8987254730105728
23.440083201,0.11561693225722232,3.9302328752599536e-19,-0.4322459414707488,0.8943132398983563
23.47344986766667,0.11788115374025786,5.800481622797449e-18,-0.4362819751237336,0.8920549712741921
23.506816534333336,0.12017132624162623,-2.3852447794681098e-18,-0.438159698957738,0.8908282273023196
23.540183201,0.12247664889298647,-9.75781955236954e-19,-0.43892551163938964,0.8901369926635135
23.573549867666667,0.12476224516310479,2.0057740190981832e-18,-0.4388450535336555,0.8898592030039948
23.606916534333333,0.12692889144912659,8.998878031629687e-18,-0.43719410133391823,0.8903653038356356
23.640283201000003,0.12879322722901465,3.0357660829594124e-18,-0.43367925623398795,0.8918153437412201
23.67364986766667,0.1305164840017255,-1.6263032587282567e-18,-0.4305903647232844,0.8930606839466714
23.707016534333334,0.13211899507489205,1.0842021724855044e-18,-0.42782355355631796,0.894154113205797
23.740383201,0.13350665851679608,2.222614453595284e-18,-0.4243165339568389,0.8956179158226651
23.77374986766667,0.13482291713728095,4.553649124439119e-18,-0.422106463394157,0.8964646755870926
23.807116534333336,0.1360257897601737,-6.071532165918825e-18,-0.4208242659632823,0.896885679279464
23.840483201,0.13714259504370907,-4.716279450311944e-18,-0.41923333904698284,0.8974604816125302
23.873849867666667,0.138294657261616,-5.421010862427522e-19,-0.4171447081506786,0.8982565781750653
23.907216534333333,0.13941949536415552,1.0191500421363742e-17,-0.4132368307135773,0.8998875074442375
23.940583201000003,0.14055983979403167,6.5052130349130266e-18,-0.408823338543839,0.901724131483097
23.97394986766667,0.14177726079273345,6.938893903907228e-18,-0.4051553291918892,0.9031878916092273
24.007316534333334,0.14303436680960066,3.144186300207963e-18,-0.40216388280799575,0.9043259264646644
24.040683201,0.14427693808274478,7.697835424647081e-18,-0.39825168945401784,0.9058585744941031
24.07404986766667,0.1456322230920686,-1.0787811616230769e-17,-0.39526153535962505,0.9069507011201954
24.107416534333336,0.1469643639213492,-1.3118846287074604e-17,-0.3924363446758887,0.9079621088540096
24.140783201,0.1482452205550918,-6.288372600415926e-18,-0.38973070992719216,0.9089187688249257
24.174149867666667,0.14938178071594746,-2.9815559743351372e-18,-0.3871642039701203,0.9098290843638247
24.207516534333333,0.15037661372350597,5.041540102057596e-18,-0.3853936137685422,0.9104167378247586
24.240883201000003,0.15123542228034959,-2.1141942363467336e-18,-0.3842910143747589,0.9107405027330799
24.27424986766667,0.15179584438790902,-2.656295322589486e-18,-0.3831528958494055,0.9111267090963674
24.307616534333334,0.15218749991478503,1.1207939958068902e-17,-0.38247502222664653,0.9113461593941204
24.340983201,0.1524074169918827,-7.331917191433224e-18,-0.3827440256246545,0.9111964607561294
24.37434986766667,0.1524651670181909,1.9752808329970284e-18,-0.3828055233506614,0.9111609649992374
24.407716534333336,0.15247970741557176,1.853308088592409e-18,-0.3826197669294911,0.91123655149543
24.441083201,0.15249745635636114,-4.628188023797497e-18,-0.382513962490404,0.9112780005600538
24.474449867666667,0.15258969633397323,1.4204742525454617e-17,-0.38271805943115633,0.9111768607454626
24.507816534333333,0.15279604730440283,1.3417001884508117e-17,-0.3846096572927616,0.9103454176549115
24.541183201000003,0.15306168237935647,9.64939933512099e-18,-0.3883809248352006,0.9086981779509384
24.57454986766667,0.1532007640542707,-1.6805133673525319e-18,-0.392880653839973,0.9067382851360491
24.607916534333334,0.15323318035797384,-6.179952383167375e-18,-0.3985098203728118,0.9042729209170259
24.641283201,0.15319303519292363,1.0083080204115191e-17,-0.4053497810750848,0.9012344028890378
24.67464986766667,0.1532392269432117,-5.9631119486702744e-18,-0.4126236598004774,0.8979195145995585
24.708016534333336,0.15323861131416885,2.2768245622195593e-18,-0.4184961643591019,0.8951976811962956
24.741383201,0.1531044312297628,1.2956215961201778e-17,-0.42233882481403995,0.8934142097551989
24.774749867666667,0.15287301399502984,5.7462715141731735e-18,-0.4233247660418465,0.8929871130356203
24.808116534333333,0.15261484220890278,1.682885059604844e-17,-0.4226832140506679,0.893335105376112
24.841483201000003,0.1524701890106236,-3.645629804982509e-18,-0.4217415562370089,0.893804733264403
24.87484986766667,0.15241188491958865,-7.562310153086393e-18,-0.41995739800272325,0.8946543473308787
24.908216534333334,0.15240661398610902,-1.4365678785432934e-18,-0.4174017272757906,0.895850446269061
24.941583201,0.1524227024083345,9.324138683375338e-18,-0.41608140577476616,0.8964617022266121
24.97494986766667,0.15240751462518953,-1.4362290653643917e-17,-0.41560773459742434,0.8966839802453089
25.008316534333336,0.15229048183971536,-1.100465205072787e-17,-0.4158289533454298,0.8966012997429079
25.041683201,0.15209311202541873,-5.041540102057596e-18,-0.41634249776500276,0.8963964579521844
25.075049867666667,0.151852240426372,-1.0049198886225019e-17,-0.4165849793268881,0.8963246354288761
25.108416534333333,0.15163882627460867,3.7947076036992655e-18,-0.4168605624751602,0.8962326359929951
25.141783201000003,0.15149759344810038,2.710505431213761e-19,-0.4171573813678642,0.8961184064339602
25.17514986766667,0.1513528202892341,-2.6371312021578573e-18,-0.4170562612195352,0.8961899345384761
25.208516534333334,0.15120313865201726,-1.7726705520137997e-17,-0.4165885917226103,0.8964326835342133
25.241883201,0.15095255437426025,-9.425782637045854e-18,-0.4151765414108235,0.8971297374349113
25.27524986766667,0.1506487623504608,2.3683041205230237e-18,-0.41433548432131545,0.8975695275768308
25.308616534333336,0.15038189191354334,3.4423418976414766e-18,-0.4146108799942535,0.8974871056315484
25.341983201,0.15023834407706585,2.6020852139652106e-18,-0.41669041853947486,0.8965475643078723
25.375349867666667,0.15012217890523488,-3.144186300207963e-18,-0.4209868123236639,0.8945576757539477
25.408716534333333,0.15008484172718106,7.968885967768458e-18,-0.4267708276860137,0.8918190404560342
25.442083201000003,0.15016205281982345,5.421010862427522e-18,-0.43376993705501626,0.8884227595014795
25.47544986766667,0.1503814663046316,-1.3552527156068805e-17,-0.4419106917783594,0.8843643791356822
25.508816534333334,0.15072555028518864,2.2768245622195593e-18,-0.45167830340559045,0.8793568779078688
25.542183201,0.15111100373625153,-5.7462715141731735e-18,-0.4626000587500678,0.8735940992212897
25.57554986766667,0.15122136769035643,-1.0842021724855044e-18,-0.4737944691629983,0.8675545509905477
25.608916534333336,0.15119718857570802,-1.2468324983583301e-17,-0.48549607092497754,0.8610650238415279
25.642283201,0.15089611916416468,-2.8189256484623115e-18,-0.49661880093695,0.8547515005995254
25.675649867666667,0.1503414437867691,1.1926223897340549e-18,-0.5062659398284105,0.8491715070878003
25.709016534333333,0.14960083437227978,-7.37257477290143e-18,-0.5144631014427395,0.8443620713941591
25.742383201000003,0.14882674722705672,-6.613633252161577e-18,-0.5209659534263681,0.8405028701202449
25.77574986766667,0.14822695935476157,4.824699667560495e-18,-0.5265502678492342,0.837122203712422
25.809116534333334,0.1476961941364125,-6.5052130349130266e-18,-0.5308610803503114,0.8344892735121999
25.842483201,0.14725052367857,-2.439454888092385e-18,-0.5347190103303052,0.8321014741410846
25.87584986766667,0.14683977471102272,7.101524229780054e-18,-0.537929892244574,0.8301021091363141
25.909216534333336,0.14650659558549162,-2.168404344971009e-18,-0.5408306305067059,0.828274137321496
25.942583201,0.14611889571438366,-8.592302216947623e-18,-0.5432148544557128,0.8267810412762667
25.975949867666667,0.14560262192002354,2.9815559743351372e-18,-0.5454084764006544,0.8254268413132272
26.009316534333333,0.14506927731248026,-4.87890977618477e-19,-0.5480853645710768,0.8237459183043182
