0.03336665219907407,-0.9990946492403471,-0.042363310593997935,0.0039027906457486093
0.2333666521990741,-0.9992653443799059,-0.011466869658506164,0.03656887230340742
0.4333666521990741,-0.9032041142506657,-0.42779522935714615,0.03483632787676051
0.6333666521990742,-0.5553557664077526,-0.8315866189311302,-0.006608171634341145
0.8333666521990741,-0.24807083373057404,-0.9668956092097412,-0.05978078573539734
1.033366652199074,0.022239531750068153,-0.9996873576840872,-0.011427603167159149
1.2333666521990743,-0.11020849944759514,-0.9876756727317282,0.11113438776291398
1.4333666521990742,-0.15620129079799483,-0.9759571834216952,0.15201556788905327
1.6333666521990742,-0.21731027805388237,-0.9637305858926377,0.15491804564729483
1.8333666521990741,-0.25061885962282143,-0.9597126272786485,0.127050620790573
2.033366652199074,-0.2537134445750325,-0.9638921808895345,-0.0808786230217163
2.233366652199074,0.050951181330014805,-0.9981672561182621,-0.03265127768427993
2.433366652199074,0.06235431342955905,-0.9973734928492122,-0.03685180264913234
2.633366652199074,-0.514601858380955,-0.8566364873275951,0.03686266308755262
2.833366652199074,-0.5355825678993396,-0.844097323367214,0.02551512584045438
3.033366652199074,-0.3746160371948221,-0.923722977241843,0.07999178702787861
3.233366652199074,-0.40499379977921374,-0.9098645909206768,0.09014681541321376
3.433366652199074,-0.46773629603162054,-0.8821393129181091,-0.05525386845268179
3.633366652199074,-0.5547749501064827,-0.831834843053635,-0.016599657113445493
3.833366652199074,-0.9058544672517401,0.366196300724924,0.21290362489973416
4.033366652199074,-0.3820321522749386,0.9237873421077738,-0.025853069249759986
4.2333666521990745,0.26883046920409615,0.9622781729516712,-0.04184371742925871
4.433366652199075,0.2838517824670257,0.9572266370131922,-0.056083250464885825
4.633366652199075,0.2506752749407433,0.9673859187344516,-0.03641964809940868
4.833366652199075,0.3892036117414232,0.9172244376100356,-0.08496987500511731
5.033366652199074,0.8335252414776285,0.5396930432951119,-0.11818244725221029
5.2333666521990745,0.9108285999419546,0.38058578576526597,-0.1598302887478249
5.433366652199075,0.9276024008195833,0.2793632294337592,0.24801204009903674
5.633366652199075,0.8802779808595074,0.406746774272565,0.244269805814742
5.833366652199075,0.23612192974448454,0.9643638576651855,0.11936827184333003
6.033366652199074,-0.023788567349184497,0.9985134804848149,0.049040119836455766
6.2333666521990745,0.10600091254151395,0.9929167002883905,0.053667800670241995
6.433366652199075,0.08884328078245463,0.9917153401490798,0.09277691292991644
6.633366652199075,-0.6988835001690883,0.7023138396788502,0.1353407691235516
6.833366652199075,-0.6028843084946949,-0.7695839275316805,0.21040696056876704
7.033366652199074,-0.45653217218088576,-0.8473095369099902,0.27137598350845255
7.2333666521990745,-0.15395417312303833,-0.8296212731380896,0.536681149039854
7.433366652199075,0.01561960456204492,-0.8563572594220323,0.5161475294801978
7.633366652199075,0.12375405812851492,-0.8271485294030273,0.5481881459892523
7.833366652199075,-0.4297967581105873,-0.40212260756468515,0.808438096085908
8.033366652199074,-0.511860464781791,-0.20999760254125865,0.8330065254968253
8.233366652199075,-0.4433616177773185,0.1691329502315308,0.8802411720817526
8.433366652199075,-0.3681460362049982,0.31643351542397063,0.8742644487470456
8.633366652199074,-0.2858910765803816,0.44517718124722006,0.8485773798708577
8.833366652199075,-0.07680657707568436,0.7393480670944614,0.6689283858542713
9.033366652199074,-0.0463631610518469,0.8701148400033035,0.4906634513628518
9.233366652199075,0.14784811138981116,0.73872154529692,0.6575951752199802
9.433366652199075,0.12658365659384607,0.9665507783322896,0.22306091273142617
9.633366652199076,0.07269610116780689,0.9967447846883761,0.03485844333189667
9.833366652199075,-0.0772666390103392,0.9938533590987978,0.07928030716440311
10.033366652199074,-0.5592781768954087,0.8116626943635205,0.16855738318773872
10.233366652199075,-0.938211208162667,0.32705162103787666,0.11312367592350525
10.433366652199075,-0.9629622967749029,-0.2676135888306394,-0.03296334423552523
10.633366652199076,-0.966863148114917,-0.21747401515053053,0.13371875542203907
10.833366652199075,-0.9803594917504068,-0.10231022002421213,0.16860571109390593
11.033366652199074,-0.9900639131592321,0.03618123428118055,0.13588364929497282
11.233366652199075,-0.9882442407326261,-0.04642406730698155,0.14566443160041467
11.433366652199075,-0.9800288490667115,-0.09520145201205413,0.1745856194873259
11.633366652199076,-0.9809620577947601,-0.1151678901365204,0.15636431257986003
11.833366652199075,-0.9042144372213887,0.4048036816184681,0.13612579060758925
12.033366652199074,-0.8927849197171907,0.4387294466543387,0.10223287027149254
12.233366652199075,-0.782711289859945,0.6182700750494601,0.0714503395661389
12.433366652199075,-0.585045868503935,0.7945853075276925,0.1623438351388766
12.633366652199076,-0.3247357434852327,0.92943123372576,0.1752263641068461
12.833366652199075,-0.394791452586642,0.9103684287622935,0.12397190358061838
13.033366652199074,-0.4413881458068103,0.8900719354423056,0.11379127593631345
13.233366652199075,-0.4924047263426592,0.8625074116937911,0.1166985443297771
13.433366652199075,-0.5115774038178433,0.851938671408729,0.11175446327250156
13.633366652199076,-0.5411621000010634,0.8367464537859939,0.08365974897764711
13.833366652199075,-0.8032157564124877,0.5915941577092423,0.06971944646228406
14.033366652199074,-0.8467961794524558,0.5277619982022919,0.06635890082158147
14.233366652199075,-0.8705454414615871,0.48806067030026923,0.06282846851947461
14.433366652199075,-0.8287053738083671,0.5529320648291026,0.08668065011846712
14.633366652199076,-0.8650229331282933,0.4951857147836932,0.08078634189197705
14.833366652199075,-0.68987359184729,0.7115040146672682,0.13355322678272885
15.033366652199074,-0.7015204414728838,0.7021306268006386,0.12199038119553861
15.233366652199075,-0.8720582801412238,0.4829764069682826,0.0790452171174138
15.433366652199075,-0.8955767191861891,0.4361960423092302,0.08760909042711176
15.633366652199076,-0.9821156003576759,0.06182366310658368,0.17783920325441607
15.833366652199075,-0.9848801682703892,-0.04090318377282635,0.16833889540131977
16.033366652199074,-0.990162972022724,0.02756777416337438,0.13717618839581594
16.233366652199074,-0.9195311028808502,0.2974988547787447,0.25682091472476143
16.433366652199076,-0.7154328339973339,0.6822047936774023,0.15083925060181388
16.633366652199076,-0.758610999269842,0.6363917898929706,0.13969553158076548
16.833366652199075,-0.7796723526470885,0.6098491113237089,0.14210940832836116
17.033366652199074,-0.7786717662594729,0.6124404936391726,0.1363338629297949
17.233366652199074,-0.7890856740433604,0.5981009476746328,0.14006803850358462
17.433366652199076,-0.9853841789302821,0.06320010496650755,0.15818902188874143
17.633366652199076,-0.9878981486916427,0.012554430085914222,0.15459506491749106
17.833366652199075,-0.9880475614870572,-0.015130604358213449,0.15340495771400528
18.033366652199074,-0.9850015879258354,-0.0690048224917188,0.158146154731847
18.233366652199074,-0.9815148878794393,-0.10520091851158037,0.1598789905376327
18.433366652199076,-0.9872681067530028,0.08517162395472314,0.13434090911281185
18.633366652199076,-0.9876042482403289,0.08458738256587096,0.1322226288057769
18.833366652199075,-0.996409519134225,0.06458407103644578,0.05474457002353589
19.033366652199074,-0.9999297475528276,0.001328875327399397,-0.011778541900537051
19.233366652199077,-0.9732116795612396,0.190402277684666,0.1288642674215094
19.433366652199076,-0.9759553386518283,0.18591943355741664,0.11377671634690793
19.633366652199076,-0.9925535798835757,0.06534118109158575,0.10280039452188644
19.833366652199075,-0.9940795211075015,0.0585677553232904,0.09151898027771024
20.033366652199074,-0.9950699130474119,0.04066716293185011,0.09045468482555524
20.233366652199077,-0.9921351751444281,-0.05685682621006657,0.11151275960379423
20.433366652199076,-0.9893072098241457,-0.08112872285922534,0.12119973150628029
20.633366652199076,-0.9785368167368964,-0.12418763086631869,0.16444795720906
20.833366652199075,-0.9661383315145063,-0.16854401481905248,0.1953705183671315
21.033366652199074,-0.9661663165347214,-0.17856917436716588,0.1861066864987854
21.233366652199077,-0.9697646610803258,-0.16476629976753496,0.1800238000395386
21.433366652199076,-0.9739007068426053,-0.1417782784960929,0.17724653158287143
21.633366652199076,-0.9859962977408123,0.12530419667382506,0.11004616820834325
21.833366652199075,-0.9859313951022508,0.13473230236314324,0.09892669433300649
22.033366652199074,-0.9874383468948451,0.12404454451722438,0.09786961764045995
22.233366652199077,-0.988711080470389,0.11801579655245316,0.0923183141048747
22.433366652199076,-0.989937939777906,0.11920653072622563,0.07624092352859187
22.633366652199076,-0.8271144623824411,0.550577624259953,0.11289794410028643
22.833366652199075,-0.7710954662130866,0.632570988389142,0.07256532666506148
23.033366652199074,-0.8019230543130154,0.5958897756253507,0.04283445186358431
23.233366652199077,-0.6937488092814937,0.7181913160355151,0.05397984060447403
23.433366652199076,-0.19846069644816688,0.9785338011727699,0.05554234355587665
23.633366652199076,0.05535348549252522,0.998111441242223,0.02663723906866963
23.833366652199075,0.030014823207136165,0.9995028159853496,-0.009655631786723691
24.033366652199074,-0.4599472961072571,0.887509004574241,0.027861292203764428
24.233366652199077,-0.5305419550818217,0.8473057764187439,0.02445721049891055
24.433366652199076,-0.49301552649807673,0.8700138678619233,0.003400052905442561
24.633366652199076,-0.5443791336363211,0.838769513387593,-0.01081953200968674
24.833366652199075,-0.8052224660561058,0.5923846857497587,0.02640386804395947
25.033366652199074,-0.9694309422843208,-0.20242268220129236,0.13866760931150796
25.233366652199077,-0.9723237832752221,-0.18033857205448833,0.14854110510800586
25.433366652199076,-0.9439355961915074,0.0402737777319057,0.32766387208507614
25.62558888888889,-0.9443117572096306,0.0426162415465364,0.3262808010780093
