0.03333333333333333,-0.9949956493293927,0.027935118454786523,0.09593376346468095
0.23333333333333334,-0.9960288109431629,0.02853157712914892,0.08433597617667533
0.43333333333333335,-0.945554384034102,-0.315326125272024,0.08059988557573249
0.6333333333333334,-0.5191104998167457,-0.822551757356228,0.23223456988611596
0.8333333333333334,-0.7733436303632613,-0.628260612622379,0.08501900966210264
1.0333333333333334,-0.7382788377142318,-0.6641534060513138,0.11766312512321676
1.2333333333333336,-0.7259256533157311,-0.6771349597873967,0.1204997597169799
1.4333333333333336,-0.7472402337745156,-0.649163970045111,0.14219062213759914
1.6333333333333335,-0.8106704736123966,-0.559465814914545,0.17265973808348192
1.8333333333333335,-0.871067885678028,-0.46604030222483656,0.15507151654186277
2.033333333333333,-0.8013729900529883,0.5895175663669612,0.10134283279200709
2.2333333333333334,-0.5705887193625734,0.8206973984449369,-0.02973707318972881
2.4333333333333336,-0.3319379326822888,0.9425999815607178,0.03636596772179475
2.6333333333333333,-0.40129522645622295,0.9147183767479362,0.04745979838841937
2.8333333333333335,-0.47371499805148953,0.8731189162214216,0.11514103854580919
3.033333333333333,-0.4568293890068934,0.8719752206619564,0.17597194063577584
3.2333333333333334,-0.4642791019508071,0.8707292493333211,0.16209716174931607
3.4333333333333336,-0.5184155959653438,0.8432526834573495,0.14202176488791127
3.6333333333333333,-0.7111101892402094,0.6911509199872193,0.128967843122131
3.8333333333333335,-0.998085609491698,-0.061759861363789796,-0.003291754837685206
4.033333333333333,-0.9933961232287483,-0.08477231771173932,0.0773162111324265
4.233333333333333,-0.9186881521515197,-0.38994847931810633,0.0628670229446511
4.433333333333334,-0.7271339538417065,-0.6778315614085406,0.10872252539831449
4.633333333333334,-0.7176809496538439,-0.6882324406435337,0.1061610199169258
4.833333333333334,-0.6749536877274311,-0.7238470346029549,0.1431187965280957
5.033333333333333,-0.5301688337176762,-0.834595011387675,0.1495733088530352
5.233333333333333,0.06624672917137625,-0.9963373673403086,0.05406682268708868
5.433333333333334,0.017362472145233843,-0.9976690178402366,0.06599299510329686
5.633333333333334,0.4299465584251417,-0.7527673449191765,-0.49848498605445457
5.833333333333334,0.49456559611498374,-0.6596192120233757,-0.5659570357095066
6.033333333333333,0.5434122063482243,-0.6866604970697899,-0.4829084134239366
6.233333333333333,0.9679558723898138,-0.23661916432182195,-0.08409994162731348
6.433333333333334,0.9655320427193841,-0.258653928714023,-0.029086416811536002
6.633333333333334,0.9802911694652038,0.1521151920947701,0.12605630251008743
6.833333333333334,0.9870089648500012,0.1342824557677201,0.08821295471028848
7.033333333333333,0.84823757005176,0.05803027479780969,-0.5264271193238207
7.233333333333333,0.8690709202542547,0.10576225901510061,-0.4832495009169128
7.433333333333334,0.5331493258931788,0.8110513455706712,0.2407228928615908
7.633333333333334,0.5910436361701668,0.7986959877822576,0.11292537023747896
7.833333333333334,0.14217805270466738,0.9895750859160708,0.022946691772673368
8.033333333333333,0.11100993457159702,0.9925287609053741,0.05063055601168312
8.233333333333334,-0.24116689068697972,0.9528920500018788,0.1839436649618348
8.433333333333334,-0.6177674293208365,0.7839806948661926,0.06113651402760166
8.633333333333333,-0.5952363401756711,0.8025137403340566,0.04080926254313935
8.833333333333334,-0.4568023828769442,0.8695166722031185,-0.18780931755043673
9.033333333333333,-0.4569969052441264,0.8561491447087868,-0.2411689669333603
9.233333333333334,-0.44291231982743245,0.8467163561338374,-0.29478821075565265
9.433333333333334,-0.444855503236781,0.8280314256231014,-0.3412734086044871
9.633333333333335,-0.5694161650623425,0.7899871948587908,-0.22734437077885636
9.833333333333334,-0.5524702934015505,0.8014696599882777,-0.22896060584100414
10.033333333333333,-0.5198935986831842,0.8168369139806934,-0.24997620288088593
10.233333333333334,-0.49169182872754025,0.8263860011987062,-0.2744545911173268
10.433333333333334,-0.25282857049679114,0.22607080805603175,-0.9407282836640145
10.633333333333335,-0.27686294024729424,0.26306315834024857,-0.9241994844413607
10.833333333333334,-0.2542630540941503,0.22383048518369222,-0.940877363541683
11.033333333333333,-0.18107848450143962,0.1227819215131345,-0.9757741450767203
11.233333333333334,-0.1848752650296392,0.11729494271059371,-0.9757371740354774
11.433333333333334,-0.29755632677210664,0.22399804515011357,-0.9280544747841147
11.633333333333335,-0.3159963342282942,0.2450009162953565,-0.91658107539307
11.833333333333334,-0.6866004073466605,0.1662875236920594,-0.707762912348311
12.033333333333333,-0.9470597988247424,-0.16680090829202304,-0.27432680226874406
12.233333333333334,-0.9715553851614197,-0.23187441280972257,-0.048108110002286965
12.433333333333334,-0.8402691383441312,-0.44447316309368456,-0.31046961596250694
12.633333333333335,-0.8504907402600271,-0.44587333721747596,-0.27903847026978607
12.833333333333334,-0.5725332920677265,-0.7824857593702378,-0.2447890231543768
13.033333333333333,-0.5750699112312899,-0.8141453099635791,0.08038663732700489
13.233333333333334,-0.5785093856468055,-0.8000291038530619,0.15899787327704223
13.433333333333334,-0.6148882379047149,-0.7766613061346765,0.1367832973707438
13.633333333333335,-0.6198883553748625,-0.6691670635201955,-0.4098217514608117
13.833333333333334,-0.6104543999348853,-0.6889464530309635,-0.39076618386983525
14.033333333333333,-0.6362436686682117,-0.6748261584174363,-0.37390326288383846
14.233333333333334,-0.8514587394249016,-0.32362569967058646,-0.41265533023296935
14.433333333333334,-0.825226995701206,-0.3897476299565587,-0.4087752322599884
14.633333333333335,-0.8172667187228068,-0.4062047477227795,-0.4087454139137584
14.833333333333334,-0.7319058998541972,-0.5021335395006072,-0.4606252948625491
15.033333333333333,-0.6074111639809257,-0.45722680751968786,-0.6496116719677161
15.233333333333334,-0.5664663062380542,-0.5094020805817918,-0.6477850293083012
15.433333333333334,-0.5472577912654705,-0.5965122674566212,-0.5870962652521302
15.633333333333335,-0.7004861046957394,-0.7096877436614829,0.07524974169299983
15.833333333333334,-0.6913799076107487,-0.7175069156232187,0.08472100911230519
16.033333333333335,-0.6042981381788293,-0.6945746304532942,0.39037141663327557
16.233333333333334,-0.5937622138370942,-0.7247949565834327,0.34945486737273146
16.433333333333337,-0.5479163410060212,-0.7277846111311796,0.4124527161496352
16.633333333333336,-0.5717576559540012,-0.7687462631388183,0.2865700015146188
16.833333333333336,-0.6725356163591858,-0.6373919318274953,0.3760683049255602
17.033333333333335,-0.629166345488873,-0.7483634847958157,0.210004295976152
17.233333333333334,-0.6325806874185501,-0.7517733150655586,0.18622179426805952
17.433333333333337,-0.6078827054151537,-0.7734377556949482,0.17964591429452378
17.633333333333336,-0.6107010786166888,-0.7802294490865159,0.13522647431093085
17.833333333333336,-0.7223865283545251,-0.6913104686844824,0.015733389308665833
18.033333333333335,-0.5374239041058568,-0.6861638938938996,-0.49025978624804667
18.233333333333334,-0.4322160206822519,-0.6393657255995249,-0.6359251374133535
18.433333333333337,-0.46230949194575266,-0.6372350959232302,-0.6166047082049985
18.633333333333336,-0.4755087335638952,-0.638238824398994,-0.6054276565653828
18.833333333333336,-0.5037548007214232,-0.6450637089544318,-0.5745641062058017
19.033333333333335,-0.634119636242118,-0.7706546451582497,-0.06311659708964251
19.233333333333338,-0.6204369180532681,-0.7833228643376537,0.03825337792164719
19.433333333333337,-0.5275397990641776,-0.8139106763231836,0.24341563501645708
19.633333333333336,-0.6927347616168344,-0.7185433176597776,0.061758001053693445
19.833333333333336,-0.6826234822264368,-0.729571384673566,0.041842277406345135
20.033333333333335,-0.56156244412702,-0.7677003047518731,-0.30868084396341977
20.233333333333338,-0.3535442115776847,-0.7493596775406576,-0.5598808481597446
20.433333333333337,-0.3058336996580919,-0.7469672218908064,-0.5903437283262818
20.633333333333336,-0.2415361197179366,-0.7214353017787548,-0.6489926102961415
20.833333333333336,-0.2694760523312195,-0.706745197071366,-0.6541359825269808
21.033333333333335,-0.31796072466780834,-0.6918447223855819,-0.6482683531346716
21.233333333333338,-0.4341239715527323,-0.6362643411820325,-0.637733537979207
21.433333333333337,-0.515678969095116,-0.5903829154805726,-0.6209051569617194
21.633333333333336,-0.6299305036175035,-0.6022087803073363,-0.49044076658955377
21.833333333333336,-0.6417534749472262,-0.6010074211918612,-0.4763848833301376
22.033333333333335,-0.8524210816873582,-0.4844358351940191,0.19672371762150892
22.233333333333338,-0.8688635849053197,-0.4895617277713683,0.07352132702140939
22.433333333333337,-0.5681213617423166,-0.82287284682955,-0.010881005591762857
22.633333333333336,-0.5357367328916669,-0.8442598772954225,-0.014540035064646187
22.833333333333336,-0.5706891863613607,-0.8083022099382967,-0.14478048894472623
23.033333333333335,-0.5870155589361274,-0.8005412066506854,-0.12060891352288408
23.233333333333338,-0.5786320065736501,-0.7822084358812431,0.2309436377230828
23.433333333333337,-0.5897475733586542,-0.767457812940026,0.2514086416074262
23.633333333333336,-0.5712704448386396,-0.7856186543413278,0.23759926095167924
23.833333333333336,-0.5518091531494859,-0.8020949439587007,0.2283645317827091
24.033333333333335,-0.0022277209436577516,-0.9973339250536962,-0.07293887301285329
24.233333333333338,0.02647948669260025,-0.9992778694098918,-0.027250256735006716
24.433333333333337,0.007405317036985215,-0.9997211435356497,0.022423123050876542
24.633333333333336,-0.592022258328747,-0.7515796463905845,-0.290925558820009
24.833333333333336,-0.5096858004656978,-0.7273718597509268,-0.4595112212406999
25.033333333333335,-0.5269643790239316,-0.6326338727182469,-0.5675235028872684
25.233333333333338,-0.36248893537679905,-0.5209744400588137,-0.7727790140362256
25.433333333333337,-0.26707068956801494,-0.3870765378074646,-0.8825219547709008
25.633333333333336,-0.3033256813545103,-0.2967185351358082,-0.905511812146966
25.833333333333336,-0.3144496990629717,-0.26776139445397623,-0.9107278530929362
26.033333333333335,-0.22477960545100306,-0.24757151352130138,-0.9424343344053545
26.233333333333338,-0.18239337745369844,-0.2220400715319177,-0.9578261128697284
26.433333333333337,-0.16824025607712523,-0.2398298361218334,-0.9561259676114223
26.633333333333336,-0.15569986521763843,-0.25582863388455296,-0.9541012850090774
26.833333333333336,-0.14551061074915594,-0.281291828901045,-0.9485259981428624
27.033333333333335,-0.14696792015450172,-0.29767938094498353,-0.9432854375032363
27.233333333333338,-0.15586865236514,-0.29650906214499906,-0.9422246755820866
27.433333333333337,-0.17207901785486956,-0.2841723611445737,-0.9432045805527144
27.633333333333336,-0.28769203836531404,-0.2545014184662648,-0.9232888600323682
27.833333333333336,-0.28244981375618033,-0.23360362618214775,-0.9304039168789277
28.033333333333335,-0.592566963918518,-0.27267796936252664,-0.7579651168073099
28.233333333333338,-0.5799553935327113,-0.25045660253988383,-0.7751923837064557
28.433333333333337,-0.5217592692715969,-0.5210293725344534,-0.6754966009429825
28.633333333333336,-0.47509447066020005,-0.7048497708888044,-0.5267561527178437
28.833333333333336,-0.5064778264155205,-0.8071939024326544,-0.30318016957735255
29.033333333333335,-0.03431307813247314,-0.9369797590954417,0.34769461272001756
29.233333333333338,0.007067036257073611,-0.916875748386085,0.3991101590037499
29.433333333333337,0.03283640781055608,-0.9168659885222232,0.39784234240873007
29.633333333333336,0.03718751881219695,-0.9131381075044744,0.4059505943680087
29.833333333333336,0.009434138399796121,-0.9011673437749695,0.4333686831627543
30.033333333333335,0.0166156253624421,-0.8712439864988882,0.49056889116956864
30.233333333333338,-0.5554072157248358,-0.8303331194467504,0.04549434547957427
30.433333333333337,-0.52662132762742,-0.8445450231822865,0.09702412641175741
30.633333333333336,-0.5084406316408921,-0.8512727697155602,0.12970272023905063
30.833333333333336,-0.4868899058741566,-0.8562082247059729,0.17275906779009062
31.033333333333335,-0.47507885270609657,-0.8614297924687881,0.17955165373407062
31.233333333333338,-0.4985362981833348,-0.8532394387213982,0.15311440038105747
31.433333333333337,-0.4922918475882817,-0.8601072102524159,0.13365748639684316
31.633333333333336,-0.9373184039948613,-0.34413261574440385,-0.05483568467194084
31.833333333333336,-0.9957182461524755,-0.09123603801798026,-0.014871437247959753
32.03333333333333,-0.9090632185885688,0.4166512722163742,-0.0024045726998572427
32.233333333333334,-0.7625793421518803,0.6452589338419202,-0.04597450620065029
32.43333333333333,-0.957503650580472,0.27956283866631204,-0.07093220962230813
32.63333333333333,-0.8632518251418515,-0.23001366440265794,-0.44932171166918194
32.833333333333336,-0.5643529760145342,0.7739259845673074,-0.28730521901814177
33.03333333333333,-0.2384539336387831,0.8778464181065934,0.41536175528040004
33.233333333333334,0.2604920725007565,0.9654276124069787,-0.009664645178225524
33.43333333333333,0.1990797365845433,0.9799655596545085,-0.005895792775798687
33.63333333333333,0.1419387056280636,0.8471781744000796,0.5119985787722254
33.833333333333336,-0.46816996922669785,0.7965027906954749,0.3826227702693524
34.03333333333333,-0.5780036005104437,-0.7662498335212802,-0.28066533527597354
