0.03336666666666667,-0.9987461244832303,0.047339295237720895,-0.016284039920232907
0.23336666666666667,-0.9998516351497482,-0.005680120726693692,0.01626173166993457
0.4333666666666667,-0.999377017346126,0.020797910733835242,0.02851357763362649
0.6333666666666667,-0.8544238853399984,0.5094204434461197,0.10222835203435544
0.8333666666666667,-0.8595798224229492,0.5071498626002854,0.06262224642923041
1.0333666666666668,-0.8954933756081639,0.4444729128428151,0.023139662722676955
1.233366666666667,-0.9176857240094186,0.3962035308883765,0.029591790430665385
1.433366666666667,-0.9710144965316589,-0.22684548770134916,0.07531249720269576
1.6333666666666669,-0.9621397358762713,-0.26306687481632207,0.07129479660053814
1.8333666666666668,-0.931511176276249,-0.35683462958865464,0.07039869031996554
2.0333666666666668,-0.7850990253951686,-0.6193053713206582,-0.008965343102064576
2.233366666666667,-0.7614973519803994,-0.6481302329871403,-0.00699885811224097
2.433366666666667,-0.7854171587882158,-0.6178900432340247,0.03649357687733476
2.633366666666667,-0.7594104747934896,-0.6496623151439369,0.035136975620372414
2.833366666666667,-0.7881764971994486,-0.614286763006676,0.037809814297182096
3.0333666666666668,-0.769445319674878,-0.6372206103996455,0.04363248459952645
3.233366666666667,-0.7651392782761283,-0.6400487797043598,0.06999603158783775
3.433366666666667,-0.756576868534562,-0.6500682266827211,0.07073006896659001
3.633366666666667,-0.5309229419129323,-0.8473004486753813,-0.014240064080427547
3.833366666666667,-0.4322052101384452,-0.901745932841855,-0.007275227306058881
4.033366666666667,-0.4235641679683769,-0.905797948627242,-0.01111178995199359
4.233366666666667,-0.39365445927401865,-0.919248600837712,-0.0042633967196343625
4.433366666666667,-0.4657678732912851,-0.8608884191235058,-0.2047716240809369
4.633366666666667,-0.417046040324274,-0.8746479150886124,-0.2471105519418136
4.8333666666666675,-0.7774091267968499,-0.6176943449734479,0.11869602251458489
5.033366666666667,-0.8420095468562007,-0.5098543363413154,0.17626252782986232
5.233366666666667,-0.8770477901567773,-0.45264923173740024,0.16092186547717832
5.433366666666667,-0.8574283361895266,-0.5080235474757328,0.0820287968303373
5.633366666666667,-0.8904903430421549,-0.44677949571126824,0.08611057519637257
5.8333666666666675,-0.9847019079529504,-0.1377946136554567,0.10665269298692262
6.033366666666667,-0.9858662249601096,-0.14514867845024032,0.08366389679576065
6.233366666666667,-0.8234456899228595,-0.5634665630260877,0.06665304268399531
6.433366666666667,-0.8006659052209748,-0.596282334880194,0.0581505402081654
6.633366666666667,-0.7738922789300529,-0.6300630850058084,0.06411902623569077
6.8333666666666675,-0.8075601288099467,-0.5882666318391778,0.04229666914843063
7.033366666666667,-0.6701548746547173,-0.7415424707104336,-0.0317365421743842
7.233366666666667,-0.650644138584778,-0.7585018944812644,-0.03656611810960458
7.433366666666667,-0.4902707027379183,-0.8715666966907315,-0.0024761374102389095
7.633366666666667,-0.5393222482680978,-0.8420892827518465,0.004141545306410539
7.8333666666666675,-0.7986374833655691,-0.587899882980406,0.1286541789260491
8.033366666666666,-0.8126240076527883,-0.566599135192684,0.13640983170293794
8.233366666666667,-0.6926093245165739,-0.7152145281063481,0.09359755540776406
8.433366666666666,0.324544509241575,-0.9455485351024692,-0.02467446629047778
8.633366666666666,0.5958980143562271,-0.803057492409386,-0.0020543542670989124
8.833366666666667,0.6468647690642476,-0.7624013495792237,0.01761115280827646
9.033366666666666,0.8047559021238061,-0.5935290393768521,-0.00955078076860051
9.233366666666667,0.9253128728314137,-0.37010468803737717,-0.08257485855411455
9.433366666666666,0.963831071902135,-0.24196839793289415,-0.11171821354537802
9.633366666666667,0.9738660273202009,-0.20499821095191006,-0.0977788031123619
9.833366666666667,0.9620738409492554,0.08427653717414878,-0.25944438680202914
10.033366666666666,0.9648587410436315,0.07492277332950688,-0.25186144577587505
10.233366666666667,0.9481996949763822,0.3173790285684469,0.01370732182612353
10.433366666666666,0.9747105691990221,0.21635245287677604,0.05595464615133189
10.633366666666667,0.9951470500159354,0.06865982908612354,0.07048529431339379
10.833366666666667,0.9273452206332317,-0.3656797820874554,0.07943008712808006
11.033366666666666,0.904756950837049,-0.4247411865768002,0.03177710398034123
11.233366666666667,0.8315598020010809,-0.5554270340424061,0.003017540518137173
11.433366666666666,0.43067274139977396,-0.8991415849555479,0.07788067808403452
11.633366666666667,0.2197017840346992,-0.9730990343738195,0.06934980456144461
11.833366666666667,0.132715796989739,-0.9902835910388129,0.04153223505485956
12.033366666666666,-0.15260734766534578,-0.9874806269884994,-0.039912513839003044
12.233366666666667,-0.10535022725421628,-0.9856452370015854,-0.13192723901292605
12.433366666666666,-0.5881213721838906,-0.8015638083532426,0.10774373633202068
12.633366666666667,-0.5510606917513429,-0.8318111816539553,0.06650016602973009
12.833366666666667,-0.8397353784804091,-0.5385612726515954,0.06925496175912843
13.033366666666666,-0.8803249983237998,-0.47145463950300576,0.05252066466918858
13.233366666666667,-0.9128626244605366,-0.4025998056232221,0.0677880916914277
13.433366666666666,-0.9315978027899241,-0.3578134307475341,0.06399283251791157
13.633366666666667,-0.8973950856072279,-0.43937892177865184,0.04035125059555697
13.833366666666667,-0.8774498326941134,-0.47851215423603094,0.03328527232073736
14.033366666666666,-0.9958720839232953,0.05196006864126852,0.07442408030380977
14.233366666666667,-0.9948715689523691,0.08615032672481968,0.05299700458949092
14.433366666666666,-0.9986061115903271,0.046502158722931425,0.024967641629817156
14.633366666666667,-0.867744058246553,0.4960502861869316,0.030892765361262106
14.833366666666667,-0.5446159093990665,0.8285150343933904,0.13021654661965057
15.033366666666666,-0.5064293207036911,0.8575735424053909,0.08998312340582121
15.233366666666667,-0.3244138455343483,0.9428399758027527,0.07621310158942884
15.433366666666666,-0.13132773949068244,0.9890269117804195,0.06766677629645063
15.633366666666667,-0.00018824274875550717,0.9999156500698902,0.01298681292608502
15.833366666666667,0.19128087696369972,0.9769081489645618,-0.09519503450617321
16.033366666666666,0.2375793802077819,0.9706153730199982,-0.038233960785353516
16.233366666666665,0.15298353033200168,0.9046845354362902,0.39767063103727124
16.433366666666668,-0.03591493297058812,0.91447146268195,0.4030534226750266
16.633366666666667,-0.10944809907545305,0.9048894573782466,0.41133463692530436
16.833366666666667,-0.5268744333925761,0.7680443711882131,0.36402084462754875
17.033366666666666,-0.9970749824438359,-2.7956080108472967e-05,0.0764295662887193
17.233366666666665,-0.7916300620852278,-0.6107172364285333,-0.018609189451284095
17.433366666666668,-0.4880650417893852,-0.8720978519839819,-0.03518311453026853
17.633366666666667,-0.47009297225757224,-0.8821789308641704,-0.02780164335773887
17.833366666666667,-0.3251690576489564,-0.9456484654466815,-0.0037501661331701677
18.033366666666666,-0.34671436854010373,-0.9377127746615631,-0.02199770179701869
18.233366666666665,-0.5159046647716139,-0.8527370204407313,-0.08174320055363737
18.433366666666668,-0.512143691843939,-0.8526657131306588,-0.10329579156890098
18.633366666666667,-0.5267083568299571,-0.8389869644806552,-0.13667179766514537
18.833366666666667,-0.5338833019926996,-0.8169270240720711,-0.2181716232559163
19.033366666666666,-0.546764388431488,-0.7993852627003882,-0.24906205114503555
19.23336666666667,-0.5007851795251095,-0.7585002516414786,-0.4170030841946103
19.433366666666668,-0.5242128463727881,-0.7358784236742438,-0.42858352426154983
19.633366666666667,-0.891912787012743,-0.3946935057502578,0.22070028745276404
19.833366666666667,-0.857262395827858,-0.5102794728795635,0.06867346108385498
20.033366666666666,-0.8529474278138834,-0.5194085757691722,0.051917403663128484
20.23336666666667,-0.8588255569575898,-0.5049499189936013,0.08628002100626209
20.433366666666668,-0.862600590449201,-0.49953799820282374,0.07988748154877233
20.633366666666667,-0.8811359473936975,-0.4666477239428178,0.07641560017168669
20.833366666666667,-0.8828971960067987,-0.4636684851037647,0.0741894682883797
21.033366666666666,-0.8692766025368176,-0.48959128193004475,0.06825368078091619
21.23336666666667,-0.8644613233456685,-0.5000554391841774,0.051489592946297694
21.433366666666668,-0.8329991372276863,-0.5508773706026965,0.051444726996942115
21.633366666666667,-0.7356806995427417,-0.6772527063016689,-0.010133120317427686
21.833366666666667,-0.8462000928905781,-0.44969478014308056,-0.28586711511477514
22.033366666666666,-0.8224457082865139,-0.4614146028011665,-0.33268546893866047
22.23336666666667,-0.7424593972232123,-0.5402511264587597,-0.3960842888009893
22.433366666666668,0.03970037847542235,-0.9023044329144814,-0.42926750435105676
22.633366666666667,0.2758489263691299,-0.8227398200549857,-0.4969975435722882
22.833366666666667,0.42393769231494627,-0.6962053809597529,-0.579288270688578
23.033366666666666,0.5082880846692092,-0.5613129701239705,-0.6531240100883703
23.23336666666667,0.5272958581927272,-0.536497783727253,-0.6588848199712458
23.433366666666668,0.7830131987969385,-0.35334952100084716,-0.5118930029979493
23.633366666666667,0.7711476329505158,-0.346642944989611,-0.5340131055355721
23.833366666666667,0.7177063625836704,-0.4511710280964897,-0.5304170816567598
24.033366666666666,-0.19756541830309648,-0.9434923388719134,-0.26606411253817946
24.23336666666667,-0.28643139247533944,-0.9376682284768394,-0.19681298409846693
24.433366666666668,-0.7367439318326933,-0.6542618115331384,-0.17073330336252612
24.633366666666667,-0.817554664047848,-0.5502332323856872,-0.1698462871893521
24.833366666666667,-0.8961314320719739,-0.44355180837764446,-0.014499990950166929
25.033366666666666,-0.8387561065638016,-0.42729825883549716,-0.3374972469488981
25.23336666666667,-0.8349970472667252,-0.43702406948825157,-0.3343499569968248
25.433366666666668,-0.8295213477600293,-0.4479032450186391,-0.3335820989084354
25.633366666666667,-0.8368315546057883,-0.44219553605947337,-0.3227631594608264
25.833366666666667,-0.8364122650752378,-0.3947970606247257,-0.3801970591072307
26.033366666666666,-0.7419252783357402,-0.6704707357216361,-0.0039842072389274326
26.23336666666667,-0.7007316012092002,-0.7111863948734672,-0.0564724252504825
26.433366666666668,-0.8656514648737598,-0.47969627989680963,-0.14331441105162968
26.633366666666667,-0.8926928158175721,-0.4285509738583544,-0.13944030763287218
26.833366666666667,-0.9122397346456197,-0.39509397673047836,-0.10825625194410692
27.033366666666666,-0.995372753268053,0.04801591428817027,0.08323192912967245
27.23336666666667,-0.9962250409440911,-0.08580785980542908,0.013140737861946136
27.433366666666668,-0.8683618961483448,0.4954326626798836,0.02222822682024772
27.633366666666667,-0.871738143810498,0.48995027231956534,0.0046194458338665294
27.833366666666667,-0.8926882176928751,0.45063759622477595,-0.005788165605279287
28.033366666666666,-0.8925670858582513,-0.4476381451764588,-0.05425945286757494
28.23336666666667,-0.880476756288434,-0.4685192275602393,-0.07245974773730789
28.433366666666668,-0.9642647000094378,-0.2610284054489266,0.0453625381179227
28.633366666666667,-0.969558979270321,-0.22428161645633884,0.09825040578046142
28.833366666666667,-0.7939692629154311,-0.5786100983530512,0.18660965577750743
29.033366666666666,-0.7507577691706244,-0.6026810253992998,0.2704410354469096
29.23336666666667,-0.726083637010602,-0.6302755846122641,0.2748731334763837
29.433366666666668,-0.7454686322382941,-0.652526889621855,0.13596020251968746
29.633366666666667,-0.8280696106957413,-0.5605329791315938,0.01017345310420825
29.833366666666667,-0.8947784674329066,-0.44636847395952745,0.011255206504629465
30.033366666666666,-0.9417234390395273,-0.3363823476499037,-0.001969911953781068
30.23336666666667,-0.9842035555874492,-0.17702145902332553,-0.0026008103114517757
30.433366666666668,-0.8841729222952442,0.4618658566606554,0.0701296936468903
30.633366666666667,-0.8090967238671367,0.5859144878034486,0.04546102077042543
30.833366666666667,-0.7749512138282916,0.6315881496900859,0.023388573216648483
31.033366666666666,-0.8196633165871404,0.5719732366980591,0.03160164461724736
31.23336666666667,-0.7186408517805976,0.6854678252945372,0.11700079759572321
31.433366666666668,-0.6428087448860398,0.7542437679885255,0.13384041223974882
31.633366666666667,-0.536604155936756,0.8328150993289907,0.1359227359974968
31.833366666666667,-0.4237998049176115,0.9012882647491174,0.08985092752620827
32.033366666666666,-0.1227084048472441,0.9922271615040082,0.020685921626640347
32.23336666666667,0.045361625227716196,0.9877073971872813,-0.14958750114306357
32.433366666666664,0.08878147525379915,0.9813784810807225,-0.17033533551043614
32.63336666666667,0.03466976839070357,0.9992063308709224,-0.019614165982878823
32.83336666666667,0.08636777956528724,0.9945192627596158,0.05892404138407498
33.033366666666666,0.10279184936332353,0.9916831375455559,0.07744927638312607
33.23336666666667,0.08445323633758978,0.9912631483765573,0.10131644260781375
33.433366666666664,0.06132214465084229,0.9877828982810318,0.14326388393082864
33.63336666666667,0.021699042417137826,0.985698112299135,0.1671178714802858
33.83336666666667,-0.13930564706406956,0.9717130501998656,0.1907031325577383
34.033366666666666,-0.0974117620924177,0.9941640988413254,0.04635399854452933
34.23336666666667,-0.09559534621803673,0.9944074865789382,0.04489187473488866
34.433366666666664,-0.08313766706568532,0.9945467115636705,0.06296798260040443
34.63336666666667,-0.24761603876976024,0.968388254780481,0.03017424973692626
34.83336666666667,-0.22689423039940787,0.9731458091706772,0.03881033760492024
35.033366666666666,-0.2503007666259815,0.9678901200919895,0.023200035662918988
35.23336666666667,-0.48983392881592464,0.8716768363663692,-0.015563261967641984
35.433366666666664,-0.45698360280576317,0.8892049892382866,-0.02191971442338859
35.63336666666667,-0.4213067411160977,0.9067277824965194,-0.018583819281237802
35.83336666666667,-0.3782146599237858,0.9256721370051246,-0.009206833934683929
36.033366666666666,-0.2113390328971937,0.9771216656831164,0.023855054532137397
36.23336666666667,-0.1682053781602762,0.9850873818977197,0.036191169970795176
36.433366666666664,-0.1853135497124484,0.9824574410682436,0.020886952449095046
36.63336666666667,-0.6576711991165451,0.752017164444475,-0.04403155951698062
36.83336666666667,-0.7103392381231508,0.7011431470040802,-0.06177745698745595
37.033366666666666,-0.9392337084988518,0.33153042635984076,0.08903716761643003
37.23336666666667,-0.9019821055769793,0.43174648383722364,-0.0048223348196396775
37.433366666666664,-0.9086062872242989,0.4173625218361913,-0.015592952991956012
37.63336666666667,-0.9039899081672718,0.42753815158656194,-0.0036571668916600443
37.83336666666667,-0.7633516897951194,0.6450599908992419,0.034522540868336275
38.033366666666666,-0.7531552704382961,0.6564910701792528,0.042149891884995766
38.23336666666667,-0.911378680363027,0.4115537113463239,-0.00352755677686696
38.43336666666667,-0.9056826169554048,0.42395594580331825,-0.0005944432888988976
38.63336666666667,-0.8790031328586035,0.4767231789480572,0.009407607475806693
38.83336666666667,-0.5646439180595827,0.8239537985306254,0.04772194134019091
39.033366666666666,-0.2875633364747733,0.9565832618085206,0.047495165472582423
39.23336666666667,-0.0011629995701973872,0.999999186254937,0.0005243295369429703
39.43336666666667,0.027689861022040796,0.999478460830134,-0.0166155930741729
39.63336666666667,0.029966437723851325,0.9986863163596518,-0.041565058957400695
39.83336666666667,0.05505926854489257,0.9963333923376301,-0.06548471776140877
40.033366666666666,0.07288616929649333,0.9947206566989939,-0.07223864244021845
40.23336666666667,0.06503051931476567,0.9923499172093896,-0.1049412853560019
