0.016666568,0.12349221043129974,0.0,-0.9733576262827934,0.19319576941516445
0.04999990133333333,0.12300577987153972,-1.1519648082658485e-19,-0.9729737591055779,0.1954268206008462
0.08333323466666667,0.12234888265906148,-3.482999479109683e-18,-0.9724912228550643,0.19822101902154787
0.116666568,0.12191547843980662,1.666960840196463e-18,-0.9715467969188768,0.20306018199899234
0.14999990133333332,0.12162742474331056,-6.488272375967941e-19,-0.970001813871266,0.2104833737775126
0.18333323466666665,0.12164910851249458,-2.6359665318553827e-18,-0.9678777210505554,0.22003229647508304
0.216666568,0.12199499287306094,-3.8624702394796095e-18,-0.96549034413069,0.23009914624853264
0.24999990133333333,0.12241378161117242,-1.2332799712022613e-18,-0.9634866950419243,0.2381349502883649
0.28333323466666666,0.12284308802529614,-2.4123498337802474e-18,-0.9617640139392905,0.24478471605840485
0.316666568,0.12317837425437957,1.7143946852427039e-18,-0.9604125599862731,0.24986957145011013
0.3499999013333333,0.12321072973910406,3.065941631705347e-18,-0.9597104751209853,0.2525369676308996
0.38333323466666663,0.12298777617897944,-6.098637220230962e-19,-0.95951213224782,0.2533978590671037
0.416666568,0.12244307465261786,-3.415236843329339e-18,-0.9595868853048011,0.25337857648318257
0.44999990133333334,0.12172387676017583,4.0793106739767104e-18,-0.9601102439332867,0.2517371989214913
0.48333323466666667,0.12093472426521155,-1.2332799712022613e-18,-0.9607956614566775,0.24949246359945038
0.516666568,0.12033414841530085,5.692061405548898e-19,-0.961664391355869,0.24641690510861963
0.5499999013333333,0.11970985754650043,2.3174821436877657e-18,-0.9626885432109635,0.24269387873728782
0.5833332346666666,0.11898190484448913,-4.607859233063394e-19,-0.9639022711545084,0.23819260690197208
0.616666568,0.11813828318588537,2.5478751053409354e-18,-0.9658062979165367,0.2307846202645355
0.6499999013333333,0.1172895825550624,1.0299920638612292e-18,-0.9684745968788171,0.21977285779748143
0.6833332346666666,0.1163862143529458,1.8973538018496328e-18,-0.9720481887035782,0.20390332990582294
0.716666568,0.11575989006305111,-3.3881317890172014e-19,-0.9761784865401829,0.18350806594999594
0.7499999013333333,0.11530384425869979,2.2497195079074217e-18,-0.9801587650018365,0.16122598701586668
0.7833332346666666,0.11495988227446682,1.2874900798265365e-19,-0.9836890370440144,0.1383477642279062
0.816666568,0.11488772489877237,1.6364676540953083e-18,-0.9864617216922641,0.11702171723025666
0.8499999013333334,0.11500246504801255,-1.9588695696439763e-18,-0.9883566078632176,0.0996275500350921
0.8833332346666667,0.1154509963230407,1.582257545471033e-18,-0.9895663936730842,0.08619408309660154
0.916666568,0.11670653114263452,-1.7753810574450135e-18,-0.9901955493303419,0.07676170708781473
0.9499999013333333,0.11909066977425439,-2.981555974335137e-19,-0.9902741742852136,0.07193380371186879
0.9833332346666667,0.12294602938554103,-4.607859233063394e-19,-0.989880909822024,0.0708523692493896
1.016666568,0.12844429097128393,-2.710505431213761e-20,-0.9890643597776616,0.07248280026660463
1.0499999013333332,0.1357673061544935,-5.963111948670274e-19,-0.987744885198696,0.07698883258867549
1.0833332346666666,0.14438062900253046,9.215718466126788e-19,-0.9859668748503363,0.08380665645815459
1.116666568,0.15386479167879796,-6.505213034913027e-19,-0.9838049950872509,0.09194214225813174
1.1499999013333333,0.16417185317730676,-8.673617379884035e-19,-0.9811941243928944,0.10151695858914363
1.1833332346666667,0.17528098241756576,6.505213034913027e-19,-0.9781220946868469,0.11204349641165327
1.216666568,0.1872101277775024,4.228388472693467e-18,-0.9743839490328747,0.12461255123233585
1.2499999013333334,0.19959909588274688,2.2768245622195593e-18,-0.9696992240991819,0.14086736919611556
1.2833332346666666,0.21182204945973457,5.095750210681871e-18,-0.9643937500222225,0.15835439457354142
1.316666568,0.22394643777993029,3.2526065174565133e-18,-0.9588497720861039,0.17451391800113467
1.3499999013333333,0.23603723482719693,-2.8189256484623115e-18,-0.9532782286024465,0.1885392337093597
1.3833332346666667,0.24823932343810604,9.107298248878237e-18,-0.947518087502537,0.20146144086282736
1.416666568,0.2600814729976306,-8.239936510889834e-18,-0.9418756728368665,0.2126683905085159
1.4499999013333333,0.27195306874804104,6.7220534694101275e-18,-0.9364019741717713,0.22179465991256997
1.4833332346666666,0.28414832237218013,4.553649124439119e-18,-0.9311257341071164,0.22861451873527075
1.516666568,0.296615449798713,-5.854691731421724e-18,-0.925913373545059,0.23388822037698928
1.5499999013333332,0.3088611657076457,-3.0357660829594124e-18,-0.9207009259453469,0.23856777921818187
1.5833332346666666,0.31984965077155403,-1.3010426069826053e-17,-0.9158382728901358,0.24276832332684584
1.616666568,0.32860318243956593,-7.589415207398531e-18,-0.9117321146113764,0.24650456319682545
1.6499999013333333,0.3349377973758131,-6.071532165918825e-18,-0.9083846828740839,0.250307690270971
1.6833332346666667,0.3390787898981887,9.974659986866641e-18,-0.9059839441116179,0.2534140233947933
1.716666568,0.341317282312634,-9.64939933512099e-18,-0.9043522239696713,0.2562217160894591
1.7499999013333334,0.3422729012318952,-8.836247705756861e-18,-0.9032641277429062,0.258772441761383
1.7833332346666666,0.3423542299916399,5.515878552520004e-18,-0.9026469823929452,0.2608102881094635
1.816666568,0.3417447239386048,2.1467203015212988e-17,-0.9021656991337179,0.2632633566729275
1.8499999013333333,0.34034454329352554,-1.0245710529988017e-17,-0.9018567146530007,0.26612038269478294
1.8833332346666667,0.3378475708126421,-2.9815559743351372e-18,-0.9015264762410055,0.2703868183408221
1.916666568,0.3338457085494558,-1.702197410802242e-17,-0.9011843262298815,0.2764305573570085
1.9499999013333333,0.3279704917518123,-4.228388472693467e-18,-0.9009428995655644,0.28414300671047243
1.9833332346666666,0.32030243388327717,-6.071532165918825e-18,-0.9005048597930784,0.2941043154010108
2.016666568,0.31145934423216554,-1.8431436932253575e-17,-0.8994834790996048,0.3064678575598757
2.0499999013333334,0.30077747912094244,9.107298248878237e-18,-0.8977845888596039,0.32173862071539233
2.0833332346666666,0.28762542868200486,-2.168404344971009e-19,-0.8951149104770348,0.3406477797038799
2.1166665680000003,0.2735306552138605,-4.7704895589362195e-18,-0.89116840706195,0.3619390154610899
2.1499999013333335,0.2599715572704366,5.204170427930421e-18,-0.8860312027546675,0.38387953469220176
2.1833332346666667,0.24686690243253157,5.421010862427522e-18,-0.8798253151919379,0.4061577861260007
2.2166665680000004,0.23416771034549178,7.806255641895632e-18,-0.8731889107965816,0.42744193698493055
2.2499999013333336,0.2220113376084822,-4.7704895589362195e-18,-0.8664533904553793,0.44717948090411186
2.283333234666667,0.20986657301564707,-1.3877787807814457e-17,-0.8589638080340812,0.46705160102311866
2.316666568,0.19750676536279438,1.3010426069826053e-18,-0.8504561893807653,0.4875606091347763
2.3499999013333337,0.1845856982300348,-3.469446951953614e-18,-0.8390796267229366,0.5117357716902621
2.383333234666667,0.17077329764878973,1.431146867680866e-17,-0.8238417201166011,0.5404824705811261
2.416666568,0.1565368259369257,-1.6479873021779667e-17,-0.8040444290898672,0.5735928679604917
2.4499999013333333,0.14180404397475466,6.938893903907228e-18,-0.7752145792857231,0.6155761278471292
2.483333234666667,0.1267769445912302,-8.023096076392733e-18,-0.7330944000790685,0.6682067097035339
2.516666568,0.1132066609152972,1.3444106938820255e-17,-0.6768288094093303,0.7273836777643264
2.5499999013333334,0.10156399028521314,7.697835424647081e-18,-0.604259442568018,0.7902881005966961
2.5833332346666666,0.09250471364654231,7.806255641895632e-18,-0.5202528003208631,0.8489875745330266
2.6166665680000003,0.08615634481741484,-4.336808689942018e-19,-0.4340992682204449,0.8967356966119822
2.6499999013333335,0.08218603591256726,-5.637851296924623e-18,-0.3541529426200367,0.93156918623071
2.6833332346666667,0.08025486510172732,-1.5178830414797062e-18,-0.2931378415837642,0.9526958394257401
2.7166665680000004,0.08020105476711198,1.5178830414797062e-18,-0.26155047142154053,0.9618519333626214
2.7499999013333336,0.08196619597009346,3.562620576151587e-18,-0.2621483709186459,0.9615403134257514
2.783333234666667,0.08485119121986257,-4.4994390158148434e-18,-0.2758818502246375,0.9574390215910363
2.816666568,0.08802587247177592,6.749158523722265e-18,-0.2842611506206856,0.9546973572936015
2.8499999013333337,0.09128968156331646,4.065758146820642e-18,-0.2888766141156192,0.9530039327605968
2.883333234666667,0.09453000028618942,-3.848917712323541e-18,-0.29103711559271,0.9520301867028002
2.916666568,0.09747732448103709,5.4752209710517974e-18,-0.2901878174317358,0.9519922278181815
2.9499999013333333,0.0999957064500575,-4.336808689942018e-19,-0.28468684719828175,0.9533909259710079
2.983333234666667,0.10193339048329735,-4.336808689942018e-18,-0.27626568905976623,0.9556604276378259
3.016666568,0.10322019923859749,6.938893903907228e-18,-0.26468712631289565,0.9587941987900039
3.0499999013333334,0.10373017080565336,-2.6020852139652106e-18,-0.2492917177767402,0.9628570460419097
3.0833332346666666,0.10355567455526601,-2.168404344971009e-19,-0.2305875912531266,0.9675254958022993
3.1166665680000003,0.10296819866289103,-1.1926223897340549e-18,-0.2118850506726377,0.9718550691155411
3.1499999013333335,0.10212165215805905,-5.421010862427522e-19,-0.1932735379557277,0.9758158164769539
3.1833332346666667,0.10124356080154144,1.5178830414797062e-18,-0.17971831064468569,0.9784942872675573
3.2166665680000004,0.10042670459299365,5.692061405548898e-19,-0.1735766536178879,0.9796864918551278
3.2499999013333336,0.09965332529039742,3.672734859294646e-18,-0.17347047961854617,0.979784265774603
3.283333234666667,0.09898783238266941,-3.7947076036992655e-18,-0.17859601607925393,0.9789304735683733
3.316666568,0.09839458900311886,1.6263032587282567e-19,-0.18502839708537236,0.9777949668140684
3.3499999013333337,0.09795681846094341,3.957337929572091e-18,-0.19073051436626096,0.9767427156659995
3.383333234666667,0.09755803758808852,1.8736368793265124e-18,-0.1916342386979977,0.9766057279478756
3.416666568,0.09722800266314535,-2.6020852139652106e-18,-0.18765980836950755,0.9774101042146307
3.4499999013333333,0.09696336986730966,-1.0299920638612292e-18,-0.17901422434831682,0.9790566951841684
3.483333234666667,0.09682561726639524,-2.0599841277224584e-18,-0.16661811872407112,0.9812559311177859
3.516666568,0.09685312480365328,-1.3010426069826053e-18,-0.15551088549945935,0.983074685213154
3.5499999013333334,0.09703247535876433,-4.336808689942018e-19,-0.14530567243932285,0.9846171643246461
3.5833332346666666,0.09728243333468509,-1.0842021724855044e-18,-0.13411919005237424,0.9861785695421381
3.6166665680000003,0.09753182059107778,-6.505213034913027e-19,-0.12359952143638951,0.9875275703862071
3.6499999013333335,0.09761035009929017,-1.6263032587282567e-19,-0.11357408813581998,0.9887229875236092
3.6833332346666667,0.09755313298738678,1.1019898643778447e-18,-0.1107714539267414,0.9890465465483924
3.716666568,0.09764804901531807,-5.963111948670274e-19,-0.11616658463492721,0.9884180204436575
3.7499999013333336,0.09785976360920953,-1.734723475976807e-18,-0.1268002838676463,0.9870892333915076
3.783333234666667,0.09825498143668748,-1.3010426069826053e-18,-0.14255373611032418,0.9848981627274285
3.816666568,0.0989697289629226,-2.6020852139652106e-18,-0.16062026733102658,0.9820418129955136
3.8499999013333337,0.09985847606495761,-4.445228907190568e-18,-0.17636577732049488,0.9792463415035676
3.883333234666667,0.10076089190932788,2.3852447794681098e-18,-0.18805779516913923,0.9769756948551785
3.916666568,0.101503341879722,3.686287386450715e-18,-0.1957421462392101,0.9753881708186316
3.9499999013333333,0.102137732079553,-1.8973538018496328e-19,-0.20054402239394778,0.9743459235649837
3.983333234666667,0.10279513432465552,4.607859233063394e-19,-0.20365552863632722,0.9736311344729245
4.016666568,0.10369153487876322,3.3203691532368573e-18,-0.20666931088942747,0.9729007459813027
4.049999901333333,0.10498477101059311,-3.469446951953614e-18,-0.20841267134015456,0.9723900227175895
4.083333234666666,0.1067950398243193,-2.3310346708438345e-18,-0.20828925772558124,0.9722193191790875
4.116666567999999,0.1093680796907841,-4.336808689942018e-19,-0.2049637564323585,0.9726399548105594
4.149999901333333,0.11274801040886841,8.673617379884035e-19,-0.19866400042441817,0.9735607331256784
4.183333234666667,0.11697414548171473,-2.6020852139652106e-18,-0.1922835560180823,0.9743428982518751
4.216666568,0.12210933275417407,-1.734723475976807e-18,-0.18492955365735989,0.9751360782159688
4.249999901333333,0.12790007085454816,-3.903127820947816e-18,-0.17602218683708623,0.9760418851752682
4.283333234666666,0.13408283006884011,8.673617379884035e-19,-0.16703977058941014,0.9767904123823944
4.316666568,0.14034092749033714,1.3010426069826053e-18,-0.15817200094410044,0.9773873552427877
4.349999901333333,0.14657824875217923,-3.2526065174565133e-18,-0.14995512238489564,0.9777669856685054
4.383333234666666,0.15250684958193664,3.686287386450715e-18,-0.14415248285309004,0.9777329505125018
4.416666568,0.15796224771941436,1.6263032587282567e-18,-0.14040980730294567,0.9774113843763945
4.449999901333333,0.1628670110789989,-7.589415207398531e-19,-0.13807823339934314,0.9769384515738492
4.4833332346666666,0.167218273056338,-8.131516293641283e-19,-0.13597562465325364,0.9764981713532358
4.516666568,0.1711952011401172,-2.710505431213761e-18,-0.13347471614141226,0.9761540366446088
4.549999901333333,0.17510586640763628,-3.3610267347050637e-18,-0.1305766232248773,0.9758522844246559
4.583333234666666,0.17904798718417383,6.5052130349130266e-18,-0.12531787194511174,0.9758264442289134
4.616666567999999,0.18312898130252125,-3.2526065174565133e-19,-0.11850980248376933,0.9759196703224908
4.649999901333333,0.18753459661321975,6.505213034913027e-19,-0.11153145895908428,0.9759054814558503
4.683333234666667,0.1922941047042034,-8.673617379884035e-19,-0.10424995527486554,0.9757842610542544
4.716666568,0.1973119469957237,1.8431436932253575e-18,-0.09773028526198618,0.9754572194183442
4.749999901333333,0.20256857750904597,3.2526065174565133e-18,-0.0921318528241949,0.974924455073901
4.783333234666666,0.20808060697643568,5.5294310796760726e-18,-0.08860839594706009,0.974089838345523
4.816666568,0.2137539698787328,3.2526065174565133e-19,-0.08793975175279553,0.9729212919978362
4.849999901333333,0.219629303538827,-1.5856456772600502e-18,-0.0898005771723595,0.9714416222123495
4.883333234666666,0.22566378796154477,2.1819568721270777e-18,-0.0930573135828617,0.9697505819496001
4.916666568,0.2316785290082314,-3.7947076036992655e-19,-0.09746119121529898,0.9678979157966386
4.949999901333333,0.23775362131107453,-1.0842021724855044e-19,-0.10225632613205193,0.9659279783293606
4.9833332346666666,0.24398675114840923,6.505213034913027e-19,-0.10650643444614528,0.9639122598481739
5.016666568,0.2504801196862467,0.0,-0.10927139869450811,0.9619352738460678
5.049999901333333,0.2573755650438734,-2.168404344971009e-19,-0.11032534851350408,0.9599927791362396
5.083333234666666,0.264602331802634,-1.6263032587282567e-18,-0.10936557841259482,0.9581360948545293
5.116666567999999,0.27209055997198617,-4.336808689942018e-18,-0.10730416558435386,0.9562701204274746
5.149999901333333,0.2797801363977995,-8.673617379884035e-19,-0.10495073614340719,0.9543104412402632
5.183333234666667,0.28742486296202324,-2.8189256484623115e-18,-0.10211492168770638,0.9523442082146434
5.216666568,0.29490266935917525,2.168404344971009e-19,-0.09963573688109088,0.950318439019782
5.249999901333333,0.302201367450114,8.673617379884035e-19,-0.09821341181775041,0.9481711128537919
5.283333234666666,0.30924310194832483,2.8189256484623115e-18,-0.09603529293133875,0.9461215177813946
5.316666568,0.31606107497240604,-1.4094628242311558e-18,-0.09353046124556946,0.9441172859907175
5.349999901333333,0.32282253368382435,-5.312590645178972e-18,-0.09125993693977709,0.9420494868401044
5.383333234666666,0.3295295843486596,-5.095750210681871e-18,-0.0893281000284695,0.9399099656798535
5.416666568,0.33597695687591356,-2.927345865710862e-18,-0.08793272601365336,0.9377565356446247
5.449999901333333,0.3422056413696252,-6.993104012531504e-18,-0.08726931973977854,0.9355636615682335
5.4833332346666666,0.34841988095874754,-1.951563910473908e-18,-0.08791866212810359,0.9332062448367439
5.516666568,0.35497524764109484,-1.3010426069826053e-18,-0.08982958740162321,0.9305499550208992
5.549999901333333,0.3624931188615049,3.2526065174565133e-18,-0.09281203403690237,0.927353581497366
5.583333234666666,0.3721928643254907,3.876022766635678e-18,-0.09654717053199507,0.9231203148059589
5.616666567999999,0.38468911578452475,-8.673617379884035e-19,-0.0991070039187649,0.9177102407465912
5.649999901333333,0.3992116050896499,-1.0842021724855044e-19,-0.09984284464958705,0.9114063313001637
5.683333234666667,0.41562483727809857,2.6020852139652106e-18,-0.10051243523059197,0.9039652897106008
5.716666568,0.4337824233523661,8.673617379884035e-18,-0.09969067692714827,0.895485666063034
5.749999901333333,0.4532621056183593,1.3010426069826053e-18,-0.09628442184061944,0.8861618214080479
5.783333234666666,0.4742103867143417,-3.903127820947816e-18,-0.09156731326460303,0.8756368746653699
5.816666568,0.49655190319196796,-5.421010862427522e-18,-0.08675423807656303,0.8636607607227444
5.849999901333333,0.5197833835964234,2.168404344971009e-18,-0.08234485741905319,0.8503202682481991
5.883333234666666,0.5434186583679318,-1.734723475976807e-18,-0.07917584894518716,0.8357196579484092
5.916666568,0.5666120885328022,-1.951563910473908e-18,-0.07744431406484367,0.8203371985638113
5.949999901333333,0.5886781994331931,2.8189256484623115e-18,-0.07683190279076381,0.8047079198228663
5.9833332346666666,0.6089593016368707,3.577867169202165e-18,-0.07607256781656266,0.7895451433425003
6.016666568,0.6271531096135612,-1.5178830414797062e-18,-0.0751818959499086,0.7752590919321215
6.049999901333333,0.6433406774290437,-3.144186300207963e-18,-0.07405966273249306,0.7619894612926668
6.083333234666666,0.6568918943031067,-2.3852447794681098e-18,-0.07235584265599451,0.7505049441758644
6.116666567999999,0.6672076452753347,-2.168404344971009e-18,-0.07048971907736266,0.7415289324028684
6.149999901333333,0.6743531353527743,-1.951563910473908e-18,-0.06895592504654714,0.7351822421963534
6.183333234666667,0.6789781549392989,-3.2526065174565133e-19,-0.06742618314522182,0.7310556578959584
6.216666568,0.6818829806982819,-8.131516293641283e-19,-0.06654102254830051,0.7284283718748558
6.249999901333333,0.6839835582646175,-3.9302328752599536e-19,-0.06648712200956743,0.7264612547345918
6.283333234666666,0.6857052291690033,-1.2197274440461925e-19,-0.06700556158746444,0.7247886543031928
6.316666568,0.6872561572203237,1.951563910473908e-18,-0.06799013339131738,0.7232263242749012
6.349999901333333,0.6888261586861008,-8.402566836762659e-19,-0.06904100448872744,0.7216313898445231
6.383333234666666,0.6905407474679437,-5.421010862427522e-19,-0.07028170669089587,0.7198707924280778
6.416666568,0.692404278209732,-4.716279450311944e-18,-0.07160735549958819,0.7179475622600966
6.449999901333333,0.6942565403732812,2.439454888092385e-18,-0.07327057766862198,0.7159883229473991
6.4833332346666666,0.695974962631193,7.047314121155779e-19,-0.07493849557882978,0.7141449945710543
6.516666568,0.6976513658215118,1.7889335846010823e-18,-0.076223036613674,0.7123711255074631
6.549999901333333,0.6994975786876522,-1.1655173354219173e-18,-0.07720514752474847,0.7104523225423318
6.583333234666666,0.7011488145909214,1.6127507315721878e-18,-0.07733817037050424,0.7088082584179508
6.616666567999999,0.7025202599591049,2.0328790734103208e-19,-0.07745782106305754,0.7074359125059705
6.649999901333333,0.7037190282447969,-5.231275482242559e-18,-0.07701655326886556,0.7062917101373786
6.683333234666667,0.7044398197677779,-1.951563910473908e-18,-0.0762419997478556,0.7056569264167882
6.716666568,0.7046677412758728,-5.380353280959316e-18,-0.0757306555540163,0.7054844025309975
6.749999901333333,0.7049375037035515,-8.267041565201971e-18,-0.07511699234008765,0.7052804784863853
6.783333234666666,0.7055367299723634,4.716279450311944e-18,-0.07449432885165998,0.7047471302735793
6.816666568,0.7065576906607878,-2.100641709190665e-18,-0.07475980073028256,0.7036953900395135
6.849999901333333,0.7077064415053045,1.599198204416119e-18,-0.07477225554438403,0.7025387551250851
6.883333234666666,0.7082921928646349,-2.222614453595284e-18,-0.07411249915985113,0.7020181671404866
6.916666567999999,0.7085753635129819,2.710505431213761e-19,-0.07332287467779776,0.7018152964074164
6.949999901333333,0.708587649103281,-2.2768245622195593e-18,-0.07160859768040626,0.7019798802505179
6.9833332346666666,0.7078677175255313,2.168404344971009e-18,-0.06883770331583708,0.7029826918832324
7.016666568,0.7063773323302656,4.119968255444917e-18,-0.06458891258833116,0.7048824985347801
7.049999901333333,0.7043434159082971,2.168404344971009e-19,-0.0593889566631937,0.707370697932201
7.083333234666666,0.7020050488084001,2.168404344971009e-18,-0.05494842006669182,0.7100490001258295
7.116666567999999,0.7000191463431991,-3.903127820947816e-18,-0.05174566276802615,0.7122468540735276
7.149999901333333,0.6986810045687395,7.697835424647081e-18,-0.049237421514308786,0.7137370175193656
7.183333234666667,0.6975157519818994,1.0842021724855044e-19,-0.04683128591680393,0.7150374860079045
7.216666568,0.6961581355236129,-6.505213034913027e-19,-0.04457774761501157,0.7165030877545883
7.249999901333333,0.6949013026580859,-1.0842021724855044e-19,-0.043343165236962154,0.7177977079869626
7.283333234666666,0.6939098315804761,-4.038653092508504e-18,-0.04382933130152557,0.7187267459567762
7.316666568,0.6931987820709297,1.734723475976807e-18,-0.04552479296522615,0.7193072651939874
7.349999901333333,0.6926788894578945,-9.75781955236954e-19,-0.048275474973955824,0.7196286782886137
7.383333234666666,0.6922459769657346,2.222614453595284e-18,-0.0502615978073448,0.7199092159158739
7.416666567999999,0.6918397070362833,-3.5236570605778894e-18,-0.0496046818729447,0.7203451917686643
7.449999901333333,0.6910533394788241,2.3852447794681098e-18,-0.04578803086793854,0.7213520210163703
7.4833332346666666,0.6896043286463133,1.951563910473908e-18,-0.039827088148501576,0.7230903629297512
7.516666568,0.6873100895925139,-1.5178830414797062e-18,-0.03309689014333805,0.7256096999125428
7.549999901333333,0.6837485362051853,-6.505213034913027e-19,-0.026463021709027347,0.7292377168792725
7.583333234666666,0.6787426744137154,2.168404344971009e-19,-0.021530393831021864,0.7340605043667711
7.616666567999999,0.6728464618513565,1.734723475976807e-18,-0.01879583151220518,0.7395433425377284
7.649999901333333,0.6664754925051533,-5.421010862427522e-19,-0.01693019264731459,0.7453346808427329
7.683333234666667,0.66009097421906,1.0299920638612292e-18,-0.016035463718923847,0.7510144936403366
7.716666568,0.6545515617966597,3.7947076036992655e-19,-0.01640626629449815,0.7558393264284596
7.749999901333333,0.650069189976611,-6.505213034913027e-19,-0.01792598440563337,0.7596635487676382
7.783333234666666,0.6467605782590348,1.3010426069826053e-18,-0.021255141436609164,0.7623968608097418
7.816666568,0.6446562756631995,8.673617379884035e-19,-0.025954393540772478,0.7640318420746505
7.849999901333333,0.6432606260660635,0.0,-0.03011683185343582,0.7650547322853497
7.883333234666666,0.6424755929271379,-1.0842021724855044e-19,-0.033329489926990655,0.7655809934906491
7.916666567999999,0.6420562196920424,-4.87890977618477e-19,-0.03537071270817441,0.7658411868248399
7.949999901333333,0.6416639408278673,1.1655173354219173e-18,-0.0361057621490103,0.7661356022147061
7.9833332346666666,0.6411603293817351,-2.0735366548785272e-18,-0.03624115835553764,0.7665507226975615
8.016666568,0.6403437524087829,-1.3755815063409838e-18,-0.036364964208307635,0.7672271294272432
8.049999901333333,0.6390515104234987,-1.1722935989999517e-18,-0.03634984857745075,0.7683045330686532
8.083333234666666,0.6371816922291224,-3.13571597073542e-18,-0.03618510147466189,0.769863708405131
8.116666568,0.6349866384711426,1.2163393122571753e-18,-0.036196403468351866,0.7716746654770227
8.149999901333333,0.632667640998648,-1.1655173354219173e-18,-0.03591011701223663,0.77359040811619
8.183333234666666,0.6304026428037119,-1.395910297075087e-18,-0.03544537554912326,0.7754586599544021
8.216666567999999,0.6283363130564938,3.9302328752599536e-18,-0.034873932030518896,0.7771597561372453
8.249999901333332,0.6265620623383202,3.7947076036992655e-19,-0.03402838337554277,0.7786283138720284
8.283333234666665,0.6250894528695665,2.981555974335137e-19,-0.033349950995954225,0.7798403405055381
8.316666568,0.6237789026356839,-8.131516293641283e-20,-0.032803538002695705,0.780912164408474
8.349999901333334,0.62263381190731,-6.708500942254059e-19,-0.03250783266474526,0.7818378201936854
8.383333234666667,0.6215583953169665,-4.87890977618477e-19,-0.03202479675503928,0.7827129573501362
8.416666568,0.6204868199069147,5.421010862427522e-20,-0.03124431722214111,0.7835942183063416
8.449999901333333,0.6194193377346594,1.328147661294743e-18,-0.030469117392024965,0.7844688119522072
8.483333234666667,0.6182763316714842,-8.673617379884035e-19,-0.02922453505295044,0.785417280333067
8.516666568,0.6168827103969577,-2.710505431213761e-19,-0.02758058587877694,0.786571695966672
8.549999901333333,0.6152276075852207,1.463672932855431e-18,-0.02596276970273808,0.7879219031441685
8.583333234666666,0.6134859403219004,-4.336808689942018e-19,-0.0245840973625575,0.7893228890537902
8.616666568,0.6118111901721529,-9.75781955236954e-19,-0.02342174364623518,0.7906569986439783
8.649999901333333,0.6102720019699545,3.2526065174565133e-19,-0.02222762532809424,0.7918800517021867
8.683333234666666,0.6090263116198732,-1.111307226797642e-18,-0.02140933821054199,0.792861016819518
8.716666567999999,0.6080835940970685,-1.3145951341386741e-18,-0.02108564524376514,0.7935929297534385
8.749999901333332,0.6074847673179765,-6.301925127571995e-19,-0.021086986771168204,0.79405138150219
8.783333234666665,0.6072993469425275,2.417432031463773e-18,-0.02121351852823359,0.7941898323668163
8.816666568,0.607406228600547,-9.486769009248164e-20,-0.02108542364064883,0.7941115024775516
8.849999901333334,0.6075696146447714,4.0657581468206416e-20,-0.021017973752543127,0.7939882921931163
8.883333234666667,0.6076406280899355,2.168404344971009e-18,-0.020708800714088503,0.7939420713549905
8.916666568,0.6074785981867158,-1.6263032587282567e-19,-0.02009281234450295,0.7940818796806733
8.949999901333333,0.6070592544206458,9.215718466126788e-19,-0.019254647501843667,0.7944232626074273
8.983333234666667,0.6063722556576723,2.710505431213761e-19,-0.018554224334217724,0.794964419535857
9.016666568,0.6054775175348074,-1.6534083130403943e-18,-0.01810891627419783,0.7956563598132431
9.049999901333333,0.6043668021127081,-1.2807138162485021e-18,-0.017754362754318995,0.7965083496782988
9.083333234666666,0.603147477505025,-3.3881317890172014e-21,-0.01762495870161822,0.7974349385436357
9.116666568,0.6019104782468411,6.098637220230962e-20,-0.017511244659351367,0.7983715503993986
9.149999901333333,0.6007213088160397,-6.176987767851985e-19,-0.017442501139857153,0.7992682079804816
9.183333234666666,0.5996693748270402,-6.301925127571995e-19,-0.017577503904976893,0.800054793280446
9.216666567999999,0.5987707603170938,-1.3010426069826053e-18,-0.017489926052764334,0.8007294668462991
9.249999901333332,0.597970660811263,-5.421010862427522e-19,-0.01694625478522363,0.8013388255024811
9.283333234666665,0.5973148687584395,9.215718466126788e-19,-0.01655687458383469,0.8018359043246338
9.316666568,0.596730462622992,-5.421010862427522e-19,-0.016051881712300178,0.8022811801801437
9.349999901333334,0.5961488942573568,-3.9302328752599536e-19,-0.015622095545816507,0.8027218982975912
9.383333234666667,0.5954142267754952,-6.640738306473715e-19,-0.015179591684691903,0.8032754686591801
9.416666568,0.5943785496332513,-9.0801931945661e-19,-0.01467960574006659,0.804051396933796
9.449999901333333,0.593063616257646,9.75781955236954e-19,-0.014505270659442435,0.8050249338961495
9.483333234666667,0.5916031722372754,1.531435568635775e-18,-0.014317271984543394,0.8061021661810078
9.516666568,0.5898689624403097,-8.538092108323347e-19,-0.013893576014543661,0.8073794496363655
9.549999901333333,0.5878678211193966,-4.0657581468206416e-20,-0.013391607972445858,0.8088461471307418
9.583333234666666,0.5855768552074523,-6.369687763352339e-19,-0.01309492841027437,0.8105111162071006
9.616666568,0.5829559721788907,-4.87890977618477e-19,-0.01271680118335089,0.8124042204891773
9.649999901333333,0.5800075702306746,-1.1926223897340549e-18,-0.01211154532502955,0.8145210426655339
9.683333234666666,0.5767408399566832,1.3552527156068805e-19,-0.011416988472837676,0.8168473883781906
9.716666567999999,0.5732128745467899,5.149960319306146e-19,-0.010646489502623743,0.8193373253520657
9.749999901333332,0.5694374926105957,-2.168404344971009e-19,-0.009967337798441661,0.8219742053048681
9.783333234666665,0.5653155290194687,8.944667923005412e-19,-0.009147778173389848,0.8248240241432889
9.816666568,0.5607410876935713,-5.759824041329242e-20,-0.008811398575645418,0.8279443168639855
9.849999901333334,0.5549485672876655,1.1926223897340549e-18,-0.009743660271287457,0.8318275955688685
9.883333234666667,0.546642973982587,-4.336808689942018e-19,-0.011913741743415664,0.8372810291372568
9.916666568,0.5358349656708258,3.7947076036992655e-19,-0.013235639363462831,0.8442189925695733
9.949999901333333,0.5232290057185208,-1.0842021724855044e-19,-0.014419263313741814,0.8520701217741984
9.983333234666667,0.509389045618425,-2.168404344971009e-19,-0.01709063803820058,0.8603666138893334
10.016666568,0.49449540111047796,-6.505213034913027e-19,-0.02170346971002564,0.8689092344331103
10.049999901333333,0.47834797618207775,4.336808689942018e-19,-0.026893791470444777,0.8777584734212792
10.083333234666666,0.4606741291797831,-8.673617379884035e-19,-0.033011379997521455,0.8869552387212716
10.116666568,0.4416642067383477,2.168404344971009e-18,-0.04104677515507993,0.8962409780497399
10.149999901333333,0.42154180426116294,2.168404344971009e-18,-0.05323509595096692,0.9052450120378102
10.183333234666666,0.40010977593129726,-1.734723475976807e-18,-0.07001085898414341,0.9137891697916481
10.216666567999999,0.3780153556711553,3.469446951953614e-18,-0.08638134095075459,0.9217606277186934
10.249999901333332,0.3561473717782941,4.336808689942018e-19,-0.10140397506386395,0.9289113431413468
10.283333234666665,0.3351712200517282,-2.6020852139652106e-18,-0.11697190796364158,0.9348678120442384
10.316666568,0.3154770073116393,-1.3010426069826053e-18,-0.13238234064493903,0.9396537520507536
10.349999901333334,0.29690942010310045,-3.469446951953614e-18,-0.14663084846327165,0.9435805161897853
10.383333234666667,0.2798842912800297,8.673617379884035e-18,-0.15934045620831774,0.946718227621081
10.416666568,0.26460428641534434,-1.734723475976807e-18,-0.16980943450972652,0.9492888535962661
10.449999901333333,0.2508039392174819,6.938893903907228e-18,-0.17544876305332932,0.9520058380157397
10.483333234666667,0.23885659960273256,-6.938893903907228e-18,-0.17858436870790262,0.9544920890606794
10.516666568,0.22852347657272132,-5.204170427930421e-18,-0.17914653519317583,0.9569135486465835
10.549999901333333,0.2196242272435317,-2.8189256484623115e-18,-0.177528147663232,0.9592960729592003
10.583333234666666,0.21183848861561572,-9.75781955236954e-18,-0.17629427960074504,0.9612724804763246
10.616666568,0.2049029812740904,3.469446951953614e-18,-0.17592221981221864,0.9628427394135198
10.649999901333333,0.19904720171442572,-2.2768245622195593e-18,-0.17621576745585774,0.9640167087709632
10.683333234666666,0.19411845036206132,7.589415207398531e-19,-0.1776500575279213,0.9647582517342663
10.716666567999999,0.18995511149071548,-3.577867169202165e-18,-0.17925651189086697,0.9652896759850222
10.749999901333332,0.18629369673629667,-1.7889335846010823e-18,-0.18120336766935127,0.9656396833713965
10.783333234666665,0.1829347822029181,-1.6263032587282567e-18,-0.1832280205059074,0.9658997660015547
10.816666568,0.17963521272859814,7.589415207398531e-19,-0.18744817877911676,0.9657092578102084
10.849999901333334,0.1763246820364276,6.830473686658678e-18,-0.1902342443623955,0.9657745796906342
10.883333234666667,0.17333673108043743,-7.26415455565288e-18,-0.1933708275473869,0.9656925497858969
10.916666568,0.17058355213763948,3.903127820947816e-18,-0.19710469084766022,0.9654278805721086
10.949999901333333,0.16814887247194052,-9.215718466126788e-19,-0.1999638994722437,0.9652670074100065
10.983333234666667,0.16617631532754137,3.144186300207963e-18,-0.20232434495416485,0.9651167243722542
11.016666568,0.16464147324102782,-3.957337929572091e-18,-0.20410180482296364,0.9650055121899733
11.049999901333333,0.1636535884112743,-2.222614453595284e-18,-0.2062405276194779,0.9647187920670731
11.083333234666666,0.16305740345897846,-5.963111948670274e-19,-0.20918689353483133,0.9641852139244116
11.116666568,0.16274562053721547,-2.168404344971009e-19,-0.21257767202068942,0.9634960281984669
11.149999901333333,0.1626318952836669,1.463672932855431e-18,-0.21585828575963645,0.9627855769097051
11.183333234666666,0.16270670420115926,-9.351243737687476e-18,-0.21947217868798788,0.9619555557248706
11.216666567999999,0.16301639140445498,-3.7947076036992655e-19,-0.22345050138128117,0.960986747861761
11.249999901333332,0.16354307604969956,0.0,-0.22789866238560574,0.9598520000286783
11.283333234666665,0.16399954021878754,2.222614453595284e-18,-0.23263983876316388,0.9586359351851336
11.316666568,0.16420264123566597,5.800481622797449e-18,-0.2378094607759855,0.9573317883454338
11.349999901333334,0.16445968267638256,1.6263032587282567e-18,-0.2433589229632501,0.9558919642868384
11.383333234666667,0.1644571424576454,-3.903127820947816e-18,-0.24934910567368207,0.954347353846806
11.416666568,0.16370854120868658,-2.710505431213761e-18,-0.25507857204546797,0.9529608783253217
11.449999901333333,0.16218896578472244,-9.75781955236954e-18,-0.26090822747142695,0.9516415481763081
11.483333234666667,0.15981380527141342,-9.75781955236954e-19,-0.2679997177918447,0.9500714177935059
11.516666568,0.15636614694990383,5.421010862427522e-18,-0.2755928890077554,0.9484715006875011
11.549999901333333,0.15175002489717831,-1.734723475976807e-18,-0.28352767427691855,0.9468811899403364
11.583333234666666,0.14586356696722413,-4.336808689942018e-18,-0.2938228409294409,0.9446649977530397
11.616666568,0.13937899649547617,-2.6020852139652106e-18,-0.30742769135530534,0.9413085094292206
11.649999901333333,0.13287441918756154,2.6020852139652106e-18,-0.32300523271415604,0.937022949753549
11.683333234666666,0.1264596507907308,5.637851296924623e-18,-0.33929460505220416,0.9321411522427038
11.716666567999999,0.12033273107243632,-3.0357660829594124e-18,-0.35575250361495847,0.9268010520086487
11.749999901333332,0.11478671750152258,2.3852447794681098e-18,-0.37196487026044756,0.9211222203254867
11.783333234666665,0.10976735857326445,-4.336808689942018e-19,-0.386788044112716,0.9156124376193827
11.816666568,0.10488665023165757,1.951563910473908e-18,-0.39923888525349355,0.9108277022053786
11.849999901333334,0.10035845930543161,2.168404344971009e-19,-0.4071604331391935,0.9078262836753211
11.883333234666667,0.09644288711221845,4.7704895589362195e-18,-0.4147453095791519,0.9048121891904162
11.916666568,0.09266436317141213,0.0,-0.4243024897371424,0.9007667361758532
11.949999901333333,0.0888093600814325,-4.336808689942018e-19,-0.43309629874694694,0.8969618127733319
11.983333234666667,0.08497605118250749,5.204170427930421e-18,-0.4389979124044962,0.8944606775202151
12.016666568,0.08125617079316926,-1.734723475976807e-18,-0.44480698706812066,0.8919328332130239
12.049999901333333,0.07779403498457255,-1.6263032587282567e-18,-0.4482577860463505,0.8905127991048997
12.083333234666666,0.07486263356273166,-5.421010862427522e-19,-0.4509561324448492,0.8894010078173039
12.116666568,0.07253925714950271,-2.6020852139652106e-18,-0.4541055835650264,0.8879899634271016
12.149999901333333,0.07060336729901646,-2.927345865710862e-18,-0.45440334794742643,0.8879936722185638
12.183333234666666,0.06926911152281824,4.3029273720518457e-19,-0.4494784873669982,0.8906014145413844
12.216666567999999,0.06909005462536069,-1.3010426069826053e-18,-0.4256989010930921,0.9022233703246655
12.249999901333332,0.0713929992389341,-1.734723475976807e-18,-0.37230618514936387,0.9253600078667746
12.283333234666665,0.0763577140218001,3.469446951953614e-18,-0.3204067758374603,0.9441975415699877
12.316666568,0.08161655023262403,1.6263032587282567e-18,-0.3070640524174483,0.9481826862166911
12.349999901333334,0.08560485120250048,-4.269046054161674e-18,-0.3150918760102205,0.9451925301878754
12.383333234666667,0.08906315097735434,-1.8431436932253575e-18,-0.3373617196584675,0.937152509065129
12.416666568,0.09233654435530099,-1.0842021724855044e-19,-0.36536850521949493,0.9262719999925473
12.449999901333333,0.09567919299013675,1.1926223897340549e-18,-0.3874574930618763,0.9169090375271489
12.483333234666667,0.09910736424200726,-7.37257477290143e-18,-0.40168334175793124,0.910400034768883
12.516666568,0.10193288768427261,9.75781955236954e-19,-0.40682906152016624,0.9077994277983251
12.549999901333333,0.10421305899897852,2.3852447794681098e-18,-0.40250415153194763,0.9094669022749658
12.583333234666666,0.10603757405947443,-1.3010426069826053e-18,-0.3894384647130592,0.914928256799142
12.616666568,0.10774626309862517,-4.9873299934333204e-18,-0.37193569099610185,0.9219840478834402
12.649999901333333,0.10953865393578711,-1.3010426069826053e-18,-0.35232143219679446,0.929446551292077
12.683333234666666,0.11136469333618917,1.951563910473908e-18,-0.3351389522329429,0.9355638875963211
12.716666567999999,0.1128879487354452,5.637851296924623e-18,-0.32594361211446016,0.9386250970180171
12.749999901333332,0.11393525420197491,4.607859233063394e-18,-0.32378191615983776,0.9392465217491068
12.783333234666665,0.11402797220827698,1.328147661294743e-18,-0.3240452000883659,0.9391444669771309
12.816666568,0.11293452425504544,2.6020852139652106e-18,-0.32359701635219756,0.9394310854124651
12.849999901333334,0.11140222985400454,-5.7462715141731735e-18,-0.3278744164337208,0.9381300071055199
12.883333234666667,0.10987613720044953,6.505213034913027e-19,-0.3371184848534345,0.9350285352030882
12.916666568,0.10817578917931278,-1.8431436932253575e-18,-0.34118959725736947,0.9337492475813766
12.949999901333333,0.10665452523890752,-2.032879073410321e-18,-0.3402817527723757,0.9342553938705535
12.983333234666667,0.10511509277520956,-1.6263032587282567e-19,-0.3333653086268994,0.9369196274360738
13.016666568,0.10313636638317496,2.8189256484623115e-18,-0.3153558983535585,0.9433522922550703
13.049999901333333,0.10091826821944336,1.0842021724855044e-18,-0.28679352779793377,0.9526620468732888
13.083333234666666,0.09876845009457923,-2.168404344971009e-19,-0.25562171364550484,0.9617184269727029
13.116666568,0.09670451459159358,2.3852447794681098e-18,-0.2247917555620913,0.9695962579800508
13.149999901333333,0.09496929543828186,-2.168404344971009e-19,-0.19671845469328406,0.9758497233217023
13.183333234666666,0.09392235595438576,2.222614453595284e-18,-0.1828980590926469,0.9786352185733561
13.216666567999999,0.09361792656386934,1.3010426069826053e-18,-0.18602370880773733,0.9780750807516242
13.249999901333332,0.0936936934148519,1.8973538018496328e-18,-0.19500127158917918,0.976317569181712
13.283333234666665,0.09400738074930293,9.75781955236954e-19,-0.2029123386596178,0.9746738917116536
13.316666567999999,0.09466412161051187,1.1384122811097797e-18,-0.20883332388774353,0.9733587965974866
13.349999901333334,0.09583771632739158,3.496552006265752e-18,-0.21385772740423806,0.9721522537949727
13.383333234666667,0.09777310392635796,-4.0115480381963664e-18,-0.22117360335401737,0.9703209043033163
13.416666568,0.10010912181437742,-1.1384122811097797e-18,-0.23250233790322847,0.96743001121481
13.449999901333333,0.10226577224793391,1.3688052427629493e-18,-0.24141220881455117,0.9650190968378881
13.483333234666667,0.10430888772706333,-2.744386749103933e-19,-0.24560005857693043,0.9637428428622188
13.516666568,0.10633960051579537,-4.743384504624082e-19,-0.25108452486071975,0.9621062575088094
13.549999901333333,0.10784673406274596,6.098637220230962e-19,-0.25360731325277913,0.9612764496317936
13.583333234666666,0.1087845666730704,-5.421010862427522e-20,-0.25189322345973125,0.961621402647018
13.616666568,0.10923553262107415,-3.4423418976414766e-18,-0.24848640092412336,0.9624562883418478
13.649999901333333,0.109268252467768,5.631075033346589e-18,-0.2471782325260935,0.9627893696795352
13.683333234666666,0.10887415441329464,-1.3552527156068805e-18,-0.24504905374574715,0.9633781084076511
13.716666567999999,0.1082180666072145,-2.2497195079074217e-18,-0.2404123565749751,0.9646194839758648
13.749999901333332,0.1075671716206668,1.0299920638612292e-18,-0.23890629134866814,0.9650663643208975
13.783333234666665,0.10696300504786958,2.2768245622195593e-18,-0.2421971358071552,0.9643129486623832
13.816666567999999,0.10642974352711737,1.8973538018496328e-18,-0.24699164741208895,0.9631551462778021
13.849999901333334,0.10587689272576045,-1.3552527156068805e-18,-0.25304457170610023,0.9616436597393102
13.883333234666667,0.10543924562116977,-1.6263032587282567e-18,-0.26152369339858805,0.9594206185370417
13.916666568,0.10507702145815037,1.8431436932253575e-18,-0.271750772117607,0.95661399603757
13.949999901333333,0.10458555974312184,-4.553649124439119e-18,-0.28093954859834286,0.9540098693025022
13.983333234666667,0.10404499365129258,-1.1926223897340549e-18,-0.28975637406294596,0.9514283383345257
14.016666568,0.1035704646063679,-8.673617379884035e-19,-0.29739017586384225,0.9491218268277756
14.049999901333333,0.10307262946416403,1.4094628242311558e-18,-0.3034221633135417,0.9472650230349866
14.083333234666666,0.10252801659066076,1.1011428314305904e-18,-0.3036774858695426,0.9472423081714303
14.116666568,0.10219106263892039,-1.5178830414797062e-18,-0.2984115934767112,0.9489507403418885
14.149999901333333,0.10196007755165923,-3.0086610286472748e-18,-0.293988342905588,0.9503551950830206
14.183333234666666,0.10182051132307798,8.782037597132586e-18,-0.2906815407985228,0.9513867905919778
14.216666567999999,0.10165010865515196,-5.041540102057596e-18,-0.28577135496451733,0.9528913831555723
14.249999901333332,0.10132318327326469,5.936006894358137e-18,-0.2797392932712571,0.9547143763092029
14.283333234666665,0.1011040258425748,1.0706496453294356e-18,-0.2766593728536374,0.9556346411524941
14.316666567999999,0.10077740726493462,1.4094628242311558e-18,-0.2725015776234031,0.9568630018857005
14.349999901333334,0.10061166024129331,5.312590645178972e-18,-0.26694766595526803,0.9584446971341254
14.383333234666667,0.10068131649074076,-3.848917712323541e-18,-0.2591620261404751,0.9605718696258262
14.416666568,0.10098260486448321,-5.421010862427522e-18,-0.2501917940035156,0.962915665948003
14.449999901333333,0.1015512062941665,1.463672932855431e-18,-0.24234576039684508,0.9648605520581068
14.483333234666667,0.10232131142149824,-5.421010862427522e-19,-0.2333199968449906,0.967001617527726
14.516666568,0.10322954841811992,1.0842021724855044e-18,-0.22282686639151475,0.969377041170013
14.549999901333333,0.10428691532112623,1.1384122811097797e-18,-0.2143075268987319,0.971183053397944
14.583333234666666,0.10538507888435586,2.656295322589486e-18,-0.20938852378674,0.9721370434537242
14.616666568,0.10631015185528854,1.8431436932253575e-18,-0.202706094537084,0.973451791744218
14.649999901333333,0.10706149945587638,-2.168404344971009e-18,-0.1953223596528813,0.9748779467984133
14.683333234666666,0.10741627274529793,-1.951563910473908e-18,-0.18563919242671265,0.9767291510877854
14.716666567999999,0.10750657273827513,-1.4094628242311558e-18,-0.1749802625096971,0.9786849567404762
14.749999901333332,0.10725717722505866,1.0842021724855044e-18,-0.16468731841617837,0.9804968052403845
14.783333234666665,0.10675606132991783,3.903127820947816e-18,-0.15580461641206858,0.9820020696892705
14.816666567999999,0.10620625157593949,1.0164395367051604e-18,-0.1519179422305899,0.982670428452292
14.849999901333334,0.1056430119823258,3.2526065174565133e-18,-0.15153575875060257,0.9827901443539111
14.883333234666667,0.10517952658061723,-1.3823577699190182e-18,-0.1527672014648079,0.9826491995340393
14.916666568,0.10482363940541384,2.1955093992831465e-18,-0.1536822144645216,0.9825445443230981
14.949999901333333,0.10468616010306606,1.2197274440461925e-18,-0.15640999734637365,0.9821286680537245
14.983333234666667,0.10476648279520528,-2.303929616531697e-18,-0.16021695327622873,0.9815062465239868
15.016666568,0.1050262071618308,2.981555974335137e-19,-0.16456228872390716,0.9807592716559703
15.049999901333333,0.10551068092261857,6.2341624917916505e-19,-0.16999397673999378,0.9797803550201281
15.083333234666666,0.1060818449284153,1.6263032587282567e-18,-0.17415339380776748,0.978987863868506
15.116666568,0.10666049613123212,-1.6737371037744975e-18,-0.17519174335574503,0.9787396955396336
15.149999901333333,0.10726524131755509,-2.5478751053409354e-18,-0.17266544710302414,0.9791224700627595
15.183333234666666,0.10791302507127663,-4.336808689942018e-19,-0.1667021979999963,0.9800842597460364
15.216666567999999,0.10857816667095783,7.589415207398531e-19,-0.15616378925140542,0.9817452076017567
15.249999901333332,0.10947473319577286,-1.951563910473908e-18,-0.14114925499016945,0.983916749835795
15.283333234666665,0.11074800746613152,-1.734723475976807e-18,-0.12130585852828377,0.9864176435612847
15.316666567999999,0.11240277188661293,-1.0842021724855044e-18,-0.09092737074786496,0.9894937241443659
15.349999901333334,0.1147261894454217,4.336808689942018e-19,-0.045091414824605665,0.9923732492184827
15.383333234666667,0.11772954676446869,0.0,0.01483758663399773,0.9929348416897815
15.416666568,0.12120892245087801,0.0,0.08222399565097681,0.9892156547778069
15.449999901333333,0.12508791416501988,-3.0357660829594124e-18,0.14781597161182486,0.9810726029536738
15.483333234666667,0.128979320068099,-1.3010426069826053e-18,0.20273714394470757,0.9707018004824725
15.516666568,0.13238254404646527,6.071532165918825e-18,0.24451310988057967,0.9605666042124894
15.549999901333333,0.1350924687409225,-2.8189256484623115e-18,0.27773120713995764,0.9511127175419667
15.583333234666666,0.13715683467999448,-4.336808689942018e-18,0.3065584536114092,0.9419182115342851
15.616666568,0.1385861974507223,2.8189256484623115e-18,0.3321787091135388,0.9329797270508146
15.649999901333333,0.13955677263514124,8.673617379884035e-18,0.3565127286016376,0.9238087364582989
15.683333234666666,0.1402861784502152,0.0,0.37967466710160774,0.9144216397795483
15.716666567999999,0.140882797558205,6.5052130349130266e-18,0.39885471206588446,0.9061274502049999
15.749999901333332,0.1414364070100103,-3.577867169202165e-18,0.4141888200100434,0.8991347864201378
15.783333234666665,0.1421189096576425,8.023096076392733e-18,0.4280261380106708,0.8925221793868168
15.816666567999999,0.14323904781254698,-1.5720931501039814e-17,0.4449986710198056,0.8840015599377422
15.849999901333334,0.14477572155923482,1.2576745200831851e-17,0.46349288841724995,0.8741935328253336
15.883333234666667,0.1466957143268653,3.2526065174565133e-18,0.4836596807969308,0.8628752404429866
15.916666568,0.14894611958741735,1.6263032587282567e-18,0.5056515113077814,0.8497832679995574
15.949999901333333,0.15126007994879154,7.914675859144182e-18,0.5265279003969893,0.8365935442719021
15.983333234666667,0.15335064630318473,2.3852447794681098e-18,0.5448111435907512,0.8244176108609845
16.016666568,0.15509833698299846,-6.288372600415926e-18,0.5612541070684272,0.8129811394884454
16.049999901333333,0.15637655808530262,-4.0115480381963664e-18,0.5748026816636953,0.8032112108490634
16.083333234666668,0.1572052514883985,5.637851296924623e-18,0.5860021615716838,0.7949138164214934
16.116666568000003,0.15767505560119838,-5.2583805365546965e-18,0.5951013447462746,0.788031069388977
16.149999901333334,0.15797150015056244,9.974659986866641e-18,0.6020691657095256,0.782660670304837
16.18333323466667,0.15821301823249634,5.421010862427522e-20,0.6075712699239312,0.778348118019685
16.216666568,0.15856629797814367,1.5680273919571608e-17,0.6116663804807317,0.7750619124528746
16.249999901333336,0.15898986718585137,-1.5382118322138094e-18,0.6137207045253309,0.7733492865252782
16.283333234666667,0.15949508310843435,-4.512991542970912e-18,0.6141695894959872,0.7728887590090597
16.316666568000002,0.16002595004404505,-7.643625316022806e-18,0.6131343555812273,0.7736006445954489
16.349999901333334,0.1603247120482774,4.2825985813177425e-18,0.6100019994133945,0.7760113062438576
16.38333323466667,0.16036992845459985,-1.2034644114589099e-17,0.6058773499143402,0.7792266184546336
16.416666568,0.16014478931294093,3.0899761915836876e-18,0.6009958294409083,0.7830438426107114
16.449999901333335,0.15958949780166665,-3.7947076036992655e-19,0.5947481616249805,0.7879123151944752
16.483333234666667,0.1588972373486301,-1.0787811616230769e-17,0.5865644563084943,0.7941623301054348
16.516666568,0.15817553306647641,-4.228388472693467e-18,0.5760055697350203,0.8019963119449932
16.549999901333333,0.1576705596519031,-2.2768245622195593e-18,0.5641402870744462,0.8104848740837903
16.583333234666668,0.15756568471255383,-8.239936510889834e-18,0.5520686102555293,0.8187754909446134
16.616666568000003,0.1577035689692867,1.6263032587282567e-18,0.5400818198010516,0.8267050334035314
16.649999901333334,0.15789401509816886,4.228388472693467e-18,0.5283599508521769,0.8342093516208415
16.68333323466667,0.1581947005157931,3.903127820947816e-18,0.5182405545574047,0.8404767482451564
16.716666568,0.15852307169296775,1.691355389077387e-17,0.5080267508722133,0.84662816876079
16.749999901333336,0.15901434066241346,-1.0842021724855044e-19,0.49781093089386935,0.8525835539970714
16.783333234666667,0.15965702081003083,-1.0625181290357943e-17,0.4873011361834328,0.8585145533888177
16.816666568000002,0.16048910105492828,1.4203048459560108e-17,0.4769102853538001,0.8641758085981913
16.849999901333334,0.16152127195555788,-1.951563910473908e-18,0.46686552345186444,0.8694523918639108
16.88333323466667,0.16268959147851023,-9.107298248878237e-18,0.4565514258439922,0.8746958856564797
16.916666568,0.16402124415904318,-2.3852447794681098e-18,0.44588078786558283,0.8799359945341971
16.949999901333335,0.1655506104066903,2.168404344971009e-19,0.4360225301337222,0.8845774972323
16.983333234666667,0.16721244938225815,-3.469446951953614e-18,0.42686957338639847,0.8887195081061854
17.016666568,0.16914293990817927,-8.673617379884035e-19,0.4178663967834709,0.8926244116751553
17.049999901333333,0.17137346490964034,-3.903127820947816e-18,0.4087382317844437,0.8964174214073435
17.083333234666668,0.1739124106417017,3.903127820947816e-18,0.4005835524228864,0.8996039633933661
17.116666568000003,0.17667175218466816,8.023096076392733e-18,0.3937531962142561,0.902078440298324
17.149999901333334,0.1794196490796606,2.3852447794681098e-18,0.38862391340205066,0.9037588414262995
17.18333323466667,0.1820871047406205,2.3852447794681098e-18,0.3843302778906096,0.9050605083549416
17.216666568,0.18466432579787967,3.3610267347050637e-18,0.3788370472470778,0.9068525670751172
17.249999901333336,0.1874338404201543,-7.15573433840433e-18,0.37237993193476643,0.9089564025615371
17.283333234666667,0.19070747491824255,-6.071532165918825e-18,0.3649564650252629,0.9112834013887073
17.316666568000002,0.19463792287755524,5.204170427930421e-18,0.3568028670106454,0.913678167119525
17.349999901333334,0.19869684942530136,4.7704895589362195e-18,0.34670620821343395,0.9166866243241046
17.38333323466667,0.20258546256104185,-1.5829351718288365e-17,0.3354247275246664,0.9200268379367703
17.416666568,0.20638608176393278,-9.324138683375338e-18,0.32386675962761413,0.9233174466360097
17.449999901333335,0.2101216548418858,-9.974659986866641e-18,0.310784780357696,0.9269637050416408
17.483333234666667,0.2141933074014907,4.336808689942018e-18,0.2977816979562933,0.930294194019654
17.516666568,0.21887246256761436,5.204170427930421e-18,0.28458545730975643,0.9333305752076191
17.549999901333333,0.22477166475669783,-4.7704895589362195e-18,0.27058489400762775,0.9360884113465905
17.583333234666668,0.23276506887986548,3.469446951953614e-18,0.255259241369143,0.9384365414906866
17.616666568000003,0.2439384281232201,-3.0357660829594124e-18,0.2372625654822909,0.9403193703766473
17.649999901333334,0.2587870731367159,1.0408340855860843e-17,0.21675902314547593,0.9412995148529245
17.68333323466667,0.27655287492793723,-1.0408340855860843e-17,0.19615832642650693,0.9407658679728154
17.716666568,0.2957191064524833,1.734723475976807e-18,0.1778330931124225,0.938576369334437
17.749999901333336,0.3155721689400577,4.336808689942018e-19,0.1607199001578059,0.9351915952807386
17.783333234666667,0.33600007443243823,-4.336808689942018e-18,0.14462759343131532,0.9306915757648514
17.816666568000002,0.3565005528588119,-1.734723475976807e-18,0.13007231014820836,0.9251964926133636
17.849999901333334,0.37640162472021366,2.168404344971009e-18,0.11744119263817969,0.9189827980869422
17.88333323466667,0.39561598520541535,-4.7704895589362195e-18,0.10520732721076526,0.9123702157299501
17.916666568,0.4141067216238744,2.6020852139652106e-18,0.09420175351508411,0.9053406280183224
17.949999901333335,0.4314704524865182,7.37257477290143e-18,0.0834716263870621,0.8982570546449262
17.983333234666667,0.4476242713316497,-8.673617379884035e-19,0.07203140612628563,0.8913158745620319
18.016666568,0.4622503353182818,-8.673617379884035e-19,0.0608152894013331,0.884661589577149
18.049999901333333,0.4747549799991183,0.0,0.049974667690423476,0.8786980377554445
18.083333234666668,0.48486074025523357,2.6020852139652106e-18,0.04006750041414005,0.8736730841508795
18.116666568000003,0.49251258201902176,6.505213034913027e-19,0.031398096800491465,0.869738763118135
18.149999901333334,0.4976287528702502,8.673617379884035e-19,0.023627934990557882,0.8670682470283879
18.18333323466667,0.5005268180090531,-2.168404344971009e-19,0.01676759593661507,0.8655586358995206
18.216666568,0.5013591443566734,-4.336808689942018e-19,0.011557797979381569,0.865162080581328
18.249999901333336,0.5005204889125484,-2.168404344971009e-19,0.007631050246302069,0.8656910576244173
18.283333234666667,0.49875514848317704,0.0,0.004049909366239377,0.8667334654296265
18.316666568000002,0.49654505618550193,1.0842021724855044e-19,0.000630488471820108,0.8680107197852017
18.349999901333334,0.49421931734824426,0.0,-0.002461749342241253,0.86933377143075
18.38333323466667,0.4920240201070408,-1.0842021724855044e-19,-0.0055313556647307305,0.8705640514874345
18.416666568,0.4900057658618853,-3.7947076036992655e-19,-0.007871880915621098,0.871683648414353
18.449999901333335,0.48808287548525636,1.6263032587282567e-19,-0.009921438803279871,0.8727408960912262
18.483333234666667,0.4862612000104694,-1.3010426069826053e-18,-0.01223900940373164,0.8737277905693475
18.516666568,0.4843977494721088,4.336808689942018e-19,-0.014825121823117928,0.8747222622463006
18.549999901333333,0.48236743074844446,2.168404344971009e-19,-0.01806234243357023,0.8757827433438942
18.583333234666668,0.48014589525162715,1.4094628242311558e-18,-0.021676355342931348,0.8769207802829514
18.616666568000003,0.47772325786105263,2.168404344971009e-19,-0.02536512366673008,0.8781441222259554
18.649999901333334,0.47521338815467745,-8.673617379884035e-19,-0.029167581755053983,0.8793869955219454
18.68333323466667,0.4727447016929771,-1.1926223897340549e-18,-0.032951438314537576,0.8805831305074049
18.716666568,0.4704002426494736,-3.2526065174565133e-18,-0.03638719039028255,0.8817026619506247
18.749999901333336,0.46835485963072887,1.3010426069826053e-18,-0.03944546045365399,0.8826594932984517
18.783333234666667,0.4665640460871428,1.3010426069826053e-18,-0.04202314557432245,0.8834885659332743
18.816666568000002,0.464973549840007,2.4936649967166602e-18,-0.04380716536193687,0.8842400862956477
18.849999901333334,0.46363982434411133,-1.5178830414797062e-18,-0.045195576597742655,0.8848703143049603
18.88333323466667,0.4624391834611623,3.604972223514302e-18,-0.046307659799437836,0.8854409083861401
18.916666568,0.46122829564264556,-2.981555974335137e-19,-0.04706706507945622,0.8860322514916635
18.949999901333335,0.4599792329356296,1.2197274440461925e-19,-0.04737005907482075,0.886665203315884
18.983333234666667,0.45871456215546286,1.531435568635775e-18,-0.04720131248519084,0.8873291309126492
19.016666568,0.45733270693644557,-1.3552527156068805e-18,-0.04676708290275719,0.8880651074797107
19.049999901333333,0.45596793462379503,1.2468324983583301e-18,-0.046257915532256194,0.8887932537128762
19.083333234666668,0.4546536847259382,-2.2632720350634905e-18,-0.04574080636897857,0.8894930048054581
19.116666568000003,0.4533794958513556,1.8431436932253575e-18,-0.046045292667551176,0.8901274424287403
19.149999901333334,0.4521939339319301,-8.267041565201971e-19,-0.04656323906248583,0.8907033798539079
19.18333323466667,0.4510094347677096,1.565316886525947e-18,-0.046489071929748604,0.8913076101670073
19.216666568,0.4498063310653819,2.168404344971009e-19,-0.0456930158478492,0.891956508377078
19.249999901333336,0.44857432672182435,1.111307226797642e-18,-0.04440809193568339,0.892641582482406
19.283333234666667,0.4473316963456733,-2.846030702774449e-18,-0.043414187825898405,0.893313809218194
19.316666568000002,0.44612432671966784,1.328147661294743e-18,-0.042516892083163234,0.8939605131081081
19.349999901333334,0.4449716715265752,-2.5614276324970042e-18,-0.04210213122174545,0.8945544265641038
19.38333323466667,0.4439873964820765,2.0057740190981832e-18,-0.0426286365442517,0.8950184305987477
19.416666568,0.44326952733189656,0.0,-0.04357778553584808,0.8953284887384901
19.449999901333335,0.44284306646246424,-1.6263032587282567e-19,-0.04456985003137579,0.8954906738511028
19.483333234666667,0.4427551517033707,1.0706496453294356e-18,-0.04525164640239167,0.8954999520591824
19.516666568,0.4430046460764823,-2.829090043829363e-18,-0.04557031641074856,0.8953603910252425
19.549999901333333,0.44351599510542894,-3.0323779511703952e-18,-0.045785650706913386,0.8950962162108527
19.583333234666668,0.4442224673636173,2.0396553369883552e-18,-0.04570752535298976,0.8947498095084936
19.616666568000003,0.445033680085968,5.421010862427522e-20,-0.04564133930961851,0.8943499828004496
19.649999901333334,0.4458928807019231,6.2341624917916505e-19,-0.04521256546234881,0.8939437134762196
19.68333323466667,0.4466258007990572,-3.7947076036992655e-18,-0.04381877144947622,0.8936471951107212
19.716666568,0.44719733108834325,2.439454888092385e-19,-0.04258088786613585,0.8934211856991049
19.749999901333336,0.4476312068640555,-1.1655173354219173e-18,-0.04164862733664487,0.8932478348601818
19.783333234666667,0.4479007180142196,1.6805133673525319e-18,-0.04078703208322386,0.8931524868779064
19.816666568000002,0.4481252784670164,-2.019326546254252e-18,-0.04036833787913033,0.8930588626153013
19.849999901333334,0.44842915344213646,2.7647155398380363e-18,-0.04037027929618144,0.8929062296191673
19.88333323466667,0.44894369079843394,2.290377089375628e-18,-0.04102448006225472,0.892617809887245
19.916666568,0.4497789985908334,-2.8189256484623115e-18,-0.04160378456508601,0.8921703747247435
19.949999901333335,0.4511337917033715,1.2807138162485021e-18,-0.04171142816940724,0.8914810478879557
19.983333234666667,0.45316537426620634,-1.3552527156068805e-19,-0.0412082236119016,0.8904734840931091
20.016666568,0.45601655971394656,-2.3852447794681098e-18,-0.0404965066098568,0.8890494531909091
20.049999901333333,0.4599448077162172,1.6263032587282567e-19,-0.039190083103155846,0.8870822460410646
20.083333234666668,0.46513762338854214,1.734723475976807e-18,-0.03697422946751702,0.8844658827019515
20.116666568000003,0.4719533790916171,-1.4094628242311558e-18,-0.03333896350200417,0.8809929179491832
20.149999901333334,0.4802115546975965,4.336808689942018e-19,-0.028840205571766094,0.8766784503325581
20.18333323466667,0.48969493711211454,-6.505213034913027e-19,-0.024152049824003426,0.8715592619300543
20.216666568,0.5002367245619952,-8.673617379884035e-19,-0.01941804678076302,0.8656709298912068
20.249999901333336,0.5114438071655445,-6.505213034913027e-19,-0.014354453828363676,0.8591968236482855
20.283333234666667,0.5230992794887592,6.505213034913027e-19,-0.009765782998291075,0.8522158020600012
20.316666568000002,0.5350386432742572,-1.0842021724855044e-19,-0.006763315821310876,0.844800513590246
20.349999901333334,0.5469384146168125,2.710505431213761e-19,-0.005858697037230407,0.8371523435346003
20.38333323466667,0.5586832971749142,0.0,-0.007294066262340674,0.8293490037705038
20.416666568,0.570296469560794,1.0842021724855044e-19,-0.010242309827837989,0.8213750859965772
20.449999901333335,0.5816641102398589,1.4094628242311558e-18,-0.013956091722642398,0.8133093448145684
20.483333234666667,0.5930513458016823,-8.673617379884035e-19,-0.017448417001045418,0.8049755611116225
20.516666568,0.6049463960396796,5.421010862427522e-19,-0.020208168409073395,0.7960097284883857
20.549999901333333,0.6176785536902426,-1.3010426069826053e-18,-0.0220538434285629,0.7861213852206024
20.583333234666668,0.6315756610393128,5.21772295508649e-19,-0.023096657395141766,0.7749701470378886
20.616666568000003,0.6463616400004121,1.463672932855431e-18,-0.023019786775048474,0.7626838924173036
20.649999901333334,0.6616565632335414,9.75781955236954e-19,-0.02213196156397813,0.7494803323685747
20.68333323466667,0.6774626212434822,1.951563910473908e-18,-0.01994715232928384,0.7352866841796216
20.716666568,0.6936034963104767,-6.505213034913027e-19,-0.018085531266154274,0.720129921239705
20.749999901333336,0.7095397246018672,3.2526065174565133e-19,-0.016403609904931532,0.7044744855521693
20.783333234666667,0.724602976035562,1.5178830414797062e-18,-0.01352696944730747,0.6890337787205923
20.816666568000002,0.7387529245605515,-8.673617379884035e-19,-0.009827621257769351,0.6739046923071881
20.849999901333334,0.7518155182019555,-4.336808689942018e-19,-0.005809238874779081,0.6593479197922908
20.88333323466667,0.7637555036275473,-2.168404344971009e-19,-0.001731270721898942,0.6455033178693346
20.916666568,0.7744941941691945,0.0,0.002282676017401967,0.6325768985573295
20.949999901333335,0.7840286392481058,-2.168404344971009e-19,0.005447410594028957,0.6207007479909971
20.983333234666667,0.7928783446317363,1.0842021724855044e-19,0.007460577435410229,0.6093342846076921
21.016666568,0.800984411088636,-3.3881317890172014e-19,0.00832595532820109,0.5986273061437006
21.049999901333333,0.8087423223725457,-3.7947076036992655e-19,0.007703965140759694,0.5881126634621732
21.083333234666668,0.8161574248848344,-5.421010862427522e-20,0.006003063095902528,0.577798425957377
21.116666568000003,0.8233178074609496,2.168404344971009e-19,0.004221663337429306,0.5675649438402272
21.149999901333334,0.8304791639594988,-1.0842021724855044e-19,0.002792434887783856,0.5570426918437487
21.18333323466667,0.8371558419206976,2.710505431213761e-20,0.0021364693136125576,0.5469602653181673
21.216666568,0.8432990819106977,1.5246593050577406e-19,0.0020088627467188527,0.5374408087585452
21.249999901333336,0.8492320833970826,8.131516293641283e-20,0.0016537414499969802,0.5280171717551116
21.283333234666667,0.8553139717122968,-5.421010862427522e-20,0.0007055001370630891,0.5181095560432105
21.316666568000002,0.8615187118486681,5.421010862427522e-20,-0.0005988174208910375,0.507725467701107
21.349999901333334,0.8678133658806361,-5.421010862427522e-20,-0.0026704730811253955,0.49688311560410686
21.38333323466667,0.8742169041120482,1.0842021724855044e-19,-0.00465012933996218,0.48551331687387084
21.416666568,0.8806434329815149,-2.168404344971009e-19,-0.0058559121777933595,0.47374344558959125
21.449999901333335,0.8870749008265278,-2.913793338554793e-19,-0.006244172217644375,0.46158328678248545
21.483333234666667,0.8936434541313477,5.421010862427522e-20,-0.006090263808671076,0.4487363207663657
21.516666568,0.9002395815503793,2.168404344971009e-19,-0.004333172479918583,0.4353733104202152
21.549999901333333,0.9068648403916487,0.0,-0.001663342402321616,0.4214183130257658
21.583333234666668,0.9133342501629899,1.0842021724855044e-19,0.0019446095905930004,0.4072060485463708
21.616666568000003,0.9196343580464865,2.168404344971009e-19,0.005943152599210452,0.39273060287888095
21.649999901333334,0.9258432139408334,4.336808689942018e-19,0.009608320085739122,0.37778568446255123
21.68333323466667,0.9319889701348913,-6.505213034913027e-19,0.012796664627715608,0.36226068641423187
21.716666568,0.9379660650854323,-7.589415207398531e-19,0.015357668723128553,0.3463867820219781
21.749999901333336,0.9436883970580773,4.0657581468206416e-19,0.016946429398008174,0.33040131323681965
21.783333234666667,0.94902201062412,-5.21772295508649e-19,0.017530026906994227,0.3147219749359627
21.816666568000002,0.9538115470377395,2.303929616531697e-19,0.017050722001530055,0.29992133238017676
21.849999901333334,0.9580869747627355,7.047314121155779e-19,0.01568075654274501,0.28604800762151184
21.88333323466667,0.9618280650732622,-9.215718466126788e-19,0.01345853364541412,0.27332332704974094
21.916666568,0.9650238319277884,2.710505431213761e-19,0.010676344095408652,0.26194468784108593
21.949999901333335,0.9677342437549272,0.0,0.007907719582502708,0.2518489655231557
21.983333234666667,0.9699192229708169,1.6263032587282567e-19,0.005411287728183771,0.2433668401340032
22.016666568,0.9716628932023125,-2.439454888092385e-19,0.0033503434091488706,0.23634719624474596
22.049999901333333,0.973065504569994,1.0842021724855044e-19,0.0011213863571321362,0.23052606427165895
22.083333234666668,0.9741820797586375,2.710505431213761e-20,-0.000966598057232102,0.22576169109335506
22.116666568000003,0.9750222211187397,8.131516293641283e-20,-0.003080738728290451,0.22208596843017184
22.149999901333334,0.9756808106499719,1.0842021724855044e-19,-0.005096528024921711,0.21913690043327957
22.18333323466667,0.9761562525564208,2.710505431213761e-20,-0.006794622055078307,0.21696267814104334
22.216666568,0.976497642268563,0.0,-0.008178634308401433,0.21537285015708701
22.249999901333336,0.9766418975699909,-5.421010862427522e-20,-0.009410765595813895,0.2146672806968684
22.283333234666667,0.9766465403427311,0.0,-0.01072802646958692,0.2145843533080688
22.316666568000002,0.9766003437297545,-3.1848438816761693e-19,-0.01152787834072776,0.2147530596938885
22.349999901333334,0.9764844497012513,5.014435047745458e-19,-0.011016594303891427,0.21530618695613057
22.38333323466667,0.9763486090797203,-3.6591823321385775e-19,-0.010004056099663015,0.2159706285809489
22.416666568,0.9761829396001018,-2.710505431213761e-19,-0.008338828437753052,0.21678868137887092
22.449999901333335,0.976061075054756,1.3552527156068805e-19,-0.006581961975361051,0.21739699984017413
22.483333234666667,0.9760503213795908,1.3552527156068805e-19,-0.005355216412892388,0.21747894562915385
22.516666568,0.9760568723039825,2.0328790734103208e-20,-0.004747714501938454,0.2174636549752058
22.549999901333333,0.9760525746668517,-1.3891340334970526e-19,-0.004511280905568647,0.21748797629018735
22.583333234666668,0.976015586777715,-1.3637230450794235e-19,-0.0045046491583740685,0.21765404315774273
22.616666568000003,0.9759264925556199,-5.421010862427522e-20,-0.00484343413679715,0.2180459178105563
22.649999901333334,0.9757800142149972,5.421010862427522e-20,-0.005756683413020104,0.2186783584506308
22.68333323466667,0.9756110867430555,-6.776263578034403e-20,-0.006767255438215951,0.21940194091636464
22.716666568,0.9754271096241096,-1.3552527156068805e-19,-0.007772001942390772,0.22018526244088849
22.749999901333336,0.975191721125169,2.710505431213761e-19,-0.008471846439149817,0.22119976235711084
22.783333234666667,0.9748688316951781,2.574980159653073e-19,-0.009141435282406957,0.22259199255646256
22.816666568000002,0.9744348311925316,5.421010862427522e-20,-0.010536894139739652,0.22442311293775058
22.849999901333334,0.9738428315648299,5.963111948670274e-19,-0.012106535298521142,0.22689991452810218
22.88333323466667,0.9730657458697468,-2.710505431213761e-19,-0.013544143844970493,0.2301295513020009
22.916666568,0.9721985337334779,1.6263032587282567e-19,-0.015654117650287347,0.2336342432244616
22.949999901333335,0.9713138180881323,1.0842021724855044e-19,-0.01824205004428414,0.23710059974879086
22.983333234666667,0.9703956062804917,0.0,-0.021035869344478313,0.2406031161735839
23.016666568,0.9694349211444133,-3.2526065174565133e-19,-0.0235878046629412,0.24421209867020935
23.049999901333333,0.9683326692389437,-2.168404344971009e-19,-0.025210790474457238,0.2483873139438398
23.083333234666668,0.9670120800914951,-1.3552527156068805e-20,-0.025920054794789593,0.253408341844847
23.116666568000003,0.9653988401896493,5.014435047745458e-19,-0.026534362305737087,0.2594243762207166
23.149999901333334,0.9635122899497852,1.0164395367051604e-19,-0.026445674783403806,0.26635445068737146
23.18333323466667,0.9612351267286421,1.7076184216646695e-18,-0.025350028015817094,0.27456221011378934
23.216666568,0.9581890898624613,-5.963111948670274e-19,-0.02397644913093722,0.2851294407030246
23.249999901333336,0.9538060661176154,-5.421010862427522e-20,-0.022758619995154467,0.29955973269642794
23.283333234666667,0.9478308545391732,-9.486769009248164e-19,-0.021434446973949205,0.31805225304415263
23.316666568000002,0.9405790621169776,-5.149960319306146e-19,-0.020165732301913285,0.3389754727821385
23.349999901333334,0.9323245075384202,-3.4558944247975454e-19,-0.019606999653669188,0.3610908171192162
23.38333323466667,0.9236045937783834,9.0801931945661e-19,-0.01931469425805421,0.38285963085337854
23.416666568,0.9149130435520156,-6.505213034913027e-19,-0.018242086249548428,0.40323857581790395
23.449999901333335,0.906336884368019,9.215718466126788e-19,-0.016115299602046128,0.4222484448198812
23.483333234666667,0.8977060612428398,-1.6263032587282567e-19,-0.014018550821022716,0.44037178365642976
23.516666568,0.8888461252213878,5.421010862427522e-20,-0.012281798336079978,0.4580411805815684
23.549999901333333,0.8798331547333967,3.2526065174565133e-19,-0.010805686457562214,0.4751598225566424
23.583333234666668,0.8712862951088003,9.486769009248164e-19,-0.010010581155108377,0.49067298704994705
23.616666568000003,0.8637669465806432,4.0657581468206416e-19,-0.010138298179855664,0.5037895164696943
23.649999901333334,0.857622262291437,2.168404344971009e-19,-0.010593224046861619,0.5141710209904976
23.68333323466667,0.8529637483059984,7.995991022080595e-19,-0.010949049904386044,0.521855307898629
23.716666568,0.849648121252338,-6.369687763352339e-19,-0.011028394191398788,0.5272347148793707
23.749999901333336,0.8473702102557975,-7.318364664277155e-19,-0.011501201756666593,0.5308779983472645
23.783333234666667,0.8456863573981834,1.0842021724855044e-19,-0.012841283413862974,0.533525712923826
23.816666568000002,0.8442404603398895,2.710505431213761e-19,-0.014065271902657921,0.5357800045274141
23.849999901333334,0.8430639989400146,2.710505431213761e-19,-0.015461905118598867,0.537590944102832
23.88333323466667,0.841979010759049,-8.673617379884035e-19,-0.016812299257994677,0.5392482656762774
23.916666568,0.8410380752815843,5.421010862427522e-19,-0.017387557441563613,0.5406964294064318
23.949999901333335,0.8401266591813281,3.7947076036992655e-19,-0.01792866721341121,0.5420938658800442
23.983333234666667,0.8391158120784032,1.3552527156068805e-19,-0.01850441499043276,0.5436379682710395
24.016666568,0.8380145801470352,-3.9217625457874106e-19,-0.018557495438986382,0.5453321765896639
24.049999901333333,0.8368548885600383,9.0801931945661e-19,-0.018742932302377294,0.5471038274238943
24.083333234666668,0.8355359860244619,-2.371692252312041e-20,-0.018805911495021897,0.5491137894380105
24.116666568000003,0.8339839189123593,7.318364664277155e-19,-0.018298497514840216,0.551485256361657
24.149999901333334,0.8320663542547241,1.0299920638612292e-18,-0.01740156708617236,0.554403073205946
24.18333323466667,0.8297666076906898,1.1384122811097797e-18,-0.016116551003207278,0.5578777944543466
24.216666568,0.8271640875823142,3.2526065174565133e-19,-0.014548402902999904,0.5617721212262938
24.249999901333336,0.8242993764772851,-7.047314121155779e-19,-0.013383829140373938,0.5659959461486453
24.283333234666667,0.8212843684373894,-5.421010862427522e-20,-0.012335888288509865,0.570385669543452
24.316666568000002,0.8182626497326488,-5.21772295508649e-19,-0.01187180746348112,0.5747219294929111
24.349999901333334,0.8153814642852056,3.968349357886397e-19,-0.011824852823276619,0.5788032831246052
24.38333323466667,0.8125525753642205,-6.369687763352339e-19,-0.01199156951312853,0.5827645446744202
24.416666568,0.8096719582362034,1.0028870095490916e-18,-0.012220539152956268,0.5867554673531067
24.449999901333335,0.8069250548772355,2.710505431213761e-20,-0.012710063675808871,0.5905170701112097
24.483333234666667,0.8044451844503763,1.8973538018496328e-19,-0.013647127000120766,0.5938701046013707
24.516666568,0.802023451487079,4.2012834183813297e-19,-0.014268016299906037,0.5971221039080857
24.549999901333333,0.7994406593379202,6.776263578034403e-19,-0.013851213910864104,0.6005853611856911
24.583333234666668,0.7968953057062094,0.0,-0.012781205747754052,0.6039822120915821
24.616666568000003,0.7945475164862286,3.5236570605778894e-19,-0.011687843872956618,0.6070894813379389
24.649999901333334,0.79261722420535,6.335806445462167e-19,-0.011355773709458705,0.6096137976591947
24.68333323466667,0.7913135929027812,-4.336808689942018e-19,-0.013091551103340147,0.6112703239786798
24.716666568,0.7908935989393935,-2.168404344971009e-19,-0.01782615077422864,0.6116939949887266
24.749999901333336,0.7909937070844542,1.0842021724855044e-18,-0.023119758031314188,0.6113873012594933
24.783333234666667,0.7911611916320849,-1.734723475976807e-18,-0.027672921727739296,0.6109813239849071
24.816666568000002,0.7914644587143987,0.0,-0.03243022552789803,0.6103542340838912
24.849999901333334,0.7920391891718626,1.0842021724855044e-18,-0.03722202376742508,0.6093344268647848
24.88333323466667,0.7929070774701453,1.6263032587282567e-18,-0.04143736693861723,0.607931995472312
24.916666568,0.7940215441724227,2.0599841277224584e-18,-0.0447504055487852,0.6062402070081303
24.949999901333335,0.7952802769591872,5.204170427930421e-18,-0.04806812791688469,0.6043332988991128
24.983333234666667,0.7965258756357848,-1.3010426069826053e-18,-0.05144740527234659,0.6024115652387407
25.016666568,0.7977918832954278,-1.3010426069826053e-18,-0.053197113913729034,0.6005815331986026
