0.039999985532407405,-0.9991829542555993,0.016530990252641594,0.03688021537789856
0.23999998553240742,-0.9968294315157948,0.0064537578995771784,-0.07930594853396253
0.43999998553240743,-0.9935049381741095,0.007673272123548013,-0.11352999039274476
0.6399999855324074,-0.9903446630920785,0.01573685848499766,-0.13773089548122666
0.8399999855324074,-0.9830853694739244,0.04918015629808288,-0.1764212814623403
1.0399999855324074,-0.9138171153047355,0.3474194778414171,-0.2103282819606744
1.2399999855324075,-0.5980156973217773,0.5832040682834709,-0.5497728990177287
1.4399999855324075,-0.5993935230371894,0.5572929300247625,-0.5745885438167745
1.6399999855324074,-0.6104387930180493,0.5536006833345406,-0.5664722088418792
1.8399999855324074,-0.6326936328187109,0.5693016585945321,-0.5249708453925582
2.0399999855324076,-0.6401613918586027,0.5779200692809618,-0.5061637935450785
2.2399999855324078,-0.646746606286082,0.57624891630519,-0.49965589530648985
2.439999985532408,-0.6398396031357924,0.5708250376945834,-0.5145522894711566
2.6399999855324077,-0.6274620698530295,0.5587843424049697,-0.5422650731688308
2.839999985532408,-0.6207680218660387,0.5509403128983256,-0.5577739996199363
3.0399999855324076,-0.6178117148363946,0.547670129567275,-0.5642394121210226
3.2399999855324078,-0.6187590312437972,0.5448602657232589,-0.5659192098614582
3.439999985532408,-0.6206014449453229,0.5417542270378631,-0.5668828838643694
3.6399999855324077,-0.6193664008242632,0.541985126131246,-0.5680117820807027
3.839999985532408,-0.6196521299326111,0.5437997654183166,-0.5659620596832988
4.039999985532408,-0.4549130620808417,0.8727172611964449,-0.1772531747473336
4.239999985532408,-0.4055665948579778,0.9042217647047913,-0.13378616284750183
4.439999985532408,-0.395287687329956,0.9158337778181854,-0.07068334777446425
4.639999985532408,-0.5560038936337297,0.830910015102034,-0.021171137599808258
4.839999985532408,-0.7149145303604036,0.5996854612509456,-0.35954771845167405
5.039999985532408,-0.6777496743622584,0.47557856396864123,-0.5607855279831835
5.239999985532408,-0.7273555121211057,0.43472614836217177,-0.5310057767268028
5.439999985532408,-0.9955722967540881,-0.01574794592760471,-0.09267040592795253
5.639999985532408,-0.9960245477788822,-0.026305782424776658,-0.0851064394325938
5.839999985532408,-0.9965255742627972,-0.027380207488338956,-0.07865814692768976
6.039999985532408,-0.9975257158083211,-0.011028604668977966,-0.069432097621721
6.239999985532408,-0.9960423564609491,0.02843933494702541,-0.08420705649463663
6.439999985532408,-0.9870535487456127,0.08600329560309816,-0.1353836218089113
6.639999985532408,-0.9852794855562259,0.08448092783548317,-0.14861799411280924
6.839999985532408,-0.9897344910274579,-0.04859469580450626,-0.13440309821684396
7.039999985532408,-0.9778118923125695,-0.17923198457846387,-0.10844260673820678
7.239999985532408,-0.9481478210541336,-0.3033355289087584,-0.09488554332427475
7.439999985532408,-0.7541760733274288,-0.6520724190154905,-0.07758872843208584
7.639999985532408,-0.6918096866179959,-0.7139087151831818,-0.10832222249847481
7.839999985532408,-0.7793881193454314,-0.5850761904226087,-0.22414283576273242
8.039999985532408,-0.7625352249642119,-0.5792591224680491,-0.28809529625858976
8.239999985532409,-0.7433736542647782,-0.6001548805615323,-0.29531293483896537
8.439999985532408,-0.7052625489122633,-0.6429832762199845,-0.29862559100517905
8.639999985532407,-0.6944893760659526,-0.6566256938461941,-0.29415506916000655
8.839999985532408,-0.695984400419829,-0.6638969118283344,-0.27358107543661
9.039999985532408,-0.705857414710134,-0.6564993400608422,-0.2660336944794868
9.239999985532409,-0.7195916503031337,-0.6445556003641407,-0.25833299218883116
9.439999985532408,-0.7277679608426373,-0.6365712345208917,-0.255207481378382
9.639999985532409,-0.7311830692846594,-0.6329967166809986,-0.2543353610148238
9.839999985532408,-0.7320928835351733,-0.6314566706394287,-0.25554350506738255
10.039999985532408,-0.7326491142696939,-0.6310298451588656,-0.25500315660519013
10.239999985532409,-0.732858840545028,-0.6297408747954755,-0.2575739708255217
10.439999985532408,-0.734553744976635,-0.6285600904770726,-0.2556227853698785
10.639999985532409,-0.7336504027215546,-0.6291786226051291,-0.25669309971873644
10.839999985532408,-0.7327792489947224,-0.6304830657334513,-0.2559798352723889
11.039999985532408,-0.732628011914813,-0.6298980263993669,-0.25784621869620583
11.239999985532409,-0.7329396653560739,-0.6299345831897022,-0.25686935949883694
11.439999985532408,-0.7321412978199399,-0.6310453739949666,-0.25641929721861256
11.639999985532409,-0.7304843317737404,-0.6331478819636638,-0.2559617170554971
11.839999985532408,-0.7296687136920582,-0.6341304537970843,-0.25585569336264796
12.039999985532408,-0.728133791740857,-0.6363981688707924,-0.2545948781554425
12.239999985532409,-0.7275967821100667,-0.6361827466408047,-0.2566601557305643
12.439999985532408,-0.729261941637715,-0.634183887543889,-0.2568809398505661
12.639999985532409,-0.7319759400009533,-0.630132534608452,-0.25912200232255267
12.839999985532408,-0.7364408692751174,-0.625383309842343,-0.25797395572411047
13.039999985532408,-0.735916858281997,-0.624178036587145,-0.2623512079990717
13.239999985532409,-0.7445462372444596,-0.6674938523302558,-0.010141878841318062
13.439999985532408,-0.7421991304092168,-0.6698061174216992,-0.022365506573101317
13.639999985532409,-0.7433079271081051,-0.6684182861784533,-0.026651832967191015
13.839999985532408,-0.7415974469968316,-0.6696976008881299,-0.039221804808859416
14.039999985532408,-0.7450520777753675,-0.6658482373308651,-0.03928773658519203
14.239999985532409,-0.7463922939630236,-0.6643467624490552,-0.03926732402487575
14.439999985532408,-0.7447135638121076,-0.6663290049762562,-0.037514863742550864
14.639999985532409,-0.7427853083707383,-0.6682343440892171,-0.04162747948460355
14.839999985532408,-0.7447504096630011,-0.6658548821107911,-0.04454327419506519
15.039999985532408,-0.7442567959196772,-0.6662088209727798,-0.047409161408260785
15.239999985532409,-0.7174224064034901,-0.6614818440210696,-0.21851055082240453
15.439999985532408,-0.7165746897325569,-0.661994977516462,-0.21973475778235182
15.639999985532409,-0.7172593983962895,-0.6609838323186404,-0.22054325839969866
15.839999985532408,-0.7133475975950169,-0.6633432073166241,-0.22607740778837732
16.039999985532408,-0.7055433584844327,-0.6704325864118545,-0.22962734239549662
16.239999985532407,-0.7045947757113629,-0.6707074179927585,-0.23172777453240592
16.43999998553241,-0.7094748262781113,-0.665497260472174,-0.23185958505456558
16.63999998553241,-0.7148683507519207,-0.660204232858105,-0.23042051126032595
16.83999998553241,-0.7179793000477325,-0.6574215435473639,-0.2286977017435244
17.039999985532408,-0.7245390790197045,-0.650012571761332,-0.22918721501318096
17.239999985532407,-0.726004579895376,-0.6479819004141409,-0.23029721384901017
17.43999998553241,-0.9452423380403089,-0.11256163743290709,-0.30634425105510565
17.63999998553241,-0.9497537092187611,0.05223476098006601,-0.3086088488208984
17.83999998553241,-0.9540578055520501,0.10412486470312886,-0.2809478887903618
18.039999985532408,-0.9865730697640931,0.13118695453834722,-0.0972808356008931
18.239999985532407,-0.9744398931014904,0.19387455649698868,-0.11348810984174523
18.43999998553241,-0.9602223310733753,0.2491228398636306,-0.12613835882194255
18.63999998553241,-0.9769990917386782,0.11799383927124747,-0.17762384028004125
18.83999998553241,-0.9755683008136495,0.104469987986028,-0.19326797990812544
19.039999985532408,-0.9550771411529508,0.24715947735449095,-0.16352323138001246
19.23999998553241,-0.9050910171840914,0.39922344637333124,-0.14639293179135238
19.43999998553241,-0.8818959047941496,0.4403603075916177,-0.16835204960179204
19.63999998553241,-0.9065585308631168,0.35591349764847363,-0.22688590152527593
19.83999998553241,-0.6843654505125878,0.5708318785186545,-0.4536462240684553
20.039999985532408,-0.6242712683764096,0.591733295530342,-0.5100363618807096
20.23999998553241,-0.5787173218217098,0.5921517340924514,-0.5607518035947906
20.43999998553241,-0.5648234749161718,0.5898778238006253,-0.577077633574426
20.63999998553241,-0.37303383679561886,0.9246970970637048,-0.07603311967489283
20.83999998553241,-0.4031782108872901,0.8893484461063809,-0.21565405554704967
21.039999985532408,-0.18204909326940844,0.9808107131875022,-0.06977444042347751
21.23999998553241,-0.27636052567257474,0.960505008816476,-0.032480577095238855
21.43999998553241,0.5428878358856872,0.8365772944900365,-0.0735610494153417
21.63999998553241,0.5152920058569403,0.8512551200193743,-0.09919107490461133
21.83999998553241,0.5450684479091659,0.8304295300207859,-0.1152700427836723
22.039999985532408,0.4598860399387697,0.8769785138953676,-0.1393323954983506
22.23999998553241,0.4403935163788648,0.8849155630091367,-0.15158495003027578
22.43999998553241,0.4047836242604417,0.90137797856809,-0.15384393807714872
22.63999998553241,0.4204483455685843,0.8947791144742785,-0.15031142674216924
22.83999998553241,0.43237135568895374,0.8897765584143065,-0.14612558597346512
23.039999985532408,0.45417952607034645,0.8806396662009677,-0.13488786606646275
23.23999998553241,0.4830883049352067,0.8689857614900479,-0.10718878655153766
23.43999998553241,0.5012523547268425,0.8597030186871042,-0.098269000916243
23.63999998553241,0.4821572479523096,0.8729827915096455,-0.07365754526918114
23.83999998553241,0.45853606114225004,0.8858588382852373,-0.07070218712374426
24.039999985532408,0.4821029792983601,0.8723004839651858,-0.08166139250434501
24.23999998553241,0.6510410109788568,0.7296407035728738,-0.2092129195659514
24.43999998553241,0.6910375434051775,0.6938968306491305,-0.20242110072724476
24.63999998553241,0.7638675919877033,0.6416971539760479,-0.06878273395226571
24.83999998553241,0.5220997765531944,0.8528452269868956,0.008175703564543018
25.039999985532408,0.476014657978931,0.8792238140548448,0.01937860129249142
25.23999998553241,0.8684164593544348,0.45177574697915696,0.20433190539837967
25.43999998553241,0.9907475059822564,0.10717833958093223,-0.08325973165110143
25.63999998553241,0.9710319953721037,-0.13208679118475802,-0.1991229357913985
25.83999998553241,0.9456884238556645,-0.056526055885507326,-0.32012217978674573
26.039999985532408,0.9375112581751136,-0.07916157036285518,-0.3388304687784183
26.23999998553241,0.9323219397102117,-0.08760279673951678,-0.3508583057851183
26.43999998553241,0.9480036872871183,-0.008189560639633857,-0.3181539564213489
26.63999998553241,0.9440087751601312,-0.019450029494201774,-0.32934651777928925
26.83999998553241,0.943012585810885,-0.034689811003128346,-0.330943922764621
27.039999985532408,0.9413661071104839,-0.033970100700971936,-0.3356722875693186
27.23999998553241,0.9446698819577329,-0.020545687850629483,-0.32737851003495544
27.43999998553241,0.9510025160677794,-0.013236211979619737,-0.30889968780363614
27.63999998553241,0.9537499709234584,-0.009354577612316482,-0.3004554623254461
27.83999998553241,0.9599231575555351,-0.009460027485044436,-0.2801036227337895
28.039999985532408,0.9644758236810096,-0.01650972305366864,-0.26365472607091467
28.23999998553241,0.9691270351806417,-0.016582106491000087,-0.24600370612310063
28.43999998553241,0.9720478263839839,-0.020688770073702047,-0.23386961755433186
28.63999998553241,0.9739136561292507,-0.02109457390507556,-0.22593629490792042
28.83999998553241,0.9733452242561071,-0.029440201454071276,-0.22744746416738265
29.039999985532408,0.9701700432739746,-0.029686865257564074,-0.240600866924776
29.23999998553241,0.9665197280564427,-0.028558599357861952,-0.25499808171909355
29.43999998553241,0.9663676923061675,-0.02802737623553958,-0.25563244991237655
29.63999998553241,0.9648669641494327,-0.026056082199540784,-0.261443726399139
29.83999998553241,0.9687447153685508,-0.026722592141497515,-0.24661625963173014
30.039999985532408,0.981026828269471,-0.012116683763098181,-0.19349301845319017
30.23999998553241,0.9819504478404892,0.006149149004968408,-0.18903837164019696
30.43999998553241,0.9762226142410743,0.022620469846154255,-0.21558692397328447
30.63999998553241,0.992598136559742,-0.013011677497399822,-0.12074616162359748
