19.999764      10.252969      14.366348      -0.718847       0.500000       0.500000
19.999764      10.232168      14.233415      -0.724928       0.500000       0.500000
19.999764      10.206356      14.114791      -0.699813       0.500000       0.500000
19.999764      10.174767      14.018124      -0.649540       0.500000       0.500000
20.001814      10.135013      13.946071      -0.592481       0.500000       0.500000
19.999764      10.078759      13.887362      -0.541959       0.500000       0.500000
19.999764      10.014807      13.833364      -0.514054       0.500000       0.500000
19.999764       9.951754      13.783312      -0.495241       0.500000       0.500000
19.999764       9.887567      13.726532      -0.504564       0.500000       0.500000
19.999764       9.819809      13.662614      -0.534151       0.500000       0.500000
19.999764       9.727036      13.599092      -0.571647       0.500000       0.500000
19.999764       9.622666      13.526457      -0.636973       0.500000       0.500000
19.999764       9.505318      13.444996      -0.712524       0.500000       0.500000
19.999764       9.380745      13.356187      -0.793951       0.500000       0.500000
19.999764       9.256387      13.256155      -0.885444       0.500000       0.500000
19.999764       9.148478      13.149284      -0.973586       0.500000       0.500000
19.999764       9.047030      13.026975      -1.052563       0.500000       0.500000
19.999764       8.946279      12.893078      -1.121656       0.500000       0.500000
19.999764       8.853893      12.745876      -1.178645       0.500000       0.500000
19.999764       8.779613      12.593914      -1.221360       0.500000       0.500000
20.012572       8.717316      12.440907      -1.249501       0.500000       0.500000
19.999764       8.664640      12.283649      -1.282206       0.500000       0.500000
19.999764       8.624238      12.131075      -1.319740       0.500000       0.500000
19.999764       8.601710      11.976102      -1.353720       0.500000       0.500000
20.009498       8.605483      11.837107      -1.386282       0.500000       0.500000
19.999764       8.614123      11.712577      -1.420257       0.500000       0.500000
19.999764       8.627349      11.597137      -1.448683       0.500000       0.500000
19.999764       8.646050      11.489199      -1.480365       0.500000       0.500000
19.999764       8.662490      11.385184      -1.503066       0.500000       0.500000
19.999764       8.675290      11.288282      -1.515819       0.500000       0.500000
19.999764       8.679693      11.191699      -1.524725       0.500000       0.500000
19.999764       8.682915      11.087074      -1.539690       0.500000       0.500000
19.999764       8.696590      10.976947      -1.544273       0.500000       0.500000
19.999764       8.726521      10.860992      -1.546914       0.500000       0.500000
19.999764       8.782520      10.744924      -1.543595       0.500000       0.500000
19.999764       8.853186      10.628089      -1.543279       0.500000       0.500000
19.999764       8.937851      10.513469      -1.544939       0.500000       0.500000
19.999764       9.032636      10.403550      -1.552648       0.500000       0.500000
19.999764       9.132356      10.298936      -1.555577       0.500000       0.500000
19.999764       9.234744      10.194803      -1.569133       0.500000       0.500000
19.999764       9.339302      10.088269      -1.598037       0.500000       0.500000
19.999764       9.446980       9.977627      -1.629357       0.500000       0.500000
19.999764       9.540710       9.858167      -1.658727       0.500000       0.500000
19.999764       9.618584       9.732721      -1.681499       0.500000       0.500000
19.999764       9.688615       9.587163      -1.698467       0.500000       0.500000
20.002070       9.740428       9.416855      -1.699232       0.500000       0.500000
19.999764       9.771327       9.210569      -1.708793       0.500000       0.500000
19.999764       9.784309       8.976199      -1.706610       0.500000       0.500000
19.999764       9.775047       8.704988      -1.697268       0.500000       0.500000
19.999764       9.744872       8.383078      -1.676476       0.500000       0.500000
19.999764       9.697229       8.001827      -1.642427       0.500000       0.500000
19.999764       9.635413       7.574362      -1.589402       0.500000       0.500000
19.999764       9.574610       7.120023      -1.529035       0.500000       0.500000
19.999764       9.530181       6.647526      -1.462938       0.500000       0.500000
19.999764       9.498763       6.164658      -1.404436       0.500000       0.500000
19.999764       9.486917       5.681534      -1.361887       0.500000       0.500000
19.999764       9.488390       5.215970      -1.329244       0.500000       0.500000
19.999764       9.495769       4.761830      -1.321180       0.500000       0.500000
20.000277       9.501529       4.299953      -1.329327       0.500000       0.500000
19.999764       9.502062       3.831439      -1.346680       0.500000       0.500000
19.999764       9.486391       3.346205      -1.363110       0.500000       0.500000
19.999764       9.452947       2.842333      -1.336195       0.500000       0.500000
19.999764       9.408942       2.298480      -1.276777       0.500000       0.500000
19.999764       9.339405       1.711220      -1.184067       0.500000       0.500000
20.004887       9.239571       1.058512      -1.042661       0.500000       0.500000
19.999764       9.114902       0.311310      -0.847817       0.500000       0.500000
19.999764       8.956328      -0.526334      -0.600188       0.500000       0.500000
19.999764       8.788230      -1.419321      -0.341740       0.500000       0.500000
19.999764       8.628869      -2.330088      -0.091676       0.500000       0.500000
19.999764       8.460579      -3.231106       0.135364       0.500000       0.500000
19.999764       8.267298      -4.109627       0.325272       0.500000       0.500000
19.999764       8.042853      -4.930979       0.466347       0.500000       0.500000
19.999764       7.849196      -5.685012       0.551283       0.500000       0.500000
20.016158       7.704128      -6.347397       0.564763       0.500000       0.500000
19.999764       7.594277      -6.907422       0.506096       0.500000       0.500000
19.999764       7.506987      -7.363534       0.390805       0.500000       0.500000
19.999764       7.433778      -7.726114       0.229527       0.500000       0.500000
19.999764       7.370749      -8.006697       0.038960       0.500000       0.500000
19.999764       7.309636      -8.216322      -0.146294       0.500000       0.500000
19.999764       7.254781      -8.370397      -0.320308       0.500000       0.500000
19.999764       7.205558      -8.492654      -0.476076       0.500000       0.500000
19.999764       7.168006      -8.592449      -0.610846       0.500000       0.500000
19.999764       7.130299      -8.679035      -0.720668       0.500000       0.500000
19.999764       7.096251      -8.751904      -0.804802       0.500000       0.500000
19.999764       7.060429      -8.817182      -0.868315       0.500000       0.500000
19.999764       7.020985      -8.877753      -0.916277       0.500000       0.500000
19.999764       6.986379      -8.929922      -0.944545       0.500000       0.500000
19.999764       6.938981      -8.972950      -0.959503       0.500000       0.500000
19.999764       6.881983      -9.006814      -0.960147       0.500000       0.500000
19.999764       6.816502      -9.017895      -0.950866       0.500000       0.500000
19.999764       6.762417      -9.012695      -0.943620       0.500000       0.500000
19.999764       6.718627      -8.989208      -0.940199       0.500000       0.500000
19.999764       6.673607      -8.955736      -0.945228       0.500000       0.500000
19.999764       6.628594      -8.917159      -0.972405       0.500000       0.500000
19.999764       6.581934      -8.886984      -1.013257       0.500000       0.500000
19.999764       6.531370      -8.870565      -1.033156       0.500000       0.500000
19.999764       6.473686      -8.865281      -1.051850       0.500000       0.500000
19.999764       6.397378      -8.877738      -1.071895       0.500000       0.500000
19.999764       6.315834      -8.914532      -1.089328       0.500000       0.500000
19.999764       6.226284      -8.965997      -1.100981       0.500000       0.500000
19.999764       6.127420      -9.029844      -1.101463       0.500000       0.500000
19.999764       6.032829      -9.099679      -1.094793       0.500000       0.500000
19.999764       5.943646      -9.175109      -1.089371       0.500000       0.500000
19.999764       5.854654      -9.249445      -1.081348       0.500000       0.500000
20.007449       5.774136      -9.323443      -1.082796       0.500000       0.500000
19.999764       5.704604      -9.397621      -1.082300       0.500000       0.500000
20.000277       5.649242      -9.465879      -1.074503       0.500000       0.500000
20.009754       5.587417      -9.541066      -1.083897       0.500000       0.500000
19.999764       5.523089      -9.614573      -1.094303       0.500000       0.500000
19.999764       5.465962      -9.682453      -1.099478       0.500000       0.500000
19.999764       5.414309      -9.754128      -1.100851       0.500000       0.500000
19.999764       5.358928      -9.814837      -1.092307       0.500000       0.500000
19.999764       5.306048      -9.872635      -1.091404       0.500000       0.500000
19.999764       5.242159      -9.917830      -1.087496       0.500000       0.500000
19.999764       5.174029      -9.948876      -1.081889       0.500000       0.500000
19.999764       5.098290      -9.979847      -1.071957       0.500000       0.500000
19.999764       5.010043     -10.007244      -1.057180       0.500000       0.500000
19.999764       4.915176     -10.033676      -1.039361       0.500000       0.500000
19.999764       4.814791     -10.061681      -1.017563       0.500000       0.500000
19.999764       4.725355     -10.081987      -0.986908       0.500000       0.500000
19.999764       4.628919     -10.102164      -0.950760       0.500000       0.500000
19.999764       4.529099     -10.106458      -0.912451       0.500000       0.500000
19.999764       4.435543     -10.094595      -0.887405       0.500000       0.500000
19.999764       4.343675     -10.059383      -0.875504       0.500000       0.500000
19.999764       4.260087     -10.001444      -0.877610       0.500000       0.500000
19.999764       4.175223      -9.931720      -0.875338       0.500000       0.500000
20.009242       4.090470      -9.849972      -0.883890       0.500000       0.500000
19.999764       4.011740      -9.754248      -0.903126       0.500000       0.500000
19.999764       3.939743      -9.641768      -0.915278       0.500000       0.500000
19.999764       3.876039      -9.520556      -0.932824       0.500000       0.500000
19.999764       3.805156      -9.395584      -0.965028       0.500000       0.500000
19.999764       3.724893      -9.263383      -0.984300       0.500000       0.500000
19.999764       3.646747      -9.126266      -0.989621       0.500000       0.500000
19.999764       3.573997      -8.990933      -0.990816       0.500000       0.500000
19.999764       3.498696      -8.853100      -0.995826       0.500000       0.500000
19.999764       3.425193      -8.719811      -0.983173       0.500000       0.500000
19.999764       3.361431      -8.578093      -0.974052       0.500000       0.500000
19.999764       3.299018      -8.438138      -0.963869       0.500000       0.500000
19.999764       3.235955      -8.286011      -0.950427       0.500000       0.500000
19.999764       3.174771      -8.130959      -0.949390       0.500000       0.500000
19.999764       3.120305      -7.974189      -0.951406       0.500000       0.500000
19.999764       3.072483      -7.803801      -0.938279       0.500000       0.500000
19.999764       3.027547      -7.630307      -0.922381       0.500000       0.500000
19.999764       2.985631      -7.444871      -0.912462       0.500000       0.500000
19.999764       2.943872      -7.234993      -0.909287       0.500000       0.500000
19.999764       2.897303      -7.005772      -0.900146       0.500000       0.500000
19.999764       2.843478      -6.741107      -0.885917       0.500000       0.500000
19.999764       2.777122      -6.441582      -0.882499       0.500000       0.500000
19.999764       2.707793      -6.109103      -0.892170       0.500000       0.500000
19.999764       2.637891      -5.733024      -0.931758       0.500000       0.500000
19.999764       2.566846      -5.321363      -0.982297       0.500000       0.500000
19.999764       2.501554      -4.864179      -1.030335       0.500000       0.500000
19.999764       2.446272      -4.369671      -1.076362       0.500000       0.500000
19.999764       2.395547      -3.836910      -1.123083       0.500000       0.500000
19.999764       2.335813      -3.262377      -1.157398       0.500000       0.500000
19.999764       2.240052      -2.662441      -1.182619       0.500000       0.500000
19.999764       2.106858      -2.031743      -1.203826       0.500000       0.500000
19.999764       1.910228      -1.379246      -1.221286       0.500000       0.500000
19.999764       1.649031      -0.705217      -1.238659       0.500000       0.500000
19.999764       1.301681      -0.014362      -1.264252       0.500000       0.500000
19.999764       0.863181       0.679622      -1.289162       0.500000       0.500000
19.999764       0.314170       1.386119      -1.328959       0.500000       0.500000
19.999764      -0.330681       2.097826      -1.361966       0.500000       0.500000
19.999764      -1.100467       2.813954      -1.386698       0.500000       0.500000
19.999764      -1.993242       3.530113      -1.406849       0.500000       0.500000
19.999764      -3.014218       4.223689      -1.424389       0.500000       0.500000
19.999764      -4.167951       4.902024      -1.445201       0.500000       0.500000
19.999764      -5.426563       5.558414      -1.494105       0.500000       0.500000
19.999764      -6.772391       6.216307      -1.559711       0.500000       0.500000
20.004887      -8.155728       6.886919      -1.634061       0.500000       0.500000
19.999764      -9.519888       7.597468      -1.730665       0.500000       0.500000
19.999764     -10.815938       8.391092      -1.853921       0.500000       0.500000
19.999764     -12.002111       9.227619      -1.986550       0.500000       0.500000
19.999764     -13.069389      10.081868      -2.134704       0.500000       0.500000
19.999764     -13.959831      10.909991      -2.255677       0.500000       0.500000
19.999764     -14.626496      11.703594      -2.334641       0.500000       0.500000
19.999764     -15.068132      12.474497      -2.398397       0.500000       0.500000
19.999764     -15.334999      13.238499      -2.434011       0.500000       0.500000
19.999764     -15.495748      14.020801      -2.450669       0.500000       0.500000
19.999764     -15.604977      14.790670      -2.441727       0.500000       0.500000
19.999764     -15.703734      15.554277      -2.433981       0.500000       0.500000
19.999764     -15.824965      16.323305      -2.432078       0.500000       0.500000
19.999764     -15.997078      17.087936      -2.418723       0.500000       0.500000
19.999764     -16.208315      17.854147      -2.415478       0.500000       0.500000
19.999764     -16.471579      18.584370      -2.395317       0.500000       0.500000
19.999764     -16.777184      19.261028      -2.350627       0.500000       0.500000
19.999764     -17.138113      19.870892      -2.279150       0.500000       0.500000
20.008730     -17.555061      20.393908      -2.180465       0.500000       0.500000
19.999764     -18.026327      20.793484      -2.052477       0.500000       0.500000
19.999764     -18.580063      21.075167      -1.909140       0.500000       0.500000
19.999764     -19.222805      21.231291      -1.816241       0.500000       0.500000
19.999764     -19.930447      21.292852      -1.780675       0.500000       0.500000
19.999764     -20.661943      21.277102      -1.717490       0.500000       0.500000
19.999764     -21.370495      21.219999      -1.641944       0.500000       0.500000
20.004375     -22.030689      21.129498      -1.558659       0.500000       0.500000
19.999764     -22.606661      20.994129      -1.457736       0.500000       0.500000
19.999764     -23.098269      20.821402      -1.337367       0.500000       0.500000
20.003607     -23.512917      20.618803      -1.207746       0.500000       0.500000
19.999764     -23.870741      20.420090      -1.085477       0.500000       0.500000
19.999764     -24.183798      20.232597      -0.961876       0.500000       0.500000
19.999764     -24.452456      20.055845      -0.837203       0.500000       0.500000
19.999764     -24.681564      19.910259      -0.711761       0.500000       0.500000
19.999764     -24.897434      19.796856      -0.566936       0.500000       0.500000
19.999764     -25.092180      19.734573      -0.450365       0.500000       0.500000
19.999764     -25.277893      19.726912      -0.383927       0.500000       0.500000
19.999764     -25.460751      19.761869      -0.351729       0.500000       0.500000
19.999764     -25.656862      19.842489      -0.333427       0.500000       0.500000
19.999764     -25.883640      19.964178      -0.318708       0.500000       0.500000
20.004631     -26.127094      20.117136      -0.325090       0.500000       0.500000
19.999764     -26.407440      20.280966      -0.327144       0.500000       0.500000
19.999764     -26.707291      20.440411      -0.326539       0.500000       0.500000
19.999764     -27.016413      20.590500      -0.326379       0.500000       0.500000
19.999764     -27.316181      20.715622      -0.317769       0.500000       0.500000
19.999764     -27.569788      20.814285      -0.314411       0.500000       0.500000
19.999764     -27.772530      20.881157      -0.299165       0.500000       0.500000
19.999764     -27.922333      20.916166      -0.276639       0.500000       0.500000
20.002326     -28.025797      20.934723      -0.250440       0.500000       0.500000
19.999764     -28.096659      20.935896      -0.214979       0.500000       0.500000
19.999764     -28.130518      20.928713      -0.187548       0.500000       0.500000
20.005912     -28.145988      20.912638      -0.150913       0.500000       0.500000
19.999764     -28.130213      20.889668      -0.125877       0.500000       0.500000
19.999764     -28.110479      20.856802      -0.082383       0.500000       0.500000
19.999764     -28.085934      20.819063      -0.002363       0.500000       0.500000
19.999764     -28.054255      20.781040       0.069470       0.500000       0.500000
19.999764     -28.015966      20.748316       0.140383       0.500000       0.500000
19.999764     -27.951334      20.712294       0.204584       0.500000       0.500000
19.999764     -27.871838      20.681942       0.269475       0.500000       0.500000
19.999764     -27.786444      20.655363       0.334495       0.500000       0.500000
19.999764     -27.709005      20.634676       0.386312       0.500000       0.500000
19.999764     -27.651125      20.623819       0.432173       0.500000       0.500000
19.999764     -27.602501      20.618282       0.469436       0.500000       0.500000
19.999764     -27.563398      20.620228       0.500412       0.500000       0.500000
19.999764     -27.548412      20.620348       0.527820       0.500000       0.500000
19.999764     -27.527143      20.610332       0.543759       0.500000       0.500000
19.999764     -27.506248      20.591688       0.562546       0.500000       0.500000
19.999764     -27.468468      20.564934       0.582583       0.500000       0.500000
19.999764     -27.429655      20.539385       0.589827       0.500000       0.500000
19.999764     -27.398579      20.507607       0.602686       0.500000       0.500000
20.008730     -27.360228      20.464964       0.610557       0.500000       0.500000
19.999764     -27.327806      20.421167       0.620850       0.500000       0.500000
19.999764     -27.287647      20.380100       0.625882       0.500000       0.500000
19.999764     -27.263182      20.342194       0.640697       0.500000       0.500000
19.999764     -27.256018      20.313475       0.645084       0.500000       0.500000
19.999764     -27.262924      20.285547       0.627941       0.500000       0.500000
19.999764     -27.295475      20.259367       0.629676       0.500000       0.500000
19.999764     -27.338089      20.232697       0.633272       0.500000       0.500000
19.999764     -27.392651      20.222445       0.617313       0.500000       0.500000
19.999764     -27.453861      20.212551       0.606264       0.500000       0.500000
20.260779     -27.517426      20.194418       0.586688       0.500000       0.500000
19.999764     -27.581856      20.173668       0.572196       0.500000       0.500000
19.999764     -27.641218      20.145439       0.565364       0.500000       0.500000
19.999764     -27.684441      20.103714       0.572536       0.500000       0.500000
19.999764     -27.712437      20.049913       0.585262       0.500000       0.500000
19.999764     -27.716034      19.991117       0.596649       0.500000       0.500000
19.999764     -27.706020      19.932539       0.631874       0.500000       0.500000
19.999764     -27.675728      19.861021       0.669537       0.500000       0.500000
19.999764     -27.633581      19.786322       0.699749       0.500000       0.500000
19.999764     -27.593969      19.709335       0.736172       0.500000       0.500000
19.999764     -27.554279      19.632998       0.761396       0.500000       0.500000
19.999764     -27.531612      19.566534       0.777506       0.500000       0.500000
19.999764     -27.514906      19.509441       0.787610       0.500000       0.500000
19.999764     -27.513100      19.467699       0.782675       0.500000       0.500000
19.999764     -27.521391      19.441677       0.776259       0.500000       0.500000
19.999764     -27.529047      19.431040       0.765627       0.500000       0.500000
19.999764     -27.536783      19.434895       0.748845       0.500000       0.500000
19.999764     -27.545694      19.442745       0.738362       0.500000       0.500000
19.999764     -27.554062      19.448463       0.737681       0.500000       0.500000
19.999764     -27.556248      19.457161       0.744487       0.500000       0.500000
19.999764     -27.545071      19.455805       0.758035       0.500000       0.500000
19.999764     -27.531515      19.446600       0.769303       0.500000       0.500000
19.999764     -27.498362      19.418596       0.785311       0.500000       0.500000
19.999764     -27.457888      19.366701       0.807046       0.500000       0.500000
19.999764     -27.407913      19.298428       0.815029       0.500000       0.500000
19.999764     -27.328581      19.206358       0.806549       0.500000       0.500000
19.999764     -27.226376      19.098612       0.792434       0.500000       0.500000
19.999764     -27.100376      18.969629       0.771235       0.500000       0.500000
19.999764     -26.944340      18.825249       0.742883       0.500000       0.500000
19.999764     -26.790377      18.656483       0.741761       0.500000       0.500000
19.999764     -26.639860      18.459230       0.761335       0.500000       0.500000
19.999764     -26.507681      18.231775       0.788223       0.500000       0.500000
19.999764     -26.390398      17.981546       0.809436       0.500000       0.500000
19.999764     -26.307341      17.710159       0.847155       0.500000       0.500000
19.999764     -26.252008      17.432613       0.891077       0.500000       0.500000
19.999764     -26.221960      17.162901       0.939516       0.500000       0.500000
19.999764     -26.220814      16.891121       0.995899       0.500000       0.500000
19.999764     -26.228771      16.621941       1.054632       0.500000       0.500000
20.006680     -26.252615      16.355127       1.122834       0.500000       0.500000
19.999764     -26.282064      16.111368       1.181705       0.500000       0.500000
19.999764     -26.308529      15.892517       1.233727       0.500000       0.500000
19.999764     -26.321701      15.696506       1.289494       0.500000       0.500000
19.999764     -26.299358      15.521291       1.353353       0.500000       0.500000
19.999764     -26.235134      15.372971       1.424363       0.500000       0.500000
19.999764     -26.122433      15.256036       1.490121       0.500000       0.500000
19.999764     -25.962795      15.163116       1.529234       0.500000       0.500000
19.999764     -25.785337      15.080202       1.560143       0.500000       0.500000
19.999764     -25.600103      15.019803       1.558812       0.500000       0.500000
19.999764     -25.429663      14.978994       1.529685       0.500000       0.500000
19.999764     -25.291973      14.961681       1.471519       0.500000       0.500000
19.999764     -25.177547      14.960461       1.382265       0.500000       0.500000
19.999764     -25.085030      14.964260       1.295232       0.500000       0.500000
19.999764     -25.015242      14.960464       1.215798       0.500000       0.500000
19.999764     -24.970530      14.948789       1.129566       0.500000       0.500000
19.999764     -24.942663      14.927863       1.048427       0.500000       0.500000
19.999764     -24.920063      14.884756       0.993285       0.500000       0.500000
19.999764     -24.913490      14.830403       0.954903       0.500000       0.500000
19.999764     -24.911816      14.769085       0.929071       0.500000       0.500000
19.999764     -24.911158      14.705070       0.912424       0.500000       0.500000
19.999764     -24.919945      14.632635       0.911884       0.500000       0.500000
19.999764     -24.924374      14.564261       0.908329       0.500000       0.500000
19.999764     -24.931795      14.497094       0.903282       0.500000       0.500000
19.999764     -24.933714      14.440365       0.893933       0.500000       0.500000
19.999764     -24.937794      14.391414       0.884534       0.500000       0.500000
19.999764     -24.948168      14.353805       0.878021       0.500000       0.500000
19.999764     -24.963390      14.322590       0.871979       0.500000       0.500000
19.999764     -24.972260      14.302951       0.873797       0.500000       0.500000
19.999764     -24.977293      14.296345       0.867763       0.500000       0.500000
19.999764     -24.984095      14.291539       0.878420       0.500000       0.500000
19.999764     -24.988216      14.292346       0.878476       0.500000       0.500000
19.999764     -24.995615      14.299323       0.855793       0.500000       0.500000
19.999764     -25.010059      14.303749       0.851245       0.500000       0.500000
19.999764     -25.027060      14.311862       0.844325       0.500000       0.500000
19.999764     -25.043409      14.314472       0.843168       0.500000       0.500000
19.999764     -25.059769      14.314737       0.852274       0.500000       0.500000
20.000020     -25.075396      14.310668       0.852860       0.500000       0.500000
19.999764     -25.090006      14.304324       0.854155       0.500000       0.500000
19.999764     -25.105398      14.289171       0.872867       0.500000       0.500000
19.999764     -25.116039      14.270202       0.888015       0.500000       0.500000
19.999764     -25.120108      14.251066       0.901481       0.500000       0.500000
19.999764     -25.109577      14.230385       0.908462       0.500000       0.500000
19.999764     -25.094957      14.208408       0.928465       0.500000       0.500000
19.999764     -25.075333      14.190393       0.937784       0.500000       0.500000
19.999764     -25.054171      14.179270       0.919527       0.500000       0.500000
19.999764     -25.035698      14.168724       0.908961       0.500000       0.500000
19.999764     -25.018972      14.156309       0.898641       0.500000       0.500000
20.024867     -25.007854      14.145988       0.889485       0.500000       0.500000
19.999764     -24.993813      14.132799       0.883243       0.500000       0.500000
19.999764     -24.986755      14.123151       0.871262       0.500000       0.500000
19.999764     -24.987700      14.116761       0.860991       0.500000       0.500000
19.999764     -24.996290      14.110157       0.850817       0.500000       0.500000
19.999764     -25.003880      14.103811       0.843247       0.500000       0.500000
19.999764     -25.003002      14.095229       0.833337       0.500000       0.500000
19.999764     -25.005186      14.082351       0.830689       0.500000       0.500000
20.004887     -25.009571      14.069461       0.835863       0.500000       0.500000
19.999764     -25.007666      14.058022       0.839072       0.500000       0.500000
19.999764     -25.004576      14.046453       0.830780       0.500000       0.500000
19.999764     -24.998215      14.036242       0.812913       0.500000       0.500000
19.999764     -24.992638      14.029437       0.791002       0.500000       0.500000
19.999764     -24.990606      14.030216       0.754579       0.500000       0.500000
20.006680     -24.987442      14.024373       0.715747       0.500000       0.500000
19.999764     -24.989796      14.017120       0.672501       0.500000       0.500000
19.999764     -24.998644      14.001469       0.635848       0.500000       0.500000
19.999764     -25.016548      13.986026       0.600668       0.500000       0.500000
19.999764     -25.051439      13.954105       0.580899       0.500000       0.500000
19.999764     -25.084352      13.921163       0.567886       0.500000       0.500000
19.999764     -25.105656      13.884834       0.565210       0.500000       0.500000
19.999764     -25.110437      13.853582       0.557240       0.500000       0.500000
19.999764     -25.114313      13.821177       0.539992       0.500000       0.500000
19.999764     -25.121181      13.791364       0.510807       0.500000       0.500000
19.999764     -25.131466      13.762496       0.486887       0.500000       0.500000
19.999764     -25.145353      13.737706       0.462574       0.500000       0.500000
19.999764     -25.160545      13.708951       0.446888       0.500000       0.500000
19.999764     -25.168091      13.682239       0.421532       0.500000       0.500000
19.999764     -25.177197      13.654387       0.401519       0.500000       0.500000
19.999764     -25.192690      13.622431       0.386628       0.500000       0.500000
19.999764     -25.209435      13.584905       0.381595       0.500000       0.500000
19.999764     -25.221903      13.549045       0.364225       0.500000       0.500000
19.999764     -25.234772      13.504868       0.346166       0.500000       0.500000
19.999764     -25.242876      13.458178       0.338735       0.500000       0.500000
19.999764     -25.248775      13.421806       0.339205       0.500000       0.500000
19.999764     -25.252989      13.377486       0.342108       0.500000       0.500000
19.999764     -25.259953      13.336629       0.329805       0.500000       0.500000
19.999764     -25.268373      13.294635       0.317434       0.500000       0.500000
19.999764     -25.279751      13.253114       0.315143       0.500000       0.500000
19.999764     -25.294285      13.216010       0.311536       0.500000       0.500000
19.999764     -25.313135      13.183057       0.299365       0.500000       0.500000
19.999764     -25.328184      13.156674       0.275526       0.500000       0.500000
19.999764     -25.332682      13.130534       0.248330       0.500000       0.500000
20.015646     -25.334641      13.107622       0.226684       0.500000       0.500000
19.999764     -25.336504      13.077948       0.205525       0.500000       0.500000
19.999764     -25.345253      13.042747       0.193117       0.500000       0.500000
19.999764     -25.355824      13.000843       0.190165       0.500000       0.500000
19.999764     -25.364553      12.951999       0.195691       0.500000       0.500000
19.999764     -25.369188      12.900320       0.211256       0.500000       0.500000
19.999764     -25.374357      12.851492       0.226077       0.500000       0.500000
19.999764     -25.392023      12.809331       0.238834       0.500000       0.500000
19.999764     -25.417437      12.771548       0.245437       0.500000       0.500000
20.006680     -25.449673      12.726501       0.257770       0.500000       0.500000
19.999764     -25.482069      12.682977       0.253988       0.500000       0.500000
19.999764     -25.503736      12.639889       0.254313       0.500000       0.500000
19.999764     -25.523750      12.597130       0.253043       0.500000       0.500000
19.999764     -25.540672      12.559720       0.250693       0.500000       0.500000
19.999764     -25.557053      12.518478       0.248280       0.500000       0.500000
19.999764     -25.567156      12.477277       0.248678       0.500000       0.500000
19.999764     -25.565237      12.441339       0.246611       0.500000       0.500000
19.999764     -25.547176      12.410264       0.248468       0.500000       0.500000
19.999764     -25.529997      12.378427       0.245859       0.500000       0.500000
19.999764     -25.524675      12.344865       0.224650       0.500000       0.500000
19.999764     -25.530098      12.314518       0.218724       0.500000       0.500000
19.999764     -25.531769      12.287488       0.217418       0.500000       0.500000
19.999764     -25.535995      12.263824       0.221736       0.500000       0.500000
19.999764     -25.535301      12.237624       0.233300       0.500000       0.500000
19.999764     -25.533005      12.220614       0.235705       0.500000       0.500000
19.999764     -25.543882      12.203094       0.242754       0.500000       0.500000
19.999764     -25.560095      12.187453       0.249772       0.500000       0.500000
20.010523     -25.575575      12.174827       0.253431       0.500000       0.500000
19.999764     -25.581507      12.167701       0.245881       0.500000       0.500000
19.999764     -25.584906      12.159535       0.235941       0.500000       0.500000
19.999764     -25.591070      12.153450       0.235146       0.500000       0.500000
20.003350     -25.600500      12.148262       0.236847       0.500000       0.500000
19.999764     -25.613506      12.138572       0.232163       0.500000       0.500000
19.999764     -25.624065      12.127019       0.229335       0.500000       0.500000
19.999764     -25.631542      12.105455       0.234971       0.500000       0.500000
19.999764     -25.633116      12.085011       0.235529       0.500000       0.500000
19.999764     -25.630724      12.066625       0.229204       0.500000       0.500000
19.999764     -25.626106      12.043900       0.217370       0.500000       0.500000
19.999764     -25.623878      12.021646       0.202250       0.500000       0.500000
19.999764     -25.618567      11.992498       0.192075       0.500000       0.500000
19.999764     -25.601387      11.960377       0.183102       0.500000       0.500000
19.999764     -25.584200      11.925563       0.172713       0.500000       0.500000
19.999764     -25.561268      11.886888       0.176193       0.500000       0.500000
19.999764     -25.541929      11.850155       0.183958       0.500000       0.500000
19.999764     -25.531731      11.815649       0.197442       0.500000       0.500000
19.999764     -25.520918      11.786429       0.212046       0.500000       0.500000
19.999764     -25.509954      11.757593       0.228241       0.500000       0.500000
19.999764     -25.503895      11.730799       0.242619       0.500000       0.500000
20.002582     -25.495951      11.712389       0.251773       0.500000       0.500000
19.999764     -25.484966      11.694983       0.258112       0.500000       0.500000
19.999764     -25.466158      11.673306       0.270981       0.500000       0.500000
19.999764     -25.444185      11.647483       0.295552       0.500000       0.500000
19.999764     -25.410561      11.616379       0.331072       0.500000       0.500000
19.999764     -25.363926      11.587137       0.363379       0.500000       0.500000
19.999764     -25.289999      11.550513       0.413468       0.500000       0.500000
19.999764     -25.193356      11.512124       0.471967       0.500000       0.500000
19.999764     -25.069824      11.456545       0.515067       0.500000       0.500000
19.999764     -24.936604      11.378654       0.561891       0.500000       0.500000
19.999764     -24.806795      11.276696       0.632404       0.500000       0.500000
19.999764     -24.685282      11.152034       0.708611       0.500000       0.500000
19.999764     -24.576357      11.006027       0.798230       0.500000       0.500000
20.003607     -24.481899      10.838828       0.883930       0.500000       0.500000
19.999764     -24.407026      10.650055       0.974070       0.500000       0.500000
19.999764     -24.365833      10.433267       1.079093       0.500000       0.500000
19.999764     -24.338575      10.190744       1.193501       0.500000       0.500000
19.999764     -24.318115       9.911569       1.324683       0.500000       0.500000
19.999764     -24.290571       9.598526       1.464669       0.500000       0.500000
19.999764     -24.240816       9.244819       1.620129       0.500000       0.500000
19.999764     -24.170923       8.839221       1.800338       0.500000       0.500000
19.999764     -24.082876       8.386426       1.994840       0.500000       0.500000
19.999764     -23.982901       7.901913       2.200207       0.500000       0.500000
19.999764     -23.862015       7.388539       2.399286       0.500000       0.500000
19.999764     -23.733278       6.863762       2.594733       0.500000       0.500000
19.999764     -23.592480       6.330620       2.791762       0.500000       0.500000
19.999764     -23.432165       5.792838       2.989647       0.500000       0.500000
19.999764     -23.250753       5.242643       3.194040       0.500000       0.500000
19.999764     -23.058065       4.705604       3.383076       0.500000       0.500000
19.999764     -22.869566       4.176203       3.568290       0.500000       0.500000
19.999764     -22.668438       3.663799       3.747123       0.500000       0.500000
19.999764     -22.428591       3.170520       3.927723       0.500000       0.500000
19.999764     -22.141336       2.697753       4.111190       0.500000       0.500000
19.999764     -21.802927       2.247334       4.289170       0.500000       0.500000
19.999764     -21.437241       1.818338       4.474018       0.500000       0.500000
19.999764     -21.021502       1.404379       4.665697       0.500000       0.500000
19.999764     -20.545885       1.006415       4.846031       0.500000       0.500000
19.999764     -20.045244       0.620914       5.032410       0.500000       0.500000
19.999764     -19.548988       0.251092       5.214165       0.500000       0.500000
19.999764     -19.048750      -0.099992       5.386218       0.500000       0.500000
19.999764     -18.558407      -0.426255       5.549935       0.500000       0.500000
19.999764     -18.092112      -0.727587       5.695708       0.500000       0.500000
19.999764     -17.678459      -0.990281       5.816222       0.500000       0.500000
19.999764     -17.291437      -1.221722       5.898994       0.500000       0.500000
19.999764     -16.915941      -1.400252       5.941024       0.500000       0.500000
19.999764     -16.542549      -1.533531       5.947012       0.500000       0.500000
19.999764     -16.162144      -1.636397       5.931330       0.500000       0.500000
19.999764     -15.773395      -1.716761       5.877573       0.500000       0.500000
19.999764     -15.383403      -1.784355       5.812482       0.500000       0.500000
19.999764     -14.992344      -1.830924       5.736539       0.500000       0.500000
19.999764     -14.602758      -1.867399       5.656664       0.500000       0.500000
19.999764     -14.208809      -1.911381       5.572194       0.500000       0.500000
19.999764     -13.820261      -1.963963       5.483540       0.500000       0.500000
19.999764     -13.445256      -2.024276       5.405656       0.500000       0.500000
19.999764     -13.063599      -2.083014       5.330575       0.500000       0.500000
19.999764     -12.666745      -2.143565       5.256328       0.500000       0.500000
19.999764     -12.244685      -2.207675       5.198141       0.500000       0.500000
19.999764     -11.792457      -2.276333       5.154599       0.500000       0.500000
19.999764     -11.321487      -2.339550       5.123333       0.500000       0.500000
19.999764     -10.809627      -2.390400       5.097635       0.500000       0.500000
19.999764     -10.262264      -2.436348       5.064370       0.500000       0.500000
19.999764      -9.664441      -2.474225       5.014503       0.500000       0.500000
19.999764      -9.046753      -2.506812       4.965456       0.500000       0.500000
19.999764      -8.383192      -2.540252       4.914433       0.500000       0.500000
19.999764      -7.674308      -2.563760       4.855948       0.500000       0.500000
19.999764      -6.906418      -2.592658       4.779763       0.500000       0.500000
19.999764      -6.086415      -2.636162       4.705918       0.500000       0.500000
19.999764      -5.238640      -2.703983       4.621076       0.500000       0.500000
19.999764      -4.377878      -2.797077       4.535870       0.500000       0.500000
19.999764      -3.485836      -2.923603       4.445330       0.500000       0.500000
19.999764      -2.556721      -3.086054       4.360507       0.500000       0.500000
19.999764      -1.596740      -3.283667       4.287113       0.500000       0.500000
19.999764      -0.636918      -3.520052       4.212302       0.500000       0.500000
19.999764       0.332702      -3.796960       4.150394       0.500000       0.500000
19.999764       1.283437      -4.110430       4.073737       0.500000       0.500000
20.008986       2.178534      -4.450316       3.991807       0.500000       0.500000
19.999764       3.056616      -4.815651       3.909007       0.500000       0.500000
19.999764       3.916856      -5.199968       3.814801       0.500000       0.500000
19.999764       4.760982      -5.597434       3.723530       0.500000       0.500000
19.999764       5.603009      -5.992603       3.633947       0.500000       0.500000
19.999764       6.485527      -6.392404       3.540165       0.500000       0.500000
19.999764       7.409663      -6.799461       3.447328       0.500000       0.500000
19.999764       8.323823      -7.202621       3.328139       0.500000       0.500000
19.999764       9.208402      -7.611053       3.227635       0.500000       0.500000
19.999764      10.065228      -8.019844       3.118196       0.500000       0.500000
19.999764      10.900558      -8.421913       2.999057       0.500000       0.500000
19.999764      11.715739      -8.830725       2.886497       0.500000       0.500000
19.999764      12.512361      -9.225639       2.771651       0.500000       0.500000
19.999764      13.262900      -9.605719       2.670926       0.500000       0.500000
19.999764      13.962195      -9.988086       2.552084       0.500000       0.500000
19.999764      14.593536     -10.359821       2.443465       0.500000       0.500000
19.999764      15.154737     -10.738930       2.348585       0.500000       0.500000
19.999764      15.667492     -11.117609       2.236054       0.500000       0.500000
19.999764      16.120600     -11.493965       2.128138       0.500000       0.500000
20.002326      16.507776     -11.867669       2.002375       0.500000       0.500000
20.006680      16.859419     -12.230693       1.867270       0.500000       0.500000
19.999764      17.198563     -12.591575       1.718402       0.500000       0.500000
19.999764      17.518209     -12.951427       1.543726       0.500000       0.500000
19.999764      17.832556     -13.304731       1.378029       0.500000       0.500000
19.999764      18.183952     -13.687783       1.210447       0.500000       0.500000
19.999764      18.558636     -14.096828       1.057969       0.500000       0.500000
19.999764      18.932243     -14.531263       0.933052       0.500000       0.500000
19.999764      19.315432     -14.988459       0.825986       0.500000       0.500000
19.999764      19.723066     -15.470483       0.755534       0.500000       0.500000
19.999764      20.126318     -15.971425       0.682468       0.500000       0.500000
19.999764      20.513226     -16.477316       0.612192       0.500000       0.500000
19.999764      20.884186     -16.970772       0.545727       0.500000       0.500000
19.999764      21.241156     -17.449884       0.445117       0.500000       0.500000
19.999764      21.594582     -17.923304       0.340391       0.500000       0.500000
19.999764      21.942265     -18.399050       0.221720       0.500000       0.500000
19.999764      22.279650     -18.869677       0.124112       0.500000       0.500000
19.999764      22.619644     -19.360582       0.051826       0.500000       0.500000
19.999764      22.962990     -19.899658       0.002417       0.500000       0.500000
19.999764      23.294136     -20.475613       0.019334       0.500000       0.500000
19.999764      23.585205     -21.083708       0.076732       0.500000       0.500000
19.999764      23.855619     -21.708282       0.170198       0.500000       0.500000
19.999764      24.109587     -22.338213       0.272465       0.500000       0.500000
19.999764      24.358080     -22.981525       0.345457       0.500000       0.500000
19.999764      24.609049     -23.626589       0.401682       0.500000       0.500000
19.999764      24.864582     -24.280401       0.424126       0.500000       0.500000
19.999764      25.131458     -24.950308       0.412255       0.500000       0.500000
19.999764      25.390690     -25.622242       0.371354       0.500000       0.500000
19.999764      25.662251     -26.312857       0.301390       0.500000       0.500000
19.999764      25.950586     -27.012522       0.240092       0.500000       0.500000
19.999764      26.239166     -27.702370       0.164153       0.500000       0.500000
19.999764      26.506739     -28.351883       0.082354       0.500000       0.500000
19.999764      26.737579     -28.933599      -0.011561       0.500000       0.500000
19.999764      26.925161     -29.429649      -0.141319       0.500000       0.500000
19.999764      27.077374     -29.814585      -0.283155       0.500000       0.500000
19.999764      27.187380     -30.073032      -0.446904       0.500000       0.500000
19.999764      27.253859     -30.217958      -0.636705       0.500000       0.500000
19.999764      27.293003     -30.272509      -0.834619       0.500000       0.500000
19.999764      27.307583     -30.273438      -1.034116       0.500000       0.500000
19.999764      27.294672     -30.220110      -1.211525       0.500000       0.500000
19.999764      27.245510     -30.135666      -1.378194       0.500000       0.500000
19.999764      27.166231     -30.033482      -1.509016       0.500000       0.500000
19.999764      27.047672     -29.929260      -1.607352       0.500000       0.500000
19.999764      26.879061     -29.814211      -1.684605       0.500000       0.500000
19.999764      26.685341     -29.670769      -1.721254       0.500000       0.500000
19.999764      26.518347     -29.519699      -1.728447       0.500000       0.500000
19.999764      26.367134     -29.371578      -1.721600       0.500000       0.500000
19.999764      26.183186     -29.220961      -1.709072       0.500000       0.500000
19.999764      25.994946     -29.089512      -1.706363       0.500000       0.500000
19.999764      25.810730     -28.981733      -1.712645       0.500000       0.500000
19.999764      25.631536     -28.904285      -1.731536       0.500000       0.500000
19.999764      25.440510     -28.860176      -1.758756       0.500000       0.500000
19.999764      25.219122     -28.841547      -1.793744       0.500000       0.500000
19.999764      24.982496     -28.842850      -1.835844       0.500000       0.500000
19.999764      24.744946     -28.866924      -1.873467       0.500000       0.500000
19.999764      24.508236     -28.920898      -1.913721       0.500000       0.500000
19.999764      24.254755     -29.001112      -1.962056       0.500000       0.500000
19.999764      23.968182     -29.095707      -2.012468       0.500000       0.500000
19.999764      23.670074     -29.210909      -2.070066       0.500000       0.500000
19.999764      23.359148     -29.339106      -2.125366       0.500000       0.500000
19.999764      23.028368     -29.477039      -2.191601       0.500000       0.500000
19.999764      22.692324     -29.624525      -2.271347       0.500000       0.500000
19.999764      22.377371     -29.777311      -2.342149       0.500000       0.500000
20.001301      22.096275     -29.955141      -2.409502       0.500000       0.500000
19.999764      21.816809     -30.138191      -2.460824       0.500000       0.500000
19.999764      21.543139     -30.316156      -2.486062       0.500000       0.500000
20.007193      21.286732     -30.493429      -2.488051       0.500000       0.500000
19.999764      21.048325     -30.676517      -2.490748       0.500000       0.500000
19.999764      20.825512     -30.859163      -2.492624       0.500000       0.500000
19.999764      20.597891     -31.031393      -2.493538       0.500000       0.500000
19.999764      20.376503     -31.179630      -2.501204       0.500000       0.500000
19.999764      20.163326     -31.305563      -2.509582       0.500000       0.500000
19.999764      19.945143     -31.406431      -2.527775       0.500000       0.500000
19.999764      19.702490     -31.482449      -2.568853       0.500000       0.500000
19.999764      19.420135     -31.523228      -2.624260       0.500000       0.500000
19.999764      19.101954     -31.520132      -2.691992       0.500000       0.500000
19.999764      18.772717     -31.478558      -2.766389       0.500000       0.500000
19.999764      18.445993     -31.420454      -2.855672       0.500000       0.500000
20.007449      18.111736     -31.370054      -2.945279       0.500000       0.500000
19.999764      17.753391     -31.343227      -3.029158       0.500000       0.500000
19.999764      17.387537     -31.354706      -3.106219       0.500000       0.500000
19.999764      17.021618     -31.414396      -3.170713       0.500000       0.500000
19.999764      16.642792     -31.516026      -3.222774       0.500000       0.500000
19.999764      16.257523     -31.657541      -3.257933       0.500000       0.500000
19.999764      15.866706     -31.831205      -3.279840       0.500000       0.500000
19.999764      15.502962     -32.028652      -3.296168       0.500000       0.500000
19.999764      15.176971     -32.246712      -3.309922       0.500000       0.500000
19.999764      14.880177     -32.472950      -3.311345       0.500000       0.500000
19.999764      14.622387     -32.696316      -3.297108       0.500000       0.500000
19.999764      14.388795     -32.890602      -3.260247       0.500000       0.500000
19.999764      14.181594     -33.040890      -3.202801       0.500000       0.500000
19.999764      14.009000     -33.140205      -3.131978       0.500000       0.500000
19.999764      13.851574     -33.192978      -3.054686       0.500000       0.500000
19.999764      13.702144     -33.196224      -2.977508       0.500000       0.500000
19.999764      13.552964     -33.144150      -2.908799       0.500000       0.500000
19.999764      13.403119     -33.047466      -2.853645       0.500000       0.500000
19.999764      13.276228     -32.919395      -2.805160       0.500000       0.500000
19.999764      13.148905     -32.784912      -2.765302       0.500000       0.500000
19.999764      13.009340     -32.646893      -2.716663       0.500000       0.500000
19.999764      12.851188     -32.515282      -2.665864       0.500000       0.500000
19.999764      12.681827     -32.393677      -2.610310       0.500000       0.500000
20.003094      12.506914     -32.291176      -2.549697       0.500000       0.500000
19.999764      12.319790     -32.211224      -2.478404       0.500000       0.500000
19.999764      12.130053     -32.153427      -2.395161       0.500000       0.500000
19.999764      11.958950     -32.131290      -2.305040       0.500000       0.500000
19.999764      11.819578     -32.144989      -2.217035       0.500000       0.500000
20.002838      11.719620     -32.185173      -2.136780       0.500000       0.500000
19.999764      11.643498     -32.248608      -2.068301       0.500000       0.500000
19.999764      11.590132     -32.326771      -2.017898       0.500000       0.500000
19.999764      11.553363     -32.409882      -1.978352       0.500000       0.500000
19.999764      11.537807     -32.493183      -1.947915       0.500000       0.500000
19.999764      11.545448     -32.569328      -1.925512       0.500000       0.500000
19.999764      11.563072     -32.644337      -1.908584       0.500000       0.500000
20.009754      11.577703     -32.711418      -1.915125       0.500000       0.500000
19.999764      11.595043     -32.770287      -1.917196       0.500000       0.500000
19.999764      11.614432     -32.821728      -1.923486       0.500000       0.500000
19.999764      11.651259     -32.865543      -1.928151       0.500000       0.500000
19.999764      11.686973     -32.906410      -1.929760       0.500000       0.500000
19.999764      11.726019     -32.944366      -1.926491       0.500000       0.500000
19.999764      11.758579     -32.981968      -1.919805       0.500000       0.500000
19.999764      11.789795     -33.032013      -1.915213       0.500000       0.500000
19.999764      11.827597     -33.091507      -1.906686       0.500000       0.500000
19.999764      11.870908     -33.171604      -1.901323       0.500000       0.500000
19.999764      11.917578     -33.269199      -1.901306       0.500000       0.500000
19.999764      11.968121     -33.392441      -1.904062       0.500000       0.500000
19.999764      12.033285     -33.545689      -1.913358       0.500000       0.500000
19.999764      12.134789     -33.741226      -1.920482       0.500000       0.500000
19.999764      12.289175     -33.999897      -1.933979       0.500000       0.500000
19.999764      12.477319     -34.314995      -1.953751       0.500000       0.500000
19.999764      12.683475     -34.666340      -1.959380       0.500000       0.500000
19.999764      12.886243     -35.034927      -1.957151       0.500000       0.500000
19.999764      13.084889     -35.416683      -1.959830       0.500000       0.500000
19.999764      13.273615     -35.805210      -1.984337       0.500000       0.500000
19.999764      13.446208     -36.194241      -2.031908       0.500000       0.500000
19.999764      13.598238     -36.566338      -2.088483       0.500000       0.500000
19.999764      13.716282     -36.915253      -2.151957       0.500000       0.500000
19.999764      13.816976     -37.233444      -2.215883       0.500000       0.500000
19.999764      13.897440     -37.519344      -2.280804       0.500000       0.500000
19.999764      13.946242     -37.767879      -2.338375       0.500000       0.500000
19.999764      13.979280     -37.971642      -2.372788       0.500000       0.500000
19.999764      14.012814     -38.137409      -2.402886       0.500000       0.500000
19.999764      14.049404     -38.277119      -2.438897       0.500000       0.500000
19.999764      14.069229     -38.370625      -2.467236       0.500000       0.500000
19.999764      14.086582     -38.414547      -2.485388       0.500000       0.500000
19.999764      14.115108     -38.409103      -2.493045       0.500000       0.500000
19.999764      14.154893     -38.362789      -2.497350       0.500000       0.500000
19.999764      14.193640     -38.277203      -2.500488       0.500000       0.500000
19.999764      14.240968     -38.147301      -2.493301       0.500000       0.500000
19.999764      14.334107     -37.977108      -2.470250       0.500000       0.500000
19.999764      14.473174     -37.778904      -2.434926       0.500000       0.500000
19.999764      14.627665     -37.564087      -2.419853       0.500000       0.500000
19.999764      14.782408     -37.334717      -2.411798       0.500000       0.500000
19.999764      14.928945     -37.108673      -2.406123       0.500000       0.500000
19.999764      15.072377     -36.894459      -2.408146       0.500000       0.500000
19.999764      15.192977     -36.694668      -2.412823       0.500000       0.500000
19.999764      15.291702     -36.512424      -2.429964       0.500000       0.500000
19.999764      15.374046     -36.351715      -2.453980       0.500000       0.500000
19.999764      15.447458     -36.212975      -2.469703       0.500000       0.500000
19.999764      15.507349     -36.098320      -2.485677       0.500000       0.500000
19.999764      15.541455     -36.007092      -2.511339       0.500000       0.500000
19.999764      15.558105     -35.941029      -2.534777       0.500000       0.500000
19.999764      15.558105     -35.892040      -2.566402       0.500000       0.500000
19.999764      15.548921     -35.868019      -2.598271       0.500000       0.500000
19.999764      15.541711     -35.862137      -2.616823       0.500000       0.500000
19.999764      15.554056     -35.875912      -2.621167       0.500000       0.500000
19.999764      15.573581     -35.914886      -2.612761       0.500000       0.500000
19.999764      15.577913     -35.966171      -2.595224       0.500000       0.500000
19.999764      15.555725     -36.027660      -2.577609       0.500000       0.500000
19.999764      15.531875     -36.093788      -2.560141       0.500000       0.500000
19.999764      15.522569     -36.158646      -2.546353       0.500000       0.500000
19.999764      15.509027     -36.212894      -2.533607       0.500000       0.500000
19.999764      15.501276     -36.254864      -2.528360       0.500000       0.500000
19.999764      15.502575     -36.289448      -2.538502       0.500000       0.500000
19.999764      15.520396     -36.320087      -2.568795       0.500000       0.500000
19.999764      15.535511     -36.337494      -2.600611       0.500000       0.500000
19.999764      15.544923     -36.340405      -2.620997       0.500000       0.500000
19.999764      15.556002     -36.323299      -2.629328       0.500000       0.500000
19.999764      15.565308     -36.293743      -2.632781       0.500000       0.500000
19.999764      15.570125     -36.256924      -2.636754       0.500000       0.500000
19.999764      15.565983     -36.213516      -2.641952       0.500000       0.500000
19.999764      15.556034     -36.163795      -2.635882       0.500000       0.500000
19.999764      15.561761     -36.109188      -2.619277       0.500000       0.500000
19.999764      15.563518     -36.064751      -2.598026       0.500000       0.500000
19.999764      15.566361     -36.029110      -2.578851       0.500000       0.500000
19.999764      15.570937     -36.003307      -2.559217       0.500000       0.500000
19.999764      15.587644     -35.989227      -2.535447       0.500000       0.500000
19.999764      15.604159     -35.985409      -2.530512       0.500000       0.500000
19.999764      15.607528     -35.987438      -2.535769       0.500000       0.500000
19.999764      15.609954     -35.991795      -2.548079       0.500000       0.500000
20.001045      15.614122     -35.989605      -2.562663       0.500000       0.500000
19.999764      15.620513     -35.992397      -2.577111       0.500000       0.500000
19.999764      15.618007     -35.998077      -2.598897       0.500000       0.500000
19.999764      15.610133     -36.000622      -2.616314       0.500000       0.500000
19.999764      15.607183     -36.002598      -2.635106       0.500000       0.500000
19.999764      15.615684     -36.010094      -2.653571       0.500000       0.500000
19.999764      15.619906     -36.023113      -2.670663       0.500000       0.500000
19.999764      15.624695     -36.033325      -2.683712       0.500000       0.500000
19.999764      15.635001     -36.041325      -2.692156       0.500000       0.500000
19.999764      15.649763     -36.041378      -2.690157       0.500000       0.500000
19.999764      15.664789     -36.033688      -2.684463       0.500000       0.500000
20.002838      15.661444     -36.018726      -2.675986       0.500000       0.500000
19.999764      15.655652     -35.988411      -2.667444       0.500000       0.500000
19.999764      15.654915     -35.953930      -2.660094       0.500000       0.500000
19.999764      15.655888     -35.915207      -2.651573       0.500000       0.500000
19.999764      15.660921     -35.873077      -2.637755       0.500000       0.500000
19.999764      15.662421     -35.836182      -2.628258       0.500000       0.500000
19.999764      15.670552     -35.799652      -2.624592       0.500000       0.500000
19.999764      15.688041     -35.774429      -2.619162       0.500000       0.500000
19.999764      15.717880     -35.765839      -2.611716       0.500000       0.500000
19.999764      15.752534     -35.788342      -2.599388       0.500000       0.500000
20.000533      15.786662     -35.846901      -2.587256       0.500000       0.500000
19.999764      15.806248     -35.914299      -2.579294       0.500000       0.500000
20.001557      15.806062     -35.984039      -2.565363       0.500000       0.500000
19.999764      15.799462     -36.038658      -2.560301       0.500000       0.500000
19.999764      15.795618     -36.069645      -2.560947       0.500000       0.500000
19.999764      15.791703     -36.083931      -2.578029       0.500000       0.500000
19.999764      15.777528     -36.073883      -2.607237       0.500000       0.500000
19.999764      15.771535     -36.037437      -2.626677       0.500000       0.500000
19.999764      15.772764     -35.983620      -2.651021       0.500000       0.500000
19.999764      15.775577     -35.921478      -2.688614       0.500000       0.500000
19.999764      15.766536     -35.858315      -2.741113       0.500000       0.500000
19.999764      15.765804     -35.785072      -2.795442       0.500000       0.500000
19.999764      15.769115     -35.717083      -2.848950       0.500000       0.500000
20.006680      15.789472     -35.657547      -2.901399       0.500000       0.500000
19.999764      15.807021     -35.612244      -2.966721       0.500000       0.500000
19.999764      15.808867     -35.582890      -3.025612       0.500000       0.500000
19.999764      15.814434     -35.557327      -3.066180       0.500000       0.500000
19.999764      15.814890     -35.539234      -3.099437       0.500000       0.500000
19.999764      15.810891     -35.521374      -3.127300       0.500000       0.500000
19.999764      15.800854     -35.511772      -3.162164       0.500000       0.500000
19.999764      15.797262     -35.505028      -3.201005       0.500000       0.500000
19.999764      15.804090     -35.499840      -3.240083       0.500000       0.500000
19.999764      15.807360     -35.499752      -3.281956       0.500000       0.500000
19.999764      15.800345     -35.499138      -3.323989       0.500000       0.500000
20.009242      15.798925     -35.497486      -3.363783       0.500000       0.500000
19.999764      15.787757     -35.500431      -3.400965       0.500000       0.500000
19.999764      15.789509     -35.501633      -3.424640       0.500000       0.500000
19.999764      15.793008     -35.506851      -3.446178       0.500000       0.500000
19.999764      15.797782     -35.510712      -3.454803       0.500000       0.500000
19.999764      15.794202     -35.516079      -3.458612       0.500000       0.500000
19.999764      15.783010     -35.524792      -3.460999       0.500000       0.500000
19.999764      15.771020     -35.533764      -3.470448       0.500000       0.500000
19.999764      15.762497     -35.537651      -3.466831       0.500000       0.500000
19.999764      15.748405     -35.538345      -3.465770       0.500000       0.500000
19.999764      15.732182     -35.533848      -3.464618       0.500000       0.500000
20.004119      15.721129     -35.527046      -3.458060       0.500000       0.500000
19.999764      15.715143     -35.515022      -3.456121       0.500000       0.500000
19.999764      15.713348     -35.505489      -3.453655       0.500000       0.500000
19.999764      15.717377     -35.489914      -3.444551       0.500000       0.500000
19.999764      15.719334     -35.474171      -3.437636       0.500000       0.500000
19.999764      15.708858     -35.461483      -3.435287       0.500000       0.500000
19.999764      15.688509     -35.442394      -3.429772       0.500000       0.500000
19.999764      15.671061     -35.423954      -3.418980       0.500000       0.500000
19.999764      15.659803     -35.400101      -3.403713       0.500000       0.500000
19.999764      15.647219     -35.373074      -3.380013       0.500000       0.500000
19.999764      15.630580     -35.344597      -3.359867       0.500000       0.500000
19.999764      15.618790     -35.311550      -3.342150       0.500000       0.500000
19.999764      15.610745     -35.272713      -3.324974       0.500000       0.500000
19.999764      15.608198     -35.227703      -3.304552       0.500000       0.500000
19.999764      15.612035     -35.180965      -3.287381       0.500000       0.500000
19.999764      15.622437     -35.140282      -3.273147       0.500000       0.500000
20.008730      15.638595     -35.101521      -3.261946       0.500000       0.500000
19.999764      15.655684     -35.074051      -3.255356       0.500000       0.500000
19.999764      15.672602     -35.054386      -3.266751       0.500000       0.500000
19.999764      15.693055     -35.044544      -3.293979       0.500000       0.500000
19.999764      15.712471     -35.034416      -3.320219       0.500000       0.500000
19.999764      15.724839     -35.025204      -3.356899       0.500000       0.500000
19.999764      15.729542     -35.013710      -3.385776       0.500000       0.500000
19.999764      15.733136     -35.003914      -3.411689       0.500000       0.500000
19.999764      15.740645     -34.995689      -3.435434       0.500000       0.500000
20.003350      15.744096     -34.999981      -3.454288       0.500000       0.500000
19.999764      15.751369     -35.009167      -3.473121       0.500000       0.500000
19.999764      15.759453     -35.026081      -3.488304       0.500000       0.500000
19.999764      15.769176     -35.047195      -3.493872       0.500000       0.500000
19.999764      15.776211     -35.062366      -3.486835       0.500000       0.500000
19.999764      15.777379     -35.070042      -3.467676       0.500000       0.500000
19.999764      15.766381     -35.071598      -3.451275       0.500000       0.500000
19.999764      15.746566     -35.065937      -3.435217       0.500000       0.500000
19.999764      15.733785     -35.052078      -3.420383       0.500000       0.500000
19.999764      15.728236     -35.032558      -3.410952       0.500000       0.500000
19.999764      15.729279     -35.012539      -3.405159       0.500000       0.500000
19.999764      15.740321     -34.992104      -3.396232       0.500000       0.500000
19.999764      15.744119     -34.974957      -3.387521       0.500000       0.500000
19.999764      15.747213     -34.948952      -3.372690       0.500000       0.500000
19.999764      15.762105     -34.918556      -3.355217       0.500000       0.500000
19.999764      15.772366     -34.885754      -3.337619       0.500000       0.500000
19.999764      15.787148     -34.849064      -3.333248       0.500000       0.500000
20.008730      15.804643     -34.812122      -3.330369       0.500000       0.500000
19.999764      15.823286     -34.766396      -3.321072       0.500000       0.500000
19.999764      15.841479     -34.724361      -3.317261       0.500000       0.500000
19.999764      15.860221     -34.687206      -3.313028       0.500000       0.500000
19.999764      15.871751     -34.647476      -3.291003       0.500000       0.500000
19.999764      15.881421     -34.599224      -3.245224       0.500000       0.500000
19.999764      15.888509     -34.542404      -3.189867       0.500000       0.500000
20.000533      15.893923     -34.487537      -3.134481       0.500000       0.500000
19.999764      15.895780     -34.437500      -3.082574       0.500000       0.500000
19.999764      15.902219     -34.381374      -3.028763       0.500000       0.500000
19.999764      15.911595     -34.323750      -2.978522       0.500000       0.500000
19.999764      15.925467     -34.260349      -2.927657       0.500000       0.500000
19.999764      15.947328     -34.205624      -2.888909       0.500000       0.500000
19.999764      15.972640     -34.158005      -2.860443       0.500000       0.500000
19.999764      16.011906     -34.104469      -2.822594       0.500000       0.500000
19.999764      16.055180     -34.056408      -2.790627       0.500000       0.500000
19.999764      16.100349     -34.008247      -2.763101       0.500000       0.500000
19.999764      16.138052     -33.957607      -2.736517       0.500000       0.500000
19.999764      16.176685     -33.905621      -2.708249       0.500000       0.500000
19.999764      16.222233     -33.849323      -2.682552       0.500000       0.500000
19.999764      16.267666     -33.799500      -2.657367       0.500000       0.500000
19.999764      16.301004     -33.748581      -2.639543       0.500000       0.500000
19.999764      16.330505     -33.704433      -2.629117       0.500000       0.500000
20.007449      16.351599     -33.663822      -2.617301       0.500000       0.500000
19.999764      16.370329     -33.626278      -2.608485       0.500000       0.500000
19.999764      16.381996     -33.598881      -2.604433       0.500000       0.500000
19.999764      16.391609     -33.573639      -2.602182       0.500000       0.500000
19.999764      16.400482     -33.548168      -2.597061       0.500000       0.500000
19.999764      16.407934     -33.523514      -2.591359       0.500000       0.500000
19.999764      16.418379     -33.496948      -2.588513       0.500000       0.500000
19.999764      16.429817     -33.471180      -2.588696       0.500000       0.500000
19.999764      16.445808     -33.443645      -2.583237       0.500000       0.500000
19.999764      16.458931     -33.418041      -2.585076       0.500000       0.500000
19.999764      16.470545     -33.393353      -2.586040       0.500000       0.500000
19.999764      16.474064     -33.367733      -2.583277       0.500000       0.500000
19.999764      16.474983     -33.342686      -2.578671       0.500000       0.500000
19.999764      16.483234     -33.318245      -2.575646       0.500000       0.500000
19.999764      16.498926     -33.291161      -2.577060       0.500000       0.500000
19.999764      16.513746     -33.267307      -2.584889       0.500000       0.500000
19.999764      16.528202     -33.241055      -2.593950       0.500000       0.500000
19.999764      16.549553     -33.217533      -2.601667       0.500000       0.500000
19.999764      16.569885     -33.195156      -2.614142       0.500000       0.500000
19.999764      16.579685     -33.177883      -2.623327       0.500000       0.500000
19.999764      16.576319     -33.159286      -2.613569       0.500000       0.500000
19.999764      16.574116     -33.137020      -2.601540       0.500000       0.500000
19.999764      16.569490     -33.115017      -2.583964       0.500000       0.500000
19.999764      16.559662     -33.094555      -2.568407       0.500000       0.500000
19.999764      16.555155     -33.071358      -2.549631       0.500000       0.500000
19.999764      16.538795     -33.043106      -2.527298       0.500000       0.500000
19.999764      16.519978     -33.008850      -2.505328       0.500000       0.500000
19.999764      16.500292     -32.974312      -2.486111       0.500000       0.500000
19.999764      16.480682     -32.940220      -2.469794       0.500000       0.500000
19.999764      16.459791     -32.906448      -2.452989       0.500000       0.500000
19.999764      16.431973     -32.875881      -2.432718       0.500000       0.500000
19.999764      16.401979     -32.848602      -2.421600       0.500000       0.500000
19.999764      16.368202     -32.828941      -2.416734       0.500000       0.500000
19.999764      16.334799     -32.817131      -2.410424       0.500000       0.500000
19.999764      16.307663     -32.806992      -2.398973       0.500000       0.500000
19.999764      16.280712     -32.799526      -2.379316       0.500000       0.500000
19.999764      16.259117     -32.790802      -2.357804       0.500000       0.500000
19.999764      16.234800     -32.788918      -2.351008       0.500000       0.500000
19.999764      16.216587     -32.783554      -2.344232       0.500000       0.500000
19.999764      16.207947     -32.778873      -2.341768       0.500000       0.500000
19.999764      16.197155     -32.773846      -2.340338       0.500000       0.500000
19.999764      16.185116     -32.762608      -2.333594       0.500000       0.500000
19.999764      16.174408     -32.747406      -2.317297       0.500000       0.500000
19.999764      16.156364     -32.722931      -2.282494       0.500000       0.500000
19.999764      16.136131     -32.697727      -2.243661       0.500000       0.500000
19.999764      16.107233     -32.671432      -2.204739       0.500000       0.500000
19.999764      16.076870     -32.637806      -2.159136       0.500000       0.500000
19.999764      16.042097     -32.603931      -2.112740       0.500000       0.500000
19.999764      15.996581     -32.566425      -2.067727       0.500000       0.500000
19.999764      15.951955     -32.531151      -2.025591       0.500000       0.500000
19.999764      15.905645     -32.499660      -1.981784       0.500000       0.500000
19.999764      15.866924     -32.466576      -1.937379       0.500000       0.500000
19.999764      15.827616     -32.444801      -1.912051       0.500000       0.500000
19.999764      15.798142     -32.425106      -1.888702       0.500000       0.500000
19.999764      15.775019     -32.411537      -1.880657       0.500000       0.500000
20.000789      15.763583     -32.406158      -1.879669       0.500000       0.500000
20.005656      15.762834     -32.406479      -1.880524       0.500000       0.500000
19.999764      15.765696     -32.414814      -1.896135       0.500000       0.500000
19.999764      15.759021     -32.425678      -1.901950       0.500000       0.500000
19.999764      15.753413     -32.431808      -1.887296       0.500000       0.500000
19.999764      15.745171     -32.429939      -1.872019       0.500000       0.500000
19.999764      15.734132     -32.428444      -1.866124       0.500000       0.500000
20.005143      15.721466     -32.426350      -1.857031       0.500000       0.500000
19.999764      15.709114     -32.417725      -1.849390       0.500000       0.500000
19.999764      15.694960     -32.399570      -1.836838       0.500000       0.500000
19.999764      15.684843     -32.381756      -1.826521       0.500000       0.500000
19.999764      15.685490     -32.358528      -1.817843       0.500000       0.500000
20.000533      15.693213     -32.339775      -1.820445       0.500000       0.500000
19.999764      15.715719     -32.322037      -1.822566       0.500000       0.500000
19.999764      15.748158     -32.302845      -1.823273       0.500000       0.500000
19.999764      15.785007     -32.296223      -1.842659       0.500000       0.500000
19.999764      15.817012     -32.293694      -1.869830       0.500000       0.500000
19.999764      15.846164     -32.298370      -1.888290       0.500000       0.500000
19.999764      15.868500     -32.302330      -1.906561       0.500000       0.500000
19.999764      15.888419     -32.311451      -1.926443       0.500000       0.500000
19.999764      15.894219     -32.328392      -1.946521       0.500000       0.500000
19.999764      15.896982     -32.343697      -1.963074       0.500000       0.500000
19.999764      15.893410     -32.357330      -1.979674       0.500000       0.500000
19.999764      15.897712     -32.366680      -1.994743       0.500000       0.500000
19.999764      15.903626     -32.375168      -2.011695       0.500000       0.500000
19.999764      15.905183     -32.385342      -2.027363       0.500000       0.500000
19.999764      15.906672     -32.384861      -2.024515       0.500000       0.500000
19.999764      15.903291     -32.380726      -2.013551       0.500000       0.500000
19.999764      15.889239     -32.366386      -1.995858       0.500000       0.500000
19.999764      15.867480     -32.350407      -1.973371       0.500000       0.500000
19.999764      15.839536     -32.323250      -1.938908       0.500000       0.500000
19.999764      15.810998     -32.283417      -1.898027       0.500000       0.500000
19.999764      15.782009     -32.247234      -1.860388       0.500000       0.500000
19.999764      15.750302     -32.212070      -1.824118       0.500000       0.500000
19.999764      15.714437     -32.178562      -1.783231       0.500000       0.500000
19.999764      15.679395     -32.146496      -1.738433       0.500000       0.500000
19.999764      15.652385     -32.113178      -1.692595       0.500000       0.500000
19.999764      15.622643     -32.084187      -1.656542       0.500000       0.500000
19.999764      15.587101     -32.051037      -1.618992       0.500000       0.500000
19.999764      15.549903     -32.022644      -1.590274       0.500000       0.500000
19.999764      15.521149     -31.993692      -1.554588       0.500000       0.500000
19.999764      15.487565     -31.971806      -1.528008       0.500000       0.500000
19.999764      15.436223     -31.952841      -1.477421       0.500000       0.500000
19.999764      15.377151     -31.932173      -1.413458       0.500000       0.500000
19.999764      15.313704     -31.910692      -1.348164       0.500000       0.500000
19.999764      15.249740     -31.886766      -1.290312       0.500000       0.500000
19.999764      15.195404     -31.850378      -1.236809       0.500000       0.500000
19.999764      15.137509     -31.805902      -1.195834       0.500000       0.500000
19.999764      15.082083     -31.741348      -1.152636       0.500000       0.500000
19.999764      15.034539     -31.664640      -1.108337       0.500000       0.500000
19.999764      14.996632     -31.580549      -1.071243       0.500000       0.500000
19.999764      14.962590     -31.491293      -1.043284       0.500000       0.500000
19.999764      14.925871     -31.400127      -1.017904       0.500000       0.500000
19.999764      14.889903     -31.294598      -0.983473       0.500000       0.500000
19.999764      14.860079     -31.198101      -0.963881       0.500000       0.500000
19.999764      14.826499     -31.103806      -0.939117       0.500000       0.500000
19.999764      14.790953     -31.011623      -0.912120       0.500000       0.500000
19.999764      14.749126     -30.926374      -0.889295       0.500000       0.500000
19.999764      14.701632     -30.844511      -0.864617       0.500000       0.500000
19.999764      14.655148     -30.772354      -0.833352       0.500000       0.500000
19.999764      14.601997     -30.712843      -0.803978       0.500000       0.500000
19.999764      14.550489     -30.653067      -0.762568       0.500000       0.500000
19.999764      14.496086     -30.604811      -0.724356       0.500000       0.500000
19.999764      14.437343     -30.552778      -0.683936       0.500000       0.500000
19.999764      14.377762     -30.509449      -0.648542       0.500000       0.500000
19.999764      14.313604     -30.467930      -0.610167       0.500000       0.500000
20.001814      14.237684     -30.424759      -0.573342       0.500000       0.500000
19.999764      14.146220     -30.377724      -0.527253       0.500000       0.500000
19.999764      14.051125     -30.321583      -0.487216       0.500000       0.500000
19.999764      13.951892     -30.262283      -0.445467       0.500000       0.500000
19.999764      13.842434     -30.201962      -0.404623       0.500000       0.500000
19.999764      13.729481     -30.133751      -0.361991       0.500000       0.500000
19.999764      13.613832     -30.063181      -0.316538       0.500000       0.500000
19.999764      13.492573     -29.983084      -0.267861       0.500000       0.500000
19.999764      13.372172     -29.898867      -0.220078       0.500000       0.500000
19.999764      13.262633     -29.815611      -0.171141       0.500000       0.500000
19.999764      13.159314     -29.727243      -0.127388       0.500000       0.500000
19.999764      13.056584     -29.634298      -0.083576       0.500000       0.500000
20.003607      12.958067     -29.528790      -0.038850       0.500000       0.500000
19.999764      12.869033     -29.429489       0.001161       0.500000       0.500000
19.999764      12.775693     -29.334000       0.032825       0.500000       0.500000
19.999764      12.665465     -29.234890       0.073373       0.500000       0.500000
19.999764      12.547065     -29.127810       0.133009       0.500000       0.500000
19.999764      12.439977     -29.009724       0.204249       0.500000       0.500000
19.999764      12.339045     -28.888355       0.273876       0.500000       0.500000
19.999764      12.251643     -28.763241       0.347340       0.500000       0.500000
19.999764      12.161140     -28.628746       0.425838       0.500000       0.500000
19.999764      12.066976     -28.495405       0.502696       0.500000       0.500000
19.999764      11.969843     -28.358337       0.580315       0.500000       0.500000
19.999764      11.870752     -28.219814       0.652300       0.500000       0.500000
19.999764      11.770057     -28.084286       0.722097       0.500000       0.500000
19.999764      11.673370     -27.951366       0.789590       0.500000       0.500000
19.999764      11.574733     -27.823793       0.854239       0.500000       0.500000
19.999764      11.481837     -27.701899       0.906347       0.500000       0.500000
19.999764      11.386902     -27.586937       0.949794       0.500000       0.500000
19.999764      11.293108     -27.474180       0.992567       0.500000       0.500000
19.999764      11.200452     -27.355453       1.021598       0.500000       0.500000
19.999764      11.114540     -27.232021       1.049211       0.500000       0.500000
19.999764      11.036917     -27.098763       1.077309       0.500000       0.500000
19.999764      10.961462     -26.957039       1.083121       0.500000       0.500000
19.999764      10.903551     -26.797771       1.077394       0.500000       0.500000
19.999764      10.860433     -26.622414       1.048800       0.500000       0.500000
19.999764      10.828963     -26.434107       1.009888       0.500000       0.500000
19.999764      10.795551     -26.226923       0.970043       0.500000       0.500000
19.999764      10.758123     -26.010361       0.934174       0.500000       0.500000
19.999764      10.706172     -25.782597       0.912886       0.500000       0.500000
19.999764      10.633781     -25.534948       0.903862       0.500000       0.500000
19.999764      10.548293     -25.264027       0.901301       0.500000       0.500000
19.999764      10.439415     -24.964191       0.905473       0.500000       0.500000
19.999764      10.301266     -24.632000       0.897934       0.500000       0.500000
19.999764      10.154663     -24.264654       0.893598       0.500000       0.500000
19.999764      10.015836     -23.863115       0.882346       0.500000       0.500000
19.999764       9.860231     -23.430662       0.863952       0.500000       0.500000
19.999764       9.684072     -22.969500       0.834871       0.500000       0.500000
19.999764       9.516665     -22.498734       0.797927       0.500000       0.500000
19.999764       9.372539     -22.040964       0.757086       0.500000       0.500000
19.999764       9.224126     -21.595001       0.724358       0.500000       0.500000
19.999764       9.049931     -21.159775       0.693905       0.500000       0.500000
20.007961       8.879413     -20.743273       0.683723       0.500000       0.500000
19.999764       8.716104     -20.358828       0.690718       0.500000       0.500000
19.999764       8.527270     -20.001177       0.702786       0.500000       0.500000
19.999764       8.285308     -19.656364       0.717824       0.500000       0.500000
19.999764       8.005619     -19.308891       0.717398       0.500000       0.500000
20.003863       7.724716     -18.954054       0.714580       0.500000       0.500000
19.999764       7.412683     -18.593861       0.695948       0.500000       0.500000
19.999764       7.045742     -18.210276       0.666508       0.500000       0.500000
19.999764       6.654177     -17.803675       0.641249       0.500000       0.500000
19.999764       6.280639     -17.383303       0.632126       0.500000       0.500000
20.000020       5.914608     -16.964056       0.625142       0.500000       0.500000
19.999764       5.502873     -16.546043       0.630723       0.500000       0.500000
19.999764       5.018431     -16.120474       0.643136       0.500000       0.500000
19.999764       4.495975     -15.680710       0.680213       0.500000       0.500000
19.999764       3.983627     -15.246264       0.740015       0.500000       0.500000
19.999764       3.456312     -14.825906       0.813351       0.500000       0.500000
19.999764       2.856318     -14.406122       0.895635       0.500000       0.500000
19.999764       2.179191     -13.986000       0.983687       0.500000       0.500000
19.999764       1.465061     -13.554320       1.062126       0.500000       0.500000
19.999764       0.721290     -13.114548       1.103831       0.500000       0.500000
19.999764      -0.087331     -12.660027       1.124312       0.500000       0.500000
19.999764      -0.933599     -12.180577       1.134701       0.500000       0.500000
19.999764      -1.711551     -11.692689       1.142873       0.500000       0.500000
19.999764      -2.427693     -11.211555       1.139783       0.500000       0.500000
19.999764      -3.140032     -10.742119       1.116542       0.500000       0.500000
19.999764      -3.844136     -10.284492       1.100490       0.500000       0.500000
20.004631      -4.478693      -9.854081       1.085163       0.500000       0.500000
19.999764      -5.028293      -9.457523       1.071582       0.500000       0.500000
19.999764      -5.563900      -9.089349       1.050609       0.500000       0.500000
19.999764      -6.094938      -8.736198       1.032156       0.500000       0.500000
19.999764      -6.610657      -8.397346       1.024858       0.500000       0.500000
19.999764      -7.123460      -8.073698       1.027572       0.500000       0.500000
19.999764      -7.669997      -7.753839       1.027588       0.500000       0.500000
19.999764      -8.247897      -7.416514       1.020086       0.500000       0.500000
19.999764      -8.821244      -7.070857       1.008243       0.500000       0.500000
19.999764      -9.376693      -6.723721       0.997302       0.500000       0.500000
19.999764      -9.947527      -6.371143       0.968632       0.500000       0.500000
19.999764     -10.532602      -6.015393       0.935292       0.500000       0.500000
19.999764     -11.118330      -5.652134       0.906553       0.500000       0.500000
19.999764     -11.698613      -5.290676       0.870706       0.500000       0.500000
19.999764     -12.298622      -4.941906       0.828826       0.500000       0.500000
19.999764     -12.923068      -4.607341       0.786040       0.500000       0.500000
19.999764     -13.538181      -4.288847       0.729942       0.500000       0.500000
19.999764     -14.161161      -3.980667       0.667386       0.500000       0.500000
19.999764     -14.786346      -3.684064       0.609070       0.500000       0.500000
19.999764     -15.405638      -3.416216       0.578647       0.500000       0.500000
19.999764     -15.999333      -3.156202       0.555829       0.500000       0.500000
20.030502     -16.546228      -2.918744       0.538504       0.500000       0.500000
19.999764     -17.060694      -2.693052       0.531351       0.500000       0.500000
19.999764     -17.544106      -2.449983       0.523856       0.500000       0.500000
19.999764     -17.996414      -2.195389       0.523472       0.500000       0.500000
19.999764     -18.429813      -1.930182       0.510574       0.500000       0.500000
19.999764     -18.853886      -1.668768       0.501313       0.500000       0.500000
19.999764     -19.280354      -1.406797       0.488804       0.500000       0.500000
19.999764     -19.692181      -1.148259       0.482903       0.500000       0.500000
19.999764     -20.088499      -0.901834       0.476450       0.500000       0.500000
19.999764     -20.475796      -0.657462       0.458438       0.500000       0.500000
19.999764     -20.864830      -0.415622       0.435790       0.500000       0.500000
20.007193     -21.249565      -0.169069       0.415460       0.500000       0.500000
19.999764     -21.613470       0.071359       0.398279       0.500000       0.500000
19.999764     -21.942505       0.310576       0.385164       0.500000       0.500000
19.999764     -22.249706       0.538105       0.383490       0.500000       0.500000
19.999764     -22.534578       0.764645       0.393227       0.500000       0.500000
19.999764     -22.792187       0.975783       0.401637       0.500000       0.500000
19.999764     -23.017414       1.180182       0.415305       0.500000       0.500000
19.999764     -23.213707       1.361050       0.429483       0.500000       0.500000
19.999764     -23.376232       1.537053       0.445325       0.500000       0.500000
20.004375     -23.495543       1.692741       0.466684       0.500000       0.500000
19.999764     -23.569727       1.816171       0.492821       0.500000       0.500000
19.999764     -23.619589       1.919773       0.523626       0.500000       0.500000
19.999764     -23.648464       1.998450       0.548479       0.500000       0.500000
19.999764     -23.656309       2.067156       0.569553       0.500000       0.500000
19.999764     -23.657536       2.117299       0.592429       0.500000       0.500000
19.999764     -23.640005       2.148175       0.604750       0.500000       0.500000
19.999764     -23.613955       2.179705       0.592402       0.500000       0.500000
20.006936     -23.590076       2.206915       0.577556       0.500000       0.500000
19.999764     -23.579763       2.232591       0.561710       0.500000       0.500000
19.999764     -23.581026       2.268978       0.551507       0.500000       0.500000
19.999764     -23.585754       2.301140       0.552943       0.500000       0.500000
19.999764     -23.583107       2.352329       0.552149       0.500000       0.500000
19.999764     -23.580784       2.400512       0.556147       0.500000       0.500000
19.999764     -23.574879       2.460016       0.566696       0.500000       0.500000
19.999764     -23.561615       2.531391       0.570281       0.500000       0.500000
19.999764     -23.541367       2.594981       0.575726       0.500000       0.500000
19.999764     -23.517504       2.674486       0.565630       0.500000       0.500000
19.999764     -23.488199       2.766038       0.560297       0.500000       0.500000
19.999764     -23.451256       2.856688       0.550583       0.500000       0.500000
19.999764     -23.413172       2.959420       0.523503       0.500000       0.500000
19.999764     -23.366970       3.060161       0.483624       0.500000       0.500000
19.999764     -23.327465       3.165906       0.440477       0.500000       0.500000
19.999764     -23.287819       3.273809       0.395059       0.500000       0.500000
19.999764     -23.250929       3.385501       0.352311       0.500000       0.500000
19.999764     -23.223822       3.490469       0.320392       0.500000       0.500000
19.999764     -23.207975       3.578453       0.293324       0.500000       0.500000
19.999764     -23.193365       3.664953       0.264250       0.500000       0.500000
19.999764     -23.188818       3.736064       0.245259       0.500000       0.500000
19.999764     -23.180910       3.796229       0.229744       0.500000       0.500000
19.999764     -23.181986       3.845427       0.221563       0.500000       0.500000
19.999764     -23.190386       3.882657       0.213738       0.500000       0.500000
19.999764     -23.212500       3.910382       0.221745       0.500000       0.500000
19.999764     -23.230307       3.937617       0.226355       0.500000       0.500000
19.999764     -23.240246       3.969324       0.231452       0.500000       0.500000
19.999764     -23.245392       3.993495       0.243218       0.500000       0.500000
19.999764     -23.253935       4.011029       0.262460       0.500000       0.500000
19.999764     -23.258192       4.038093       0.274984       0.500000       0.500000
19.999764     -23.260141       4.065999       0.291470       0.500000       0.500000
19.999764     -23.247679       4.104212       0.305723       0.500000       0.500000
19.999764     -23.231354       4.156104       0.300247       0.500000       0.500000
19.999764     -23.193182       4.203147       0.289138       0.500000       0.500000
19.999764     -23.147871       4.254230       0.272584       0.500000       0.500000
19.999764     -23.087215       4.303069       0.254531       0.500000       0.500000
19.999764     -23.023663       4.347371       0.224323       0.500000       0.500000
19.999764     -22.964088       4.379810       0.201241       0.500000       0.500000
19.999764     -22.895750       4.402350       0.182793       0.500000       0.500000
19.999764     -22.826424       4.426151       0.176345       0.500000       0.500000
19.999764     -22.762409       4.440889       0.183710       0.500000       0.500000
19.999764     -22.704439       4.449483       0.198773       0.500000       0.500000
19.999764     -22.648550       4.460590       0.210301       0.500000       0.500000
19.999764     -22.598583       4.463620       0.227577       0.500000       0.500000
19.999764     -22.555464       4.474129       0.240342       0.500000       0.500000
19.999764     -22.515957       4.484054       0.257384       0.500000       0.500000
19.999764     -22.480892       4.502395       0.262167       0.500000       0.500000
19.999764     -22.439793       4.524393       0.266588       0.500000       0.500000
19.999764     -22.388577       4.549703       0.262444       0.500000       0.500000
19.999764     -22.332939       4.576679       0.241216       0.500000       0.500000
19.999764     -22.278912       4.603230       0.219038       0.500000       0.500000
19.999764     -22.226654       4.626594       0.200047       0.500000       0.500000
19.999764     -22.176815       4.652705       0.179639       0.500000       0.500000
19.999764     -22.132734       4.672649       0.159381       0.500000       0.500000
19.999764     -22.090658       4.695792       0.132235       0.500000       0.500000
19.999764     -22.053047       4.719992       0.101243       0.500000       0.500000
19.999764     -22.015612       4.742302       0.067510       0.500000       0.500000
19.999764     -21.986092       4.760563       0.032814       0.500000       0.500000
19.999764     -21.959944       4.770206       0.001502       0.500000       0.500000
19.999764     -21.933706       4.777828      -0.022760       0.500000       0.500000
19.999764     -21.918703       4.776277      -0.040250       0.500000       0.500000
19.999764     -21.906601       4.774234      -0.046964       0.500000       0.500000
20.006680     -21.909739       4.769028      -0.055874       0.500000       0.500000
19.999764     -21.915956       4.767262      -0.065453       0.500000       0.500000
19.999764     -21.925543       4.766637      -0.075265       0.500000       0.500000
19.999764     -21.936422       4.770193      -0.086171       0.500000       0.500000
19.999764     -21.938602       4.778573      -0.098991       0.500000       0.500000
19.999764     -21.947102       4.790499      -0.118289       0.500000       0.500000
19.999764     -21.949896       4.800728      -0.141347       0.500000       0.500000
19.999764     -21.952646       4.815797      -0.173492       0.500000       0.500000
19.999764     -21.947660       4.825971      -0.201772       0.500000       0.500000
19.999764     -21.933504       4.837243      -0.230434       0.500000       0.500000
19.999764     -21.924404       4.836349      -0.255639       0.500000       0.500000
19.999764     -21.923105       4.822650      -0.274913       0.500000       0.500000
23.0204
