0.019999821,-0.9859187888471856,0.0417191982005934,0.16193718010265112
0.219999821,-0.9901260023450323,0.03519130639005337,0.13569108826598142
0.419999821,-0.9929627750373403,0.030095412694644025,0.114539048035522
0.6199998210000001,-0.9934719491297138,0.0093311652333591,0.11369439585043206
0.819999821,-0.9916556560122861,-0.006523447171915944,0.12874977489626135
1.019999821,-0.989005024698827,-0.02932628253713212,0.14494492151512178
1.2199998210000003,-0.9869432765118049,-0.04049747961709988,0.15589394822380284
1.4199998210000002,-0.9837402598983209,-0.039285059259412,0.1752477822232513
1.6199998210000002,-0.9805955675054109,-0.04354313673534393,0.19114478342865615
1.8199998210000001,-0.9780690011789845,-0.04638423910121605,0.20305056339676658
2.019999821,-0.9762175780283328,-0.04409538315532044,0.21226124830708376
2.219999821,-0.9742468906826116,-0.04452693557436651,0.22104376942954043
2.419999821,-0.9730892186239214,-0.04533272860488385,0.22592546628284765
2.619999821,-0.9735451651061079,-0.04402564490300405,0.2242131889282967
2.819999821,-0.9745235736818487,-0.04236480571161914,0.22024765055585768
3.019999821,-0.9752974409093148,-0.043435271008855844,0.21658319184121583
3.219999821,-0.9812403172043466,-0.04362588713525429,0.18778770424171928
3.419999821,-0.9918599282117282,-0.045433429783179796,0.11895245380387355
3.619999821,-0.9984286248632644,-0.04924500087570969,0.026743428022638575
3.819999821,-0.9980521424150468,-0.05194742851830351,-0.034545414906623224
4.019999821,-0.9957408240390295,-0.059328942237535924,-0.07057115526225985
4.219999821,-0.9949040201855277,-0.06726145332334403,-0.07511249906312119
4.419999821,-0.9924700035557437,-0.08361986805742648,-0.08950424407881756
4.619999821,-0.9885552694170352,-0.10981415929271902,-0.10343756438860158
4.819999821000001,-0.9884862770513657,-0.11220556110815404,-0.10151252207257569
5.019999821,-0.9898064370859808,-0.1103107220047511,-0.09008197219170436
5.219999821,-0.9908558904908877,-0.1108804453266781,-0.07687737719035156
5.419999821,-0.9909224996037538,-0.11309060861596851,-0.07268503299798874
5.619999821,-0.9920566171059502,-0.10910986758192885,-0.06259956271853753
5.819999821000001,-0.993375739695303,-0.1028737837693474,-0.05120180072797934
6.019999821,-0.9936763055746012,-0.10400220437511441,-0.04231951352188176
6.219999821,-0.9934739475871253,-0.1072135073087532,-0.0389201659324595
6.419999821,-0.9936374775127647,-0.10762374635286814,-0.03319175353976021
6.619999821,-0.9943364414825503,-0.10534728450694542,-0.01403534063822736
6.819999821000001,-0.9942328405565687,-0.10569498475894563,0.018155686591899322
7.019999821,-0.9919686676276748,-0.11051848560838527,0.06151281804473707
7.219999821,-0.9876505508470286,-0.1119506706891964,0.10960582440637151
7.419999821,-0.9848680390093182,-0.11466639135123145,0.12994831446550664
7.619999821,-0.9883761195343048,-0.11673769631419337,0.09739074182674978
7.819999821000001,-0.9943752162691162,-0.10119405923314212,0.03126806111142916
8.019999821,-0.9901249248245808,-0.06947021873624998,-0.12176420635743547
8.219999821000002,-0.9813862864356614,-0.04127917707702074,-0.18755528874405586
8.419999821000001,-0.9537921654487614,-0.03895292414553136,-0.29793149351667325
8.619999821,-0.937231679164942,-0.06919934555364203,-0.34177219042018453
8.819999821000001,-0.9238340407531329,-0.09115961798956757,-0.3717802969412655
9.019999821,-0.9121154828412352,-0.11669455707381833,-0.3929729333053941
9.219999821000002,-0.8706252670854412,-0.21074552400223265,-0.44451993029045295
9.419999821000001,-0.8329534184348406,-0.26256166335371434,-0.48708313012733734
9.619999821000002,-0.8071593330794986,-0.2738065780287935,-0.5229949988774483
9.819999821000001,-0.7798593281427376,-0.2862840264584679,-0.5566514928601964
10.019999821,-0.7385166910449232,-0.34198370417972523,-0.5810681914573986
10.219999821000002,-0.6776449491260377,-0.44147614301227056,-0.5881293548829025
10.419999821000001,-0.6421524569388802,-0.4898683464172594,-0.5896348236203317
10.619999821000002,-0.6603998417435101,-0.45965029821351017,-0.5937959686435883
10.819999821000001,-0.6679457272541253,-0.44323444113346616,-0.5978224950903586
11.019999821,-0.6786113553501317,-0.4334421708469416,-0.5929709208058591
11.219999821000002,-0.7129504858630793,-0.39627389767140075,-0.5785054906670424
11.419999821000001,-0.7457986750049572,-0.3549034699519748,-0.5637622401127076
11.619999821000002,-0.7754701512513132,-0.3173535392150636,-0.5458321863594507
11.819999821000001,-0.8072640814776633,-0.2628167694220648,-0.5284430418375989
12.019999821,-0.8428365868817093,-0.20101530378599253,-0.4992187250668945
12.219999821000002,-0.8887060239501697,-0.08235154881966146,-0.4510208702506834
12.419999821000001,-0.9116970941495479,0.040943679646731526,-0.4088178367149071
12.619999821000002,-0.9179761947033338,0.16791488931039478,-0.3593386924697435
12.819999821000001,-0.9100888679610872,0.2844792804972908,-0.3013466299480559
13.019999821,-0.8659241663158744,0.46799142536918675,-0.17652015174215893
13.219999821000002,-0.7596024488780284,0.6440015118594357,-0.0909184930652948
13.419999821000001,-0.6709215266568159,0.7403294830712347,-0.042149277146423386
13.619999821000002,-0.553822625889418,0.8311815189373931,0.049170942942732505
13.819999821000001,-0.5066100947915155,0.858408720270541,0.08050267584884103
14.019999821,-0.5015773055749294,0.8631895940011186,0.05765354577455142
14.219999821000002,-0.5784988297049856,0.8148611304888437,-0.036612047858679615
14.419999821000001,-0.6181716488352484,0.7794636013849879,-0.10149042660396841
14.619999821000002,-0.6490963718046082,0.7498919915389644,-0.1278119757136222
14.819999821000001,-0.6645387344019945,0.7331048926411909,-0.14472555705521845
15.019999821,-0.7020213869077107,0.6384573862690622,-0.3154966532986554
15.219999821000002,-0.6936363007740546,0.6291173605945228,-0.35082763409838
15.419999821000001,-0.6730331184719828,0.6313199333242173,-0.38530710248759203
15.619999821000002,-0.6213807635852078,0.627525779746323,-0.46914533185360985
15.819999821000001,-0.5992138907801041,0.6266440052683118,-0.49825696558849786
16.019999821,-0.5834711779462833,0.6058486936731314,-0.5408407759040884
16.219999821,-0.5247078063669025,0.5919143840123684,-0.6118162141827327
16.419999821,-0.49148651396670123,0.5764483658502559,-0.6528003432117888
16.619999821,-0.4906888216748041,0.5723177735586878,-0.6570211917071008
16.819999821,-0.4856886793368221,0.548120521520654,-0.6809334774058188
17.019999821,-0.5132145634566432,0.5378760847605759,-0.6688050009521763
17.219999821,-0.5518035195497878,0.5255351701501572,-0.6475535968147447
17.419999821,-0.5912859067525658,0.520474173324828,-0.6160256580513782
17.619999821,-0.6492749101572584,0.5138001517944865,-0.5607597480706392
17.819999821,-0.7225344402142195,0.4957102151465254,-0.4818872952296113
18.019999821,-0.7893864211814313,0.466225027598062,-0.39937864451615096
18.219999821,-0.8562015972727212,0.4179234025267113,-0.30374142695414175
18.419999821,-0.924075916900449,0.34030949955175904,-0.17399179382782942
18.619999821,-0.970971893418945,0.2383210794129271,-0.020411891090407013
18.819999821,-0.9863152741058363,0.0841509031560156,0.14177730976272726
19.019999821,-0.9567793970772788,-0.038448220622824734,0.2882618942201308
19.219999821000002,-0.9370046037374365,-0.07682327989815403,0.3407646640139486
19.419999821,-0.9228285435346153,-0.10081500991773612,0.3717846325671188
19.619999821,-0.9249614808785831,-0.09918040641469679,0.3668916813915442
19.819999821,-0.9242019383657948,-0.10084620901856606,0.3683487739188111
20.019999821,-0.9179715489270716,-0.11168732531627015,0.3805971317865273
20.219999821000002,-0.9145150129912852,-0.11332106988002245,0.38835631337059157
20.419999821,-0.9097546467626547,-0.12717414394404541,0.3951875754699998
20.619999821,-0.9026045489405757,-0.16035886321902085,0.3994872503833924
20.819999821,-0.8952736089166324,-0.20010903051053228,0.3980471593737649
21.019999821,-0.8862194192244062,-0.2324670074094067,0.4007171464458079
21.219999821000002,-0.8797902892614622,-0.24168288503972069,0.4093390159758892
21.419999821,-0.8794775440560333,-0.23764197969308837,0.4123657829994116
21.619999821,-0.8939979175888462,-0.22085957953035598,0.3898573706837938
21.819999821,-0.9200442782475046,-0.1961464803772445,0.3391829658158669
22.019999821,-0.9555180469428133,-0.17752204098216232,0.23552321951798838
