0.01999981,-0.7820718765742836,0.6210095106355498,-0.05206503214033214
0.21999981000000002,-0.8384572948411207,0.5253424468732417,0.14492990802779349
0.41999981000000003,-0.8446549407802562,0.450803118391669,0.28867729294810995
0.61999981,-0.8893607439939789,0.33661665106331073,0.309397312964089
0.81999981,-0.9657335168709418,0.24686035550739818,0.08011703483556427
1.01999981,-0.9455098180783346,0.27614823664136173,-0.17249155143757205
1.2199998100000002,-0.9320507626870758,0.1758892249275182,-0.31677177325140116
1.4199998100000002,-0.9253241029222351,0.03227361898495273,-0.37780116207970454
1.6199998100000002,-0.9307107752979447,-0.03881120903981979,-0.3636909990598702
1.81999981,-0.9388332423698912,-0.03733405812767561,-0.3423423887352489
2.01999981,-0.9626498084383086,0.01320523623013476,-0.2704273803626299
2.21999981,-0.9671271276949909,0.17997249952603142,-0.17965249313825268
2.41999981,-0.9067634692882609,0.39357375123797506,-0.15126041485063552
2.61999981,-0.7860811180908516,0.5957230911291455,-0.1648953440112037
2.81999981,-0.655346534243981,0.7192474195573864,-0.23066007351608098
3.01999981,-0.5253636193291578,0.7978973663025307,-0.29555517307746915
3.21999981,-0.4133416449492872,0.8443394560518763,-0.3409392431279198
3.41999981,-0.23944025875921604,0.876277468764172,-0.418098266226464
3.61999981,0.044807414828576586,0.8910644499303001,-0.4516596524450591
3.81999981,0.30914637071829604,0.8669776807867392,-0.3908685488618304
4.01999981,0.5476561942088528,0.7625512618571216,-0.34436647047119234
4.21999981,0.7126713787808965,0.6386503171803198,-0.2902159165724943
4.41999981,0.8256399083081337,0.51242614077951,-0.23608937302376504
4.61999981,0.8948720247058449,0.40644473061489916,-0.1844091655917459
4.8199998100000006,0.9568678543219628,0.2694996222016002,-0.10850743291810878
5.01999981,0.9954669174174006,0.09337022980033727,-0.018100179958522887
5.21999981,0.9995258204534863,0.03059308531961953,0.003492474396770677
5.41999981,0.9999623349998285,0.00529469172298441,0.006877123035748892
5.61999981,0.9988386842561809,-0.04817639638171493,-0.0005636178256962825
5.8199998100000006,0.9964950740437813,-0.08353267893232907,0.004456338953415802
6.01999981,0.9900615791008384,-0.13648878110134074,0.033895165168861964
6.21999981,0.9825978836552972,-0.18161782323306414,0.03894053569501466
6.41999981,0.9866625223040314,-0.16179764876991284,0.017849031715324662
6.61999981,0.9925117771397879,-0.12128930841741506,0.014466371433273598
6.8199998100000006,0.9983956588306091,-0.05521073479318806,0.012565157849814084
7.01999981,0.9996685613883667,0.020277558405313995,0.015861525677951342
7.21999981,0.9954644174677875,0.09364333147271264,0.01677855852598747
7.41999981,0.987948987536315,0.1537149695770524,0.01812473872628819
7.61999981,0.9747927373043558,0.2230142193819347,0.006616438025696661
7.8199998100000006,0.9462100929809827,0.32354082010805657,0.0027924298964584386
8.01999981,0.9027465196382006,0.4301723437902117,0.0006898689380133874
8.219999810000001,0.8300832434334453,0.557594436183338,-0.007088985004722618
8.41999981,0.7253104828511211,0.6882887670584467,-0.013537969103127349
8.61999981,0.5955795783808012,0.8030541496636527,-0.019723045498479364
8.81999981,0.46727459491914297,0.8817565438749614,-0.06449690129637375
9.01999981,0.3601684434344916,0.9138307052829564,-0.18759566742339806
9.219999810000001,0.28766562040379107,0.9206139766385791,-0.2640424148795118
9.41999981,0.25370181244895446,0.9072787663751984,-0.3353813209539459
9.619999810000001,0.08765738955027363,0.8724295805014448,-0.48081473471941794
9.81999981,-0.13044807407187084,0.7834116680831207,-0.6076589983552965
10.01999981,-0.29524746763238185,0.7358374276721136,-0.6094031612106657
10.219999810000001,-0.39273313114690883,0.7020960930225815,-0.5939880165979545
10.41999981,-0.45741879880473785,0.6962967414042742,-0.5531174291322053
10.619999810000001,-0.5447396465659842,0.686096916910295,-0.4822133740009232
10.81999981,-0.6424751610235913,0.6862124393830421,-0.34108379542816913
11.01999981,-0.7860196297145878,0.6114121662705051,-0.09136905734301234
11.219999810000001,-0.8898154975001419,0.4506633371893798,0.07163055857597792
11.41999981,-0.9326419358618511,0.34612693691737045,0.1018585441288959
11.619999810000001,-0.966378730878682,0.21268278601780835,0.14449284078116623
11.81999981,-0.9789702334962006,0.09867347098845655,0.1785520317764138
12.01999981,-0.9809217465985268,0.0025284960430823366,0.19438655755441567
12.219999810000001,-0.9723735574089872,-0.13435873385659988,0.19088581793376558
12.41999981,-0.9545859901310317,-0.2624471508790885,0.14102156019916598
12.619999810000001,-0.9398321917647576,-0.3269869194592157,0.09896972175986166
12.81999981,-0.9366124305924887,-0.33435333456234767,-0.10471390799062515
13.01999981,-0.9032951087655066,-0.3653016776611401,-0.2249725111614038
13.219999810000001,-0.9104787713407663,-0.33688229626756155,-0.2398723106140096
13.41999981,-0.9537153224511008,-0.19993358169513203,-0.22461889197605067
13.619999810000001,-0.9666079336657831,-0.12982036781925518,-0.2209429217550053
13.81999981,-0.9686805114822769,-0.14081075788016967,-0.20452480812763704
14.01999981,-0.9764367611943785,-0.07747661971861187,-0.20141654546042054
14.219999810000001,-0.9794093035082517,-0.005953840034702236,-0.2017968483161273
14.41999981,-0.9616024130309871,0.12952761078577493,-0.2419574286875911
14.619999810000001,-0.9519646173142958,0.21847688101116247,-0.21454887518996896
14.81999981,-0.9600157873349866,0.2270426810409632,-0.1637721253856022
15.01999981,-0.9751441504652909,0.22009225350869405,-0.025559455369606836
15.219999810000001,-0.9693899374664345,0.14071217138240355,0.20120445811082618
15.41999981,-0.9494682546261879,-0.056211936127642304,0.30878836068395166
15.619999810000001,-0.919739183291765,-0.1881680241211955,0.34448893946848586
15.81999981,-0.9057847057344278,-0.20453623047128086,0.371105102743407
16.01999981,-0.9053687641008286,-0.1800650274009089,0.38455687082361184
16.21999981,-0.892861076840139,-0.1483716532030475,0.425188134817591
16.419999810000004,-0.8851589238545858,-0.10977703052277923,0.45215338447278336
16.619999810000003,-0.8894947301585077,-0.12112208188600475,0.44060023411233457
16.819999810000002,-0.8908192021735843,-0.07666414475562985,0.44784345250065516
17.01999981,-0.8856626938962864,-0.10397965249875012,0.4525370973816537
17.21999981,-0.8614028289792389,-0.1718138783175176,0.4779802898070769
17.419999810000004,-0.8006056834385713,-0.2951719098951647,0.5214442283261935
17.619999810000003,-0.7958758577555644,-0.27039540109583954,0.54172681870853
17.819999810000002,-0.8046199391787264,-0.19431197656944138,0.5610967913272179
18.01999981,-0.821865741225191,-0.08200897872011162,0.5637474885173787
18.21999981,-0.8318104575687333,-0.027057390028737097,0.5543999101047248
18.419999810000004,-0.8667489177270813,0.03259899296456616,0.497678228654449
18.619999810000003,-0.9277650296322216,0.17129625010476207,0.33152623499742856
18.819999810000002,-0.8995300340312495,0.4294176265337181,0.08028835468414963
19.01999981,-0.7138081780969354,0.6988344371127944,0.04591638473549359
19.219999810000004,-0.4649755494008036,0.8806092015266016,0.09124238404437623
19.419999810000004,-0.3075289457930176,0.9439769398244304,0.11972253162683769
19.619999810000003,-0.34775082507471056,0.9237175068735897,0.16067150075572875
19.819999810000002,-0.4145259443384711,0.8614113384701773,0.2934940330318774
20.01999981,-0.7924228717558757,0.5850594242746429,0.17254408823716666
20.219999810000004,-0.996490182492212,0.015045399777675942,0.08234653691667015
20.419999810000004,-0.9738138350043628,-0.18740438006446591,0.12870980182856764
20.619999810000003,-0.9647555030923447,-0.1835699213543367,0.1885441678413832
20.819999810000002,-0.9609336597537858,-0.20661469648860467,0.1841653299269908
21.01999981,-0.9741328401356053,-0.14116883969076283,0.17645557080949167
21.219999810000004,-0.9972506428115316,-0.010821685322628711,0.07330788865302967
21.419999810000004,-0.9951881085093073,0.0027143470178185207,-0.09794519386848322
21.619999810000003,-0.9814890386878509,-0.0019687204549011608,-0.1915082010655662
21.819999810000002,-0.9768156236036034,-0.10105053822294267,-0.18873268452697076
22.01999981,-0.9589753602332833,-0.21820961538643535,-0.18097188239709702
