0.019999831,-0.9783729028736466,-0.19984735190415281,0.05336196079129544
0.219999831,-0.9763272999878793,-0.20852292355677482,0.057473416896102136
0.41999983100000005,-0.9722746053225841,-0.23297363650160613,0.02013396483633335
0.6199998310000001,-0.9638835450065713,-0.25057613221726366,-0.09022257826399134
0.8199998310000001,-0.9219987029063801,-0.2428587323045908,-0.3015593274670178
1.019999831,-0.8823973995486457,-0.21797953407605425,-0.41696492897337817
1.2199998310000002,-0.8694210837777799,-0.19403065083704674,-0.4543776904937372
1.4199998310000002,-0.8578509532773254,-0.1965193145082661,-0.4748388157958286
1.6199998310000001,-0.852077607048764,-0.1771788700871084,-0.4925153800245304
1.819999831,-0.8461818905892403,-0.15560057470091443,-0.5096711382760102
2.019999831,-0.8337687103716804,-0.17248560921912948,-0.5244792200053794
2.219999831,-0.8167251810252656,-0.18782327008867009,-0.5456027839852413
2.419999831,-0.8099951765436815,-0.2030561003253471,-0.5501600077219655
2.619999831,-0.8131818333003201,-0.20931403294973303,-0.5430680819203504
2.819999831,-0.8235667936913006,-0.21546749470972668,-0.5247013389086642
3.019999831,-0.8342602594759693,-0.21750623894462193,-0.5066565458762509
3.219999831,-0.8447728326635028,-0.21850058558404611,-0.48848373083769214
3.419999831,-0.8641173956398192,-0.22127612048469725,-0.45203761464716397
3.619999831,-0.9723344932644271,-0.21514209344601207,-0.09099182840165947
3.819999831,-0.9745679334211389,-0.15653731094147585,0.1603540253017134
4.019999831,-0.9708196004077663,-0.13695225736228372,0.1968587886467855
4.219999831,-0.9622014832080301,-0.13511665327961525,0.23645675232224483
4.419999831,-0.9591446278671372,-0.13292622996103567,0.24974426964788807
4.619999831,-0.9595022617257061,-0.1335201059221777,0.24804796120465433
4.8199998310000005,-0.9602977026361446,-0.12998139863739253,0.24684642658950928
5.019999831,-0.9634785933821883,-0.131760037128817,0.2331272028530618
5.219999831,-0.9926319490254538,-0.11632641022968694,-0.033911355870908544
5.419999831,-0.9586663482286694,-0.07517532696939111,-0.274422125545578
5.619999831,-0.9207562634722849,0.006722861186208001,-0.3900803845542965
5.8199998310000005,-0.8515015602435683,0.18366202879974705,-0.49113475959244607
6.019999831,-0.7457767873781352,0.2117200966460872,-0.6316578061609937
6.219999831,-0.7054854392188662,0.22504755889650463,-0.672044560490514
6.419999831,-0.6738950880529362,0.24338752446921227,-0.6975872155013122
6.619999831,-0.6470059536501439,0.241012055892329,-0.7233923450354036
6.8199998310000005,-0.554252603596694,0.3724243396376346,-0.7443817318095316
7.019999831,-0.48480057760065987,0.4626179394594606,-0.7422621114191064
7.219999831,-0.4409094930011425,0.5404140095915693,-0.7166250883262736
7.419999831,-0.4388356429666316,0.6318072579000645,-0.6389388603981331
7.619999831,-0.45385903764965135,0.7711756785553192,-0.446430338069083
7.8199998310000005,-0.2901087067183821,0.9396233244815138,-0.18150742788243274
8.019999831,0.008700740616795932,0.9989719678061437,-0.044489376824584675
8.219999831,0.16164705027225285,0.9868141983647277,0.008244334058008597
8.419999831,0.3517407069536013,0.9305613706209074,0.10165633566049471
8.619999831,0.6139856000915582,0.7727776817285575,0.1607368579462894
8.819999831,0.7567948816202622,0.6358728909525357,0.15141721733355848
9.019999831,0.8956881348723439,0.4421468008167994,0.04742332312661095
9.219999831,0.9799195996438428,0.18584684300552298,-0.07223938800080779
9.419999831,0.9913639311688421,0.045655086325877885,-0.12293562978256585
9.619999831000001,0.9855333148474295,-0.06697398547025556,-0.15568741309453318
9.819999831,0.9718081471580599,-0.14646250947877323,-0.18476379091802286
10.019999831,0.9650039481311258,-0.1818391835428392,-0.18894944143821535
10.219999831,0.9769652749493486,-0.17399483601830631,-0.12355018649158696
10.419999831,0.9821784115658984,-0.14139261149864216,0.12382930698135483
10.619999831000001,0.9619706278886268,-0.09132881481383544,0.25743262936982275
10.819999831,0.9286281556002525,-0.0013491279889582695,0.3710093374568121
11.019999831,0.8670004784553722,0.025949440900504658,0.49763118559341396
11.219999831,0.8548344046660491,0.04135776146972801,0.5172501098747635
11.419999831,0.8234550694953395,0.1931433192686767,0.5334954608469538
11.619999831000001,0.6415138688001369,0.6514170878381688,0.405112001561939
11.819999831,0.10427594802636841,0.9190342161521887,0.38013502364914237
12.019999831,-0.2695113676693345,0.8826025584596346,0.38519650374518194
12.219999831,-0.5896801900574541,0.6785009070263626,0.43807966469377263
12.419999831,-0.8397073602714067,0.3521317728408137,0.41339419887319545
12.619999831000001,-0.9286445942230606,0.021290232992745434,0.3703592088761958
12.819999831,-0.9085124042229809,-0.24656035764881767,0.33736212207221195
13.019999831,-0.8232622715801744,-0.5063948548942142,0.25652189600367276
13.219999831,-0.7871557226483649,-0.5728837789320911,0.22845140432577205
13.419999831,-0.8412780221620346,-0.4871512968687611,0.2343819604539133
13.619999831000001,-0.9098315422483758,-0.35128763222201886,0.22091528733383275
13.819999831,-0.9743807104556965,-0.12741493151505884,0.18533123406178748
14.019999831,-0.9772029762580471,-0.09715985977229297,0.18877050839959955
14.219999831,-0.9760620220734675,-0.1138544054494651,0.18531082921838007
14.419999831,-0.8889611894801676,-0.4477740947852182,0.0961580139004775
14.619999831000001,-0.6261630617380118,-0.7761775160869451,-0.07394784402522137
14.819999831,-0.3958324006146479,-0.8996255427027834,-0.18436538053649798
15.019999831,-0.24620728996997793,-0.9389550870191645,-0.24030254873070392
15.219999831,-0.10735722086757143,-0.9533738529289275,-0.2820509239109917
15.419999831,-0.006924734307739322,-0.9529485930803717,-0.3030528452281994
15.619999831000001,-0.009301859103193089,-0.9757283385490098,-0.21878684779852184
15.819999831,-0.043134067740976056,-0.9973031841512612,0.05937854058388781
16.019999831,-0.13841556501451863,-0.9548232829118961,0.262970777408938
16.219999831,-0.42631369221635074,-0.8309700489318358,0.3574149040080523
16.419999831000002,-0.7590934093095245,-0.5384940464850833,0.36578867921651687
16.619999831,-0.8608124620465496,-0.36808438973141766,0.3514481287777864
16.819999831,-0.8963926191776486,-0.19162579119276554,0.3996996727964408
17.019999831,-0.8937509961831491,-0.08544034021992415,0.4403511156846683
17.219999831,-0.872696937980525,-0.06914736221436174,0.48334118047008207
17.419999831000002,-0.8463020836829053,-0.12502153439274663,0.5178246798792588
17.619999831,-0.8346502933681745,-0.14247267334558636,0.5320342330434976
17.819999831,-0.8404831111197464,-0.055127976110078004,0.5390260162297161
18.019999831,-0.8433188609998543,0.08716215547394146,0.5302980834729131
18.219999831,-0.8197448461984158,0.34075285143399303,0.46033235968237013
18.419999831000002,-0.7476626121754062,0.503977602052944,0.4324432852802923
18.619999831,-0.6922648098873547,0.5615852761068673,0.45320129153787536
18.819999831,-0.6772910194789692,0.5738775760658833,0.46037094024480424
19.019999831,-0.7656936351647283,0.4160200157597202,0.49055132611736557
19.219999831000003,-0.8291946758051146,0.23800871320562852,0.5057549229168726
19.419999831000002,-0.8661363615634867,0.017059624623350457,0.49951653865039825
19.619999831,-0.8628599950004593,-0.09851167072567012,0.4957500174066006
19.819999831,-0.8423803444912069,-0.19493422799038773,0.5023902884935848
20.019999831,-0.7872320164887889,-0.34012662179396935,0.5143730488293663
20.219999831000003,-0.7014656102343524,-0.4644081363844404,0.5406210137596199
20.419999831000002,-0.699871710875352,-0.4553545678232636,0.5503015590373121
20.619999831,-0.7219372944678976,-0.4171120558429213,0.5521087535321859
20.819999831,-0.741599481153457,-0.3952747078060929,0.5420222457812334
21.019999831,-0.7389398500742854,-0.4418770922806541,0.5086379196341805
21.219999831000003,-0.6792189193346214,-0.5848317443480399,0.4434337497538251
21.419999831000002,-0.6471177350875685,-0.6538850399275596,0.39201146857467006
21.619999831,-0.7293860710091519,-0.6144730342721048,0.30069727230266907
21.819999831,-0.9743860994070683,-0.20121045633473728,-0.10042948543055354
22.019999831,-0.9286325654116794,0.2242557679768484,-0.2955518719041321
