19.999810      -0.722528      -1.055222      -9.203930       0.500000       0.500000
20.005702      -0.976334      -1.015802      -9.100813       0.085448       0.426575
19.999810      -1.323333      -0.982173      -8.966812       0.085448       0.426575
19.999810      -1.779502      -0.963182      -8.817262       0.085448       0.426575
19.999810      -2.298106      -0.964764      -8.681885       0.955493       0.744545
19.999810      -2.825984      -0.987909      -8.576591       0.514980       0.604032
19.999810      -3.300930      -1.040649      -8.493266       0.477352       0.450805
19.999810      -3.701057      -1.117161      -8.417654       0.549093       0.422683
19.999810      -4.041450      -1.204266      -8.346105       0.550026       0.428859
19.999810      -4.320536      -1.290136      -8.275318       0.550431       0.430450
19.999810      -4.520203      -1.369159      -8.200437       0.551228       0.430215
19.999810      -4.657922      -1.442704      -8.116697       0.552187       0.429774
20.006470      -4.768059      -1.504327      -8.039638       0.552429       0.429391
19.999810      -4.871948      -1.553524      -7.975894       0.552701       0.428785
19.999810      -4.977364      -1.599446      -7.912701       0.552712       0.428524
19.999810      -5.091958      -1.641155      -7.851794       0.552688       0.427990
19.999810      -5.210185      -1.687997      -7.799425       0.552470       0.427260
19.999810      -5.341592      -1.747066      -7.761072       0.552427       0.426691
19.999810      -5.484942      -1.822145      -7.727540       0.552345       0.426366
19.999810      -5.658986      -1.911851      -7.683883       0.552189       0.425922
20.003140      -5.876494      -2.007041      -7.613951       0.552019       0.425442
19.999810      -6.142803      -2.111495      -7.524136       0.551769       0.425000
19.999810      -6.447745      -2.222822      -7.411716       0.551425       0.424569
19.999810      -6.801731      -2.337358      -7.276510       0.550992       0.424037
19.999810      -7.219519      -2.446090      -7.108263       0.550313       0.423682
19.999810      -7.723721      -2.538288      -6.902261       0.499617       0.452782
19.999810      -8.328691      -2.605794      -6.695631       0.498408       0.456330
19.999810      -9.008626      -2.647503      -6.491741       0.498935       0.455578
19.999810      -9.742623      -2.662107      -6.280694       0.498465       0.454513
19.999810     -10.510374      -2.658076      -6.074380       0.497815       0.453095
19.999810     -11.284493      -2.633749      -5.857641       0.496720       0.451555
19.999810     -12.066354      -2.594423      -5.628564       0.495532       0.449834
19.999810     -12.858570      -2.533813      -5.382185       0.494340       0.448081
20.007751     -13.639533      -2.456133      -5.105547       0.493175       0.446345
19.999810     -14.406642      -2.359017      -4.772996       0.492182       0.444527
19.999810     -15.113557      -2.224819      -4.388062       0.491107       0.442568
19.999810     -15.735080      -2.023395      -4.010571       0.490198       0.440821
19.999810     -16.257854      -1.667240      -3.690934       0.489533       0.439056
19.999810     -16.732929      -1.041641      -3.434920       0.489379       0.437063
19.999810     -17.283978      -0.041740      -3.136182       0.497408       0.405688
19.999810     -18.012070       1.339186      -2.691519       0.500836       0.404569
19.999810     -19.012455       3.074016      -2.059982       0.503367       0.402595
19.999810     -20.268221       5.069756      -1.307037       0.504010       0.401918
19.999810     -21.686457       7.251371      -0.585428       0.504010       0.401918
19.999810     -23.160730       9.590865      -0.091604       0.504010       0.401918
19.999810     -24.482220      11.988157       0.150357       0.504010       0.401918
19.999810     -25.528360      14.382528       0.255279       0.504010       0.401918
19.999810     -26.298370      16.748457       0.237938       0.504010       0.401918
19.999810     -26.811892      19.046589       0.133532       0.504010       0.401918
19.999810     -27.122089      21.254017      -0.020457       0.209874       0.348359
19.999810     -27.294483      23.363693      -0.246192       0.446162       0.388103
19.999810     -27.340038      25.392714      -0.563549       0.455304       0.386515
19.999810     -27.303436      27.373987      -0.960295       0.459233       0.385641
19.999810     -27.193668      29.281748      -1.368137       0.506856       0.395304
19.999810     -27.013445      31.065163      -1.769233       0.514035       0.396601
19.999810     -26.825663      32.676212      -2.162423       0.520624       0.397135
19.999810     -26.641813      34.092869      -2.496035       0.551707       0.402835
19.999810     -26.458168      35.316593      -2.791982       0.556942       0.403110
19.999810     -26.305952      36.356487      -3.017887       0.562017       0.404098
19.999810     -26.183512      37.223511      -3.165682       0.566242       0.405225
19.999810     -26.124847      37.971481      -3.289621       0.506134       0.414649
19.999810     -26.118845      38.630672      -3.440291       0.467981       0.404617
19.999810     -26.151384      39.226955      -3.642386       0.466599       0.402471
19.999810     -26.214983      39.723698      -3.863349       0.468257       0.402428
19.999810     -26.288956      40.098980      -4.057199       0.469868       0.402715
19.999810     -26.369453      40.357288      -4.207141       0.471571       0.402900
19.999810     -26.445759      40.513096      -4.331932       0.472884       0.402945
19.999810     -26.493469      40.587841      -4.433135       0.474109       0.402875
19.999810     -26.511173      40.579334      -4.496485       0.475023       0.402735
19.999810     -26.469402      40.514194      -4.529830       0.475819       0.402647
19.999810     -26.357256      40.402637      -4.553241       0.476270       0.402590
19.999810     -26.161276      40.220692      -4.563065       0.476590       0.402556
19.999810     -25.870943      39.959461      -4.538198       0.476840       0.402721
19.999810     -25.489378      39.588104      -4.456260       0.476927       0.402928
19.999810     -25.029900      39.110237      -4.312626       0.476782       0.403333
19.999810     -24.504757      38.525497      -4.141618       0.476500       0.403869
19.999810     -23.922239      37.799309      -3.937936       0.475991       0.404500
19.999810     -23.286055      36.903080      -3.682520       0.475371       0.405119
19.999810     -22.593468      35.830948      -3.355336       0.474132       0.405551
19.999810     -21.827034      34.603226      -3.001944       0.426367       0.436873
19.999810     -20.922010      33.158245      -2.622478       0.456100       0.348809
19.999810     -19.865292      31.470243      -2.192476       0.587440       0.527902
19.999810     -18.700533      29.606775      -1.778257       0.587440       0.527902
19.999810     -17.516207      27.665707      -1.418269       0.489934       0.731626
19.999810     -16.377415      25.746016      -1.166157       0.739683       0.394518
19.999810     -15.321287      23.880798      -1.010409       0.695678       0.407058
19.999810     -14.396217      22.115406      -0.947959       0.687600       0.409386
19.999810     -13.593004      20.449324      -0.998113       0.647919       0.420274
19.999810     -12.908742      18.886354      -1.133917       0.640039       0.421787
19.999810     -12.331735      17.423065      -1.311814       0.632307       0.423210
19.999810     -11.865797      16.061247      -1.543751       0.628853       0.423706
19.999810     -11.535830      14.802773      -1.830807       0.594584       0.427982
19.999810     -11.339712      13.621548      -2.194507       0.590609       0.428187
19.999810     -11.254003      12.488944      -2.626100       0.586093       0.428593
19.999810     -11.261683      11.384718      -3.110432       0.581258       0.428738
19.999810     -11.345713      10.280787      -3.653223       0.576186       0.428457
19.999810     -11.522551       9.167577      -4.213720       0.573886       0.428477
19.999810     -11.801196       8.026323      -4.768125       0.480059       0.493512
20.007239     -12.198569       6.805593      -5.331973       0.839160       0.708883
20.008519     -12.675903       5.425084      -5.847295       0.839160       0.708883
19.999810     -13.214818       3.843639      -6.267542       0.829260       0.706140
19.999810     -13.826143       2.068038      -6.554922       0.818314       0.579359
19.999810     -14.549909       0.103389      -6.717776       0.685799       0.513145
19.999810     -15.394882      -2.033384      -6.679870       0.692193       0.504606
19.999810     -16.364120      -4.429077      -6.372843       0.691581       0.506113
19.999810     -17.430548      -7.024236      -5.930008       0.686911       0.505856
19.999810     -18.563305      -9.770700      -5.392081       0.684205       0.505076
20.003397     -19.667864     -12.565543      -4.784382       0.643425       0.491720
19.999810     -20.657314     -15.282033      -4.223856       0.614410       0.480329
19.999810     -21.491890     -17.831497      -3.755537       0.606108       0.478794
19.999810     -22.195351     -20.170183      -3.376897       0.597670       0.477073
20.003140     -22.780670     -22.240213      -3.135618       0.560743       0.468366
20.001860     -23.266071     -24.065111      -3.033696       0.556585       0.465454
19.999810     -23.668650     -25.624758      -3.079030       0.549985       0.463452
20.007751     -24.010939     -26.928276      -3.229277       0.543694       0.461547
19.999810     -24.302788     -27.968676      -3.476240       0.538807       0.459434
19.999810     -24.525023     -28.750504      -3.800768       0.534900       0.457223
19.999810     -24.670008     -29.334240      -4.193227       0.531488       0.455217
19.999810     -24.735203     -29.760763      -4.660074       0.528361       0.453578
19.999810     -24.721798     -30.090870      -5.121897       0.525445       0.451966
19.999810     -24.636969     -30.324743      -5.544391       0.523132       0.450646
19.999810     -24.525824     -30.471750      -6.010946       0.522050       0.449909
19.999810     -24.438999     -30.651560      -6.453142       0.520111       0.448841
19.999810     -24.367502     -30.883223      -6.864010       0.520153       0.448251
20.011081     -24.324806     -31.252851      -7.242787       0.520153       0.448251
19.999810     -24.329004     -31.832600      -7.575360       0.666279       0.456374
19.999810     -24.382603     -32.571682      -7.885241       0.666657       0.457095
19.999810     -24.512669     -33.490307      -8.112651       0.663921       0.456981
19.999810     -24.697128     -34.491772      -8.320683       0.660696       0.456343
19.999810     -24.951277     -35.557327      -8.486300       0.657723       0.455146
19.999810     -25.276632     -36.676071      -8.583150       0.654281       0.454042
19.999810     -25.657974     -37.786766      -8.603959       0.650665       0.452985
19.999810     -26.070587     -38.849812      -8.544028       0.648939       0.452440
19.999810     -26.491426     -39.845917      -8.455977       0.616568       0.443457
19.999810     -26.889252     -40.777142      -8.351674       0.608679       0.438578
19.999810     -27.253687     -41.698994      -8.275294       0.602921       0.435685
19.999810     -27.564016     -42.624760      -8.210311       0.598382       0.433523
19.999810     -27.852743     -43.565281      -8.138896       0.594257       0.431908
19.999810     -28.102686     -44.495380      -8.057966       0.592274       0.431158
19.999810     -28.290016     -45.402489      -7.954873       0.562710       0.422308
19.999810     -28.432484     -46.283455      -7.848634       0.559168       0.421501
20.003397     -28.527224     -47.150654      -7.747931       0.555839       0.421018
19.999810     -28.618385     -47.981991      -7.634171       0.552679       0.420499
19.999810     -28.665998     -48.776623      -7.514334       0.549641       0.420248
19.999810     -28.643562     -49.521984      -7.402624       0.546536       0.420117
19.999810     -28.586973     -50.248692      -7.304545       0.543660       0.419783
19.999810     -28.476192     -50.985413      -7.211496       0.542146       0.419579
19.999810     -28.351349     -51.776951      -7.164252       0.629383       0.442751
20.003653     -28.150620     -52.691933      -7.112265       0.697470       0.457073
19.999810     -27.877605     -53.756870      -6.972847       0.701176       0.459423
19.999810     -27.597160     -54.867004      -6.767457       0.699262       0.461048
19.999810     -27.340103     -55.972012      -6.525474       0.695204       0.462461
19.999810     -27.178284     -56.972050      -6.343216       0.691172       0.463745
19.999810     -27.083042     -57.865711      -6.207236       0.687752       0.464294
19.999810     -27.051535     -58.590904      -6.127300       0.684095       0.464779
19.999810     -27.045418     -59.168488      -6.139440       0.680976       0.465041
19.999810     -27.023119     -59.661266      -6.230438       0.678232       0.465159
19.999810     -27.016537     -60.099613      -6.361325       0.675499       0.465233
19.999810     -26.994705     -60.542675      -6.500699       0.672917       0.465350
19.999810     -26.957830     -60.968456      -6.615147       0.671681       0.465385
19.999810     -26.876774     -61.376793      -6.664951       0.641697       0.466605
19.999810     -26.687540     -61.793690      -6.659145       0.640433       0.465566
19.999810     -26.416138     -62.224918      -6.625885       0.639869       0.464655
19.999810     -26.038576     -62.715343      -6.544228       0.640868       0.456269
19.999810     -25.578884     -63.231846      -6.426439       0.664441       0.392083
19.999810     -25.073875     -63.800175      -6.295347       0.664703       0.389558
19.999810     -24.562830     -64.426155      -6.152943       0.663170       0.389706
19.999810     -24.098911     -65.099915      -6.035872       0.660552       0.390497
19.999810     -23.707859     -65.825623      -5.943917       0.657408       0.391774
19.999810     -23.390863     -66.578529      -5.878830       0.653991       0.392809
19.999810     -23.137215     -67.356323      -5.824641       0.650439       0.393893
19.999810     -22.921661     -68.199722      -5.777167       0.621030       0.401420
19.999810     -22.775663     -69.106682      -5.766836       0.616228       0.401093
19.999810     -22.677790     -70.111885      -5.758848       0.611973       0.401622
19.999810     -22.627020     -71.189674      -5.686015       0.608097       0.402142
19.999810     -22.593960     -72.353653      -5.533906       0.604062       0.402428
19.999810     -22.542170     -73.667938      -5.341465       0.367884       0.538510
19.999810     -22.462551     -75.226028      -5.204991       0.677413       0.413500
19.999810     -22.351021     -77.126198      -5.080185       0.739603       0.457424
19.999810     -22.224037     -79.305931      -4.896739       0.743214       0.462793
19.999810     -22.124743     -81.603859      -4.649322       0.738704       0.463522
19.999810     -22.041012     -83.928307      -4.314532       0.732847       0.463089
19.999810     -21.983206     -86.105347      -3.975342       0.729349       0.459362
19.999810     -21.952869     -88.135559      -3.650633       0.693544       0.447254
19.999810     -21.900007     -89.934860      -3.402681       0.684958       0.448336
19.999810     -21.820219     -91.481705      -3.268542       0.676966       0.448352
19.999810     -21.734400     -92.742104      -3.244520       0.670042       0.448011
19.999810     -21.667782     -93.761375      -3.377623       0.666975       0.448090
19.999810     -21.606932     -94.692230      -3.658532       0.633824       0.447968
19.999810     -21.501801     -95.567795      -3.992651       0.630099       0.448228
19.999810     -21.385496     -96.453568      -4.308182       0.626436       0.448572
19.999810     -21.254631     -97.413063      -4.597144       0.622846       0.448625
19.999810     -21.129339     -98.477974      -4.822598       0.619392       0.448455
19.999810     -21.033451     -99.701286      -4.923216       0.616030       0.447891
19.999810     -21.000715    -101.062012      -4.912374       0.612204       0.447738
19.999810     -21.035816    -102.544075      -4.841546       0.611338       0.448806
19.999810     -21.115091    -104.050766      -4.757115       0.660786       0.479801
19.999810     -21.220530    -105.503914      -4.685576       0.670829       0.490486
19.999810     -21.342613    -106.821106      -4.645812       0.672244       0.492265
19.999810     -21.484982    -107.916435      -4.645498       0.671017       0.492762
19.999810     -21.671598    -108.815002      -4.728024       0.668639       0.492983
19.999810     -21.901604    -109.550140      -4.924510       0.666304       0.492507
19.999810     -22.118910    -110.183891      -5.239652       0.664059       0.491816
20.001603     -22.258730    -110.814362      -5.617442       0.662039       0.490757
19.999810     -22.333387    -111.508270      -5.917718       0.659892       0.489678
19.999810     -22.417250    -112.314224      -6.085417       0.657852       0.488892
19.999810     -22.609043    -113.244026      -6.170044       0.655633       0.488199
19.999810     -22.923931    -114.267235      -6.189817       0.653238       0.487665
19.999810     -23.335123    -115.298729      -6.144087       0.619483       0.481272
19.999810     -23.784689    -116.236649      -6.133553       0.616004       0.480141
19.999810     -24.225603    -117.050163      -6.225038       0.612720       0.478525
19.999810     -24.661697    -117.707077      -6.381049       0.609538       0.476894
19.999810     -25.045370    -118.209511      -6.611365       0.606725       0.475362
19.999810     -25.337929    -118.639977      -6.908198       0.604348       0.473994
19.999810     -25.524666    -119.049530      -7.194894       0.602145       0.472710
19.999810     -25.646795    -119.493423      -7.426311       0.603202       0.472320
19.999810     -25.741735    -120.018883      -7.595032       0.685350       0.500391
19.999810     -25.843035    -120.628571      -7.669670       0.696353       0.505006
19.999810     -26.004395    -121.267166      -7.647224       0.699242       0.505485
19.999810     -26.231438    -121.864288      -7.621561       0.700006       0.505061
20.005958     -26.487404    -122.393600      -7.682859       0.699708       0.504756
19.999810     -26.738380    -122.855141      -7.853098       0.699259       0.503471
19.999810     -26.923620    -123.259163      -8.132387       0.699100       0.501552
19.999810     -27.011614    -123.575661      -8.506618       0.698603       0.499969
19.999810     -26.988573    -123.772537      -8.958252       0.698264       0.498069
19.999810     -26.857491    -123.807388      -9.454663       0.697632       0.496917
19.999810     -26.624788    -123.618446      -9.992917       0.697505       0.496171
19.999810     -26.268988    -123.183907     -10.568055       0.669305       0.463598
20.002116     -25.757498    -122.496300     -11.166435       0.613444       0.410293
19.999810     -25.029898    -121.609169     -11.838875       0.579163       0.386833
19.999810     -24.094576    -120.638000     -12.541966       0.571190       0.382183
19.999810     -22.964830    -119.562996     -13.161207       0.534959       0.366560
19.999810     -21.680254    -118.382057     -13.580006       0.536660       0.366778
19.999810     -20.229122    -117.054962     -13.822927       0.540282       0.368704
19.999810     -18.621395    -115.621452     -13.876866       0.545566       0.371315
19.999810     -16.983120    -114.179176     -13.804979       0.578024       0.390028
19.999810     -15.372819    -112.735023     -13.658651       0.585272       0.393578
19.999810     -13.837893    -111.255699     -13.437459       0.591799       0.395644
20.002884     -12.355860    -109.657524     -13.155653       0.619348       0.413908
19.999810     -10.894475    -107.861328     -12.886312       0.622163       0.414827
19.999810      -9.459311    -105.828239     -12.679726       0.530429       0.387162
20.000323      -8.026161    -103.524811     -12.539766       0.522534       0.380600
19.999810      -6.545105    -100.886955     -12.487198       0.520356       0.374949
19.999810      -4.996710     -97.910316     -12.565089       0.506548       0.905761
19.999810      -3.375782     -94.633339     -12.777561       0.494350       0.871865
19.999810      -1.691676     -91.167725     -13.086009       0.526865       0.940094
19.999810      -0.014772     -87.620064     -13.406343       0.526865       0.940094
19.999810       1.589421     -83.971115     -13.600664       0.515954       0.370877
19.999810       3.091967     -80.163620     -13.691594       0.522605       0.378164
19.999810       4.470242     -76.150597     -13.664864       0.540609       0.408284
19.999810       5.704610     -72.022224     -13.475054       0.546248       0.414009
19.999810       6.779894     -67.754509     -13.118710       0.550872       0.414795
19.999810       7.743902     -63.347454     -12.613955       0.579249       0.417472
19.999810       8.573191     -58.810932     -11.983029       0.579249       0.417472
19.999810       9.236886     -54.162823     -11.234115       0.579249       0.417472
19.999810       9.731695     -49.457642     -10.465283       0.579249       0.417472
19.999810      10.091316     -44.795216      -9.640606       0.579249       0.417472
19.999810      10.297140     -40.205841      -8.777414       0.579249       0.417472
19.999810      10.367467     -35.711380      -7.925892       0.579249       0.417472
20.005446      10.323477     -31.265703      -7.076373       0.579249       0.417472
19.999810      10.175470     -26.997139      -6.233339       0.579249       0.417472
19.999810       9.869098     -22.921015      -5.443581       0.579249       0.417472
19.999810       9.410229     -19.015688      -4.774462       0.420225       0.363764
19.999810       8.804126     -15.397605      -4.257964       0.481039       0.406603
19.999810       8.106194     -12.033821      -3.759349       0.482981       0.419690
19.999810       7.323118      -8.856709      -3.275056       0.495305       0.453603
19.999810       6.444948      -5.846418      -2.873395       0.498594       0.460545
19.999810       5.463647      -2.958667      -2.551733       0.502752       0.465971
19.999810       4.498273      -0.282010      -2.278877       0.506012       0.467472
19.999810       3.580484       2.186031      -2.045331       0.540499       0.470025
19.999810       2.677318       4.495385      -1.845864       0.551100       0.466702
19.999810       1.722575       6.699884      -1.698251       0.552711       0.466528
19.999810       0.686606       8.852154      -1.601180       0.515357       0.484479
19.999810      -0.401632      10.948433      -1.601246       0.498972       0.443200
19.999810      -1.477637      12.959760      -1.712151       0.497116       0.439124
20.001603      -2.434710      14.903394      -1.938309       0.497614       0.442698
19.999810      -3.234802      16.830593      -2.286594       0.498460       0.446686
19.999810      -3.890369      18.750198      -2.672234       0.499901       0.451328
19.999810      -4.472606      20.669003      -3.046676       0.501257       0.455570
19.999810      -5.011583      22.547274      -3.384090       0.503210       0.458851
19.999810      -5.469916      24.378195      -3.660403       0.520907       0.488408
19.999810      -5.841455      26.122961      -3.871626       0.522337       0.491683
19.999810      -6.087223      27.729353      -3.986078       0.524825       0.494257
19.999810      -6.255794      29.188494      -4.045273       0.529181       0.494657
19.999810      -6.348003      30.511913      -4.077178       0.531732       0.494833
19.999810      -6.406193      31.704830      -4.097560       0.536916       0.494792
19.999810      -6.445030      32.766422      -4.139430       0.571212       0.491227
19.999810      -6.458037      33.695927      -4.225808       0.575180       0.491091
19.999810      -6.457454      34.490883      -4.368583       0.579043       0.490965
19.999810      -6.460908      35.159206      -4.544093       0.582572       0.490600
19.999810      -6.475180      35.731815      -4.709649       0.585587       0.489897
19.999810      -6.519320      36.227043      -4.886704       0.587134       0.489777
19.999810      -6.544281      36.698391      -5.056912       0.506911       0.476164
19.999810      -6.563045      37.198776      -5.230118       0.473536       0.413862
19.999810      -6.562614      37.750801      -5.375693       0.460729       0.388095
19.999810      -6.568438      38.359047      -5.474789       0.463231       0.389838
19.999810      -6.606535      38.997982      -5.551974       0.467437       0.393835
19.999810      -6.662609      39.636288      -5.628017       0.471035       0.397397
19.999810      -6.736120      40.208275      -5.719377       0.471035       0.397397
19.999810      -6.814570      40.656872      -5.816447       0.199747       0.470000
19.999810      -6.913069      40.949024      -5.862774       0.476493       0.424929
19.999810      -7.019714      41.122429      -5.838183       0.476682       0.425531
19.999810      -7.071339      41.288448      -5.768953       0.477324       0.424992
19.999810      -7.073266      41.509388      -5.696580       0.478647       0.424209
19.999810      -7.009638      41.784187      -5.641136       0.479978       0.423623
19.999810      -6.900468      42.104210      -5.596860       0.480935       0.423366
19.999810      -6.740519      42.481430      -5.555159       0.482003       0.423839
19.999810      -6.519372      42.939217      -5.498045       0.483191       0.424785
19.999810      -6.281199      43.454609      -5.448050       0.484247       0.426032
20.008007      -6.035887      43.990532      -5.392405       0.483297       0.426495
19.999810      -5.796027      44.507675      -5.327292       0.501298       0.461695
19.999810      -5.561594      44.972492      -5.242342       0.501298       0.461695
19.999810      -5.312233      45.378975      -5.133461       0.501298       0.461695
19.999810      -5.058434      45.706276      -5.009324       0.501298       0.461695
19.999810      -4.796838      45.938282      -4.878343       0.501298       0.461695
19.999810      -4.532870      46.068970      -4.746232       0.501298       0.461695
19.999810      -4.292283      46.096672      -4.621038       0.501298       0.461695
19.999810      -4.047383      46.039394      -4.490393       0.501298       0.461695
19.999810      -3.811679      45.911335      -4.355579       0.501298       0.461695
19.999810      -3.568760      45.724422      -4.217574       0.501298       0.461695
19.999810      -3.316904      45.499081      -4.065435       0.501298       0.461695
19.999810      -3.030468      45.269566      -3.887427       0.501298       0.461695
19.999810      -2.667703      45.106476      -3.642616       0.501298       0.461695
19.999810      -2.231756      45.021057      -3.372039       0.501298       0.461695
19.999810      -1.705073      45.001049      -3.123985       0.501298       0.461695
19.999810      -1.098615      45.033424      -2.909312       0.501298       0.461695
19.999810      -0.461835      45.120529      -2.739079       0.501298       0.461695
19.999810       0.166387      45.274719      -2.598538       0.501298       0.461695
19.999810       0.734529      45.477837      -2.482746       0.501298       0.461695
19.999810       1.240716      45.714211      -2.380428       0.501298       0.461695
19.999810       1.699586      45.978149      -2.299539       0.501298       0.461695
19.999810       2.098185      46.254074      -2.236671       0.501298       0.461695
19.999810       2.451299      46.589394      -2.164578       0.501298       0.461695
19.999810       2.742877      47.004139      -2.071510       0.501298       0.461695
19.999810       2.970991      47.515102      -1.970317       0.501298       0.461695
19.999810       3.131989      48.108994      -1.871747       0.501298       0.461695
19.999810       3.214876      48.759895      -1.779987       0.501298       0.461695
19.999810       3.283257      49.476009      -1.710650       0.501298       0.461695
19.999810       3.360358      50.228588      -1.714114       0.501298       0.461695
19.999810       3.495773      51.023788      -1.791099       0.501298       0.461695
20.007495       3.704792      51.854164      -1.919317       0.501298       0.461695
20.000067       3.966936      52.761787      -2.111625       0.501298       0.461695
20.032597       4.260176      53.814289      -2.349783       0.501298       0.461695
19.999810       4.562452      55.044834      -2.581713       0.501298       0.461695
20.022864       4.854388      56.458168      -2.765077       0.501298       0.461695
19.999810       5.076989      58.032696      -2.945240       0.501298       0.461695
19.999810       5.178875      59.761703      -3.144309       0.501298       0.461695
19.999810       5.141366      61.657227      -3.319642       0.501298       0.461695
19.999810       4.985296      63.669769      -3.497792       0.501298       0.461695
19.999810       4.760942      65.734039      -3.667597       0.501298       0.461695
19.999810       4.486677      67.765343      -3.798896       0.501298       0.461695
19.999810       4.184500      69.730392      -3.930161       0.501298       0.461695
19.999810       3.868963      71.593262      -4.062110       0.501298       0.461695
19.999810       3.530168      73.354073      -4.179279       0.493628       0.408728
19.999810       3.191241      74.997681      -4.251610       0.497896       0.412182
19.999810       2.814965      76.528221      -4.321949       0.500436       0.419545
19.999810       2.388137      77.950249      -4.429749       0.503266       0.425500
19.999810       1.925623      79.237984      -4.565739       0.505613       0.430214
19.999810       1.454718      80.371788      -4.683152       0.516751       0.458167
19.999810       1.037008      81.333115      -4.782752       0.514992       0.461077
19.999810       0.634236      82.195755      -4.877019       0.515131       0.462611
19.999810       0.252740      82.973892      -4.968676       0.516157       0.463598
19.999810      -0.121131      83.679665      -5.054204       0.516916       0.464017
19.999810      -0.471246      84.349274      -5.150878       0.517841       0.464624
19.999810      -0.795405      84.967728      -5.258512       0.518670       0.465115
19.999810      -1.128177      85.543701      -5.374064       0.519665       0.465567
19.999810      -1.473903      86.068207      -5.492964       0.520725       0.465597
19.999810      -1.813899      86.525505      -5.582031       0.521897       0.465507
19.999810      -2.122793      86.905060      -5.637722       0.523089       0.465420
19.999810      -2.390866      87.172806      -5.677853       0.524308       0.465184
20.021839      -2.633879      87.338997      -5.713920       0.525456       0.464719
19.999810      -2.857844      87.405899      -5.737463       0.526525       0.464300
19.999810      -3.073579      87.381882      -5.731198       0.527067       0.464014
19.999810      -3.312864      87.299553      -5.676965       0.527974       0.463406
19.999810      -3.593888      87.171959      -5.580709       0.528659       0.462757
19.999810      -3.966270      87.027328      -5.447062       0.529292       0.462067
20.000835      -4.451638      86.897850      -5.295590       0.529865       0.461223
19.999810      -5.014439      86.795998      -5.136272       0.529933       0.460866
19.999810      -5.649845      86.742088      -4.971843       0.529920       0.460443
19.999810      -6.376445      86.734940      -4.800311       0.529946       0.459316
19.999810      -7.201146      86.785034      -4.639594       0.537871       0.421118
19.999810      -8.098933      86.883377      -4.515575       0.536409       0.420563
19.999810      -9.062056      87.020531      -4.403330       0.534818       0.419843
19.999810     -10.124493      87.222687      -4.250876       0.534237       0.418528
19.999810     -11.275378      87.501396      -4.103508       0.533811       0.417239
19.999810     -12.456970      87.880882      -3.997110       0.532511       0.416495
19.999810     -13.595334      88.370186      -3.937389       0.530965       0.416106
19.999810     -14.742935      88.985451      -3.933564       0.529306       0.415494
19.999810     -15.893858      89.737114      -4.005056       0.528182       0.414463
19.999810     -16.994812      90.618622      -4.126782       0.527471       0.413942
19.999810     -17.987679      91.628517      -4.284079       0.520280       0.362687
19.999810     -18.883444      92.757675      -4.515285       0.520280       0.362687
19.999810     -19.739376      93.982735      -4.801843       0.520280       0.362687
19.999810     -20.564320      95.288712      -5.118851       0.520280       0.362687
19.999810     -21.293789      96.628036      -5.467476       0.520280       0.362687
19.999810     -21.925817      97.992332      -5.851750       0.520280       0.362687
19.999810     -22.479290      99.305733      -6.231924       0.510037       0.364602
19.999810     -22.964199     100.538094      -6.580027       0.509029       0.366886
19.999810     -23.380478     101.669922      -6.879497       0.508350       0.370085
19.999810     -23.720547     102.679527      -7.115878       0.506764       0.400526
19.999810     -23.980520     103.584282      -7.315179       0.507313       0.401960
19.999810     -24.183283     104.352554      -7.480419       0.507707       0.404158
19.999810     -24.330654     104.961395      -7.591080       0.504385       0.401616
19.999810     -24.397594     105.412979      -7.615171       0.502644       0.400713
19.999810     -24.349108     105.668961      -7.550448       0.501133       0.400874
19.999810     -24.199104     105.735931      -7.443490       0.500067       0.401647
19.999810     -23.977854     105.596603      -7.297670       0.499126       0.402475
20.004677     -23.695101     105.227020      -7.092054       0.498317       0.402822
19.999810     -23.368227     104.628815      -6.846602       0.497487       0.403302
19.999810     -22.977604     103.780075      -6.602045       0.496635       0.403536
19.999810     -22.542271     102.685715      -6.328916       0.495672       0.403678
19.999810     -22.091097     101.329697      -6.030967       0.493974       0.403412
19.999810     -21.642883      99.692329      -5.707516       0.492282       0.402893
19.999810     -21.207092      97.736298      -5.359520       0.491314       0.403252
19.999810     -20.786831      95.433548      -4.986804       0.491314       0.403252
19.999810     -20.416302      92.841408      -4.608429       0.853353       0.751165
19.999810     -20.116312      89.989067      -4.237174       0.853353       0.751165
19.999810     -19.866781      86.946579      -3.848091       0.853353       0.751165
19.999810     -19.647663      83.875595      -3.462707       0.853353       0.751165
19.999810     -19.457258      80.812675      -3.132027       0.712830       0.628012
19.999810     -19.291132      77.757545      -2.874222       0.673427       0.551956
19.999810     -19.158777      74.757782      -2.597456       0.670622       0.541262
20.001091     -19.078032      71.902069      -2.276586       0.655881       0.505335
19.999810     -19.058096      69.292549      -1.990930       0.649025       0.503015
20.006214     -19.096252      66.918297      -1.795485       0.641347       0.502317
19.999810     -19.148588      64.723648      -1.593436       0.602966       0.498516
19.999810     -19.185572      62.680065      -1.334030       0.594807       0.497512
20.008776     -19.193214      60.837791      -1.072994       0.590429       0.494635
19.999810     -19.196690      59.211102      -0.852318       0.586167       0.491512
19.999810     -19.224571      57.765865      -0.681807       0.581828       0.487587
19.999810     -19.218918      56.460266      -0.539858       0.578989       0.484601
19.999810     -19.200312      55.287781      -0.437645       0.555149       0.463939
19.999810     -19.170324      54.250813      -0.369670       0.553340       0.464062
19.999810     -19.133659      53.313648      -0.333312       0.550053       0.462798
19.999810     -19.092403      52.457047      -0.303756       0.548321       0.462559
19.999810     -19.001091      51.681145      -0.283219       0.547378       0.466265
19.999810     -18.830431      50.957596      -0.284233       0.552073       0.467850
19.999810     -18.611399      50.227421      -0.318023       0.555430       0.468709
19.999810     -18.400457      49.501152      -0.365653       0.557410       0.469559
20.004933     -18.223307      48.817451      -0.381551       0.558238       0.470372
19.999810     -18.058840      48.198799      -0.389689       0.558400       0.470979
19.999810     -17.910963      47.651218      -0.413779       0.474849       0.577923
19.999810     -17.771955      47.130543      -0.449171       0.474542       0.578689
19.999810     -17.635124      46.616325      -0.490865       0.472971       0.578731
19.999810     -17.513636      46.129425      -0.511144       0.540399       0.472896
19.999810     -17.399847      45.698929      -0.516508       0.542846       0.474081
19.999810     -17.326277      45.328148      -0.498364       0.540269       0.475582
19.999810     -17.289541      45.015873      -0.463254       0.538132       0.476933
19.999810     -17.289835      44.732708      -0.429206       0.536305       0.477501
19.999810     -17.324020      44.487534      -0.429813       0.534746       0.478086
19.999810     -17.361143      44.267406      -0.446643       0.533333       0.478445
19.999810     -17.394297      44.068268      -0.466668       0.532030       0.478677
19.999810     -17.414011      43.904819      -0.496986       0.530820       0.478775
19.999810     -17.410969      43.764198      -0.550125       0.529785       0.478841
19.999810     -17.375168      43.632542      -0.603091       0.528729       0.478880
19.999810     -17.300859      43.506855      -0.675829       0.527768       0.478928
19.999810     -17.203802      43.372009      -0.740695       0.526908       0.478991
19.999810     -17.083000      43.262222      -0.795407       0.526201       0.479102
19.999810     -16.948008      43.160831      -0.847732       0.525388       0.479214
19.999810     -16.799070      43.063374      -0.904489       0.524708       0.479324
19.999810     -16.628273      42.961121      -0.961659       0.524117       0.479498
19.999810     -16.467070      42.842312      -1.001104       0.523612       0.479759
19.999810     -16.320181      42.703716      -1.028190       0.523101       0.480028
19.999810     -16.199205      42.519375      -1.031140       0.522633       0.480303
19.999810     -16.104513      42.278790      -1.024714       0.522164       0.480622
19.999810     -16.039822      41.987740      -1.031520       0.521900       0.480975
19.999810     -16.004486      41.604198      -1.054457       0.522201       0.480811
19.999810     -16.003633      41.030163      -1.041518       0.620792       0.471649
19.999810     -16.091759      40.187042      -0.964989       0.623670       0.470335
19.999810     -16.328642      39.090462      -0.867206       0.622934       0.469541
19.999810     -16.736456      37.813141      -0.779978       0.620163       0.468868
19.999810     -17.312229      36.443367      -0.712490       0.616722       0.467938
19.999810     -18.040607      35.002663      -0.628465       0.614986       0.467351
19.999810     -18.901804      33.571045      -0.518594       0.611149       0.465704
19.999810     -19.845209      32.177822      -0.353070       0.577214       0.450946
19.999810     -20.759212      30.885889      -0.143848       0.572403       0.447501
20.003653     -21.559999      29.737646       0.064957       0.567325       0.444128
19.999810     -22.246044      28.755241       0.241206       0.562565       0.440821
19.999810     -22.838873      27.943417       0.384058       0.558101       0.437974
19.999810     -23.370049      27.307379       0.489253       0.532884       0.420029
19.999810     -23.817312      26.844313       0.544475       0.532165       0.418855
19.999810     -24.177120      26.554482       0.574225       0.533216       0.416536
19.999810     -24.478756      26.417183       0.597142       0.533591       0.414701
19.999810     -24.742666      26.394114       0.604876       0.533654       0.413905
19.999810     -24.990761      26.453022       0.561669       0.533820       0.413412
19.999810     -25.211813      26.572145       0.458824       0.533709       0.412034
19.999810     -25.403055      26.722013       0.324195       0.533703       0.410859
19.999810     -25.562618      26.890381       0.194751       0.533636       0.409841
19.999810     -25.729460      27.062487       0.095911       0.533759       0.408756
19.999810     -25.928095      27.225292       0.013700       0.533926       0.407773
19.999810     -26.153399      27.397034      -0.088616       0.534155       0.406793
19.999810     -26.388876      27.599428      -0.222799       0.534480       0.405917
19.999810     -26.625978      27.828966      -0.367290       0.535044       0.405314
19.999810     -26.860626      28.061148      -0.482253       0.535644       0.404646
19.999810     -27.075762      28.296431      -0.559977       0.536163       0.404084
19.999810     -27.248180      28.568121      -0.643814       0.535791       0.403789
19.999810     -27.393604      28.969545      -0.807467       0.450111       0.391529
19.999810     -27.538322      29.557770      -1.092757       0.439859       0.362206
19.999810     -27.691965      30.250092      -1.400400       0.443893       0.370282
19.999810     -27.845167      30.957115      -1.686266       0.446002       0.377442
19.999810     -27.979448      31.649778      -1.978172       0.445730       0.378663
19.999810     -28.114788      32.332130      -2.271322       0.445048       0.376943
19.999810     -28.253771      33.023396      -2.575944       0.446112       0.380239
19.999810     -28.382006      33.694443      -2.845769       0.446818       0.382997
19.999810     -28.477610      34.332191      -3.090655       0.447035       0.384360
19.999810     -28.544701      34.932796      -3.325848       0.447693       0.386364
19.999810     -28.604156      35.489864      -3.548649       0.448475       0.387914
19.999810     -28.649689      36.020374      -3.764182       0.449185       0.389193
20.006470     -28.697824      36.507633      -3.945714       0.450200       0.389898
19.999810     -28.750198      36.947392      -4.099687       0.451488       0.390471
19.999810     -28.840008      37.344543      -4.233908       0.452109       0.390778
19.999810     -28.942331      37.689255      -4.335792       0.454199       0.391954
19.999810     -29.017385      38.016739      -4.431063       0.455526       0.392771
19.999810     -29.046185      38.326645      -4.512066       0.456852       0.393470
19.999810     -29.048641      38.622673      -4.586540       0.458103       0.394075
19.999810     -29.034821      38.893612      -4.652325       0.480056       0.399761
19.999810     -28.988306      39.136017      -4.699641       0.479684       0.395772
19.999810     -28.915632      39.357796      -4.739533       0.480185       0.395332
19.999810     -28.837860      39.570110      -4.778953       0.480869       0.395130
19.999810     -28.765564      39.789402      -4.826913       0.481406       0.395344
20.002372     -28.693283      40.026970      -4.886810       0.482278       0.395659
20.006983     -28.611883      40.251053      -4.908344       0.483205       0.396167
19.999810     -28.513336      40.467766      -4.921338       0.484091       0.396687
19.999810     -28.406834      40.656563      -4.918393       0.485099       0.397241
19.999810     -28.291855      40.855515      -4.925359       0.486046       0.397773
19.999810     -28.161928      41.087826      -4.967847       0.486984       0.398297
19.999810     -28.011175      41.337669      -5.025633       0.487860       0.398948
19.999810     -27.837255      41.595898      -5.102874       0.488744       0.399726
19.999810     -27.660814      41.844093      -5.170282       0.489650       0.400516
19.999810     -27.479696      42.096264      -5.230767       0.490570       0.401234
19.999810     -27.289160      42.338905      -5.279000       0.491518       0.402027
19.999810     -27.090126      42.568047      -5.327436       0.492310       0.402533
19.999810     -26.865871      42.818253      -5.418024       0.492808       0.402957
19.999810     -26.629335      43.078465      -5.518372       0.494343       0.404154
19.999810     -26.395765      43.321976      -5.586030       0.495311       0.404817
19.999810     -26.190830      43.529980      -5.639410       0.496238       0.405412
20.003909     -26.036364      43.722424      -5.681112       0.497118       0.406025
19.999810     -25.938513      43.937111      -5.728298       0.518532       0.421154
19.999810     -25.894886      44.165989      -5.771505       0.519349       0.421886
19.999810     -25.894732      44.388824      -5.788331       0.520570       0.422839
19.999810     -25.912245      44.605640      -5.801801       0.520833       0.421964
19.999810     -25.940691      44.837566      -5.845992       0.521964       0.422505
19.999810     -25.953381      45.081234      -5.891157       0.523069       0.423048
19.999810     -25.957113      45.305080      -5.905071       0.524106       0.423501
19.999810     -25.957655      45.518188      -5.888669       0.524989       0.423615
19.999810     -25.940493      45.720356      -5.878376       0.526039       0.423809
19.999810     -25.901258      45.896404      -5.879665       0.527004       0.423981
19.999810     -25.819937      46.052586      -5.869139       0.528002       0.424158
19.999810     -25.717392      46.182743      -5.856939       0.528829       0.424384
19.999810     -25.599459      46.295609      -5.859223       0.529213       0.425253
19.999810     -25.478868      46.428383      -5.890782       0.529591       0.427194
20.005702     -25.354883      46.563435      -5.925489       0.536224       0.455601
19.999810     -25.206350      46.679264      -5.944416       0.536266       0.455249
19.999810     -25.026361      46.762466      -5.943995       0.536612       0.455477
19.999810     -24.815371      46.817734      -5.922081       0.456237       0.557397
19.999810     -24.584856      46.881104      -5.930654       0.456771       0.558240
19.999810     -24.369341      46.949615      -5.929172       0.457174       0.558894
19.999810     -24.176422      47.018948      -5.911648       0.540830       0.461988
19.999810     -23.994312      47.063049      -5.894269       0.540944       0.462415
19.999810     -23.817808      47.106800      -5.894715       0.541235       0.463261
19.999810     -23.649107      47.153515      -5.898147       0.541575       0.463880
19.999810     -23.489492      47.183956      -5.900516       0.541816       0.463776
19.999810     -23.343260      47.195709      -5.884652       0.542835       0.458725
19.999810     -23.228428      47.184807      -5.847007       0.543679       0.456006
19.999810     -23.135185      47.167477      -5.809299       0.544431       0.454030
19.999810     -23.049604      47.150803      -5.792750       0.544999       0.452531
19.999810     -22.967915      47.135338      -5.775819       0.545250       0.451941
19.999810     -22.897619      47.136665      -5.760328       0.545614       0.450837
20.007751     -22.828671      47.148777      -5.759431       0.545878       0.450400
20.008007     -22.741720      47.171932      -5.757430       0.546347       0.449630
19.999810     -22.619324      47.205082      -5.766910       0.546795       0.449077
19.999810     -22.502913      47.221008      -5.750860       0.547066       0.448535
19.999810     -22.390560      47.227127      -5.732076       0.547345       0.448107
19.999810     -22.277054      47.212803      -5.702610       0.547604       0.447823
19.999810     -22.173332      47.196560      -5.663579       0.547822       0.447627
19.999810     -22.079025      47.185734      -5.608421       0.547995       0.447393
19.999810     -22.009537      47.168896      -5.545613       0.548165       0.447272
19.999810     -21.960577      47.156193      -5.495497       0.548287       0.447145
19.999810     -21.936304      47.161430      -5.464404       0.548472       0.447090
19.999810     -21.946995      47.217289      -5.463752       0.548631       0.447047
19.999810     -21.999504      47.333588      -5.477410       0.548754       0.446989
19.999810     -22.136322      47.510227      -5.490125       0.548423       0.447101
19.999810     -22.369070      47.813526      -5.526524       0.499745       0.452342
19.999810     -22.676537      48.283661      -5.660535       0.477274       0.408417
19.999810     -23.056522      48.901657      -5.865811       0.477274       0.408417
20.012106     -23.452263      49.603848      -6.108476       0.477274       0.408417
19.999810     -23.791914      50.302166      -6.366588       0.408349       0.641838
19.999810     -24.046200      50.943039      -6.567806       0.408349       0.641838
19.999810     -24.242332      51.485500      -6.704331       0.408349       0.641838
19.999810     -24.414333      51.969505      -6.850337       0.408349       0.641838
19.999810     -24.563194      52.410671      -6.997215       0.408349       0.641838
19.999810     -24.681707      52.795113      -7.102736       0.408349       0.641838
19.999810     -24.782278      53.125912      -7.170752       0.408349       0.641838
19.999810     -24.885328      53.399033      -7.213318       0.989322       0.886003
19.999810     -24.974279      53.659271      -7.266074       0.989233       0.886043
19.999810     -25.028681      53.942741      -7.331084       0.992301       0.885686
19.999810     -25.032467      54.240448      -7.399236       0.999737       0.886768
19.999810     -24.987209      54.537575      -7.450610       1.002836       0.887779
19.999810     -24.914984      54.827179      -7.490250       1.005447       0.888370
19.999810     -24.826242      55.120415      -7.536987       1.033866       0.893751
19.999810     -24.694071      55.413643      -7.607554       1.039816       0.894872
19.999810     -24.500650      55.680508      -7.643974       1.040705       0.895523
19.999810     -24.256475      55.934105      -7.677005       1.040508       0.895734
19.999810     -24.004536      56.172821      -7.729384       1.046945       0.897256
19.999810     -23.762136      56.405022      -7.779672       1.048860       0.897786
19.999810     -23.520222      56.636253      -7.815763       1.087114       0.904100
19.999810     -23.245367      56.865990      -7.873273       1.090817       0.905094
19.999810     -22.906771      57.127945      -7.972402       1.093226       0.905849
19.999810     -22.525434      57.417789      -8.098159       1.095420       0.906021
19.999810     -22.107777      57.761345      -8.277197       1.098295       0.905969
19.999810     -21.642397      58.147537      -8.469506       1.098295       0.905969
19.999810     -21.098862      58.547676      -8.634238       1.098295       0.905969
19.999810     -20.475630      58.979324      -8.796011       1.098295       0.905969
19.999810     -19.779598      59.442554      -8.976675       1.098295       0.905969
19.999810     -19.022198      59.931583      -9.173974       1.098295       0.905969
19.999810     -18.217884      60.411915      -9.379527       1.098295       0.905969
19.999810     -17.371536      60.909798      -9.499034       1.098295       0.905969
20.002628     -16.549177      61.418377      -9.506083       1.098295       0.905969
19.999810     -15.834030      61.913391      -9.514185       1.098295       0.905969
19.999810     -15.288359      62.407871      -9.523610       1.098295       0.905969
19.999810     -14.902322      62.899105      -9.508270       0.479179       0.369684
19.999810     -14.603778      63.393787      -9.522738       0.479179       0.369684
19.999810     -14.349131      63.889904      -9.514510       0.479179       0.369684
19.999810     -14.125565      64.358818      -9.428319       0.479179       0.369684
19.999810     -13.982356      64.783821      -9.318013       0.479179       0.369684
19.999810     -13.904084      65.167198      -9.197335       0.491942       0.397909
19.999810     -13.891926      65.518806      -9.062347       0.499843       0.399052
20.002116     -13.930436      65.830299      -8.909595       0.504476       0.400181
19.999810     -14.000812      66.083481      -8.717909       0.503959       0.400991
19.999810     -14.073318      66.273811      -8.493523       0.504133       0.402681
19.999810     -14.164183      66.409042      -8.278920       0.504695       0.404571
19.999810     -14.280437      66.469315      -8.042161       0.504960       0.405429
19.999810     -14.393259      66.447495      -7.788293       1.046823       0.872281
19.999810     -14.479656      66.328209      -7.518093       1.046823       0.872281
19.999810     -14.570262      66.097717      -7.210299       1.046823       0.872281
19.999810     -14.659956      65.709610      -6.869793       1.046823       0.872281
19.999810     -14.695137      65.104691      -6.474657       1.046823       0.872281
20.005702     -14.676641      64.222771      -5.949522       1.046823       0.872281
19.999810     -14.654632      63.073269      -5.356766       1.046823       0.872281
19.999810     -14.643770      61.676899      -4.790879       1.046823       0.872281
19.999810     -14.626781      60.037273      -4.260593       1.046823       0.872281
19.999810     -14.574140      58.180183      -3.737397       1.046823       0.872281
19.999810     -14.494591      56.166580      -3.202428       1.046823       0.872281
19.999810     -14.424149      54.014259      -2.686424       1.046823       0.872281
19.999810     -14.366515      51.682396      -2.238654       1.046823       0.872281
19.999810     -14.290069      49.132401      -1.890141       1.046823       0.872281
19.999810     -14.194828      46.425163      -1.603791       1.046823       0.872281
19.999810     -14.066105      43.645679      -1.361242       1.046823       0.872281
19.999810     -13.917039      40.820629      -1.189342       1.046823       0.872281
19.999810     -13.757092      37.963810      -1.091167       1.046823       0.872281
19.999810     -13.602543      35.081055      -1.030059       1.046823       0.872281
19.999810     -13.481408      32.251472      -1.026037       1.046823       0.872281
19.999810     -13.375525      29.539656      -1.049088       1.046823       0.872281
19.999810     -13.270870      27.015757      -1.059996       1.046823       0.872281
20.001603     -13.159714      24.750158      -1.058367       1.046823       0.872281
19.999810     -13.031312      22.781544      -1.041448       1.046823       0.872281
19.999810     -12.905755      21.134756      -1.006678       1.046823       0.872281
19.999810     -12.773053      19.789272      -0.978413       1.046823       0.872281
19.999810     -12.623567      18.750362      -0.977988       1.046823       0.872281
20.002116     -12.445903      17.937378      -1.050624       1.046823       0.872281
19.999810     -12.231461      17.340931      -1.186650       1.046823       0.872281
19.999810     -12.017145      16.919643      -1.379728       1.046823       0.872281
19.999810     -11.837558      16.610027      -1.628640       1.046823       0.872281
19.999810     -11.715205      16.399773      -1.945647       1.046823       0.872281
19.999810     -11.647537      16.203886      -2.301339       0.482214       0.411766
19.999810     -11.658209      15.986111      -2.642370       0.513086       0.444323
19.999810     -11.770437      15.746943      -2.933825       0.514196       0.445373
20.004677     -11.955663      15.505677      -3.201237       0.514479       0.445291
19.999810     -12.195243      15.260569      -3.473989       0.514572       0.444927
19.999810     -12.447827      14.973380      -3.738895       0.513193       0.444450
19.999810     -12.702785      14.670473      -3.947734       0.513193       0.444450
19.999810     -12.985909      14.370412      -4.093241       0.513193       0.444450
19.999810     -13.244446      14.091013      -4.191624       0.513193       0.444450
19.999810     -13.460793      13.804594      -4.279750       0.721721       0.704193
19.999810     -13.623454      13.464332      -4.357862       0.484738       0.497694
19.999810     -13.740295      13.077490      -4.404328       0.569292       0.419412
19.999810     -13.838010      12.663701      -4.404609       0.579589       0.458786
19.999810     -13.913561      12.226054      -4.385581       0.583828       0.458423
19.999810     -13.983497      11.770010      -4.364624       0.585458       0.457810
19.999810     -14.060692      11.270521      -4.338398       0.585876       0.457445
19.999810     -14.147370      10.745911      -4.309833       0.585558       0.457015
19.999810     -14.232888      10.193072      -4.271760       0.584683       0.456552
19.999810     -14.289369       9.603629      -4.221735       0.583376       0.456057
19.999810     -14.322262       8.988932      -4.153221       0.581949       0.455534
19.999810     -14.341221       8.366539      -4.073006       0.580390       0.455156
19.999810     -14.362056       7.768250      -3.988721       0.578626       0.454712
19.999810     -14.389170       7.212191      -3.912445       0.576875       0.454346
19.999810     -14.399538       6.676630      -3.829603       0.575028       0.454069
19.999810     -14.425424       6.180742      -3.754798       0.573025       0.453606
19.999810     -14.464064       5.711018      -3.686001       0.572060       0.453408
19.999810     -14.524189       5.276337      -3.621018       0.541698       0.447517
19.999810     -14.596106       4.867394      -3.582690       0.540011       0.446957
19.999810     -14.672604       4.487944      -3.564177       0.538916       0.446879
19.999810     -14.741567       4.136459      -3.575588       0.444194       0.688963
19.999810     -14.806479       3.775918      -3.617986       0.444194       0.688963
19.999810     -14.854996       3.419776      -3.662103       0.444194       0.688963
19.999810     -14.897071       3.110036      -3.728005       0.444194       0.688963
19.999810     -14.920728       2.805214      -3.814738       0.527533       0.441773
19.999810     -14.945774       2.531086      -3.917421       0.527533       0.441773
19.999810     -14.981931       2.258197      -4.012444       1.019807       0.890367
19.999810     -15.033175       2.034173      -4.084236       0.487133       0.436770
19.999810     -15.114435       1.899090      -4.140863       1.004184       0.886638
19.999810     -15.218578       1.813160      -4.190222       1.012842       0.887096
19.999810     -15.351105       1.784814      -4.246596       1.016550       0.887384
19.999810     -15.514780       1.785398      -4.313556       1.020507       0.887646
19.999810     -15.718388       1.834016      -4.369755       0.491189       0.430277
19.999810     -15.981258       1.918248      -4.420982       0.488741       0.431188
19.999810     -16.314152       2.031161      -4.465668       0.488027       0.431623
20.002628     -16.756304       2.193960      -4.491842       0.488035       0.431335
19.999810     -17.354597       2.404023      -4.476325       0.488727       0.431863
19.999810     -18.169846       2.698246      -4.384800       0.525719       0.465029
19.999810     -19.245392       3.127012      -4.229458       0.557675       0.479390
19.999810     -20.562065       3.685973      -4.085097       0.561173       0.477951
19.999810     -22.049999       4.337576      -4.067318       0.562213       0.478350
19.999810     -23.575686       5.018871      -4.139216       0.561405       0.480027
19.999810     -24.942789       5.705581      -4.234704       0.560654       0.480537
19.999810     -25.987888       6.386245      -4.371623       0.560826       0.479419
19.999810     -26.737850       7.032689      -4.509538       0.561771       0.477251
19.999810     -27.309372       7.653725      -4.577392       0.562449       0.476069
19.999810     -27.825243       8.272926      -4.553209       0.475588       0.529358
19.999810     -28.325777       8.923201      -4.501044       0.475588       0.529358
19.999810     -28.765862       9.619623      -4.448786       0.475588       0.529358
19.999810     -29.121674      10.364898      -4.394516       0.475588       0.529358
19.999810     -29.424622      11.173852      -4.310844       0.475588       0.529358
19.999810     -29.727852      12.063456      -4.196616       0.475588       0.529358
19.999810     -30.037407      13.075673      -4.077058       0.475588       0.529358
19.999810     -30.295679      14.221406      -4.030962       0.475588       0.529358
19.999810     -30.488073      15.446349      -4.071119       0.475588       0.529358
20.006983     -30.596741      16.728382      -4.141386       0.475588       0.529358
19.999810     -30.678419      18.035004      -4.214918       0.475588       0.529358
19.999810     -30.749563      19.369020      -4.320977       0.475588       0.529358
19.999810     -30.804255      20.689821      -4.477948       0.475588       0.529358
19.999810     -30.832644      21.940071      -4.651997       0.453245       0.371904
19.999810     -30.833912      23.118504      -4.806200       0.446390       0.356777
19.999810     -30.830135      24.220407      -4.928400       0.447661       0.356690
19.999810     -30.839201      25.267946      -5.036531       0.447661       0.356690
19.999810     -30.847242      26.248508      -5.147182       0.446496       0.355103
19.999810     -30.842669      27.156431      -5.264137       0.446982       0.355029
19.999810     -30.825985      27.973595      -5.372292       0.447531       0.356214
19.999810     -30.803843      28.715912      -5.456292       0.447891       0.357601
19.999810     -30.781235      29.385485      -5.530357       0.448388       0.359118
19.999810     -30.728405      29.994516      -5.592181       0.448835       0.360522
19.999810     -30.654865      30.535006      -5.635829       0.449252       0.361932
19.999810     -30.547529      31.000637      -5.667170       0.449716       0.363439
19.999810     -30.430189      31.402914      -5.673834       0.450330       0.364761
19.999810     -30.310663      31.747484      -5.668034       0.451035       0.366058
20.010056     -30.175997      32.058224      -5.667852       0.451690       0.367219
19.999810     -30.042902      32.330486      -5.675127       0.452337       0.368254
19.999810     -29.905210      32.555191      -5.676882       0.452997       0.369331
19.999810     -29.783768      32.743176      -5.681365       0.452920       0.368314
19.999810     -29.673460      32.887699      -5.687459       0.452945       0.367473
19.999810     -29.586393      32.988083      -5.688392       0.453697       0.368645
19.999810     -29.514502      33.051994      -5.677415       0.454406       0.369728
19.999810     -29.458187      33.084988      -5.645952       0.455138       0.370756
19.999810     -29.409880      33.105083      -5.607377       0.455864       0.371619
19.999810     -29.370979      33.107723      -5.567175       0.456562       0.372439
19.999810     -29.338123      33.081921      -5.522980       0.457208       0.373218
19.999810     -29.303308      33.045551      -5.474153       0.457790       0.373973
19.999810     -29.262983      33.002975      -5.420478       0.458078       0.374301
19.999810     -29.223957      32.960323      -5.361013       0.458622       0.374970
19.999810     -29.188370      32.914627      -5.306157       0.459169       0.375593
20.002372     -29.148577      32.876476      -5.252951       0.459654       0.376173
20.005446     -29.103172      32.848309      -5.211219       0.460141       0.376769
19.999810     -29.044245      32.822327      -5.170793       0.460577       0.377312
19.999810     -28.984365      32.817627      -5.131112       0.461106       0.377947
19.999810     -28.926504      32.826801      -5.106394       0.461584       0.378468
19.999810     -28.873667      32.840836      -5.089972       0.462051       0.379040
19.999810     -28.818226      32.860203      -5.097056       0.462447       0.379553
19.999810     -28.756348      32.875702      -5.110511       0.462867       0.380033
20.006214     -28.682373      32.884308      -5.135965       0.463233       0.380483
19.999810     -28.594011      32.845814      -5.181510       0.463395       0.380715
19.999810     -28.487713      32.663231      -5.231147       0.486532       0.401195
19.999810     -28.367189      32.240948      -5.233547       0.531970       0.417104
19.999810     -28.260374      31.499907      -5.131290       0.601989       0.472516
19.999810     -28.182463      30.409531      -4.940300       0.601989       0.472516
19.999810     -28.137711      28.948273      -4.705271       0.601989       0.472516
19.999810     -28.111324      27.117090      -4.382644       0.601989       0.472516
19.999810     -28.096130      24.941053      -3.963026       0.601989       0.472516
19.999810     -28.118538      22.465158      -3.474542       0.601989       0.472516
19.999810     -28.189362      19.798235      -2.982806       0.647153       0.495408
19.999810     -28.318836      17.056091      -2.479613       0.640175       0.477133
19.999810     -28.480299      14.341664      -1.985799       0.631497       0.472197
19.999810     -28.664795      11.776954      -1.504937       0.630213       0.470451
19.999810     -28.838707       9.402088      -1.051650       0.595373       0.462002
19.999810     -28.993385       7.289884      -0.650235       0.585082       0.460228
19.999810     -29.118279       5.471104      -0.327645       0.549275       0.452814
19.999810     -29.223936       3.923909      -0.090207       0.549698       0.450744
19.999810     -29.307398       2.637157       0.019431       0.547910       0.448841
19.999810     -29.363155       1.576143      -0.007276       0.545847       0.448424
19.999810     -29.392576       0.698760      -0.127261       0.538599       0.447438
19.999810     -29.379475       0.009572      -0.312324       0.534308       0.446569
19.999810     -29.337320      -0.522718      -0.532081       0.532356       0.446202
19.999810     -29.291380      -0.941839      -0.769575       0.504639       0.439936
19.999810     -29.245359      -1.265758      -1.016560       0.505339       0.438176
19.999810     -29.193615      -1.524655      -1.258450       0.505514       0.438289
19.999810     -29.128332      -1.735129      -1.508743       0.505016       0.439169
19.999810     -29.045546      -1.925873      -1.754085       0.504056       0.439407
19.999810     -28.949493      -2.120498      -1.958526       0.503384       0.439897
19.999810     -28.856319      -2.304590      -2.109055       0.502788       0.439890
20.004933     -28.759970      -2.474068      -2.205554       0.502490       0.439884
19.999810     -28.666752      -2.627350      -2.268292       0.502224       0.439820
19.999810     -28.577341      -2.779426      -2.317456       0.501908       0.439737
19.999810     -28.496462      -2.931868      -2.359594       0.501796       0.439773
19.999810     -28.421598      -3.069755      -2.390025       0.501881       0.439726
20.005190     -28.361433      -3.182011      -2.413642       0.501835       0.439610
19.999810     -28.312860      -3.248395      -2.430278       0.501828       0.439605
19.999810     -28.259060      -3.226138      -2.478992       0.502808       0.442720
19.999810     -28.183739      -3.134318      -2.537952       0.502739       0.438037
19.999810     -28.084555      -2.936290      -2.626057       0.471407       0.493702
19.999810     -27.953892      -2.654890      -2.728084       0.471407       0.493702
19.999810     -27.795698      -2.299937      -2.842258       0.471407       0.493702
20.000067     -27.591692      -1.879806      -3.000024       0.471407       0.493702
19.999810     -27.349628      -1.457624      -3.181594       0.430279       0.420511
19.999810     -27.092003      -1.029038      -3.352998       0.699505       0.372639
20.000323     -26.830400      -0.601107      -3.514752       0.503709       0.379443
19.999810     -26.584198      -0.179314      -3.670911       0.508390       0.382121
19.999810     -26.346712       0.221746      -3.831770       0.510401       0.382396
19.999810     -26.114775       0.581090      -3.988125       0.515085       0.385470
19.999810     -25.887680       0.897588      -4.130462       0.518317       0.387369
19.999810     -25.658091       1.180864      -4.257082       0.520401       0.388443
19.999810     -25.416029       1.410958      -4.368275       0.521964       0.389362
20.033366     -25.166723       1.602784      -4.467987       0.522966       0.390188
19.999810     -24.930401       1.763893      -4.558732       0.524044       0.391089
19.999810     -24.693054       1.906785      -4.640712       0.525155       0.391846
19.999810     -24.454962       2.023967      -4.719854       0.525952       0.392602
19.999810     -24.234825       2.116546      -4.775441       0.524318       0.392965
19.999810     -24.044287       2.195345      -4.794809       0.482251       0.377150
19.999810     -23.876129       2.276929      -4.789983       0.482270       0.377876
19.999810     -23.719021       2.366087      -4.793288       0.482904       0.378431
19.999810     -23.576630       2.447715      -4.789799       0.483486       0.378641
20.004421     -23.459869       2.538176      -4.778985       0.483938       0.379103
19.999810     -23.369270       2.645210      -4.762686       0.484473       0.379713
19.999810     -23.308102       2.764415      -4.742752       0.484840       0.380179
19.999810     -23.261509       2.889061      -4.736519       0.485149       0.380486
19.999810     -23.223026       3.016227      -4.744259       0.485539       0.380916
19.999810     -23.193975       3.133235      -4.756972       0.485894       0.381205
19.999810     -23.165171       3.245340      -4.764034       0.486278       0.381497
19.999810     -23.134403       3.349700      -4.760305       0.486737       0.381772
19.999810     -23.113392       3.458056      -4.759787       0.487185       0.382104
19.999810     -23.081364       3.566723      -4.750220       0.487573       0.382406
19.999810     -23.044998       3.668269      -4.739987       0.488001       0.382682
19.999810     -23.003004       3.764400      -4.722493       0.488423       0.382900
19.999810     -22.973278       3.854971      -4.685001       0.488860       0.383164
19.999810     -22.951767       3.951541      -4.628762       0.489331       0.383447
19.999810     -22.952150       4.066018      -4.575465       0.489766       0.383695
19.999810     -22.969471       4.192429      -4.529991       0.490165       0.383924
19.999810     -22.989426       4.332923      -4.505145       0.490617       0.384183
19.999810     -23.012623       4.474236      -4.488115       0.490878       0.384339
20.003909     -23.042681       4.632101      -4.468895       0.491889       0.385276
19.999810     -23.077698       4.804890      -4.448746       0.492537       0.385792
20.005446     -23.106794       4.979774      -4.431733       0.493160       0.386268
19.999810     -23.137724       5.149202      -4.425505       0.493719       0.386589
19.999810     -23.188061       5.310775      -4.419391       0.494303       0.386952
19.999810     -23.254955       5.470238      -4.413645       0.494295       0.387557
19.999810     -23.352848       5.637153      -4.404677       0.494284       0.438308
19.999810     -23.484303       5.815890      -4.394963       0.502549       0.445833
19.999810     -23.661549       5.999160      -4.395625       0.506073       0.448381
20.001347     -23.880369       6.196281      -4.402440       0.507149       0.449301
19.999810     -24.139111       6.403400      -4.426628       0.508583       0.450680
19.999810     -24.460299       6.603405      -4.456058       0.509492       0.451618
19.999810     -24.857342       6.793159      -4.515528       0.510092       0.452161
19.999810     -25.366943       6.962953      -4.576295       0.510513       0.452377
19.999810     -25.971003       7.117756      -4.625346       0.510645       0.452207
20.002884     -26.603615       7.249267      -4.675448       0.510523       0.452026
19.999810     -27.165876       7.343071      -4.739722       0.510014       0.452023
19.999810     -27.624596       7.391593      -4.777409       0.509316       0.451861
19.999810     -28.024076       7.411899      -4.775787       0.509070       0.452342
19.999810     -28.403543       7.430903      -4.756366       0.509096       0.452666
19.999810     -28.734190       7.451741      -4.735015       0.509129       0.452777
19.999810     -28.995798       7.473136      -4.707717       0.509013       0.452880
19.999810     -29.173056       7.485237      -4.673353       0.508842       0.452949
19.999810     -29.311769       7.500105      -4.640114       0.508748       0.452993
19.999810     -29.418762       7.526289      -4.614069       0.508627       0.452922
19.999810     -29.486824       7.567749      -4.602265       0.508525       0.452817
19.999810     -29.506554       7.622003      -4.603817       0.508389       0.452719
19.999810     -29.486761       7.679943      -4.618371       0.508284       0.452702
19.999810     -29.437267       7.736238      -4.643353       0.508200       0.452682
20.009544     -29.364220       7.781910      -4.688426       0.508154       0.452667
19.999810     -29.278629       7.811232      -4.737833       0.508149       0.452676
19.999810     -29.167286       7.816031      -4.764331       0.508164       0.452680
19.999810     -29.032112       7.808913      -4.773084       0.508195       0.452701
19.999810     -28.852768       7.781611      -4.758353       0.508260       0.452710
19.999810     -28.592134       7.732398      -4.747440       0.508258       0.452743
19.999810     -28.210411       7.649215      -4.731701       0.508092       0.452450
19.999810     -27.708143       7.522922      -4.676510       0.534369       0.666497
19.999810     -27.118025       7.354954      -4.590826       0.534369       0.666497
19.999810     -26.486965       7.143940      -4.484706       0.439474       0.624942
19.999810     -25.875736       6.897007      -4.372320       0.502651       0.341325
20.010569     -25.318487       6.631437      -4.257760       0.503133       0.353009
19.999810     -24.848450       6.366317      -4.144176       0.504401       0.358016
19.999810     -24.478245       6.135004      -4.056109       0.508081       0.363207
19.999810     -24.224726       5.967309      -4.006949       0.510206       0.367651
19.999810     -24.095818       5.877059      -4.000298       0.511208       0.370625
19.999810     -24.073936       5.868293      -4.050575       0.511841       0.372717
20.002372     -24.130537       5.934552      -4.165804       0.512414       0.374441
19.999810     -24.223244       6.046426      -4.311749       0.512917       0.375605
19.999810     -24.339853       6.180911      -4.472859       0.513359       0.376595
19.999810     -24.466080       6.317303      -4.629442       0.513624       0.377353
19.999810     -24.610010       6.447499      -4.760283       0.514193       0.378534
19.999810     -24.767246       6.571170      -4.861605       0.514579       0.379490
19.999810     -24.928663       6.676207      -4.935089       0.515055       0.380360
19.999810     -25.084984       6.753380      -4.983193       0.515539       0.381072
19.999810     -25.234549       6.799173      -5.010975       0.515945       0.381587
19.999810     -25.376707       6.821980      -5.016665       0.516293       0.381862
19.999810     -25.506180       6.830741      -5.016548       0.516572       0.382085
20.000579     -25.635607       6.838669      -5.017271       0.516693       0.382209
19.999810     -25.764931       6.844694      -5.031089       0.516863       0.382241
19.999810     -25.897751       6.849940      -5.055636       0.517128       0.382345
19.999810     -26.039742       6.859719      -5.097001       0.517371       0.382365
19.999810     -26.175312       6.884612      -5.165477       0.517501       0.382361
20.004421     -26.276312       6.914341      -5.249316       0.517514       0.382267
19.999810     -26.345297       6.938628      -5.328692       0.517603       0.382182
19.999810     -26.388016       6.958339      -5.391289       0.517599       0.382034
19.999810     -26.431576       6.980877      -5.433436       0.517623       0.381942
19.999810     -26.470751       7.002153      -5.460393       0.517694       0.381820
19.999810     -26.508802       7.009059      -5.481264       0.517711       0.381728
19.999810     -26.540524       7.006945      -5.502380       0.517647       0.381598
19.999810     -26.574648       7.003946      -5.509202       0.517582       0.381473
19.999810     -26.618467       7.009775      -5.500992       0.517578       0.381408
19.999810     -26.666515       7.025865      -5.491495       0.517576       0.381331
19.999810     -26.709974       7.042087      -5.489668       0.517511       0.381232
19.999810     -26.744974       7.063047      -5.500225       0.517512       0.381172
19.999810     -26.776627       7.080560      -5.511076       0.517571       0.381133
19.999810     -26.800428       7.101182      -5.518805       0.517644       0.381102
19.999810     -26.820007       7.126437      -5.522632       0.517686       0.381047
19.999810     -26.830566       7.154512      -5.523251       0.517732       0.380997
19.999810     -26.828259       7.185760      -5.521107       0.517665       0.380873
19.999810     -26.816763       7.215253      -5.520348       0.517678       0.380784
19.999810     -26.808167       7.244134      -5.527767       0.517720       0.380690
19.999810     -26.810835       7.270449      -5.528980       0.517753       0.380601
19.999810     -26.825357       7.304782      -5.525824       0.517798       0.380543
19.999810     -26.844007       7.343489      -5.520281       0.517850       0.380494
19.999810     -26.859957       7.381476      -5.512975       0.517931       0.380437
19.999810     -26.878738       7.414895      -5.513350       0.518026       0.380399
19.999810     -26.900129       7.441613      -5.516834       0.518106       0.380345
19.999810     -26.921534       7.464683      -5.514225       0.518187       0.380293
19.999810     -26.947353       7.488117      -5.509297       0.518284       0.380229
19.999810     -26.970398       7.512557      -5.510211       0.518388       0.380203
19.999810     -26.976377       7.536916      -5.521743       0.518499       0.380162
19.999810     -26.966269       7.549953      -5.522978       0.518605       0.380107
19.999810     -26.948748       7.559262      -5.523767       0.518709       0.380097
19.999810     -26.932207       7.564779      -5.521356       0.518817       0.380076
20.008776     -26.921152       7.568526      -5.511187       0.518914       0.380031
19.999810     -26.908981       7.582336      -5.508834       0.519010       0.379992
19.999810     -26.892151       7.595867      -5.502601       0.519117       0.379968
19.999810     -26.865591       7.617071      -5.498040       0.519209       0.379936
19.999810     -26.837107       7.642833      -5.493751       0.519300       0.379915
19.999810     -26.811033       7.679297      -5.492998       0.519388       0.379890
19.999810     -26.780769       7.728473      -5.493668       0.519498       0.379878
19.999810     -26.754559       7.783764      -5.495288       0.519619       0.379854
19.999810     -26.726276       7.843273      -5.499083       0.519596       0.379856
19.999810     -26.705072       7.910805      -5.504780       0.458291       0.386188
19.999810     -26.695107       7.983038      -5.505950       0.457066       0.377742
19.999810     -26.685749       8.064263      -5.507402       0.457145       0.374699
19.999810     -26.676981       8.149994      -5.515059       0.457429       0.373863
19.999810     -26.672312       8.240339      -5.520991       0.457364       0.373210
19.999810     -26.672226       8.333341      -5.533301       0.457398       0.372743
19.999810     -26.678043       8.436300      -5.548096       0.457472       0.372272
19.999810     -26.693790       8.546460      -5.567579       0.457669       0.371853
19.999810     -26.714502       8.668573      -5.592752       0.457724       0.371655
19.999810     -26.734364       8.791326      -5.615419       0.457721       0.371602
19.999810     -26.751493       8.927727      -5.644663       0.457714       0.371569
19.999810     -26.765234       9.075028      -5.678011       0.457660       0.371577
19.999810     -26.761639       9.229151      -5.730494       0.457598       0.371668
19.999810     -26.746120       9.374328      -5.786758       0.457349       0.371557
19.999810     -26.726164       9.509246      -5.841118       0.456935       0.371188
19.999810     -26.697168       9.642024      -5.890856       0.456760       0.371068
19.999810     -26.648560       9.786665      -5.927930       0.456471       0.370853
19.999810     -26.570297       9.951465      -5.952314       0.456269       0.370661
19.999810     -26.463398      10.141542      -5.990523       0.456100       0.370444
19.999810     -26.328947      10.335944      -6.050161       0.455942       0.370351
19.999810     -26.169798      10.528048      -6.124804       0.455797       0.370358
19.999810     -25.998734      10.719105      -6.191700       0.455691       0.370340
19.999810     -25.800350      10.920807      -6.241648       0.455624       0.370413
19.999810     -25.571995      11.130191      -6.285098       0.455746       0.370626
19.999810     -25.314169      11.336426      -6.333308       0.455746       0.370626
19.999810     -25.037516      11.535314      -6.394687       0.455746       0.370626
19.999810     -24.736244      11.706734      -6.453105       0.455746       0.370626
19.999810     -24.421089      11.873827      -6.504263       0.455746       0.370626
19.999810     -24.103745      12.025891      -6.535240       0.181345       0.652645
19.999810     -23.784781      12.157645      -6.564390       0.181345       0.652645
19.999810     -23.453732      12.275620      -6.600130       0.181345       0.652645
19.999810     -23.127741      12.363803      -6.632986       0.476823       0.798001
19.999810     -22.802725      12.434928      -6.678121       0.375676       0.560240
19.999810     -22.481920      12.492946      -6.745786       0.082538       0.315857
19.999810     -22.149408      12.521575      -6.815273       0.079416       0.312528
19.999810     -21.809616      12.510482      -6.891171       0.079680       0.312044
19.999810     -21.463722      12.436475      -6.966152       0.078875       0.312130
19.999810     -21.118456      12.259837      -7.030073       0.474273       0.661991
19.999810     -20.784681      11.943714      -7.085025       0.957768       0.689300
19.999810     -20.479742      11.476709      -7.112065       0.957768       0.689300
19.999810     -20.193583      10.880589      -7.122280       0.957768       0.689300
19.999810     -19.926180      10.166312      -7.130949       0.957768       0.689300
19.999810     -19.690800       9.364395      -7.136466       0.641211       0.555780
19.999810     -19.478060       8.481213      -7.138398       0.650881       0.476366
19.999810     -19.304558       7.555724      -7.136978       0.642634       0.474804
19.999810     -19.141968       6.605966      -7.124732       0.641665       0.473698
19.999810     -18.970240       5.644717      -7.106329       0.638865       0.474151
19.999810     -18.779968       4.717479      -7.070265       0.637003       0.474141
19.999810     -18.533308       3.827853      -6.996935       0.634427       0.474428
19.999810     -18.204887       3.008623      -6.877729       0.631357       0.474995
19.999810     -17.793869       2.239499      -6.730268       0.627717       0.475929
19.999810     -17.338135       1.535668      -6.567122       0.625902       0.476964
19.999810     -16.861656       0.900982      -6.417376       0.624005       0.478163
19.999810     -16.389797       0.313015      -6.296299       0.621992       0.479462
19.999810     -15.930784      -0.257045      -6.199263       0.596095       0.496672
19.999810     -15.477743      -0.830785      -6.117855       0.594202       0.498171
19.999810     -15.033147      -1.466949      -6.038291       0.593748       0.499039
19.999810     -14.594239      -2.197573      -5.952647       0.601234       0.495005
19.999810     -14.158403      -3.090998      -5.853578       0.683560       0.468310
19.999810     -13.732329      -4.175017      -5.706341       0.695599       0.460836
19.999810     -13.347500      -5.444209      -5.513906       0.694309       0.460867
19.999810     -13.026274      -6.851334      -5.284221       0.691289       0.461875
19.999810     -12.769580      -8.381047      -5.005655       0.687211       0.462599
19.999810     -12.550544     -10.057156      -4.643409       0.682546       0.463228
19.999810     -12.342637     -11.838066      -4.170166       0.645335       0.467610
19.999810     -12.131230     -13.708861      -3.625064       0.639333       0.466537
19.999810     -11.923090     -15.664356      -3.047702       0.633878       0.468147
19.999810     -11.739645     -17.645737      -2.453554       0.628102       0.469577
19.999810     -11.606552     -19.587780      -1.911056       0.595011       0.476086
19.999810     -11.530649     -21.430353      -1.437587       0.587341       0.475851
19.999810     -11.516098     -23.120581      -1.050064       0.579639       0.476070
19.999810     -11.539895     -24.591690      -0.778015       0.542247       0.473144
19.999810     -11.602379     -25.820534      -0.637235       0.536217       0.472396
19.999810     -11.687463     -26.791868      -0.643208       0.533502       0.471829
19.999810     -11.791677     -27.529161      -0.791709       0.532802       0.471217
19.999810     -11.923994     -28.072134      -1.058237       0.531595       0.470848
19.999810     -12.083549     -28.445808      -1.395521       0.529357       0.470350
19.999810     -12.252831     -28.657457      -1.787151       0.527121       0.469823
19.999810     -12.424168     -28.758509      -2.209169       0.525001       0.469204
19.999810     -12.585110     -28.776762      -2.614066       0.524002       0.468889
19.999810     -12.734348     -28.749731      -3.001029       0.492482       0.522280
19.999810     -12.872627     -28.731401      -3.317225       0.492482       0.522280
19.999810     -12.990466     -28.781349      -3.523375       0.492482       0.522280
19.999810     -13.111229     -28.995476      -3.601297       0.492482       0.522280
19.999810     -13.260125     -29.461067      -3.527383       0.662986       0.596624
19.999810     -13.448461     -30.201666      -3.314584       0.699134       0.532307
19.999810     -13.705385     -31.218756      -2.915456       0.671108       0.512335
20.001860     -14.053387     -32.465172      -2.296796       0.671977       0.511977
19.999810     -14.492846     -33.867474      -1.500196       0.668757       0.512804
19.999810     -14.986027     -35.328880      -0.643006       0.663721       0.512940
19.999810     -15.499564     -36.706043       0.166758       0.658002       0.512568
19.999810     -15.974240     -37.893177       0.803973       0.625716       0.506904
19.999810     -16.437210     -38.820103       1.225356       0.621222       0.504868
19.999810     -16.897224     -39.452091       1.474202       0.617730       0.503019
19.999810     -17.359222     -39.810253       1.582244       0.614629       0.501237
19.999810     -17.824530     -39.932186       1.538833       0.612086       0.499608
19.999810     -18.250513     -39.891834       1.360530       0.610343       0.498225
19.999810     -18.645487     -39.746853       1.113758       0.609159       0.496731
19.999810     -19.016586     -39.543076       0.847009       0.608343       0.495244
20.010313     -19.335476     -39.335167       0.593253       0.607962       0.493521
19.999810     -19.575565     -39.152515       0.349096       0.607921       0.491882
19.999810     -19.727800     -39.037098       0.134713       0.607973       0.490315
19.999810     -19.804188     -38.952492      -0.059553       0.608120       0.488879
19.999810     -19.841845     -38.890182      -0.237519       0.608316       0.487546
20.008007     -19.831810     -38.849907      -0.410461       0.608533       0.486414
19.999810     -19.786301     -38.812901      -0.589456       0.608844       0.485456
19.999810     -19.720373     -38.783569      -0.758040       0.609102       0.484549
19.999810     -19.653093     -38.746384      -0.922188       0.609380       0.483799
19.999810     -19.588009     -38.724232      -1.008595       0.609566       0.483146
19.999810     -19.531921     -38.752644      -0.960172       0.609790       0.482546
19.999810     -19.482540     -38.837257      -0.784521       0.609999       0.482072
19.999810     -19.444334     -38.960365      -0.525577       0.610129       0.481654
19.999810     -19.427412     -39.100574      -0.209051       0.610228       0.481291
19.999810     -19.454821     -39.226105       0.129723       0.610265       0.480970
19.999810     -19.518446     -39.297878       0.428037       0.610269       0.480737
19.999810     -19.619003     -39.299026       0.651468       0.610273       0.480505
19.999810     -19.760494     -39.234013       0.770642       0.610262       0.480319
19.999810     -19.926056     -39.124500       0.792887       0.610275       0.480083
19.999810     -20.100809     -38.979282       0.741849       0.610306       0.479869
19.999810     -20.274584     -38.817326       0.645155       0.610208       0.479606
19.999810     -20.433361     -38.661209       0.514139       0.609952       0.479346
20.008776     -20.599680     -38.527096       0.361184       0.609716       0.479067
19.999810     -20.759554     -38.415661       0.195139       0.609494       0.478731
19.999810     -20.935423     -38.322445       0.022506       0.609322       0.478371
19.999810     -21.109755     -38.250206      -0.140744       0.609211       0.478051
19.999810     -21.267042     -38.197353      -0.281408       0.609105       0.477715
19.999810     -21.408098     -38.160133      -0.413507       0.608985       0.477341
19.999810     -21.523258     -38.129166      -0.559563       0.608894       0.476981
19.999810     -21.644014     -38.102406      -0.713434       0.608836       0.476622
19.999810     -21.757967     -38.091942      -0.886611       0.608771       0.476253
19.999810     -21.858137     -38.087128      -1.058293       0.608688       0.475907
19.999810     -21.901443     -38.077309      -1.227991       0.608593       0.475535
19.999810     -21.854774     -38.032856      -1.418123       0.608405       0.475302
19.999810     -21.666620     -37.925488      -1.646104       0.507413       0.388458
19.999810     -21.346544     -37.739738      -1.887892       0.472424       0.389834
19.999810     -20.919914     -37.452587      -2.135794       0.463909       0.381133
19.999810     -20.471970     -37.073360      -2.370964       0.460940       0.379346
19.999810     -20.035622     -36.620365      -2.600898       0.460774       0.378884
19.999810     -19.635216     -36.126587      -2.818524       0.461193       0.379242
19.999810     -19.276791     -35.608093      -3.014362       0.462061       0.379965
19.999810     -18.978420     -35.053619      -3.192907       0.463171       0.380506
19.999810     -18.732405     -34.469658      -3.359959       0.464642       0.381342
19.999810     -18.521139     -33.868484      -3.524013       0.466099       0.382109
19.999810     -18.341799     -33.241837      -3.681020       0.467626       0.382751
19.999810     -18.168901     -32.541851      -3.831950       0.468404       0.383076
19.999810     -17.967508     -31.744028      -3.982722       0.471013       0.383610
19.999810     -17.728863     -30.842556      -4.130363       0.472883       0.384145
19.999810     -17.452147     -29.812014      -4.273974       0.504723       0.393259
19.999810     -17.138630     -28.657011      -4.416418       0.508256       0.393614
19.999810     -16.789717     -27.396471      -4.589417       0.506847       0.392510
19.999810     -16.405796     -26.035009      -4.770461       0.506847       0.392510
19.999810     -15.992078     -24.540871      -4.883573       0.506847       0.392510
19.999810     -15.578852     -22.901678      -5.016685       0.506847       0.392510
19.999810     -15.165668     -21.196291      -5.207435       0.506847       0.392510
19.999810     -14.745200     -19.527065      -5.431091       0.506847       0.392510
19.999810     -14.324349     -17.912905      -5.630120       0.506847       0.392510
19.999810     -13.903892     -16.315369      -5.761335       0.506847       0.392510
19.999810     -13.500927     -14.742344      -5.880279       0.506847       0.392510
19.999810     -13.134422     -13.228971      -5.962974       0.506847       0.392510
19.999810     -12.797417     -11.798936      -6.002222       0.050083       0.221561
19.999810     -12.523833     -10.445025      -5.988261       0.050083       0.221561
19.999810     -12.321425      -9.116205      -5.931723       0.075401       0.266779
19.999810     -12.153188      -7.860163      -5.906763       0.103041       0.302521
19.999810     -11.998800      -6.713108      -5.897124       0.459643       0.416479
20.000323     -11.849057      -5.691171      -5.870249       0.448935       0.393977
19.999810     -11.702683      -4.738142      -5.829028       0.455244       0.402712
19.999810     -11.546834      -3.853021      -5.808674       0.459026       0.405011
19.999810     -11.373240      -3.064657      -5.818104       0.462508       0.404791
19.999810     -11.207390      -2.355049      -5.819934       0.465609       0.407014
19.999810     -11.068051      -1.719632      -5.814316       0.468369       0.408702
19.999810     -10.954007      -1.143364      -5.822398       0.471149       0.409802
19.999810     -10.839042      -0.638419      -5.841443       0.497758       0.425941
19.999810     -10.714347      -0.187745      -5.835541       0.499207       0.423392
19.999810     -10.583435       0.252568      -5.800736       0.501161       0.422576
19.999810     -10.451664       0.708360      -5.746991       0.503078       0.422404
19.999810     -10.320495       1.164874      -5.714289       0.503051       0.422183
19.999810     -10.190633       1.598398      -5.677035       0.503685       0.422334
19.999810     -10.082244       2.011851      -5.632344       0.504640       0.422528
19.999810      -9.997348       2.425718      -5.596870       0.505583       0.422673
19.999810      -9.918134       2.849829      -5.573911       0.506742       0.423190
19.999810      -9.844665       3.256111      -5.585890       0.507891       0.423713
19.999810      -9.773703       3.624677      -5.612677       0.509146       0.424062
19.999810      -9.714822       3.975255      -5.643293       0.510461       0.424392
19.999810      -9.668387       4.317814      -5.686359       0.511830       0.424748
19.999810      -9.618944       4.653911      -5.743730       0.513210       0.425062
19.999810      -9.560073       4.955959      -5.820005       0.514650       0.425412
19.999810      -9.485178       5.221561      -5.899256       0.516014       0.425679
19.999810      -9.425200       5.464770      -5.979793       0.516671       0.425854
19.999810      -9.372257       5.685391      -6.053647       0.518654       0.426298
19.999810      -9.305799       5.896165      -6.105915       0.519846       0.426518
19.999810      -9.239175       6.092174      -6.143890       0.520985       0.426721
19.999810      -9.178227       6.283357      -6.159501       0.522160       0.427003
19.999810      -9.142407       6.479508      -6.158829       0.523314       0.427244
20.011081      -9.124046       6.673440      -6.145274       0.524409       0.427450
19.999810      -9.096368       6.870266      -6.114502       0.525531       0.427688
19.999810      -9.060349       7.058542      -6.089571       0.526604       0.427953
19.999810      -9.001794       7.225995      -6.057895       0.553960       0.434852
20.006983      -8.940285       7.388340      -6.018916       0.554526       0.434935
19.999810      -8.883357       7.558078      -5.982562       0.555074       0.435072
19.999810      -8.833147       7.730460      -5.924725       0.555686       0.435318
23.0203
