0.019999831,0.1591588036937612,0.0,-0.1132535581966594,0.9807354927617165
0.059999831,0.16077078162935282,3.308722450212111e-24,-0.15421017842475154,0.9748702357978182
0.09999983100000001,0.16247643581484839,-1.3234889800848443e-23,-0.16884490427935722,0.9721588378983128
0.13999983100000002,0.16390935279360955,-2.6020852139652106e-18,-0.1531360385528457,0.9745168432423943
0.17999983100000003,0.16371024901688336,-2.6020852139652106e-18,-0.12663577833713924,0.9783467350647095
0.21999983100000003,0.16361420920598743,-4.9873299934333204e-18,-0.10034982394684332,0.9814073075842348
0.25999983100000007,0.16458301923326912,1.0842021724855044e-19,-0.09010423223175199,0.9822391038408052
0.29999983100000005,0.16586761181712487,-2.6020852139652106e-18,-0.10677804892054635,0.9803501331763081
0.3399998310000001,0.16790567244089916,-4.336808689942018e-19,-0.14305428640171133,0.9753682157545768
0.3799998310000001,0.17173045110370097,-5.204170427930421e-18,-0.18275969479291437,0.96804315302724
0.4199998310000001,0.17557531476845817,9.107298248878237e-18,-0.21841799792452793,0.959930667822733
0.4599998310000001,0.17796899132651794,-1.951563910473908e-18,-0.2395850355575886,0.9544244594849249
0.4999998310000001,0.17856889349901137,7.047314121155779e-19,-0.24157010780257251,0.953811843756824
0.5399998310000002,0.17639034704369932,8.023096076392733e-18,-0.22323706487228448,0.9586718199347527
0.5799998310000001,0.1721952156631038,-4.119968255444917e-18,-0.19976506468161825,0.9645945918547781
0.6199998310000001,0.16553344152652977,2.168404344971009e-18,-0.17392841682950702,0.9707458913410677
0.6599998310000001,0.154749158383875,-2.168404344971009e-19,-0.14042784138085065,0.9779226550932324
0.6999998310000002,0.14205335526620433,4.336808689942018e-18,-0.10272499570259878,0.9845143064046935
0.7399998310000002,0.13204522537209878,2.710505431213761e-20,-0.0906653646156251,0.9870885725787465
0.7799998310000001,0.12871911092879773,1.0842021724855044e-18,-0.11073117500344731,0.9854795773449879
0.8199998310000002,0.13429338644465993,2.710505431213761e-18,-0.1282117268002551,0.9826123546282746
0.8599998310000002,0.147364346088219,-1.3010426069826053e-18,-0.12677837730639774,0.9809235406236045
0.8999998310000001,0.16353663609963726,2.6020852139652106e-18,-0.11523752451426524,0.9797836912283441
0.9399998310000002,0.18009964960053051,0.0,-0.10382952751075994,0.9781531298476014
0.9799998310000002,0.1960606383617912,5.421010862427522e-19,-0.10404543891783316,0.9750562920803918
1.0199998310000002,0.21380150622010308,5.800481622797449e-18,-0.11411792533479909,0.9701886492096764
1.0599998310000003,0.23641640536925385,1.4094628242311558e-18,-0.12894856800251536,0.9630573970861662
1.0999998310000003,0.2639542457635194,-3.577867169202165e-18,-0.14351171119415937,0.9537990065488305
1.1399998310000001,0.2952836222814396,-4.336808689942018e-19,-0.15400528750142248,0.9429156663424129
1.1799998310000002,0.32939018803233905,4.336808689942018e-19,-0.16197768451836622,0.9301963952553725
1.2199998310000002,0.36516577715759413,2.168404344971009e-18,-0.16577234642625766,0.9160641267690943
1.2599998310000002,0.39994190738655455,2.6020852139652106e-18,-0.16280445354544437,0.9019651770560624
1.2999998310000003,0.4322768914593157,3.469446951953614e-18,-0.15324498821046287,0.8886240277522582
1.3399998310000003,0.46182213534734956,-5.204170427930421e-18,-0.13894479928723188,0.8760220648215691
1.3799998310000003,0.48868990068635815,-8.673617379884035e-18,-0.12517820516645922,0.8634307140231122
1.4199998310000004,0.5128645446992833,-6.938893903907228e-18,-0.11420845614613934,0.8508386376599927
1.4599998310000004,0.5343446650307537,5.637851296924623e-18,-0.10786230010385982,0.8383564296702665
1.4999998310000002,0.5534098586467918,1.3010426069826053e-18,-0.10425289206021204,0.8263587978896454
1.5399998310000003,0.5698834151968585,-1.1926223897340549e-17,-0.10209511615303461,0.8153584980493325
1.5799998310000003,0.5843217900774126,-2.3852447794681098e-18,-0.10054960416025377,0.8052687891281671
1.6199998310000003,0.5966900650770764,3.469446951953614e-18,-0.0999435824442369,0.7962237415240306
1.6599998310000004,0.6075915282961488,9.215718466126788e-18,-0.10021350153105227,0.7879021442118535
1.6999998310000004,0.6179769499307499,2.927345865710862e-18,-0.10235283523005514,0.7795052190169458
1.7399998310000004,0.6284235603393067,-1.0733601507606494e-17,-0.10684129984543399,0.7704990366365216
1.7799998310000003,0.6389532685281151,4.7704895589362195e-18,-0.11338764565917443,0.760842928894728
1.8199998310000003,0.649367278205234,-4.336808689942018e-18,-0.11907064662059069,0.7510954127870045
1.8599998310000003,0.6598036669931076,1.2685165418080402e-17,-0.12245172292718828,0.7413937527215965
1.8999998310000004,0.6706604601531161,-6.7220534694101275e-18,-0.12317431943624697,0.7314660854876512
1.9399998310000004,0.6823894891498647,2.168404344971009e-19,-0.12056050046957509,0.7209783289560874
1.9799998310000004,0.6954361936178232,0.0,-0.11493178314240499,0.709337145390019
2.0199998310000002,0.7109639394017713,-1.734723475976807e-18,-0.10673511985063368,0.6950812118456269
2.0599998310000003,0.7303803126814695,-6.938893903907228e-18,-0.09396433127153547,0.6765466009788327
2.0999998310000003,0.7566064029595091,1.734723475976807e-18,-0.0707505197363458,0.6500316261211525
2.1399998310000004,0.7897446029554672,0.0,-0.0317379272253203,0.6126142065591947
2.1799998310000004,0.8219763959088902,-1.734723475976807e-18,0.010675337146656297,0.5694214974387924
2.2199998310000004,0.8466898900774423,-1.734723475976807e-18,0.04367877990901256,0.5302908581394824
2.259999831,0.8612735100505929,1.734723475976807e-18,0.06157361046569532,0.5043972951744984
2.299999831,0.8675759945063369,4.553649124439119e-18,0.06748048822132885,0.4927050613356345
2.339999831,0.8699437979322869,7.047314121155779e-19,0.06723244659599377,0.48854640164867175
2.379999831,0.8718306583804776,-4.662069341687669e-18,0.06445148818963728,0.48554846182230266
2.419999831,0.8746884864833785,2.168404344971009e-18,0.060982440059367655,0.4808338524041567
2.459999831,0.8779137792654368,1.4094628242311558e-18,0.05792267414083085,0.4753023879555553
2.4999998310000002,0.8804157930887129,6.505213034913027e-19,0.054030486041282605,0.4711143575164268
2.5399998310000003,0.8811346399756076,-4.119968255444917e-18,0.047964416624934926,0.470426573412776
2.5799998310000003,0.8809069233482992,1.951563910473908e-18,0.03946956866813714,0.47164090741387665
2.6199998310000003,0.8816429254106994,-1.734723475976807e-18,0.030896708009433727,0.4709046034043879
2.6599998310000004,0.8853813313276891,6.505213034913027e-19,0.02311367918602082,0.4642904866254469
2.6999998310000004,0.8922840013086318,4.336808689942018e-19,0.015887479447587914,0.45119491243304133
2.7399998310000004,0.9003255340483224,6.505213034913027e-19,0.010327546240481815,0.43509455814713854
2.7799998310000005,0.9076103809325163,-3.2526065174565133e-19,0.007268136182777209,0.4197506052645562
2.8199998310000005,0.914027396864166,1.0842021724855044e-19,0.004028180040672584,0.40563245869540127
2.8599998310000005,0.9200539500037926,1.0842021724855044e-19,-0.00044931512518753877,0.391791433288602
2.8999998310000006,0.9263167131265214,0.0,-0.006545380304169228,0.37668887026185377
2.939999831,0.932744487574899,-6.505213034913027e-19,-0.010001860187403788,0.36039933919394296
2.979999831,0.9397439558271716,3.2526065174565133e-19,-0.012430358089521008,0.34165301650075536
3.0199998310000002,0.9461925262681625,-1.0842021724855044e-19,-0.01636929896741821,0.32318995851602195
3.0599998310000003,0.9512631477659358,0.0,-0.020276957171754716,0.30771296480697435
3.0999998310000003,0.9549835188295045,1.0842021724855044e-19,-0.0242384286805375,0.2956670041433707
3.1399998310000004,0.9576454535144666,-1.4094628242311558e-18,-0.02971292256156417,0.2864128621342311
3.1799998310000004,0.9601048352454022,1.0842021724855044e-18,-0.03670627964291013,0.2772207682933872
3.2199998310000004,0.9626230967806688,-1.6263032587282567e-18,-0.0431312363108419,0.26738823833275344
3.2599998310000005,0.9647733211045695,2.168404344971009e-19,-0.04760729279516033,0.25873922114278575
3.2999998310000005,0.9663126481970185,-6.2341624917916505e-19,-0.0498749816089842,0.25249228135523044
3.3399998310000005,0.9673987658304001,-2.5478751053409354e-18,-0.05102517159018917,0.2480646281395449
3.3799998310000006,0.9685313714054219,8.131516293641283e-19,-0.0497437774395607,0.2438699227243418
3.4199998310000006,0.9698357511986806,-5.421010862427522e-19,-0.045768404900075596,0.23942403557244105
3.4599998310000006,0.9713438228383892,1.6263032587282567e-18,-0.04108273118636842,0.23410123244436926
3.4999998310000007,0.9732163052604592,-1.2468324983583301e-18,-0.037416333538049795,0.22682601517407583
3.5399998310000003,0.9754345180663704,5.149960319306146e-19,-0.03594958260284707,0.21733644074408903
3.5799998310000003,0.977928517642722,-7.589415207398531e-19,-0.03386069549927609,0.2061777574846853
3.6199998310000003,0.9803106666652848,1.3552527156068805e-19,-0.03173967451976709,0.19489379129065215
3.6599998310000004,0.9824724470325279,0.0,-0.02881629044457414,0.184167076935403
3.6999998310000004,0.9842970905856943,7.047314121155779e-19,-0.02491612893646117,0.174752464884932
3.7399998310000004,0.9856440757713566,3.2526065174565133e-19,-0.019826055029512464,0.16766837340057617
3.7799998310000005,0.9864176051393442,0.0,-0.014513437322661941,0.163614389367935
3.8199998310000005,0.9867053603578702,1.0842021724855044e-19,-0.00821381811943054,0.16231162938294522
3.8599998310000005,0.9864632347495097,-1.6263032587282567e-19,-0.0033837827741887093,0.1639476639103802
3.8999998310000006,0.9856692078913911,3.091670257478196e-20,-0.0021087255063118194,0.1686765125662041
3.9399998310000006,0.9844416332020155,-5.421010862427522e-20,-0.004838837715557851,0.17564525745977588
3.9799998310000007,0.9829104975144594,1.6263032587282567e-19,-0.008606923090248046,0.18388277448090795
4.019999831000001,0.981128815378108,-2.168404344971009e-19,-0.012066243358725314,0.1929783754879241
4.059999831000001,0.9792884055659048,-5.421010862427522e-20,-0.015241678707094523,0.20189578983816805
4.099999831000001,0.9775284812949968,1.0842021724855044e-19,-0.01811345436083225,0.2100237392015849
4.139999831000001,0.97570682580117,-3.7947076036992655e-19,-0.020706114538101106,0.21809962610178937
4.179999831000001,0.9737945451606697,5.421010862427522e-19,-0.023740359753868734,0.22618704457612393
4.219999831000001,0.9716596707644224,4.336808689942018e-19,-0.027048264832859274,0.23483158982450808
4.259999831000001,0.9688812944747812,-1.0842021724855044e-19,-0.031656011309435954,0.24549324667870037
4.299999831000001,0.9653213818534219,1.0842021724855044e-19,-0.03594443606703298,0.25857808734002014
4.339999831000001,0.9612823665482431,-4.336808689942018e-19,-0.03943731709853945,0.27272863762993166
4.379999831000001,0.9571141256307198,1.5178830414797062e-18,-0.042062876022288,0.286641352527643
4.419999831000001,0.9529428492182671,-4.87890977618477e-19,-0.04362539315945819,0.2999945852768911
4.459999831000001,0.9487634989983581,1.2332799712022613e-18,-0.04431721282660433,0.3128638803308458
4.499999831,0.9446289494727313,9.486769009248164e-20,-0.04456179961415,0.3251005903304272
4.539999831,0.9402452178626024,1.1655173354219173e-18,-0.04508423718713804,0.3375001360648043
4.579999831,0.9358251971341509,1.6263032587282567e-18,-0.04628571694242935,0.34941212459780596
4.619999831,0.9312243137470194,-2.710505431213761e-19,-0.047546912036947726,0.36133166017129403
4.659999831,0.9268367781904591,6.369687763352339e-19,-0.04734271188643045,0.37246778951309106
4.699999831,0.9228106360376022,1.1926223897340549e-18,-0.046200731520767785,0.3824735578086701
4.739999831,0.9191486835113638,9.215718466126788e-19,-0.044076919421974135,0.39143699719571184
4.7799998310000005,0.9160369789022772,-1.3010426069826053e-18,-0.04076259005539735,0.3990171231107317
4.8199998310000005,0.9134314348604085,-2.3852447794681098e-18,-0.03628542523928638,0.4053719054449375
4.8599998310000005,0.9109671694745547,2.710505431213761e-18,-0.03161417203029685,0.41126555930001824
4.899999831000001,0.9081890212534096,6.505213034913027e-19,-0.02815515019860673,0.41761224741627
4.939999831000001,0.9049025956588396,-2.981555974335137e-19,-0.026863376760708147,0.424770115896713
4.979999831000001,0.9010168606930054,1.5178830414797062e-18,-0.02782212077579445,0.4328909173711762
5.019999831000001,0.8963711353265535,7.589415207398531e-19,-0.029102683879469363,0.4423480773603489
5.059999831000001,0.8915462486041313,-1.0028870095490916e-18,-0.029544640236069612,0.45196504381779545
5.099999831000001,0.887088697227659,-1.0299920638612292e-18,-0.028504539975520073,0.46071806395204307
5.139999831000001,0.8831591332428095,-4.336808689942018e-19,-0.026522946362844826,0.4683230494925945
5.179999831000001,0.8792743103830017,-9.215718466126788e-19,-0.02436710121474242,0.47569205530351993
5.219999831000001,0.8756751234990592,1.5178830414797062e-18,-0.021357918381947505,0.4824281474036291
5.259999831000001,0.8720221632576726,-1.6263032587282567e-19,-0.018842699040570402,0.4891035672332353
5.299999831000001,0.8693755623776732,1.0299920638612292e-18,-0.01768012032707244,0.49383554437254157
5.339999831000001,0.8679279458505401,1.8973538018496328e-19,-0.018220058229770762,0.49635583031708763
5.379999831000001,0.867855845098003,-5.963111948670274e-19,-0.019591082722888762,0.4964296743819573
5.419999831000001,0.8685802316422354,1.3552527156068805e-18,-0.02131938668080726,0.49508975444041947
5.459999831000001,0.8693645184374065,-8.131516293641283e-19,-0.02284244485584601,0.4936431472178097
5.499999831000001,0.870051377263177,6.505213034913027e-19,-0.02431920142708242,0.4923608202978765
5.539999831000001,0.8706934096015639,-3.2526065174565133e-19,-0.025662245607722373,0.49115622323938046
5.579999831000001,0.8713081530294161,-4.472333961502706e-19,-0.02648990026583236,0.49002080328122183
5.619999831000001,0.8723722546116053,-1.8973538018496328e-19,-0.025807220887467282,0.4881604620756684
5.659999831000001,0.8741493084542865,7.589415207398531e-19,-0.023782673589459333,0.48507460350530607
5.699999831000001,0.876470403766753,-5.421010862427522e-19,-0.021688767776328312,0.48096697253895676
5.739999831000001,0.879178518319276,4.87890977618477e-19,-0.019857363447864176,0.4760785838943207
5.779999831000001,0.8818352206106997,7.860465750519907e-19,-0.018683650779398334,0.4711873989019999
5.8199998310000005,0.883768112382025,1.463672932855431e-18,-0.01812035291041862,0.46757413994693314
5.8599998310000005,0.8844419100365726,1.565316886525947e-18,-0.017768045310078424,0.4663119174294369
5.899999831000001,0.8842102601153722,2.2768245622195593e-18,-0.017495833498119364,0.4667613005776207
5.939999831000001,0.8836510058491217,-1.3484764520288461e-18,-0.01758167552706871,0.46781597295036453
5.979999831000001,0.8832282528256431,-9.75781955236954e-19,-0.018388991441731655,0.46858264842428565
6.019999831000001,0.8831472202248886,1.5449880957918438e-18,-0.019181912549941386,0.4687035754503892
6.059999831000001,0.8831502121017311,7.860465750519907e-19,-0.02001059627932248,0.46866328947466496
6.099999831000001,0.8832259728856485,1.9244588561617704e-18,-0.020611430620244897,0.46849445007170204
6.139999831000001,0.8832434116251632,-1.6263032587282567e-19,-0.02089582641621705,0.46844897295129817
6.179999831000001,0.8832171376387113,5.55653613398821e-19,-0.021255660744441057,0.46848232054966477
6.219999831000001,0.8832338078524569,9.75781955236954e-19,-0.02175637570117436,0.46842790350575675
6.259999831000001,0.88333393911568,-7.047314121155779e-19,-0.02240098324362268,0.4682086585659167
6.299999831000001,0.8832919634377453,2.0599841277224584e-18,-0.023739972058588573,0.46822187160890977
6.339999831000001,0.8827563064646565,8.673617379884035e-19,-0.026875792546244878,0.46906182446654987
6.379999831000001,0.8814839665247899,0.0,-0.03185460219502091,0.4711383035571617
6.419999831000001,0.8790778353316542,1.3010426069826053e-18,-0.040869109406836045,0.47492302042005197
6.459999831000001,0.8753590037851214,2.168404344971009e-18,-0.05491184495990571,0.4803449841264285
6.499999831000001,0.8701634177389962,-1.734723475976807e-18,-0.07615402610217697,0.4868430863607064
6.539999831000001,0.864305429772149,8.673617379884035e-19,-0.09909360834922368,0.49310909629686567
6.579999831000001,0.8581495098670825,8.673617379884035e-19,-0.12151565163058732,0.49881195366959663
6.619999831000001,0.8515554770088074,-4.336808689942018e-18,-0.14076606627042604,0.505013053458079
6.659999831000001,0.843898003883424,-1.3010426069826053e-18,-0.1568886835775113,0.5130517517823014
6.699999831000001,0.8356070920522487,-7.37257477290143e-18,-0.16989790774192615,0.5223939975314614
6.739999831000001,0.8272642198393708,6.5052130349130266e-18,-0.18096391260647546,0.5318702594690861
6.779999831000001,0.8189448692996849,9.107298248878237e-18,-0.19070935768001854,0.5412570941253304
6.819999831000001,0.81022053848677,4.7704895589362195e-18,-0.19925529829879818,0.5512168403759681
6.859999831000001,0.8023205558032807,0.0,-0.2066178999023298,0.5599917581317297
6.8999998310000015,0.7949748379802596,6.5052130349130266e-18,-0.21384256561113713,0.5677027075072891
6.9399998310000015,0.788374894842999,-7.806255641895632e-18,-0.22054869625232143,0.5743024445034962
6.9799998310000015,0.7814372315850201,-1.1709383462843448e-17,-0.22772613860753765,0.5809446263523231
7.019999831000002,0.7750054469662455,1.1709383462843448e-17,-0.23717485664242116,0.5857598864289849
7.059999831000001,0.7680119189325861,-6.071532165918825e-18,-0.25262550381777193,0.5885049253815161
7.099999831000001,0.7606525877139875,-7.806255641895632e-18,-0.28269464541523676,0.5843726364722841
7.139999831000001,0.7529826013950772,-1.1275702593849246e-17,-0.31401936336476083,0.5782811093476015
7.179999831000001,0.7452525568897758,-6.071532165918825e-18,-0.34143795956523126,0.5727292084547314
7.219999831000001,0.7394652374747692,-5.204170427930421e-18,-0.3644941036807367,0.5659816348154413
7.259999831000001,0.7355204565289797,6.938893903907228e-18,-0.3836497212018038,0.5584107354351093
7.299999831000001,0.7328459072560654,1.6479873021779667e-17,-0.39786486968643797,0.5519424079443689
7.339999831000001,0.7308748381497243,2.0383000842727483e-17,-0.4085667125672078,0.5467130987470844
7.379999831000001,0.7290180823270639,-1.5178830414797062e-18,-0.41500161725731594,0.5443402367214671
7.419999831000001,0.7259965797758359,3.144186300207963e-18,-0.4183044255322775,0.5458483065228833
7.459999831000001,0.7208071074219453,-2.6346112791397758e-17,-0.41917875225374795,0.552020187628133
7.499999831000001,0.7108052094603466,2.6346112791397758e-17,-0.4173923833589057,0.5661621256477732
7.539999831000001,0.6941810120050936,2.45029690981724e-17,-0.41477564748014367,0.5882804474304851
7.579999831000001,0.6728086196570374,1.734723475976807e-18,-0.4120849505230159,0.6144221308413584
7.619999831000001,0.6513864403574482,2.3852447794681098e-17,-0.40574047225048127,0.6411477009990827
7.659999831000001,0.6325082384661896,1.0408340855860843e-17,-0.38600560848341925,0.6715154491832213
7.699999831000001,0.616144092590188,1.734723475976807e-17,-0.3548248712206328,0.7031825992795009
7.739999831000001,0.6021648991422565,-2.862293735361732e-17,-0.32184432912483424,0.730625527921918
7.779999831000001,0.5915282117539603,2.6020852139652106e-18,-0.29259614272208084,0.7513200862237889
7.819999831000001,0.5821762600681941,-1.6046192152785466e-17,-0.2720700157805529,0.7661910393147262
7.859999831000001,0.5703461929852084,9.215718466126788e-18,-0.2684474668974592,0.7762996700138531
7.8999998310000015,0.5614634759490659,1.3010426069826053e-18,-0.2704047444054953,0.7820741904565012
7.9399998310000015,0.5510354881166583,3.0357660829594124e-18,-0.27976720632469454,0.7861871285523009
7.9799998310000015,0.540287853638468,-6.071532165918825e-18,-0.29209435415237395,0.7891577304208868
8.019999831000002,0.5280346151143827,-2.3852447794681098e-18,-0.2960297606141336,0.7959559196788126
8.059999831,0.5178000153541852,-2.1250362580715887e-17,-0.2982405302812661,0.8018327320562282
8.099999831000002,0.5121319619384264,1.713039432527097e-17,-0.29931193123647637,0.8050672154426541
8.139999831,0.5081109942529038,4.336808689942018e-19,-0.29216846646230227,0.8102226883544993
8.179999831000002,0.503272371798099,1.8214596497756474e-17,-0.2635703189548338,0.8229505493957477
8.219999831,0.49728444274776534,8.673617379884035e-18,-0.22190947268605124,0.8387278276850262
8.259999831000002,0.49101946495250504,7.806255641895632e-18,-0.18563276478047083,0.8511406239145881
8.299999831000001,0.4843479783379847,-9.64939933512099e-18,-0.1791530337775538,0.8563359307936378
8.339999831000002,0.47630921250801167,-1.8214596497756474e-17,-0.1887747877055103,0.8587744835559201
8.379999831000001,0.4665330667967465,-2.3418766925686896e-17,-0.20511425497233557,0.8603923756010198
8.419999831000002,0.4557538044690936,2.6020852139652106e-18,-0.22693267197673442,0.8606916010403768
8.459999831000001,0.44375645816109566,-2.6020852139652106e-18,-0.25075044323667556,0.860351335825621
8.499999831000002,0.43002266962664953,0.0,-0.27608444820382,0.8595684272163338
8.539999831000001,0.4160405026271355,-2.6020852139652106e-18,-0.3030152220796729,0.8573751077339296
8.579999831000002,0.4027813841703146,-1.8214596497756474e-17,-0.3330629796211803,0.8525468949985724
8.619999831000001,0.3898915273792689,-2.168404344971009e-17,-0.36599265755730775,0.845005308558473
8.659999831000002,0.37701092227517774,5.204170427930421e-18,-0.3975304315334029,0.8365598128586422
8.699999831000001,0.36333871854080413,1.5612511283791264e-17,-0.4271838826295095,0.8279486131582708
8.739999831000002,0.34873558347550604,1.8214596497756474e-17,-0.45484092595369785,0.819453003469742
8.779999831000001,0.3334329991198473,9.540979117872439e-18,-0.48067072795778504,0.8110351942933655
8.819999831000002,0.3176194509820735,-2.6020852139652106e-18,-0.5067873984316303,0.8014264889238102
8.859999831000001,0.30028567390723576,-1.3877787807814457e-17,-0.5352765374175165,0.7894982853283415
8.899999831000002,0.28207255003614323,-1.5612511283791264e-17,-0.5686482750743574,0.7727057756811875
8.939999831000002,0.2639371645683599,1.0408340855860843e-17,-0.6061399934081705,0.7502875992249624
8.979999831,0.2469654393576968,4.336808689942018e-18,-0.6435945619710927,0.7244267468585746
9.019999831000002,0.23543646988402683,-1.214306433183765e-17,-0.674795008834308,0.6994436108085154
9.059999831,0.2296044492599554,-1.0842021724855044e-17,-0.6930561386667706,0.6833410462838735
9.099999831000002,0.2257575886212336,1.496198998029996e-17,-0.7038432402452179,0.6735266916322161
9.139999831,0.22075989570923213,-1.431146867680866e-17,-0.7169904208199708,0.6612033007319688
9.179999831000002,0.21294905195707506,3.469446951953614e-18,-0.7458010322939662,0.631215907198034
9.219999831,0.20387538377562495,-1.3010426069826053e-17,-0.7887463689024787,0.5799258516685529
9.259999831000002,0.19530430732744689,0.0,-0.8346146346961757,0.5150481910368345
9.299999831000001,0.18713172791284874,-5.204170427930421e-18,-0.8754894580414502,0.44553330432936145
9.339999831000002,0.17857662869153945,3.469446951953614e-18,-0.9087019627896893,0.37732099134202735
9.379999831000001,0.16752028127541102,-9.540979117872439e-18,-0.9328392203228655,0.31897953600323
9.419999831000002,0.15339256151479017,8.673617379884035e-19,-0.9482143442620474,0.27813715934341976
9.459999831000001,0.13671996154523644,-7.37257477290143e-18,-0.9584299402128521,0.2504390181634202
9.499999831000002,0.1203057795167545,2.168404344971009e-18,-0.9689664481304061,0.21594106096898522
9.539999831000001,0.10525988544233258,1.0842021724855044e-18,-0.9805324386118874,0.16576034913842463
9.579999831000002,0.08586794667635966,1.734723475976807e-18,-0.9895853133128234,0.11553182855450475
9.619999831000001,0.062277341501666715,-8.673617379884035e-19,-0.9910741435904616,0.11787100848774412
9.659999831000002,0.04400691352365402,0.0,-0.9664738837837573,0.2529656568114771
9.699999831000001,0.038508387919156686,7.589415207398531e-19,-0.870393907358059,0.49084778709273835
9.739999831000002,0.03787503812431234,1.3010426069826053e-18,-0.6741199288698413,0.7376501901223925
9.779999831000001,0.0359231599968397,1.734723475976807e-18,-0.3561598092561198,0.933734285997085
9.819999831000002,0.033573173328286215,8.673617379884035e-19,0.06601195070048925,0.9972538615605282
9.859999831000001,0.032823505645952294,-8.673617379884035e-19,0.4613413456594189,0.8866153507932665
9.899999831000002,0.037753966391899166,1.734723475976807e-18,0.7620538582185011,0.6464120630031405
9.939999831000002,0.04924164431590624,-3.469446951953614e-18,0.8797252961783928,0.47292564291747285
9.979999831000002,0.06178818044294764,2.6020852139652106e-18,0.8879905657806033,0.4556917552931957
10.019999831000002,0.06796079178502357,-2.168404344971009e-18,0.8390386394538938,0.5398106077906506
10.059999831000003,0.0734383208770093,0.0,0.7646914099661414,0.6401982978349446
10.099999831000002,0.08013611854584092,4.7704895589362195e-18,0.7017355057477661,0.7079162962365918
10.139999831000003,0.08293140890596305,2.3852447794681098e-18,0.6575366122414271,0.7488444330960465
10.179999831000002,0.08202104927407944,2.3852447794681098e-18,0.6023302349706826,0.7940219364199842
10.219999831000003,0.08226651300973409,-4.336808689942018e-18,0.5330674279924277,0.8420637375227347
10.259999831000002,0.08461767815728749,-3.903127820947816e-18,0.46054496649311444,0.8835939012810838
10.299999831000001,0.08566803839275694,4.336808689942018e-19,0.38155046338633003,0.9203696165604415
10.339999831000002,0.08378460277832155,3.903127820947816e-18,0.3091702695651541,0.9473087589346405
10.379999831000001,0.08043940730445426,-2.6020852139652106e-18,0.24256623307317698,0.9667942512888652
10.419999831000002,0.07443509449780383,8.673617379884035e-19,0.16796127251982498,0.9829793627745316
10.459999831000001,0.06509943918162546,-8.673617379884035e-19,0.03780266044789124,0.9971624851955168
10.499999831000002,0.05524623521538143,8.673617379884035e-19,-0.16261800784841018,0.9851412269405546
10.539999831000001,0.0489757635181591,1.734723475976807e-18,-0.43114847311685767,0.9009508137056182
10.579999831000002,0.04916933461216987,8.673617379884035e-19,-0.6740534657288292,0.7370443011602156
10.619999831000001,0.05366103681586539,-1.0842021724855044e-18,-0.8287456046180065,0.557046870518255
10.659999831000002,0.05810103465658434,-7.995991022080595e-19,-0.9024936032841034,0.42676640660097626
10.699999831000001,0.058383199497893425,-1.4094628242311558e-18,-0.9236234303224359,0.37882866968565826
10.739999831000002,0.05541593632360104,1.1926223897340549e-18,-0.9184978393069616,0.39152368151852757
10.779999831000001,0.051083220812800575,-2.927345865710862e-18,-0.9034729317767547,0.4255903735966147
10.819999831000002,0.04632356876518801,1.0842021724855044e-18,-0.8790924532491359,0.47439496795104436
10.859999831000001,0.040615826793231065,1.3010426069826053e-18,-0.8636568763181446,0.5024411951684369
10.899999831000002,0.03342808405329978,-8.673617379884035e-19,-0.8989365721546564,0.43680155956608213
10.939999831000002,0.025501776665349248,-1.5178830414797062e-18,-0.9870877545131825,0.15813735889104164
10.979999831000002,0.022208286351187025,2.927345865710862e-18,-0.8791484457477777,-0.47603025361484164
11.019999831000002,0.030179709972552655,8.673617379884035e-19,-0.4460526118786561,-0.8944977655322576
11.059999831000003,0.04224422049151499,0.0,-0.18169397713930935,-0.9824473138577786
11.099999831000002,0.05044372788759189,-4.336808689942018e-19,-0.05121179532596706,-0.9974130450000611
11.139999831000003,0.052379940553823744,4.336808689942018e-19,0.051875735746938934,-0.9972789228035915
11.179999831000002,0.047536039805252964,8.673617379884035e-19,0.20124041836495726,-0.9783877651197047
11.219999831000003,0.03937659611239698,-2.6020852139652106e-18,0.4778179044439517,-0.8775759419397228
11.259999831000002,0.035712059033980635,-8.673617379884035e-19,0.8500998722760683,-0.5254092271703708
11.299999831000003,0.04285721305523183,2.0599841277224584e-18,0.9988190038362889,-0.022887919621973174
11.339999831000002,0.056583088793539835,4.336808689942018e-19,0.9508133500770093,0.30455266765851335
11.379999831000003,0.0717112268286303,2.6020852139652106e-18,0.8625158670400218,0.5009230270719565
11.419999831000002,0.08646889340628547,-2.6020852139652106e-18,0.7604436014807718,0.6436215187826192
11.459999831000003,0.10152842219729008,8.673617379884035e-19,0.6592497980719979,0.7450380414637623
11.499999831000002,0.11624862855541075,3.469446951953614e-18,0.5677333693295724,0.8149632370289334
11.539999831000003,0.1287434505201702,-4.336808689942018e-18,0.4958139081222402,0.8588327499931004
11.579999831000002,0.13715883219264208,-6.071532165918825e-18,0.43885773687885854,0.8880266558685709
11.619999831000001,0.14116137129345652,4.336808689942018e-18,0.3761230430540719,0.9157537462321931
11.659999831000002,0.1396494324259355,-4.336808689942018e-18,0.3035367134699486,0.9425303706507161
11.699999831000001,0.13255684862304914,8.673617379884035e-19,0.21511286626637383,0.9675511028621648
11.739999831000002,0.11821635391156894,-1.734723475976807e-18,0.11505896250001671,0.9862993099542728
11.779999831000001,0.09235167284917169,8.673617379884035e-19,0.013641074901051648,0.9956330094957195
11.819999831000002,0.054481306907423574,8.673617379884035e-19,-0.10588473924246376,0.9928847915006125
11.859999831000001,0.009827309863945914,1.734723475976807e-18,-0.510059349447144,0.8600830680942361
11.899999831000002,0.039556526435482034,-8.673617379884035e-19,-0.024071413964280503,-0.9989273488327967
11.939999831000002,0.08494382875459791,8.131516293641283e-20,0.009704775761008368,-0.9963384782712842
11.979999831000002,0.126075499438116,0.0,-0.02066142495211728,-0.9918054617516369
12.019999831000002,0.16180902579219086,0.0,-0.06444982720301051,-0.9847152171799136
12.059999831000003,0.1948034073870963,-3.469446951953614e-18,-0.0953879872746878,-0.9761929954440675
12.099999831000002,0.22475050829465507,-1.3823577699190182e-18,-0.11436337785284337,-0.967681883072832
12.139999831000003,0.25153895885066596,-9.75781955236954e-19,-0.12588441204273723,-0.9596255868748902
12.179999831000002,0.27456290947876844,-1.4094628242311558e-18,-0.13312824097356718,-0.9523088155602875
12.219999831000003,0.29246890039582346,-1.5720931501039814e-18,-0.14261274164352392,-0.9455810638026628
12.259999831000002,0.3042261866188882,-2.168404344971009e-18,-0.154725021558901,-0.9399503152182711
12.299999831000003,0.3109111039652841,-3.686287386450715e-18,-0.1665713439615474,-0.935728738899224
12.339999831000002,0.31578219810341257,-2.168404344971009e-18,-0.17995091455464654,-0.931611116138018
12.379999831000003,0.3203445865300703,-3.469446951953614e-18,-0.19911949415721775,-0.9261375561586151
12.419999831000002,0.32365295016118095,9.974659986866641e-18,-0.21446913992615496,-0.9215485640330084
12.459999831000003,0.32615645803380955,5.421010862427522e-18,-0.2226955500129548,-0.918710322619305
12.499999831000002,0.3264199847716963,1.3186608922854948e-17,-0.2235173636946573,-0.9184171065853661
12.539999831000003,0.3241768499088171,8.673617379884035e-18,-0.22559609107037734,-0.9187033110188305
12.579999831000002,0.3182097502968282,6.071532165918825e-18,-0.2399306907754827,-0.9171563762194699
12.619999831000003,0.3076177373551203,8.673617379884035e-18,-0.26138948866637207,-0.914902652132591
12.659999831000002,0.29220700108181297,-8.673617379884035e-19,-0.2881755425010487,-0.9119045592730632
12.699999831000003,0.27260518370394354,-4.336808689942018e-18,-0.3179390248501214,-0.9080755421742692
12.739999831000002,0.25035250123497327,-8.673617379884035e-19,-0.34857093589282967,-0.9032286132404075
12.779999831000003,0.22638839425940005,1.3877787807814457e-17,-0.38429683211549204,-0.8950219213911177
12.819999831000002,0.20402181697189628,1.214306433183765e-17,-0.43856178437794185,-0.8752363449278838
12.859999831000001,0.18199136366872362,-1.0408340855860843e-17,-0.507897290078855,-0.841973566259983
12.899999831000002,0.15450097906475485,-1.3877787807814457e-17,-0.5982668753106722,-0.7862608939620722
12.939999831000002,0.12268399801412909,-1.734723475976807e-18,-0.7280638114889046,-0.6744417862436446
12.979999831000002,0.09208101530504009,-1.734723475976807e-18,-0.9046899436898087,-0.4160014331789304
13.019999831000002,0.0775999136720417,8.456776945386935e-18,-0.983633428563731,0.16261467218566483
13.059999831000003,0.09898020272087381,6.938893903907228e-18,-0.690827903076873,0.7162120690129046
13.099999831000002,0.14385280239525153,3.469446951953614e-18,-0.3999492955150957,0.9051778456524503
13.139999831000003,0.19293670024689014,0.0,-0.22533070621169674,0.954987697583576
13.179999831000002,0.2383470230304101,3.469446951953614e-18,-0.1261433309249924,0.9629530397042678
13.219999831000003,0.2797920920169125,-8.673617379884035e-19,-0.08504555273806134,0.9562863792840914
13.259999831000002,0.31596474160591304,-8.673617379884035e-19,-0.06097229050550619,0.946809728431442
13.299999831000003,0.34331651805448454,8.673617379884035e-19,-0.03939344873606098,0.9383932675736886
13.339999831000002,0.3629547804023434,-2.168404344971009e-19,-0.029139704033528856,0.931351010646322
13.379999831000003,0.37760093204120593,1.8295911660692887e-18,-0.027609717524258445,0.9255567187481507
13.419999831000002,0.38907718932508395,-2.405573570202213e-18,-0.03015535850549278,0.920711461371204
13.459999831000003,0.3999140167391088,1.3552527156068805e-18,-0.030703741316735155,0.916038241278576
13.499999831000002,0.41024941686934613,7.589415207398531e-19,-0.029421347655737312,0.911498656203333
13.539999831000003,0.41965857377407684,-6.505213034913027e-19,-0.02605129236129849,0.9073081128394113
13.579999831000002,0.42793998901693286,1.0028870095490916e-18,-0.02527864023550305,0.903453571661561
13.619999831000003,0.43479740073145595,-3.7947076036992655e-19,-0.023931134317454496,0.9002102649533883
13.659999831000002,0.4401895804268367,1.6263032587282567e-18,-0.02029854837352799,0.8976753879981187
13.699999831000003,0.44468756966776357,1.3010426069826053e-18,-0.014628596428567535,0.8955662842858189
13.739999831000002,0.448552869760379,-4.336808689942018e-19,-0.008494074760120386,0.8937159356997602
13.779999831000003,0.4521601390423529,0.0,-0.0032490491028886437,0.8919308562557565
13.819999831000002,0.4559012226004839,-8.131516293641283e-20,-0.0015125931800017917,0.8900290935094516
13.859999831000003,0.4593234456560711,0.0,-0.003987377987973869,0.888260138184426
13.899999831000002,0.4629890537174466,0.0,-0.008213965625542179,0.8863259371735241
13.939999831000003,0.4649470732516528,-1.0842021724855044e-19,-0.011832102029924355,0.8852594085556366
13.979999831000002,0.46625981455347815,3.2526065174565133e-19,-0.016241679837831605,0.88449872423232
14.019999831000003,0.4676951879466606,0.0,-0.022731694469153598,0.8835974656132163
14.059999831000003,0.4690684772569589,-2.168404344971009e-19,-0.03080240145381155,0.8826244817069806
14.099999831000002,0.46939427115725624,-6.505213034913027e-19,-0.03867468047202085,0.8821413080086066
14.139999831000003,0.46917748599708414,0.0,-0.04797167539357961,0.8817999801504812
14.179999831000002,0.46793670079294114,0.0,-0.05909844328079525,0.8817837705768938
14.219999831000003,0.4652736572289586,-2.168404344971009e-18,-0.07043105248381785,0.8823604086396959
14.259999831000002,0.4615987749893727,-4.336808689942018e-19,-0.08066360913354838,0.8834138062594792
14.299999831000003,0.4564263071773737,6.5052130349130266e-18,-0.09053903492174266,0.8851427620852274
14.339999831000002,0.45005312078947324,-8.673617379884035e-19,-0.0992923228181625,0.8874644911752976
14.379999831000003,0.44304380208874755,-1.3010426069826053e-18,-0.11151272627835702,0.8895375772325276
14.419999831000002,0.4358552838578347,-1.734723475976807e-18,-0.12719300338008369,0.890983788530611
14.459999831000003,0.4281304208903465,-8.673617379884035e-19,-0.14605182150527624,0.89183698518465
14.499999831000002,0.4204128163291759,5.204170427930421e-18,-0.16317917264095683,0.8925388627294519
14.539999831000003,0.4122181173687729,8.239936510889834e-18,-0.17965642697848955,0.8931963904753911
14.579999831000002,0.4042487722365534,-2.6020852139652106e-18,-0.19506742164228774,0.8936059708613575
14.619999831000003,0.39663090458053774,3.0357660829594124e-18,-0.2076357115386737,0.8941875288917047
14.659999831000002,0.39016990776825217,-1.1275702593849246e-17,-0.21717817653068877,0.8947631433574579
14.699999831000003,0.3829770710315848,-1.951563910473908e-18,-0.2242245101341467,0.8961316488770891
14.739999831000002,0.3741011837485558,9.540979117872439e-18,-0.22875753127167203,0.8987314928299884
14.779999831000003,0.36222776193246126,-1.1275702593849246e-17,-0.2313168903396737,0.9029305315078142
14.819999831000002,0.3452591224584845,4.336808689942018e-19,-0.23516683983848885,0.9085662858589767
14.859999831000003,0.32285083276834364,2.168404344971009e-18,-0.24229805943144847,0.914909279752119
14.899999831000002,0.2970183223872353,6.071532165918825e-18,-0.25539328275297196,0.9200839023105083
14.939999831000003,0.2680572389000863,8.673617379884035e-19,-0.27392324857144307,0.9236402820174797
14.979999831000002,0.2372862220899813,1.1275702593849246e-17,-0.2983202751158425,0.924500006631191
15.019999831000003,0.2052760984085735,4.336808689942018e-18,-0.32331148276412924,0.9237593888751626
15.059999831000003,0.17554326364821707,-6.938893903907228e-18,-0.35225359628554653,0.9192942763292025
15.099999831000003,0.1530999604389017,4.336808689942018e-18,-0.3971547201275018,0.9048914467459909
15.139999831000003,0.14042014850419632,-6.071532165918825e-18,-0.44488084242624987,0.8845129834751833
15.179999831000003,0.13395219041094752,-5.204170427930421e-18,-0.46754303556401844,0.8737621647677886
15.219999831000003,0.13006732571878246,-3.903127820947816e-18,-0.4690149052161048,0.8735602494765273
15.259999831000004,0.13013879623757962,-2.2768245622195593e-18,-0.46335472310630693,0.8765650542252478
15.299999831000003,0.13363432698310154,-2.168404344971009e-18,-0.4516751470743757,0.8821175818263202
15.339999831000004,0.13827629152224363,-1.734723475976807e-18,-0.4323743396234018,0.8910286738585256
15.379999831000003,0.1425272990660427,-1.0842021724855044e-18,-0.4133210773572747,0.8993618048556212
15.419999831000002,0.14770235353688208,5.854691731421724e-18,-0.4030089964149499,0.9031986290779459
15.459999831000003,0.15449921363920108,7.806255641895632e-18,-0.394427384541248,0.9058460306855791
15.499999831000002,0.16229174763052853,1.1709383462843448e-17,-0.3922884073600115,0.9054121680770446
15.539999831000003,0.17212666611322666,-3.469446951953614e-18,-0.39642340655977937,0.9017876099971022
15.579999831000002,0.18294870902802143,1.2793585635328952e-17,-0.400533898706093,0.8978320365481941
15.619999831000003,0.19352214745079682,-1.3660947373317356e-17,-0.4014058015307882,0.8952220735345269
15.659999831000002,0.20541947100912858,-9.540979117872439e-18,-0.40264699206988336,0.8920079824235909
15.699999831000003,0.21708113764426717,6.071532165918825e-18,-0.4033715279940384,0.8889134885256413
15.739999831000002,0.22543248069909344,-4.336808689942018e-19,-0.39772968092800587,0.8893769153484702
15.779999831000003,0.2308601454188451,-6.5052130349130266e-18,-0.39142926898386754,0.8907787158660364
15.819999831000002,0.23462881890897616,5.312590645178972e-18,-0.38774664448541907,0.8914044295535428
15.859999831000003,0.2378237102429094,-5.421010862427522e-18,-0.38192467700416166,0.8930696635434234
15.899999831000002,0.2407826741850209,-1.0842021724855044e-18,-0.3699669672809678,0.8973004775064112
15.939999831000003,0.24479996115547686,-5.637851296924623e-18,-0.3522762713245582,0.9033130175525778
15.979999831000002,0.24861963359168948,4.7704895589362195e-18,-0.3326498502410515,0.9096880536356075
16.019999831000003,0.25034203267541755,-3.0357660829594124e-18,-0.3147408592221805,0.9155692536406101
16.059999831000003,0.25025746429894,-1.7780915628762273e-17,-0.3000642396590053,0.9205067374226696
16.099999831,0.24857391854788935,-4.336808689942018e-19,-0.2870301360185601,0.9251079439908156
16.139999831000004,0.2452991409674801,-3.0357660829594124e-18,-0.2754997085450774,0.9294774026474198
16.179999831000003,0.24104863949226393,8.673617379884035e-19,-0.2669189831396959,0.933086174926303
16.219999831000003,0.23787310133930706,1.1275702593849246e-17,-0.2682903619375717,0.9335077232410167
16.259999831000002,0.2370031214079705,-3.2526065174565133e-18,-0.27680009072417383,0.9312417678658792
16.299999831000004,0.2370103203222494,-3.0357660829594124e-18,-0.2868942993157747,0.9281798150578666
16.339999831000004,0.23703351040860485,-1.5829351718288365e-17,-0.29936052036833444,0.9242285398039675
16.379999831000003,0.23624720187770537,-3.469446951953614e-18,-0.3197995882822398,0.9175595255564974
16.419999831000002,0.23425027503320925,3.903127820947816e-18,-0.34807105040478853,0.9077297794591588
16.459999831000005,0.23152969550605101,-7.806255641895632e-18,-0.3766596007853429,0.8969512501998654
16.499999831000004,0.22809668701664995,-2.6020852139652106e-18,-0.4029369791113505,0.8863485162376297
16.539999831000003,0.2245083174856784,-8.673617379884035e-19,-0.42405044590642504,0.8773694972509085
16.579999831000002,0.2213698213737779,-1.0408340855860843e-17,-0.4407242841259128,0.8699181039423443
16.619999831000005,0.21867019859260722,8.239936510889834e-18,-0.4525589935519907,0.8645077799549749
16.659999831000004,0.2161992990692144,1.973247953923618e-17,-0.4553856447459765,0.8636444740987298
16.699999831000003,0.21252659349399333,-4.119968255444917e-18,-0.445429941764339,0.8697267467645551
16.739999831000002,0.20653203263190392,-7.806255641895632e-18,-0.4161722388015722,0.8855197271364548
16.779999831,0.19819865922847335,9.540979117872439e-18,-0.3594541924214939,0.9118716878106521
16.819999831000004,0.1877817787134202,1.734723475976807e-18,-0.26059975623557596,0.9470088545695772
16.859999831000003,0.17637944321049848,-5.204170427930421e-18,-0.10591812354493026,0.9786069911447984
16.899999831000002,0.1694006198517435,3.469446951953614e-18,0.09231315470239009,0.9812144064692171
16.939999831,0.1691264940059656,5.204170427930421e-18,0.2547845691845577,0.9520929851283904
16.979999831000004,0.17036672942545447,-7.37257477290143e-18,0.31822091928913604,0.9325827706062617
17.019999831000003,0.1722295545101275,7.318364664277155e-18,0.330399861857744,0.9279940257553531
17.059999831000003,0.1749998331366421,6.071532165918825e-18,0.32595770412597874,0.9290460879434714
17.099999831,0.17874593783214282,-2.6020852139652106e-18,0.3093520367074136,0.9339974342006957
17.139999831000004,0.1834074469941471,5.204170427930421e-18,0.27835765204689367,0.9428036518459343
17.179999831000003,0.18962947821870654,4.336808689942018e-18,0.24007579307222562,0.9520526637593337
17.219999831000003,0.19679510608954084,4.336808689942018e-18,0.19322787018966334,0.961215208161613
17.259999831000002,0.20425203890621643,0.0,0.1456034223406945,0.9680293115424402
17.299999831000004,0.2123000793265288,4.336808689942018e-18,0.10554500302345228,0.9714879971748128
17.339999831000004,0.22038658338934775,-8.673617379884035e-19,0.08016471047759313,0.9721128396724394
17.379999831000003,0.2278186293742868,-8.673617379884035e-19,0.0635353919987831,0.9716284917979621
17.419999831000002,0.23480491099145778,-1.3010426069826053e-18,0.04893335643479421,0.9708100640198983
17.459999831000005,0.24067977171086458,4.607859233063394e-19,0.047710273003824126,0.9694312648863285
17.499999831000004,0.24434264003911757,-1.951563910473908e-18,0.05616011961846258,0.9680613179045809
17.539999831000003,0.2473563028694447,1.734723475976807e-18,0.06996506300836677,0.9663952345645104
17.579999831000002,0.25196291626538353,-3.903127820947816e-18,0.09275196833733305,0.9632817662535681
17.619999831000005,0.2584390264711802,-1.734723475976807e-18,0.12853827861209224,0.9574378207111252
17.659999831000004,0.26548017418882297,-9.540979117872439e-18,0.17541132633186501,0.9480248644983781
17.699999831000003,0.27261100396077537,5.204170427930421e-18,0.21359157858580594,0.9381161325106406
17.739999831000002,0.27986220110726745,-4.119968255444917e-18,0.23601957414103827,0.9305761167221509
17.779999831000005,0.28796125612060564,2.3852447794681098e-18,0.2507277625601506,0.9242369306920296
17.819999831000004,0.29687756361990714,1.4094628242311558e-18,0.2594528209393892,0.918992897647039
17.859999831000003,0.30629628788895974,6.396792817664476e-18,0.26524023160386706,0.9142374984456558
17.899999831000002,0.3139906435956586,-9.974659986866641e-18,0.26531618003134155,0.9116014481932118
17.939999831,0.3196025718837986,-6.505213034913027e-19,0.26087078461228735,0.9109339327201678
17.979999831000004,0.32356804936976036,-3.903127820947816e-18,0.25149132088846227,0.9121709450233683
18.019999831000003,0.3264870901710138,6.071532165918825e-18,0.24018047164259987,0.9141769637182959
18.059999831000003,0.32772968939438163,2.168404344971009e-19,0.2274432317363481,0.916985728911191
18.099999831,0.32683017927885777,-8.673617379884035e-19,0.21492799220343772,0.9203195054327321
18.139999831000004,0.3240655539255145,-1.0842021724855044e-17,0.196670438468664,0.92536601158217
18.179999831000003,0.31941518189905144,4.336808689942018e-19,0.17417660831059206,0.9314700481979088
18.219999831000003,0.3121885954390983,3.0357660829594124e-18,0.14753441910194842,0.9384944731099985
18.259999831000002,0.3029747312254036,-1.734723475976807e-18,0.11638602078486103,0.9458650043239577
18.299999831000004,0.290748519148987,-1.734723475976807e-18,0.0795799302303026,0.9534843120456736
18.339999831000004,0.2749468457996379,1.734723475976807e-18,0.028291256799911534,0.9610430982913887
18.379999831000003,0.2557724906032225,-1.734723475976807e-18,-0.04224854342831956,0.9658133844738381
18.419999831000002,0.2325642933440006,-3.469446951953614e-18,-0.1371087825054067,0.9628681276380949
18.459999831000005,0.20430994608017639,-1.0408340855860843e-17,-0.2657862120755932,0.9421332896162958
18.499999831000004,0.17372259792152267,1.3877787807814457e-17,-0.4360014476961205,0.8830193636485466
18.539999831000003,0.1459086321218765,0.0,-0.6444782299524903,0.7505721032583265
18.579999831000002,0.12541187686566282,1.734723475976807e-18,-0.8438426956785013,0.5217292076269759
18.619999831000005,0.11325350840627264,-5.204170427930421e-18,-0.969417570046006,0.21772280018355286
18.659999831000004,0.108655089662063,6.545870616381233e-18,-0.9889121928724074,-0.10122621339759486
18.699999831000003,0.10881694411999557,-4.336808689942018e-19,-0.9254285831186441,-0.3629611690241874
18.739999831000002,0.11154327092550682,-6.938893903907228e-18,-0.8243053543383285,-0.5550484497054303
18.779999831000005,0.11380514151843683,3.903127820947816e-18,-0.7334518149547599,-0.670146868159165
18.819999831000004,0.11423787690112498,2.168404344971009e-18,-0.6641334162239839,-0.7388345639828879
18.859999831000003,0.11326674511960162,-1.5178830414797062e-18,-0.6283782709390068,-0.7696176927941012
18.899999831000002,0.11110354628383431,-4.662069341687669e-18,-0.6262796290852929,-0.7716409969642256
18.939999831000005,0.10739825330803057,4.336808689942018e-19,-0.6480377663551018,-0.7539977908216141
18.979999831000004,0.10193528950142111,-2.6020852139652106e-18,-0.6803001302787702,-0.7258105327817653
19.019999831000003,0.09628088052626832,-2.168404344971009e-18,-0.7164445705845082,-0.6909682838778248
19.059999831000003,0.09149166214105549,5.204170427930421e-18,-0.7495399171660629,-0.6556059703307763
19.099999831000005,0.08723759322960181,3.2526065174565133e-18,-0.7797984328475405,-0.6199225810180062
19.139999831000004,0.08232375147461203,6.071532165918825e-18,-0.7884303470493096,-0.6095903442434532
19.179999831000003,0.07844697996064813,-1.6263032587282567e-18,-0.7435476705922396,-0.6640654582884945
19.219999831000003,0.07837179594293567,-6.071532165918825e-18,-0.674331561843107,-0.7342579970983734
19.259999831000002,0.08181694730243823,5.421010862427522e-18,-0.6552195003029714,-0.7509949357730946
19.299999831000004,0.08762529230649277,2.0599841277224584e-18,-0.6787773707169023,-0.7290974483228225
19.339999831000004,0.09432896582362786,1.111307226797642e-17,-0.7157461126810836,-0.6919606552316124
19.379999831000003,0.1003826658786543,4.9737774662772516e-18,-0.7585423786726582,-0.6438453076234386
19.419999831000002,0.10252429846848878,6.071532165918825e-18,-0.7893616832622543,-0.6053072783478858
19.459999831000005,0.098606193140802,-3.469446951953614e-18,-0.808311501532897,-0.580438915962664
19.499999831000004,0.08892839030290318,0.0,-0.8247790408760846,-0.5584185483395594
19.539999831000003,0.0739013322695715,8.673617379884035e-19,-0.8673144141120634,-0.49224414690499946
19.579999831000002,0.054312193925785505,0.0,-0.9564319640686115,-0.2868589961964347
19.619999831000005,0.0421173373778615,-4.336808689942018e-19,-0.9452161704675316,0.3237167295319993
19.659999831000004,0.056747410661923126,-5.204170427930421e-18,-0.5036698667353443,0.8620303919966905
19.699999831000003,0.0907100926962729,-3.469446951953614e-18,-0.21358725223187247,0.9727035338514363
19.739999831000002,0.1316789921322789,-8.673617379884035e-19,-0.09580546408889613,0.986651892047919
19.779999831000005,0.16969035301346358,2.168404344971009e-18,-0.04902378378338224,0.9842773251059512
19.819999831000004,0.19780411767270203,-8.673617379884035e-19,-0.03396657173822506,0.9796528992638545
19.859999831000003,0.21299356379628323,5.421010862427522e-19,-0.037703336454039504,0.9763258678338868
19.899999831000002,0.21535968227975508,-1.734723475976807e-18,-0.058903561237274624,0.9747566761617639
19.939999831000005,0.20878542625774324,-8.673617379884035e-19,-0.08626627693711603,0.9741492571704715
19.979999831000004,0.19867568381166342,1.3010426069826053e-18,-0.10479653222280381,0.9744463348466362
20.019999831000003,0.18710422163438664,3.903127820947816e-18,-0.12747545986687092,0.9740338892350308
20.059999831000003,0.17538835784712448,6.505213034913027e-19,-0.14329946295857163,0.9740144700400883
20.099999831000005,0.1638948487768591,6.505213034913027e-19,-0.1447431383715022,0.9758011592731272
20.139999831000004,0.15272482677517954,8.673617379884035e-19,-0.11731597516602328,0.9812808411751126
20.179999831000003,0.14387862742206975,0.0,-0.060670256772855376,0.9877338004311976
20.219999831000003,0.13598184814143394,2.168404344971009e-19,-0.02253714047746116,0.9904549531781539
20.259999831000005,0.12661508110972755,0.0,-0.029146435399884294,0.9915236288354693
20.299999831000004,0.11346778769682772,0.0,-0.08403744143032005,0.9899811965855884
20.339999831000004,0.0981063025253039,8.673617379884035e-19,-0.17623807556043639,0.9794464222853476
20.379999831000003,0.08173220020357538,3.469446951953614e-18,-0.30595829853034207,0.9485301086472169
20.419999831000005,0.06718284351195462,0.0,-0.48310357412543936,0.8729819025643513
20.459999831000005,0.05654756155648619,1.734723475976807e-18,-0.6996709143341113,0.7122239710350138
20.499999831000004,0.05088793417517079,-3.469446951953614e-18,-0.89401237281103,0.4451430055793033
20.539999831000003,0.050723840562788614,7.589415207398531e-19,-0.996001518354005,0.07353956374005294
20.579999831000002,0.05797718781339482,3.144186300207963e-18,-0.9547279523242761,-0.29177591186378865
20.619999831000005,0.07293331057494512,2.6020852139652106e-18,-0.8292946612066984,-0.5540316751798998
20.659999831000004,0.09476270936503607,3.469446951953614e-18,-0.6879186445367806,-0.7195748518482814
20.699999831000003,0.11949361950484548,-3.469446951953614e-18,-0.5653666191300378,-0.816138383407558
20.739999831000002,0.14369196128246875,-5.204170427930421e-18,-0.46427510952760886,-0.8739572317544632
20.779999831000005,0.16643128231109552,1.0408340855860843e-17,-0.38373572551141516,-0.9083212654311866
20.819999831000004,0.18660615738554126,7.806255641895632e-18,-0.3285350966809849,-0.9258740909403494
20.859999831000003,0.204090954072102,-9.540979117872439e-18,-0.2952243189231179,-0.933375317855749
20.899999831000002,0.2199312759247604,-4.336808689942018e-19,-0.2744045311845548,-0.9361262666625115
20.939999831000005,0.23484897027303883,-1.3010426069826053e-18,-0.26028892600463216,-0.9365338414392982
20.979999831000004,0.2501607925354692,8.673617379884035e-18,-0.24538004257825152,-0.9365939422088537
21.019999831000003,0.2661810644338425,-6.071532165918825e-18,-0.2270620261395989,-0.9367979916835042
21.059999831000003,0.2837927073310919,-1.474514954580286e-17,-0.2053921341015779,-0.9366300072680187
21.099999831000005,0.30293276455371515,9.540979117872439e-18,-0.18175987737795604,-0.93551861934191
21.139999831000004,0.3216568691060289,2.6020852139652106e-18,-0.15986765603085093,-0.9332626592294951
21.179999831000003,0.33776574320920655,2.6020852139652106e-18,-0.14310667634361507,-0.9302874727202426
21.219999831000003,0.35014589303078825,1.3010426069826053e-18,-0.13115248651540073,-0.927467993450178
21.259999831000005,0.3591349589716814,8.023096076392733e-18,-0.12299094246158088,-0.9251461016060223
21.299999831000004,0.3662099831549878,-3.0357660829594124e-18,-0.11751958545737419,-0.923081467299366
21.339999831000004,0.3731633733380801,-1.3010426069826053e-18,-0.1137898317241445,-0.9207610824720687
21.379999831000003,0.3816028134748207,-3.469446951953614e-18,-0.10992224369698997,-0.9177670690805597
21.419999831000005,0.39194317211718327,3.0357660829594124e-18,-0.10214299914605869,-0.914301568168932
21.459999831000005,0.4027512713195515,6.5052130349130266e-18,-0.08895754086974283,-0.9109763824451723
21.499999831000004,0.41298672691077376,0.0,-0.06999400451970408,-0.9080433925351926
21.539999831000003,0.4222695909887885,3.469446951953614e-18,-0.045111471244475364,-0.905347086861343
21.579999831000006,0.43115800814907135,0.0,-0.016242251005710466,-0.9021302352161759
21.619999831000005,0.4404621620746114,0.0,0.012247094712306315,-0.8976876363477814
21.659999831000004,0.45014093480890166,-8.673617379884035e-19,0.03773864722197133,-0.8921597016875531
21.699999831000003,0.4603149350649812,-4.336808689942018e-18,0.05956214835815356,-0.8857553336215839
21.739999831000006,0.47066641649130136,-3.0357660829594124e-18,0.07526620948314222,-0.8790950586240813
21.779999831000005,0.481137945851507,2.168404344971009e-18,0.08441463161658908,-0.8725711701808788
21.819999831000004,0.49091386577036694,2.6020852139652106e-18,0.08878879476378493,-0.8666718677324127
21.859999831000003,0.4997178073106138,2.6291902682773483e-18,0.09027258930370372,-0.8614713998021508
21.899999831000002,0.5071872630829012,-3.7947076036992655e-18,0.08940924151987723,-0.8571855503316167
21.939999831000005,0.5129977218168622,-1.951563910473908e-18,0.08783463356914287,-0.8538843098198279
21.979999831000004,0.5165630554658359,5.692061405548898e-18,0.08633590613559744,-0.8518853919627599
22.019999831000003,0.5175216353734975,1.0842021724855044e-19,0.08512329420921233,-0.8514254997962608
22.059999831000003,0.5162221136458879,5.827586677109586e-18,0.08502775892726583,-0.8522235678475331
22.099999831000005,0.5124182714601675,-6.044427111606687e-18,0.08533256249696602,-0.8544857335564332
22.139999831000004,0.5059097291364093,5.149960319306146e-19,0.084934332092196,-0.8583947257510253
22.179999831000003,0.4951417261025037,1.128247885742728e-18,0.08343527575310833,-0.8647966384256106
22.219999831000003,0.4772579445385122,5.7462715141731735e-18,0.07984588051955473,-0.8751282704489277
22.259999831000005,0.4497006634782654,1.734723475976807e-18,0.06754888473820084,-0.8906213906244522
22.299999831000004,0.413077629511869,0.0,0.03491191944096735,-0.9100263896601034
22.339999831000004,0.3712040366126236,0.0,-0.010972154280346993,-0.9284864969577868
22.379999831000003,0.3256991366144674,0.0,-0.06168112275178021,-0.9434593321943826
22.419999831000005,0.27897113412556024,-3.469446951953614e-18,-0.11253927905733363,-0.9536823459590485
22.459999831000005,0.2318328882117793,6.938893903907228e-18,-0.17191389834283735,-0.9574440576346762
22.499999831000004,0.18700556488091385,-6.938893903907228e-18,-0.24938887565964873,-0.9501758297287859
22.539999831000003,0.14546091514614218,-1.0408340855860843e-17,-0.3541870979443447,-0.9237925209778493
22.579999831000006,0.10900220717412074,3.469446951953614e-18,-0.49648259576088094,-0.8611756794857296
22.619999831000005,0.08008051091830495,6.938893903907228e-18,-0.6890324255099741,-0.7202925991337865
22.659999831000004,0.06216552140487633,-3.469446951953614e-18,-0.9042253248451174,-0.4225068163440703
22.699999831000003,0.05738262623042046,-1.8973538018496328e-18,-0.9983455236929731,-0.003667359963677286
22.739999831000006,0.0626706489898545,-3.469446951953614e-18,-0.9386967112390685,0.3389998142538537
22.779999831000005,0.07240479770627828,-3.0357660829594124e-18,-0.8417921365204284,0.5349238676311661
22.819999831000004,0.08154519040206439,-2.168404344971009e-18,-0.7651008056754517,0.6387261847435614
22.859999831000003,0.08855716056651725,-3.903127820947816e-18,-0.7111347982808339,0.6974560401820847
22.899999831000006,0.0932131136053849,-4.336808689942018e-19,-0.6753203350957201,0.7316103884296572
22.939999831000005,0.09606425169388617,-6.505213034913027e-19,-0.6478147825156687,0.7557166579483813
22.979999831000004,0.09859823798493819,2.8189256484623115e-18,-0.6229751359158471,0.7760028141037232
23.019999831000003,0.1021562962044569,8.673617379884035e-19,-0.5954257893905739,0.7968890891927178
23.059999831000006,0.10690571219536757,4.7704895589362195e-18,-0.5620620170235215,0.8201569713898992
23.099999831000005,0.11229718046266005,-1.734723475976807e-18,-0.5323161052849347,0.8390643046360721
23.139999831000004,0.11729655784537656,-6.5052130349130266e-18,-0.5118219399131525,0.8510463085761926
23.179999831000003,0.12128085110489936,-2.8189256484623115e-18,-0.4976516382732498,0.8588561009151776
23.219999831000003,0.12432633806612645,5.421010862427522e-19,-0.4905042140960338,0.862524537400009
23.259999831000005,0.12661346713488703,-2.3310346708438345e-18,-0.49031730301233933,0.8622980762513556
23.299999831000004,0.12885370762730836,1.235990476633475e-17,-0.4946696054091211,0.8594758306753485
23.339999831000004,0.13143428697009527,-5.271933063710765e-18,-0.5052370101344071,0.8529130036522528
23.379999831000003,0.13451907524052897,1.6750923564901044e-17,-0.5201969640394412,0.8433858766902498
23.419999831000005,0.13802044960250573,-9.703609443745265e-18,-0.538273503653234,0.8313915989209861
23.459999831000005,0.1419003928252098,9.107298248878237e-18,-0.558331735744924,0.8173921649833155
23.499999831000004,0.14613352688636985,9.134403303190375e-18,-0.5773643087572944,0.803302836602089
23.539999831000003,0.1508040291874029,-1.5368565794982025e-17,-0.5975485612798953,0.7875238800780407
23.579999831000006,0.15614215823668845,9.025983085941824e-18,-0.617297613905419,0.7710792970167628
23.619999831000005,0.1622153868432949,9.974659986866641e-18,-0.63346056468732,0.7565803865137541
23.659999831000004,0.16862745383937602,1.214306433183765e-17,-0.6436676818397775,0.7464962807453607
23.699999831000003,0.17535989541594446,7.15573433840433e-18,-0.6475972428980944,0.7415299846064862
23.739999831000006,0.18186242184922194,1.0842021724855044e-18,-0.6464601046280986,0.7409557292061136
23.779999831000005,0.18798606882957952,-3.2526065174565133e-18,-0.6410648353091338,0.7441082682352573
23.819999831000004,0.19271525217379068,1.6479873021779667e-17,-0.6338574908535196,0.7490564150105604
23.859999831000003,0.19840636718829044,-3.686287386450715e-18,-0.634143163544534,0.7473268104309356
23.899999831000006,0.20513271791771007,-2.883977778811442e-17,-0.6421288935753118,0.7386413555139186
23.939999831000005,0.21269167897117353,8.023096076392733e-18,-0.6530934240515033,0.7267951768944992
23.979999831000004,0.22117854885909427,-1.0842021724855044e-17,-0.6581587015617691,0.7196576777073329
24.019999831000003,0.23152647961498954,4.336808689942018e-18,-0.6439951317056346,0.7291541397924943
24.059999831000006,0.24604178306348637,-3.469446951953614e-18,-0.5977145762248589,0.7630207902510112
24.099999831000005,0.2667876208918992,-8.673617379884035e-18,-0.5213009338007112,0.8105983603223899
24.139999831000004,0.2949692037534195,-6.938893903907228e-18,-0.4327839073200602,0.8518751424955745
24.179999831000003,0.3307542789130064,1.0408340855860843e-17,-0.3457596677409099,0.8780955865647161
24.219999831000006,0.3732708722873752,-6.938893903907228e-18,-0.27313377946000983,0.8866040798573583
24.259999831000005,0.4213771426631915,2.0816681711721685e-17,-0.21721336940650157,0.8804883053125006
24.299999831000004,0.4732153244234551,0.0,-0.17478793621087507,0.8634329354883026
24.339999831000004,0.5256157029585198,5.204170427930421e-18,-0.14194150691085958,0.8387971992199875
24.379999831000003,0.5762966825631847,0.0,-0.11285378002514973,0.8094109944896369
24.419999831000005,0.6238819053803574,3.469446951953614e-18,-0.0862627887394998,0.7767432648036667
24.459999831000005,0.6672043868999877,8.673617379884035e-19,-0.0614249863122433,0.7423377109900535
24.499999831000004,0.7049571318108823,2.6020852139652106e-18,-0.04038793885712399,0.7080990444167027
24.539999831000003,0.7373301679832358,-3.469446951953614e-18,-0.02307278833759368,0.6751384078988114
24.579999831000006,0.7642683048366644,4.336808689942018e-19,-0.009955841546713197,0.6448215562783151
24.619999831000005,0.7861275059175226,0.0,-0.001985310004728057,0.6180611644360781
24.659999831000004,0.8027849255607857,1.0842021724855044e-19,0.002621820560491408,0.5962629364209321
24.699999831000003,0.8153515012684408,-2.710505431213761e-19,0.0051148096154659565,0.5789436657412339
24.739999831000006,0.8252858931880086,1.0842021724855044e-19,0.006642301139871546,0.5646760791289446
24.779999831000005,0.8342867893979211,2.0328790734103208e-20,0.007353613238112991,0.5512816679415824
24.819999831000004,0.8435956867671277,1.3552527156068805e-20,0.00699478959573747,0.5369333200560473
24.859999831000003,0.8532569093068127,4.336808689942018e-19,0.0057612741835453415,0.5214589671680483
24.899999831000006,0.8629335488398832,2.168404344971009e-19,0.0025665294036963833,0.5053108975803167
24.939999831000005,0.8715018966094146,-2.168404344971009e-19,-0.0024889231103318887,0.49038581695226874
24.979999831000004,0.8783994837283027,4.336808689942018e-19,-0.009082458311911873,0.47784082698830127
25.019999831000003,0.8837433663163544,2.168404344971009e-19,-0.015692654131645854,0.4677086733193455
25.059999831000006,0.8881055021307389,-7.589415207398531e-19,-0.020869300247903382,0.45916564483013217
25.099999831000005,0.8921328704540892,-1.1655173354219173e-18,-0.022217126817723094,0.45122648496216683
25.139999831000004,0.896136783420691,-1.6263032587282567e-19,-0.021367402327388894,0.44326323952951147
25.179999831000003,0.90080865893695,-2.710505431213761e-19,-0.019378684324156136,0.4337836172310783
25.219999831000006,0.9068564782464033,5.421010862427522e-19,-0.017607090612429127,0.4210716307502754
25.259999831000005,0.9135518113639313,2.642742795433417e-19,-0.01723982287659748,0.40635683390446853
25.299999831000004,0.9205363287430559,1.0842021724855044e-19,-0.017941222765227863,0.39024476933066643
25.339999831000004,0.927751241995746,5.421010862427522e-20,-0.020150794904438652,0.37265477112210704
25.379999831000006,0.9346994357269554,-8.673617379884035e-19,-0.024704874012989445,0.3545795172478431
25.419999831000005,0.9408454185847167,5.421010862427522e-19,-0.028934654596232668,0.33759840652992734
25.459999831000005,0.9459942961287032,1.2468324983583301e-18,-0.03142986565750785,0.32265609437404197
25.499999831000004,0.9506202582421964,-1.3552527156068805e-18,-0.0330973984641073,0.3085865953576855
25.539999831000006,0.95512349349007,2.710505431213761e-19,-0.035327985551947876,0.29409360010065805
25.579999831000006,0.959468413369422,2.710505431213761e-19,-0.038694002237579836,0.27914716179320626
25.619999831000005,0.9633299596691319,2.168404344971009e-19,-0.04293384958006324,0.2648623668324836
25.659999831000004,0.966399657198024,1.4094628242311558e-18,-0.04761640359169992,0.25259529028969263
25.699999831000003,0.9685906096856075,-2.168404344971009e-19,-0.05248525462919061,0.24305869430113394
25.739999831000006,0.9700617752230327,-1.1926223897340549e-18,-0.056723671214408106,0.23614101163308854
25.779999831000005,0.9710073008795196,-8.673617379884035e-19,-0.061292989281262346,0.23105841491630907
25.819999831000004,0.9716944811872752,-9.75781955236954e-19,-0.06608500192685969,0.22680962887522949
25.859999831000003,0.9722642070589748,2.0599841277224584e-18,-0.07205714702901445,0.22250860485388418
25.899999831000006,0.972516555282566,2.0599841277224584e-18,-0.07977826350871392,0.21873952174416458
25.939999831000005,0.9725938054038876,2.2768245622195593e-18,-0.08625809366926374,0.21591857485295124
25.979999831000004,0.9726107613767236,4.228388472693467e-18,-0.09203117079241961,0.2134445371912024
26.019999831000003,0.9726355459570705,-2.2768245622195593e-18,-0.09822785885127563,0.2105501899459733
