0.041711111928495234,-0.9868321896235208,0.1050308428238146,0.12300712003200097
0.24171111192849526,-0.9841585896152407,0.11131720323370309,0.13798677744902593
0.44171111192849527,-0.9840694562942387,0.11697665954031719,0.13387967101674092
0.6417111119284953,-0.9642824698213708,0.244545818523963,0.10176768169532956
0.8417111119284952,-0.7721089231873849,0.6299013901992834,0.08409547763957156
1.0417111119284952,-0.4597225083403274,0.8873752738084765,-0.03493334737195002
1.2417111119284954,-0.13749749756928004,0.9874552049396816,-0.07763154255660452
1.4417111119284953,0.08327665646875149,0.9942882016604574,-0.06675305630605281
1.6417111119284953,0.2645098775013391,0.9615423479533622,-0.0739651120229098
1.8417111119284952,0.41471672272320215,0.9032945708856681,-0.1098588098524802
2.041711111928495,0.4436091257201167,0.8883207604723428,-0.11873150420874821
2.2417111119284954,0.4041220491271428,0.9054786871463866,-0.129590572700854
2.4417111119284955,0.20632091890631282,0.9515438584238232,-0.22802623515191792
2.6417111119284953,-0.38589809244769957,0.7887904280282503,-0.47842692534621933
2.8417111119284955,-0.6100202973229625,0.4185930156590363,-0.6727964953055854
3.041711111928495,-0.5211673119590411,0.3645119360085371,-0.7716966252697338
3.2417111119284954,-0.493810810249702,0.3060705641320574,-0.8139236410452867
3.4417111119284955,-0.4838762239180735,0.2389887978053192,-0.8418718159258894
3.6417111119284953,-0.4304045092014189,0.24466768391021024,-0.8688438771776544
3.8417111119284955,-0.3848329837858663,0.28292037342295295,-0.8785554261927271
4.041711111928495,-0.3925127495783532,0.2936718376843112,-0.8716023136554655
4.241711111928495,-0.5338248917486632,0.292939277609601,-0.7932323522040019
4.4417111119284955,-0.7865208275348514,0.23953349305536975,-0.5692176152918899
4.641711111928496,-0.9677043354530763,-0.17939348883277365,-0.17710532264651246
4.841711111928496,-0.9176042421894172,-0.39748134179447514,-0.0033222945759179253
5.041711111928495,-0.8419968872853183,-0.5393291949841871,0.012855397292333369
5.241711111928495,-0.6779893724819546,-0.7326502214127201,-0.059615969885744316
5.4417111119284955,-0.6450434287190261,-0.7612861648326643,-0.06604809081855674
5.641711111928496,-0.5701580312742601,-0.8134182505609985,-0.11519795583144907
5.841711111928496,-0.2965130672643461,-0.9514764565794919,-0.08229552549454837
6.041711111928495,-0.18375513917707986,-0.9828700888414009,-0.014157587609076233
6.241711111928495,-0.3418111381885071,-0.9383693942659072,0.051264273283758044
6.4417111119284955,-0.7413886496548652,-0.6632647287799253,0.10209196696815745
6.641711111928496,-0.9594056347987543,-0.2427608847485752,0.14355480052052771
6.841711111928496,-0.9886021347205038,0.042207241558063685,0.14451424838444762
7.041711111928495,-0.9728227470331314,0.18883072690677694,0.13401066909306328
7.241711111928495,-0.9555863251049632,0.23806894099921785,0.17371803189048388
7.4417111119284955,-0.9604483654072826,0.22267736534164956,0.1671936851408592
7.641711111928496,-0.8459931504267512,0.4932447772960141,0.20249735578823205
7.841711111928496,-0.5687859470423698,0.8012208419024098,0.18581633122066638
8.041711111928496,-0.42894242635722335,0.8843485101511275,0.18421755471251794
8.241711111928497,-0.3224226077620063,0.9248730989708625,0.20162691487988704
8.441711111928496,0.12096950056368622,0.9764561477450772,0.17860507121640348
8.641711111928496,0.596552617261345,0.7909321714795553,0.13620306515374325
8.841711111928497,0.8061039414044201,0.5755500837457643,0.1376173562909222
9.041711111928496,0.9029997642701031,0.41446430617640895,0.11318464840183051
9.241711111928497,0.9525962553340372,0.289663861299182,0.09303344442090809
9.441711111928496,0.9840861159540997,0.1684319888495317,0.05661432255679689
9.641711111928498,0.9163101751907651,0.3967653881108682,-0.054340497229061646
9.841711111928497,0.7578328801906343,0.6471417545635701,-0.08304742742765352
10.041711111928496,0.7529875111682333,0.6472893856361083,-0.1184325093354841
10.241711111928497,0.7463008303612869,0.6486509336827274,-0.1492884350329253
10.441711111928496,0.707028023126714,0.6833153469567257,-0.18218537572192922
10.641711111928498,0.6687338741874053,0.7040940772330736,-0.23884416660159546
10.841711111928497,0.610421175374032,0.6844616649231592,-0.3986203932384822
11.041711111928496,0.6677121563424961,0.5911624455408059,-0.4524239596381561
11.241711111928497,0.9125638141236376,0.2823378552882814,-0.29582532113281346
11.441711111928496,0.98221905529682,-0.1505929657830839,-0.11210479948903974
11.641711111928498,0.911406220714405,-0.41085627559573545,-0.023147821640196978
11.841711111928497,0.8326670937888895,-0.5528609302284326,0.031785259918984045
12.041711111928496,0.9003860605291762,-0.4254657813446883,0.09101544324731146
12.241711111928497,0.9625963266427265,-0.22952943428930037,0.14396024009692027
12.441711111928496,0.9472837081993492,-0.2832652196871056,0.1497143663637755
12.641711111928498,0.7809847681407756,-0.606842026919861,0.14766701153573167
12.841711111928497,0.6077256848687157,-0.7787319161235065,0.1557115755538513
13.041711111928496,0.5410137957130792,-0.8264091499593128,0.15605124066040788
13.241711111928497,0.5417241983659332,-0.8224681317177914,0.17343893799672755
13.441711111928496,0.8442839562909701,-0.4976759245659037,0.19875430877628972
13.641711111928498,0.9652726608137484,0.1040226608066732,0.23964134936243048
13.841711111928497,0.9352915016284189,0.22020107723552668,0.27702218785861044
14.041711111928496,0.9211430082636571,0.24303402187066722,0.30402306251392947
14.241711111928497,0.908837174239137,0.28388353234496677,0.3056552482526101
14.441711111928496,0.9004726462582899,0.3071122949949125,0.307946507698254
14.641711111928498,0.8984515454038329,0.31247891430213454,0.3084505611569271
14.841711111928497,0.8735535938997294,0.3709664132896257,0.31510004569326483
15.041711111928496,0.7999975801894195,0.5189417901063466,0.3011698692968698
15.241711111928497,0.6865373276421103,0.6820593109930726,0.2519158471428198
15.441711111928496,0.3711571752356827,0.9142244471910029,0.16259154784112606
15.641711111928498,-0.2360406827777261,0.9676441143846284,0.08916088812149267
15.841711111928497,-0.4779753156765333,0.8718666120347559,0.10671554911518404
16.041711111928496,-0.4593258500960833,0.8718482269543513,0.1700012723189584
16.241711111928495,-0.3911077337829594,0.9147075611776818,0.10170947890700703
16.441711111928498,-0.3455696535803404,0.9369180429119242,-0.05259463271526651
16.641711111928498,-0.3264649067176629,0.9337300609052027,-0.14686333117491898
16.841711111928497,-0.33029396234220676,0.9240561505045289,-0.1924217481342374
17.041711111928496,-0.3014795536372467,0.9089016248574328,-0.2881109422951595
17.241711111928495,-0.23374875530515604,0.9280855187876257,-0.28985994757812544
17.441711111928498,-0.12537175500723619,0.9504487184467331,-0.28448050310938455
17.641711111928498,0.07145553750058808,0.9744022934161503,-0.21315317672005082
17.841711111928497,0.29155357987116287,0.9507274235111629,-0.10542237071957566
18.041711111928496,0.3925474420254449,0.9145864302797363,-0.09715023060934999
18.241711111928495,0.44272206009647996,0.8966588917022538,-9.713503557483218e-05
18.441711111928498,0.500078642125217,0.8645702814077898,-0.04939210662296661
18.641711111928498,0.4835405123085454,0.8753164246953891,0.0031192330581159334
18.841711111928497,0.5017394020177276,0.8650082541647526,-0.004276995410348085
19.041711111928496,0.48745157022163804,0.8724294888237707,0.0354648236870472
19.2417111119285,0.4770712751636539,0.8766100570254045,0.06291109866822299
19.441711111928498,0.45514182104142026,0.8896575199219956,0.03681602891872269
19.641711111928498,0.3888826544257877,0.9156096341223535,0.10212384143324946
19.841711111928497,0.36396303453276907,0.9301875057752875,0.04777147258823344
20.041711111928496,0.27968232813143057,0.9576426445376465,0.06854458909298622
20.2417111119285,0.2689260435274607,0.9596187627864154,0.08252643952659112
20.441711111928498,0.20703674740232747,0.9755252064730617,0.07406994505705466
20.641711111928498,-0.045858919212455496,0.9974247345677967,0.05514397882839144
20.841711111928497,-0.5674703240359611,0.8233922546337975,0.0016206009975057356
21.041711111928496,-0.9832424583344394,0.17915208826800197,0.03374607232942182
21.2417111119285,-0.9959277877843483,-0.06441693196128503,0.0630737694740801
21.441711111928498,-0.9957845352397852,-0.07419271669129861,0.05393143950656311
21.641711111928498,-0.9961882929530314,-0.08277201184556673,0.02752597025289664
21.841711111928497,-0.9988731719918139,0.0006550674847490132,0.047454790712875554
22.041711111928496,-0.994039964650864,0.09180167652322908,0.058796265735451325
22.2417111119285,-0.9811114386938682,0.18066897054183284,0.06913080317342227
22.441711111928498,-0.9642970505589404,0.2572163033335077,0.06301564553960144
22.641711111928498,-0.997443551393546,0.07074800734318665,0.010053916669587321
22.841711111928497,-0.8916296801885975,-0.45274271192711607,-0.0045332332456989016
