0.0,-0.9997124032154212,0.022730590522611283,-0.007644024577436756
0.2,-0.9996569480297227,0.024461762256200538,-0.009359938206046636
0.4,-0.9995998725063888,0.025711527793822717,-0.01179034451229986
0.6000000000000001,-0.9994061825733954,0.028546138383323913,-0.01929767388763636
0.8,-0.999052554710362,0.03443497107395516,-0.026612510100241897
1.0,-0.9989235908421161,0.03822141781419636,-0.02628274870261365
1.2000000000000002,-0.9990570556127705,0.03775359168108608,-0.0214398214899288
1.4000000000000001,-0.9992378447547363,0.039034342752871265,-0.00022292546041574702
1.6,-0.995509532307145,0.06592315248232793,0.06793312190972176
1.8,-0.9816699425351334,0.17114273020818105,0.08387067318173551
2.0,-0.9280943010028033,0.3616621648557075,0.08855194497017502
2.2,-0.8531892137770496,0.5148996017159472,0.08334605957847821
2.4000000000000004,-0.7684821997009654,0.6346956514996794,0.08121907848629546
2.6,-0.6509622877920839,0.7533596004466397,0.09325991790354331
2.8000000000000003,-0.5086856702223235,0.8526999094203925,0.11891910437318334
3.0,-0.35475300195893444,0.9235709889556803,0.14548861110255643
3.2,-0.19805757173452648,0.9641353306513514,0.17668124537831575
3.4000000000000004,-0.11232810656070669,0.9732269900128284,0.20052835806203728
3.6,-0.05403494878448262,0.9838129363466405,0.1708576325098159
3.8000000000000003,0.04895384303021555,0.9987048694911059,0.013860191460661149
4.0,0.05016262437892871,0.9716557325168231,-0.2310169876494251
4.2,-0.08136000462786691,0.9188464935856664,-0.3861368551074599
4.4,-0.2162427013096676,0.8623892927356034,-0.4577376998951293
4.6000000000000005,-0.28217802160170175,0.8570501042851064,-0.4310924296132309
4.800000000000001,-0.16502587026793675,0.8910528843327347,-0.4228371074830409
5.0,0.08588992110126775,0.9657970269385903,-0.24466103941943576
5.2,0.25462051567358357,0.9670236082820326,-0.005808099802559634
5.4,0.3574707269599592,0.9147606514138997,0.18822228877456657
5.6000000000000005,0.4358533165200421,0.8390684751223826,0.32557023901806503
5.800000000000001,0.4602085195855006,0.745615840093085,0.4819389354505455
6.0,0.45489288293183516,0.6952146575321047,0.5565510264211917
6.2,0.49769149936426244,0.6198915141251813,0.6066610933430152
6.4,0.6047923007750167,0.4689400275817655,0.6436781210006092
6.6000000000000005,0.6966986211608436,0.33764415515574225,0.6329355857919072
6.800000000000001,0.7891528898850249,0.24868939957539016,0.5615970966137073
7.0,0.886935999054783,0.13398328951959151,0.4420328174583912
7.2,0.9529248727594957,0.052857028249383556,0.2985637644472994
7.4,0.9838548926957611,0.09507111413631388,0.15162794391368714
7.6000000000000005,0.9864302486700255,0.1637919923182405,-0.011293704494698938
7.800000000000001,0.9699290623599953,0.1645167920999741,-0.1793651000239317
8.0,0.9276437585556442,0.11135880750673394,-0.35647759144641405
8.200000000000001,0.9008077057127378,0.008979578636500597,-0.43412537877445595
8.4,0.8928950496037298,-0.07825943042644114,-0.44341165066164256
8.6,0.8945934422773762,-0.2014586595597851,-0.3988946997926762
8.8,0.8923690166749887,-0.33264347314199183,-0.30500140631568606
9.0,0.8914003227151254,-0.40857570327293624,-0.19614117201239445
9.200000000000001,0.8799564246133325,-0.46262676871520325,-0.1079498200547374
9.4,0.8617451402394686,-0.5030717025121265,-0.06568238276135524
9.600000000000001,0.8386932366226135,-0.5438276106292943,-0.029072061514751286
9.8,0.8191363555781871,-0.573404409961873,0.014933640090810473
10.0,0.7875669278168208,-0.6114246808916506,0.07679969925538882
10.200000000000001,0.7668392297822612,-0.6158985969025619,0.1806281096629316
10.4,0.7511308636453596,-0.6027470795887176,0.2692552389957302
10.600000000000001,0.7393907665788917,-0.5708775408868382,0.3569315447097317
10.8,0.6998122779364621,-0.5902936199733925,0.40226386597367647
11.0,0.6425734079305743,-0.6385831629591429,0.42345124796791495
11.200000000000001,0.659340204414048,-0.6295001097522305,0.4110962255545181
11.4,0.7983542901074234,-0.48033215561646386,0.36319615602028815
11.600000000000001,0.832014749011163,-0.4162222354256147,0.36675674249452545
11.8,0.8474570325814591,-0.4088958223188692,0.33855691459251497
12.0,0.8525335070995149,-0.4786598053891994,0.20993191748129927
12.200000000000001,0.8067209059636072,-0.5908687970171055,0.00868588468811283
12.4,0.7214298104608425,-0.6881959224122169,-0.07697662602134983
12.600000000000001,0.6005867111633687,-0.7881305061912687,-0.1347067466189531
12.8,0.4607570418273744,-0.8765532810600988,-0.13913049223395496
13.0,0.33861099838746495,-0.9314532517577574,-0.13318194908073733
13.200000000000001,0.22962130521223956,-0.9644139457386971,-0.131071726384241
13.4,0.1357110650091558,-0.983322233390084,-0.12107804158813441
13.600000000000001,0.06174605933775995,-0.9925459388110126,-0.10507132580311072
13.8,-0.001940804178922062,-0.9969591263924743,-0.07790207687792472
14.0,-0.037535063733930285,-0.9988083913741553,-0.031191606420031874
14.200000000000001,-0.06487499245064371,-0.9971822540444114,0.03766679669730341
14.4,-0.1318819191894225,-0.9872000534627764,0.08968396642659067
14.600000000000001,-0.09746100794465296,-0.9789559983503291,0.17929446512461844
14.8,0.05985982457189459,-0.961420044178359,0.26849264432066733
15.0,0.16588321663667055,-0.929482142696273,0.3294627518354947
15.200000000000001,0.15658897325139304,-0.9381947464305467,0.3086592153592648
15.4,0.04338299412908375,-0.9900633806090336,0.13376254407496768
15.600000000000001,-0.1362921531684479,-0.9905423157986714,-0.015823071664926528
15.8,-0.2723434341531672,-0.9591500241409606,-0.07655249874467722
16.0,-0.3574574250795693,-0.9279969526745269,-0.10509921542179032
16.2,-0.3798148172069593,-0.9084154698648844,-0.1747055773013724
16.400000000000002,-0.26917346129108255,-0.9186984345547637,-0.28903085316831656
16.6,-0.19633597920403617,-0.9237685350147589,-0.32879154032103464
16.8,-0.1871111602555504,-0.9294396182503734,-0.31801165031241035
17.0,-0.3473290997219936,-0.9078950516155693,-0.2347106127516877
17.2,-0.5888281203764023,-0.7955590813904012,-0.14271367373610222
17.400000000000002,-0.7325293456958178,-0.6741759883507112,-0.094273508610845
17.6,-0.8106746607344673,-0.5769238860114727,-0.09982697126767648
17.8,-0.872259170069926,-0.4813393780790248,-0.08646585071241598
18.0,-0.8938812440533234,-0.4464205562901531,-0.04104885444533173
18.2,-0.8947239628740684,-0.44541494959779165,0.03278037421567781
18.400000000000002,-0.904565866992497,-0.412707796878804,0.10692458401862755
18.6,-0.9097743754967866,-0.36883679713305634,0.19044685024977684
18.8,-0.907332810588992,-0.32807394892515207,0.26289666195168365
19.0,-0.9255675483013504,-0.20945619068085755,0.3153614080969517
19.200000000000003,-0.9437307982633274,-0.13180303711409644,0.3033152482430831
19.400000000000002,-0.969122171232161,-0.11858952229384358,0.21619144855516448
19.6,-0.9930647804333937,-0.11477294835859703,0.025485528989025577
19.8,-0.9959704860395011,-0.02941101985960876,-0.0847217967766113
