0.0,0.9994741076656289,0.03237681608325367,-0.001802744104395759
0.2,0.9992374907526771,0.0381823771473469,-0.008157398462222762
0.4,0.9988217768664821,0.04778935498962434,-0.008440118894823377
0.6000000000000001,0.9987436903988716,0.050109537961730954,0.00027403230569157677
0.8,0.999456758596455,-0.012162926082458092,0.03063088188381889
1.0,0.9868759841787134,-0.07823018245760896,0.14126510681673982
1.2000000000000002,0.96025265458723,-0.16503368361770007,0.22511935196635452
1.4000000000000001,0.9289045114808183,-0.28748858099963953,0.23342391553865355
1.6,0.9208992505669608,-0.32023284323059614,0.22225097619956294
1.8,0.9070217306263323,-0.37506567414634057,0.19140877787803856
2.0,0.8547543247567571,-0.5068657068718907,0.11172376428888685
2.2,0.8302671853106814,-0.5550860408810063,0.05035760335171569
2.4000000000000004,0.7962445036191935,-0.604700504572703,0.01822059894028705
2.6,0.7352043719526891,-0.6777801856441212,0.009410175868322827
2.8000000000000003,0.6134183656261601,-0.7896630171004922,0.012256758799854939
3.0,0.5566418719665409,-0.8305678199417899,0.017519213758837367
3.2,0.5165948410341679,-0.8543098218553874,0.05731054439018581
3.4000000000000004,0.5038091946444689,-0.856609643845879,0.11133828390059101
3.6,0.4907650619516004,-0.8566794431874856,0.15890244047094343
3.8000000000000003,0.39674642899429763,-0.9036437207145843,0.16130808130213206
4.0,0.30919304291045785,-0.9392124228479217,0.1492638167269901
4.2,0.25686178362990786,-0.9567807729403552,0.1363545989034448
4.4,0.20772336436483751,-0.9757238521167413,0.06938276664576677
4.6000000000000005,0.19008030923712732,-0.9814467018247667,0.02513657728500895
4.800000000000001,0.18455685991942933,-0.9828186720179336,0.0024946722402370333
5.0,0.13954541944656595,-0.986994000443071,0.07981177232003657
5.2,0.040978542130518436,-0.9895103878459176,0.13852780020587552
5.4,0.09367385150275687,-0.9826449480907112,0.16010657555654198
5.6000000000000005,0.3812547659899039,-0.8898733491564035,0.25053986882560014
5.800000000000001,0.6202264960282949,-0.7128273075918017,0.32740849588226345
6.0,0.7296158834294862,-0.5300835434118166,0.4320556673061735
6.2,0.7892687757095292,-0.40687931608774214,0.4598956640695279
6.4,0.8691263603986827,-0.1936874690276254,0.4550873916093607
6.6000000000000005,0.9071632257619472,0.08298832938924265,0.41251402280451194
6.800000000000001,0.8911221754593711,0.3386236906549606,0.3020517580345651
7.0,0.8136321309438125,0.5195708845517627,0.26086174771692755
7.2,0.6835684911460529,0.673447524429367,0.2814294756280269
7.4,0.5716516924379879,0.7586737814718979,0.3124554941746347
7.6000000000000005,0.4702517626882503,0.7961212271007508,0.38085991052904056
7.800000000000001,0.37882315027730085,0.8136866241983656,0.44091620339317267
8.0,0.3119164251277505,0.8786258941695266,0.3615586837988048
8.200000000000001,0.24270254417180553,0.9700342851970796,-0.011356081838549142
8.4,0.23664806413282952,0.9256801881383192,-0.29515061075727156
8.6,0.23257384919943364,0.8907764953428685,-0.3904185446584671
8.8,0.30831934084115753,0.8081747759230146,-0.5017895132673257
9.0,0.46498403077495587,0.6378314779172974,-0.6139713811751418
9.200000000000001,0.4800019746535033,0.5373687562356008,-0.693421173710856
9.4,0.42742402254118667,0.45013697242057993,-0.7840187568003363
9.600000000000001,0.3512387032032139,0.37059560232236316,-0.8598199072546816
9.8,0.2941419475008628,0.3139768359257403,-0.9027175977139589
10.0,0.21614363408594944,0.3098306198123988,-0.9258978974329644
10.200000000000001,0.10337192646693003,0.2927189925427313,-0.9505944646500338
10.4,0.012960970857758138,0.25682113103146814,-0.966372040101607
10.600000000000001,-0.06561439891194898,0.236276011150359,-0.9694681001509532
10.8,-0.10251171883700011,0.21837331137117738,-0.9704660964618345
11.0,-0.12939845453194185,0.210988211002761,-0.9688859658301383
11.200000000000001,-0.1507232739568699,0.19144392777270303,-0.9698617000411359
11.4,-0.17497159496479836,0.1810372777659469,-0.9677863633129836
11.600000000000001,-0.185215389206061,0.15167731100450263,-0.9709218572715785
11.8,-0.18957747582931853,0.11607983213495365,-0.9749799245265027
12.0,-0.1819988938307922,0.07617634992237962,-0.9803435960707205
12.200000000000001,-0.16265177603970804,0.045446561582648065,-0.9856363476411792
12.4,-0.15942804249071751,0.021331473360889672,-0.9869790613340443
12.600000000000001,-0.16925465250244512,0.009200369295971289,-0.985529408902187
12.8,-0.18130614794356154,-0.010677553307536884,-0.9833687358123768
13.0,-0.17066891216849508,-0.01151564583869296,-0.9852611391504995
13.200000000000001,-0.17575970788570386,0.020619606514383604,-0.9842171289462117
13.4,-0.18564633869183417,0.025126137513015054,-0.982295329391316
13.600000000000001,-0.24398172867481394,0.051975327156658625,-0.9683860188167772
13.8,-0.3782569224467095,0.10399098502326115,-0.9198410599962561
14.0,-0.5475428284076314,0.18832144926597702,-0.8153109117420996
14.200000000000001,-0.6299025767147217,0.2483195762261837,-0.7359076925206062
14.4,-0.704191448495299,0.3183535563527642,-0.6346380204680776
14.600000000000001,-0.7432246800413213,0.3951970392645856,-0.5398484742351148
14.8,-0.8136821802905179,0.36282007622119933,-0.45418377532504695
15.0,-0.9011438625391968,0.2810974047110144,-0.3300363435633554
15.200000000000001,-0.9499092336986436,0.22325686901876785,-0.21869800678102352
15.4,-0.9669487548522855,0.19011724203324015,-0.16989861615472077
15.600000000000001,-0.9670240522889323,0.1963026144853117,-0.16226449346953148
15.8,-0.9655412043306887,0.2034782222692415,-0.16225534136598554
16.0,-0.9644567772494299,0.20467659689661402,-0.16712455086092104
16.2,-0.9641392416123777,0.20157793055437662,-0.17263215429497608
16.400000000000002,-0.9641143788922861,0.20434295991210938,-0.16949164919694326
16.6,-0.9379198359996261,0.31116896601120925,-0.15323268525333997
16.8,-0.7739951892907876,0.61673565410174,-0.1434175021202674
17.0,-0.5134803499240204,0.8466073279413077,-0.1399784359034805
17.2,-0.369748824683377,0.9159561238981966,-0.1559172400302564
17.400000000000002,-0.310334502038059,0.933701956205416,-0.1785865443502656
17.6,-0.2599316647990279,0.9402950101551523,-0.21972897740654987
17.8,-0.15968970240085778,0.9486655907312893,-0.27300695212682635
18.0,-0.13146784784674692,0.9467832828375708,-0.29379860503728866
18.2,-0.10381983502504649,0.94467282207909,-0.31115060835630765
18.400000000000002,-0.0928246902832302,0.9833755940437748,-0.15606414678866984
18.6,-0.07198412950132038,0.996697731188071,0.03757549393539437
18.8,-0.09927412170938382,0.9869947499419149,0.12643580325970796
19.0,-0.13888462361168757,0.9773657110836423,0.1595848618203048
19.200000000000003,-0.21216947326416968,0.9419460141482174,0.2602341657912949
19.400000000000002,-0.3288071910742876,0.8791532781076348,0.34492802827609853
19.6,-0.4466318111702943,0.7839862543700443,0.4311444980625067
19.8,-0.5123709148438776,0.7227137208462204,0.4638544203978868
