0.04,-0.9983924762641962,0.050992384302523557,0.024743485651583005
0.24000000000000002,-0.9913832713593637,0.12777239045528746,0.028869109895316145
0.44,-0.9855341319536765,0.16674433739917335,0.030311725447825205
0.6400000000000001,-0.9783760064226646,0.20456869172775702,0.030529337058507994
0.8400000000000001,-0.9612977788684571,0.27355231966666016,0.03279799913958665
1.04,-0.9402457258792581,0.33703852204674734,0.048404644635938125
1.2400000000000002,-0.9264519659803204,0.3747381524921546,0.03546930783037913
1.4400000000000002,-0.930251889584292,0.36604696147958266,0.02531884508463156
1.6400000000000001,-0.9485183591525281,0.3167073231492076,0.0030649329942532364
1.84,-0.9597010873047849,0.28102196051654676,0.0006933494430947492
2.04,-0.9903589810398836,0.1382486260770124,0.00874105608390975
2.24,-0.9986695008984748,0.050122660050029036,0.012122166666921317
2.4400000000000004,-0.9990677897808482,0.042751443358740135,0.0059887822765019765
2.64,-0.9960690307869575,0.0885166231561248,0.003360555336201893
2.8400000000000003,-0.9917085296031636,0.12850040727409,-0.0013555968148394695
3.04,-0.990105306217444,0.1403175512934562,-0.0015707956808307228
3.24,-0.9882532225600721,0.1526765913724063,-0.006739921849406375
3.4400000000000004,-0.985401019946211,0.17017756382413965,-0.004942333441622969
3.64,-0.9842972623287132,0.17636802982564742,-0.00729502759558394
3.8400000000000003,-0.9815062531338539,0.19134711334965823,-0.005635359074311269
4.04,-0.9805649867344335,0.19611249054778743,-0.0056743142003608076
4.24,-0.9802008241068976,0.19769592469271938,-0.011075458457772793
4.44,-0.971924350706657,0.23501315952154492,-0.011483525379611058
4.640000000000001,-0.8432668007005684,0.5373969195939828,0.01027879599596052
4.840000000000001,-0.574508076998282,0.818163304588531,0.023436648406085267
5.04,-0.47445495516818337,0.8801898900768456,0.012579861798421054
5.24,-0.3541300016175273,0.9350823498871286,0.01459249409579236
5.44,-0.22636696775988846,0.9738846588830976,0.01751191306929881
5.640000000000001,-0.030474334597100472,0.9990187207117887,0.03213892652602585
5.840000000000001,0.19224213140904306,0.9804739323324779,0.04139844112760763
6.04,0.3136767009091494,0.9492075550097347,0.024737518452618786
6.24,0.26801384822096014,0.9633904033314296,0.006892599705284257
6.44,0.0040798553375668845,0.9995774912581378,-0.028778355590846964
6.640000000000001,-0.3502818965741172,0.9351165515517679,-0.05347548921112824
6.840000000000001,-0.7362583265978406,0.6725136294448978,-0.0751604598588806
7.04,-0.9853155317894983,0.15813708264057316,-0.06438917539700917
7.24,-0.8481380557636076,-0.5276946216331916,-0.04690655247330277
7.44,-0.5971287406005357,-0.8019048050991137,-0.01964562821013939
7.640000000000001,-0.46850794230024273,-0.8832250629645708,-0.02034198006150879
7.840000000000001,-0.3911205766599126,-0.9203238689668702,-0.005354504932193426
8.04,-0.3057171734580404,-0.9520463318139315,-0.012032951943062243
8.24,-0.26856405544783196,-0.9632582947534815,-0.002608775580436855
8.44,-0.27203058584597556,-0.9622492348877574,-0.008704614995570938
8.639999999999999,-0.3100190250032723,-0.9504631783561388,-0.022537762204074902
8.84,-0.4629177605213091,-0.8845574974237701,-0.05714176008256135
9.04,-0.7067934074867696,-0.704581743532489,-0.06330596981295862
9.24,-0.8210770792107908,-0.5677405225091455,-0.0591872376084492
9.44,-0.8565888200594443,-0.5131584470583552,-0.054074037779944635
9.64,-0.886415489974848,-0.45986630183985705,-0.05282578503708108
9.84,-0.9235550545925528,-0.3788111263315455,-0.059566699622967324
10.04,-0.9601153843549812,-0.2743339081939722,-0.054031060880834224
10.24,-0.9661361210389215,-0.249889725459344,0.06431267941642678
10.44,-0.9863556414214878,-0.12977085872416452,0.10130188972570138
10.64,-0.9938900661112411,0.09374235678763482,0.0582658307182913
10.84,-0.8916878175415961,0.45236691679798197,-0.01603148884519065
11.04,-0.6695489912628538,0.7422312629328887,-0.028229428331866
11.24,-0.4255218575207213,0.9047934457327692,0.01673228409803678
11.44,-0.26644491089017114,0.9637610267073398,0.013106977559430875
11.64,-0.21037397086160275,0.9773128529678845,0.02454342697537841
11.84,-0.1896637410617404,0.9802314573918373,0.056337867069492724
12.04,-0.1504931566366144,0.9830337915441621,0.10486359944164
12.24,-0.18424586786575214,0.9777004275779898,0.10077367755625441
12.44,-0.20688497657474453,0.9744231067836155,0.08773947477523361
12.64,-0.2353125764624367,0.970072420368629,0.05989566427347134
12.84,-0.2731665746146159,0.9609306607180681,0.044635051307853946
13.04,-0.3755020348304881,0.9260247981445979,0.03842258527766686
13.24,-0.42810328931102204,0.9031449336565588,0.0325084987591425
13.44,-0.43058665601884816,0.9021314370919086,0.027459094467844104
13.64,-0.411069709287616,0.911099146968633,0.030332136410479205
13.84,-0.3729316890135891,0.9272494396241574,0.0336218983128207
14.04,-0.21814805090526884,0.9724619879451772,0.08203115193599397
14.24,-0.009614129768068191,0.9926614992345336,0.12054342141424067
14.44,0.12264129798097917,0.9867674994925759,0.10606136890833738
14.64,0.22964117863883055,0.9691015605857577,0.0900394043939525
14.84,0.22132319901596564,0.9735080610569644,0.05742905740518873
15.04,0.18114962768044995,0.982988045517226,0.03032020384923201
15.24,0.15662420630505647,0.9875930910835001,0.011346560864351892
15.44,0.14484665245173745,0.9894386053649512,0.0055401703030235104
15.64,0.14547671106686205,0.9893613690344308,0.0007797432176071324
15.84,0.15119593202643206,0.9884963017136954,-0.0038537821689321235
16.04,0.12833307473727568,0.9912626430753081,-0.03047940898100204
16.24,0.06509009895536455,0.9968032632035045,-0.04633069700345693
16.44,0.012799195603808322,0.998061438597744,-0.060906037271334756
16.64,-0.004895861488249276,0.998199216606806,-0.05978590557854673
16.84,0.00240481807056081,0.9980128876566089,-0.06296421937390174
17.04,0.019001971834736897,0.9976878623313525,-0.06525223692018994
17.24,0.016244380420598614,0.9976247382447113,-0.06694028493308551
17.44,-0.0005184568679774681,0.9977625863610574,-0.06685471158093054
17.64,-0.021721631439663602,0.9971608439722598,-0.072100083052173
17.84,-0.03430528786495196,0.9964945058636072,-0.0763010288800086
18.04,-0.037877023818949085,0.9961995189202207,-0.0784337272462526
18.24,-0.04988656464258423,0.9956523559234175,-0.07866204175019699
18.44,-0.0693089339816012,0.9945864175142343,-0.07742176545736527
18.64,-0.08726981116900367,0.9932710330501646,-0.07613563529639307
18.84,-0.09387778236220895,0.9929300934963224,-0.07264152674702004
19.04,-0.09531178131031304,0.9929685077590513,-0.07020831106228143
19.240000000000002,-0.09843820942080123,0.9927451682312585,-0.06904310160701481
19.44,-0.1182434189395204,0.9899731057326521,-0.07727705871434613
19.64,-0.11826431477137961,0.9898153355549111,-0.0792411089774455
19.84,-0.12036488188724459,0.9893545755008201,-0.08179131459917793
20.04,-0.10944631908004654,0.9903596621331152,-0.08490726034568795
20.240000000000002,-0.1044951966068306,0.9897643609475649,-0.09719703536712655
20.44,-0.10967217598036705,0.988257078348898,-0.10639530492005711
20.64,-0.11551248492072874,0.987079386288966,-0.11104571576984337
20.84,-0.11838517405350801,0.9860457784365627,-0.11704133198043264
21.04,-0.04173200143705025,0.9934525232946717,-0.10635094741236652
21.240000000000002,0.11735069716316832,0.9902117362612717,-0.07556144020435482
21.44,0.23309724705173052,0.9699908800131244,-0.06916188334819727
21.64,0.3860078872152213,0.9196273051013151,-0.07268789940378206
21.84,0.5083280806793931,0.8578140122392703,-0.0758793964048835
22.04,0.5856575357112827,0.8013817493141091,-0.12162459755676917
22.240000000000002,0.6428486076208605,0.7502616513490666,-0.15444456026319753
22.44,0.6978053132053862,0.6910753109840182,-0.18836841404724797
22.64,0.6940570480876127,0.6909347078433087,-0.2022227571204366
22.84,0.6631098301233863,0.7280026036427406,-0.17406194955568208
23.04,0.631059040567005,0.7679169677113559,-0.10985453117485945
23.240000000000002,0.6243117926833754,0.7770337707059238,-0.08033246354372395
23.44,0.6482489879352362,0.7570311604840418,-0.08171335078876221
23.64,0.6456511976550506,0.7596739156774828,-0.07765354342101213
23.84,0.6624347025117715,0.7454165398228122,-0.07439386444275378
24.04,0.6591118418903339,0.7464452891408124,-0.0916024573874563
24.240000000000002,0.6542723446270359,0.7509514569576189,-0.08944052968018064
24.44,0.6413307225997695,0.7613958275470216,-0.09471693641394469
24.64,0.6315890138029077,0.769487941735958,-0.0947819875631961
24.84,0.624566314467762,0.7755185747751105,-0.09212957728622409
25.04,0.627788299307501,0.7731145448653605,-0.09041986380337957
25.240000000000002,0.6473334910828203,0.7567162247010834,-0.09132308906660938
25.44,0.6780983210900879,0.7293067622148766,-0.09107312184424979
25.64,0.6789319418218424,0.7291442819271265,-0.08602345323804109
25.84,0.6755814139965859,0.7327411971340876,-0.08173182418665174
26.04,0.6742221871928897,0.734541418745388,-0.07663776121696339
26.240000000000002,0.7327980195190992,0.6763411614582185,-0.07463039532411593
26.44,0.8712871653282255,0.487273231328158,-0.058510456888675046
26.64,0.9609147810466739,0.27204256019511036,-0.05133837754071612
26.84,0.9799447691956555,0.19487410435885813,-0.04162130195472578
27.04,0.9790838776143685,0.2004071081272328,-0.03509631900488287
27.240000000000002,0.9711363856937358,0.23678675594259874,-0.028742870279217875
27.44,0.9636828232759462,0.265094521509415,-0.03225384920588438
27.64,0.9649936375631902,0.25774603115241024,-0.0485207469825284
27.84,0.9732712485804972,0.22212019194916563,-0.05835835000260123
28.04,0.989133494234951,0.12997643733897649,-0.06870994337956825
28.240000000000002,0.997260814551343,0.023991121606499872,-0.06996637652797284
28.44,0.9966580509164548,-0.020316722577987226,-0.07911991106607259
28.64,0.991455233812142,-0.09079265830327489,-0.09366542875968892
28.84,0.9829567689137325,-0.15848778029509403,-0.09315371137968065
29.04,0.9797671326535927,-0.1773200196372345,-0.09281151010305069
29.240000000000002,0.9758993478642929,-0.2003014985562763,-0.0866012269783654
29.44,0.9740453497914234,-0.2109100546622775,-0.08217423800717086
29.64,0.9733835385550926,-0.2086599254258849,-0.09479199539639634
29.84,0.9745550055695222,-0.19584616498605334,-0.10902669755451885
30.04,0.9787617266104648,-0.1703352549658564,-0.11406745126554933
30.240000000000002,0.9823076236503717,-0.15000490349197357,-0.1121171773044803
30.44,0.9848006046981262,-0.13816226675797885,-0.10525662463950763
30.64,0.9790637813517675,-0.1736943278483985,-0.10613384247482709
30.84,0.9725399598252389,-0.20691625640724826,-0.10654430710992163
31.04,0.9665414985637341,-0.23854071376554403,-0.09431786379257953
