0.03336666666666667,-0.997556859062133,-0.04956728162436001,-0.04922801570714948
0.23336666666666667,-0.9981419211966642,-0.03378691398376941,-0.05070650444751285
0.4333666666666667,-0.9537281315271662,0.29933244930694763,0.02833259475593496
0.6333666666666667,-0.9498743342667886,0.31029331814987293,0.03816812561243796
0.8333666666666667,-0.9443063522512856,0.3261865302628079,0.043449517523000976
1.0333666666666668,-0.9960602088601572,0.087180561629311,0.01623607093657176
1.233366666666667,-0.9953746987139261,-0.09576505108117914,0.007633095805762004
1.433366666666667,-0.9820092543702288,-0.18882903810922172,0.0011910910853361787
1.6333666666666669,-0.9608937474603924,-0.27647155934505596,-0.015706144174724983
1.8333666666666668,-0.9563941379603,-0.249861963653038,0.15125889063001396
2.0333666666666668,-0.9995165056907231,0.020809492634401915,-0.02310237797513019
2.233366666666667,-0.9981145888961409,0.05643009074541915,-0.024143576602308287
2.433366666666667,-0.9818350145776769,-0.1890665501535997,-0.01593247508297919
2.633366666666667,-0.982327542882874,-0.18625161077154168,-0.01851853068420519
2.833366666666667,-0.9755908901814898,-0.21951542075587627,-0.005949373518171762
3.0333666666666668,-0.9797143825032721,-0.20037654328186638,0.0029949321599445724
3.233366666666667,-0.9811214503498897,-0.1933611528050527,-0.0034877283767882866
3.433366666666667,-0.9986160482355566,0.02306362637829461,-0.04726581581527483
3.633366666666667,-0.9968064736250705,0.04480097108404485,-0.06610391160194881
3.833366666666667,-0.9871892585225357,0.0855381930921937,-0.1346869903897507
4.033366666666667,-0.950527515247608,0.29176165017515854,-0.10664230982249503
4.233366666666667,-0.932786290216097,0.3512953265539926,-0.08063082739383791
4.433366666666667,-0.7982384605900765,0.4447510970521751,-0.4062164714849356
4.633366666666667,-0.6508020593938011,0.5858335203389498,-0.4829655949817345
4.8333666666666675,-0.13719242276123106,0.965592412642397,-0.22092879347051753
5.033366666666667,-0.19264140528759038,0.9698985274913308,-0.14895011023484098
5.233366666666667,-0.21890337954017358,0.9669769476836872,-0.13052544991008655
5.433366666666667,0.6774453122653479,0.7347749873351919,-0.03425736236597748
5.633366666666667,0.7249544267746064,0.6863102706250913,-0.058474708502190005
5.8333666666666675,0.9418037155432016,0.3244758814832762,-0.08787015263825833
6.033366666666667,0.9962645770372116,0.07800365846963668,-0.03704486207584279
6.233366666666667,0.9536352395315612,0.28690163855936696,0.09092458257002543
6.433366666666667,0.6950800175047314,0.6395231452938244,0.32844164763183914
6.633366666666667,0.6402466493879951,0.7006614103745926,0.3148933406081058
6.8333666666666675,0.6014471730133286,0.7233940758182684,0.33906092246867486
7.033366666666667,0.2217302375770629,0.40028978120580316,0.8891590368467442
7.233366666666667,0.17785342147477007,0.48182624072895225,0.8580277584173628
7.433366666666667,0.09047867044507682,0.5024023575305272,0.8598869003201877
7.633366666666667,-0.348522269858204,0.5903605593144634,0.7280155475117266
7.8333666666666675,-0.0381654676087845,-0.08816708170072654,0.9953742827633131
8.033366666666666,0.25192241009688626,-0.16040374465648097,0.95436142943392
8.233366666666667,0.30594005746424935,-0.2276670568701547,0.9244286843531275
8.433366666666666,0.3843000544889661,-0.21192273154810745,0.8985556320968482
8.633366666666666,0.32900455078181035,-0.2011173672245099,0.9226634327670848
8.833366666666667,0.345812697735263,-0.2642750666813428,0.9003178700967964
9.033366666666666,0.42612595183993407,-0.3169679834724921,0.8473181047410071
9.233366666666667,0.6478817554222679,-0.4883765576419115,0.5845832438043341
9.433366666666666,0.628586364197967,-0.31449609645489207,0.7113166580778323
9.633366666666667,0.7989063792612526,-0.5967463173038471,0.07511610985648708
9.833366666666667,0.8763715288435079,-0.4802821653096822,-0.036083030886219246
10.033366666666666,0.8208334903833735,-0.5708200146116956,0.019922148070740296
10.233366666666667,0.46618119566798794,-0.3096055497746264,0.828745736854384
10.433366666666666,0.42552805824541085,-0.2176338333081838,0.8783856705601907
10.633366666666667,0.4560198266637016,-0.23267780028899043,0.8590151098451556
10.833366666666667,0.47713641641833177,-0.25462471013952725,0.8411344108487264
11.033366666666666,0.46950538303923095,-0.25797466393931756,0.8444014259003718
11.233366666666667,0.44495703180376134,-0.27470162733400605,0.8523803469041474
11.433366666666666,0.4242558305232789,-0.3193634189776979,0.8473570657555637
11.633366666666667,0.4196320987442571,-0.35759498841522247,0.8342869566065426
11.833366666666667,0.3994195476005898,-0.6818206356439781,0.6128496110829983
12.033366666666666,-0.12270527739092141,-0.9514553929502607,-0.2822694636801547
12.233366666666667,-0.7197055011566564,-0.5904928400012173,-0.36516050924510324
12.433366666666666,-0.8420077761493893,-0.340828170741637,-0.41816152732272044
12.633366666666667,-0.8556482730349917,-0.12713004841801,-0.5017010899345057
12.833366666666667,-0.48626622662743046,-0.031251390681754414,-0.8732516861833
13.033366666666666,-0.3341082846628739,-0.10608476520910784,-0.9365456084516978
13.233366666666667,-0.30215632830160705,-0.11348266536000666,-0.9464793911808544
13.433366666666666,-0.2912949137082795,-0.10244171962292668,-0.9511324657104201
13.633366666666667,-0.5374288926116967,-0.36204139372617666,-0.7616404759563224
13.833366666666667,-0.532271260280062,-0.4339693572660343,-0.7268823167707273
14.033366666666666,-0.4911065625605615,-0.4844888205595062,-0.723937101523888
14.233366666666667,-0.28672576778588543,-0.6817326116827362,-0.6730742754375856
14.433366666666666,-0.1419136728521192,-0.7199955169969572,-0.6793135983931916
14.633366666666667,0.07065467993965358,-0.7427281252350919,-0.6658549753417712
14.833366666666667,-0.149307002293059,-0.865414045346426,-0.4782948349955234
15.033366666666666,-0.2674097158359549,-0.8513842379682339,-0.45126147987146376
15.233366666666667,-0.6738785355297521,-0.6118233978859485,-0.41419783817828926
15.433366666666666,-0.8295788331148006,-0.33654864852482497,-0.4455715058483873
15.633366666666667,-0.8428197857109946,-0.03015753592455814,-0.5373502878393503
15.833366666666667,-0.8087474103606905,0.010060849817304832,-0.5880700685597174
16.033366666666666,-0.7931359439400124,0.22791352850392527,-0.5647927035251752
16.233366666666665,-0.7888958548387597,0.23882339788478396,-0.566221436225254
16.433366666666668,-0.7864449542942304,0.4230315199167403,-0.4500540712204239
16.633366666666667,-0.7597273337594204,0.4722747743440318,-0.44695739825748076
16.833366666666667,-0.5158435142433762,0.612688807368943,-0.5987636379556345
17.033366666666666,-0.29031660823047145,0.7082497268972573,-0.6435049272037595
17.233366666666665,-0.19036861663328558,0.7007479997246124,-0.6875405665726819
17.433366666666668,0.11849043354748151,0.8180397588037953,-0.5628241023392287
17.633366666666667,0.1218198169821193,0.8226455126727885,-0.5553506033757127
17.833366666666667,0.04705243182494151,0.9969135573143981,0.06284447391864484
18.033366666666666,0.08262690869201195,0.9756164005620513,0.2033357639825057
18.233366666666665,0.10431348750652247,0.9760259154209131,0.19102907828651441
18.433366666666668,0.11395784516912888,0.9824582420457447,0.147612371299947
18.633366666666667,0.11111420326093058,0.9897864218758203,-0.08931110179562916
18.833366666666667,0.2128792182585323,0.9748232452884881,-0.06634816409559752
19.033366666666666,0.35336205480929883,0.9350465866749315,-0.028690398542192633
19.23336666666667,0.4280226380522426,0.9035218252824743,-0.021093424402528923
19.433366666666668,0.34742523429238187,0.9376299225134255,-0.012076215646952519
19.633366666666667,0.24926845639301992,0.9684109388464871,0.006744640087270158
19.833366666666667,0.259802169210068,0.965632603156767,0.007517219860381621
20.033366666666666,0.28322956398100435,0.9590385372836719,0.005108629163034904
20.23336666666667,0.28049394608966577,0.9598446724502502,-0.004620711624807429
20.433366666666668,0.27134363852261145,0.9624635600009896,-0.006043633305521027
20.633366666666667,0.29160248556743357,0.9565386113444715,-0.0013694590481035406
20.833366666666667,0.33339371140306484,0.942781187910504,-0.0035021306299238266
21.033366666666666,0.44047145571401697,0.8973798637287907,0.026349134241404493
21.23336666666667,0.6814472323221442,0.7234192551941174,0.11087944252600483
21.433366666666668,0.7222304078809763,0.6895530382915386,0.05385021183789709
21.633366666666667,0.871050763023831,0.4905907910868034,-0.024315508146586513
21.833366666666667,0.9095760117572774,0.409511465841462,-0.0705112627890199
22.033366666666666,0.8157781959161692,0.5139919487904369,-0.26517581270992513
22.23336666666667,0.7971349522307862,0.4658228616899042,-0.384167840219676
22.433366666666668,0.7332026367499883,0.49944115007022566,-0.4614893618268952
22.633366666666667,0.734701261993662,0.460317771793326,-0.4983187780890341
22.833366666666667,0.7455424991674104,0.44157634725606126,-0.49917603255685866
23.033366666666666,0.8235650521530125,0.34733965044151804,-0.44843703248434974
23.23336666666667,0.8309678389463757,0.33402612607428733,-0.44488088039001483
23.433366666666668,0.8439254081895101,0.3581634492975103,-0.39938558937382596
23.633366666666667,0.7205064766893347,0.6187457099761233,0.31308810810196
23.833366666666667,0.7134733027854275,0.6444604074998841,0.27500296248865624
24.033366666666666,0.7155584289901219,0.6486270932718775,0.2593434567805098
24.23336666666667,0.707203186161156,0.6465178810670943,0.28614381514200765
24.433366666666668,0.364543587143057,0.4029261445331204,0.8394989548084902
24.633366666666667,0.4275272666405643,0.4889134947893599,0.7603841337716762
24.833366666666667,0.43230407234024304,0.6932282714020336,0.576669535147289
25.033366666666666,-0.44288188405366913,0.2351792941038709,0.8651857236465922
25.23336666666667,-0.4281782370431817,-0.3486910057961402,0.8337133678905894
25.433366666666668,-0.23133677985196469,-0.7612862469344019,0.6057446198822212
25.633366666666667,0.08504629880521053,-0.7966387350787244,0.5984428567805821
25.833366666666667,0.17489675622072565,-0.844251544441374,0.5066068045060419
26.033366666666666,0.4420181689780926,-0.8003441539152014,0.4050545316213793
26.23336666666667,0.47238656406683815,-0.7709861390922991,0.42711978111143134
26.433366666666668,0.4654022656677585,-0.7193304566261138,0.5157173889654911
26.633366666666667,-0.024988151039154638,-0.7445858206897024,0.6670588789121145
26.833366666666667,-0.1011276567681581,-0.7368377184934359,0.6684634422629034
27.033366666666666,-0.13303605018878234,-0.7350692306466646,0.6648117293690659
27.23336666666667,-0.11710016598150541,-0.7274034983567952,0.6761447342880068
27.433366666666668,0.23157557001073864,-0.5110762390290052,0.8277522777221269
27.633366666666667,0.18155531537360975,-0.5158127996356493,0.8372423921372013
27.833366666666667,-0.2191404090415623,-0.6813266162878604,0.6984064168253554
28.033366666666666,0.1571505790036103,-0.6187590342497046,0.7697018598478264
28.23336666666667,0.16004171429225408,-0.6292103747033915,0.760579354210995
28.433366666666668,0.15304479039914506,-0.6295454370822284,0.7617413174960567
28.633366666666667,0.13778840088245023,-0.6680417836989622,0.7312554490836742
28.833366666666667,-0.21317646882776262,-0.6173549606420584,0.7572507152249963
29.033366666666666,-0.2524751092526971,-0.6720621116407911,0.6961241536570612
29.23336666666667,-0.03139814400742208,-0.9969656625204911,-0.07122937812424825
29.433366666666668,0.15852387596121126,-0.9659675824736995,-0.20439376301675918
29.633366666666667,-0.05357578531501245,-0.8983339269772687,-0.43603416250275606
29.833366666666667,-0.12084507046772042,-0.809435304654558,-0.5746398494034635
30.033366666666666,-0.010585799319952738,-0.8186884784631173,-0.5741403278681128
30.23336666666667,0.8755582788670704,-0.4750278634251915,0.08801266543533051
30.433366666666668,0.9993055562205032,-0.03692772823029653,0.004974755730692387
30.633366666666667,0.9524388770676938,0.29607491655547824,-0.07210984146908615
30.833366666666667,0.8726472544101891,0.46716444577654076,-0.14228193832196692
31.033366666666666,0.7540710617283081,0.6200853151537558,-0.2164971958123459
31.23336666666667,0.8369843365435693,0.42528218557122666,0.34437230291718
31.433366666666668,0.6475687887773696,0.16733679416327396,0.743406390287687
31.633366666666667,0.6163089700510009,0.0940226278488328,0.7818714721020806
