0.01666656,0.248076092900239,0.0,0.8271349991522843,-0.5042875621197719
0.04999989333333334,0.2356767990359532,-1.3234889800848443e-23,0.8077258218060176,-0.5404030377264367
0.08333322666666668,0.2214545688179195,-1.3234889800848443e-22,0.7866085964673523,-0.576372093281182
0.11666656000000002,0.20611143523332598,5.69100261436483e-22,0.7656835601095923,-0.6093002232429912
0.14999989333333336,0.19069477788182876,-2.6469779601696886e-23,0.7463300229069101,-0.6376731126497113
0.18333322666666668,0.1760993476651257,1.0058516248644817e-21,0.7290889223105982,-0.6613761132032874
0.21666656000000004,0.16228074188605177,-8.735027268559972e-22,0.7113807912653981,-0.6838145440333431
0.2499998933333334,0.14857920403170416,5.823351512373315e-22,0.6835620759008444,-0.7146097596027033
0.2833332266666667,0.13590447779378664,-2.2768245622195593e-18,0.6406592100632622,-0.7557021565912824
0.31666656000000004,0.1260585060454162,7.989214758502561e-18,0.596891965241741,-0.7923567598521831
0.34999989333333337,0.11868840573678772,1.7753810574450135e-18,0.5611901825507211,-0.8191328594021535
0.38333322666666675,0.11275871083232127,1.0611628763201875e-17,0.5337102228944173,-0.8381162634798495
0.4166665600000001,0.10807528225439078,5.9631119486702744e-18,0.5207237569928942,-0.8468568369381209
0.4499998933333334,0.10511045379106734,2.3852447794681098e-18,0.5373443504008565,-0.8367872140491378
0.4833332266666668,0.10423875848101598,4.7704895589362195e-18,0.587860415910299,-0.8022184319972376
0.5166665600000001,0.10658470262847647,-4.336808689942018e-19,0.6655513910860706,-0.7387022722240643
0.5499998933333334,0.11493720376851788,-3.019209235818551e-23,0.759385968473742,-0.6404079872043066
0.5833332266666668,0.1323682975331734,3.3087224502121107e-23,0.8463982241548018,-0.5158378426945502
0.6166665600000001,0.15635295812712383,1.474514954580286e-17,0.9035002013868745,-0.3990502958008869
0.6499998933333334,0.1749599256352256,3.469446951953614e-18,0.9317331638687579,-0.3182174347342246
0.6833332266666667,0.18701046303899674,8.673617379884035e-18,0.946479230454532,-0.26306682237054735
0.7166665600000002,0.1932660918063345,-5.421010862427522e-18,0.9535053411471596,-0.2312483127759954
0.7499998933333335,0.195636575508268,5.597193715456417e-18,0.9568896295818514,-0.21468247977444482
0.7833332266666668,0.19674769008919446,1.5971694405662562e-23,0.9581697042829804,-0.20784889761274244
0.8166665600000002,0.19661558623233136,1.358644156118348e-22,0.9577777086731073,-0.20977171405937703
0.8499998933333335,0.19595518906677942,-2.30990186055433e-22,0.9562237142908989,-0.2173425225433809
0.8833332266666668,0.19542808207298848,2.663521572420749e-22,0.9541011607154406,-0.22693355824717154
0.9166665600000001,0.19576000231239524,3.0109374296930207e-22,0.9519222785505781,-0.235631061394135
0.9499998933333336,0.19657961725076603,1.017432153440224e-22,0.950268334361732,-0.24155029867694666
0.9833332266666669,0.19718488108459942,-3.5486048278524887e-22,0.9496608784119123,-0.24343857271510524
1.0166665600000002,0.19789692379181953,1.4604907690389395e-22,0.9502360673011344,-0.24059971727707594
1.0499998933333334,0.19827097546969644,5.099568476389416e-22,0.9520357108278756,-0.2330592748524647
1.0833332266666669,0.1987263386849892,8.912871100258873e-23,0.9548065740290211,-0.2210254476385521
1.1166665600000003,0.19922835560947458,-5.790264287871194e-23,0.9585223110453475,-0.20382110182567212
1.1499998933333335,0.19939687125321487,5.293955920339377e-22,0.9631443473082216,-0.18053768022949804
1.183333226666667,0.1994820259679878,-4.632211430296955e-23,0.9680512066339647,-0.15193348100478765
1.2166665600000002,0.19888472287404674,-1.7867101231145398e-22,0.9728833892248052,-0.11807954089413586
1.2499998933333336,0.1981774634315294,2.5808035111654463e-22,0.9768126199824264,-0.08101110066474025
1.2833332266666668,0.19772895005983615,1.3607121076497305e-22,0.9793805149937981,-0.04143753321226814
1.3166665600000003,0.19765544498902796,5.508829009147097e-23,0.980271310121259,0.0006954274510245242
1.3499998933333335,0.19807840670732182,4.384057246531047e-22,0.9789117397129833,0.04996749591874044
1.383333226666667,0.19947508182493412,5.889525961377557e-22,0.9740701080040436,0.10675727808410433
1.4166665600000004,0.2019554489754326,3.8381180422460484e-22,0.9657408921741669,0.16296786742108282
1.4499998933333336,0.20458994903705324,-4.235164736271502e-22,0.9548054852022041,0.21561409550583518
1.483333226666667,0.20731316001312863,-3.441071348220595e-21,0.9424137517852988,0.262445373613878
1.5166665600000002,0.20998724661727464,-1.7470054537119944e-21,0.9301843270141908,0.30110209902166546
1.5499998933333337,0.21246121815260322,1.402898318889935e-21,0.9185622419516236,0.33332212414107604
1.5833332266666669,0.21498786475203033,1.7999450129153882e-21,0.9072064954272228,0.36160281064175814
1.6166665600000003,0.21768750864719166,-3.917527381051139e-21,0.8954861697376995,0.38822244704226333
1.6499998933333337,0.22053471616142328,3.017554874593445e-21,0.8827345138267323,0.414902659748866
1.683333226666667,0.22357192676191504,1.7999450129153882e-21,0.8652826651663438,0.4486663603688091
1.7166665600000004,0.22839499150271367,6.352747104407253e-22,0.8384277403791538,0.49484811004911583
1.7499998933333336,0.23768364192269967,-3.469446951953614e-18,0.7978382752484009,0.5540402267985771
1.783333226666667,0.2524221683251708,-1.3010426069826053e-17,0.7455025432944731,0.6168541212308558
1.8166665600000003,0.27148430426567594,5.204170427930421e-18,0.6879922009959897,0.6730252624575661
1.8499998933333337,0.2934212971748716,-1.734723475976807e-18,0.633739766690268,0.7157358803913498
1.8833332266666671,0.31575757967962,6.938893903907228e-18,0.5875898508078361,0.7450069248688186
1.9166665600000004,0.33553076051331643,-2.949029909160572e-17,0.5511565896894508,0.7639669642014962
1.9499998933333338,0.3505978416144844,8.673617379884035e-18,0.5248998954757303,0.7756037991041768
1.983333226666667,0.36046856573653535,-8.673617379884035e-18,0.5060280130748007,0.7835802850374776
2.0166665600000004,0.3664035799517855,4.336808689942018e-19,0.491186892488091,0.7902429077482493
2.0499998933333337,0.37053715682510596,5.204170427930421e-18,0.47920906246850986,0.7956512363215549
2.083333226666667,0.37401852911707023,-1.691355389077387e-17,0.4700824195511016,0.7994577279044125
2.1166665600000005,0.377656352019372,-2.7972416050126014e-17,0.4625200174606707,0.8021539211570318
2.1499998933333337,0.38166350256936754,2.5153490401663703e-17,0.45443142513628254,0.8048757982788958
2.183333226666667,0.3874095027104245,-1.7780915628762273e-17,0.4447972525364075,0.8075080689044073
2.2166665600000006,0.3951364371680128,1.9949319973733282e-17,0.4321372156781124,0.8106322364970059
2.249999893333334,0.4051197879368358,8.673617379884035e-19,0.4143480261375309,0.8149807793181048
2.283333226666667,0.4178430006849638,8.673617379884035e-19,0.39306861767393264,0.8190874730933743
2.3166665600000003,0.4335518889385734,1.1275702593849246e-17,0.3686660309952338,0.8222640191495771
2.349999893333334,0.45178760840851445,1.9081958235744878e-17,0.3425159997509644,0.8237540572301373
2.383333226666667,0.47244935488152373,6.938893903907228e-18,0.315288806680447,0.8230337632527913
2.4166665600000004,0.4946827016129128,-4.336808689942018e-18,0.28914610170738575,0.8195630278339625
2.449999893333334,0.51710522896094,1.0408340855860843e-17,0.266513015005281,0.8133713758265954
2.4833332266666672,0.5377931791828362,-6.071532165918825e-18,0.24912920970192748,0.8054272985798973
2.5166665600000004,0.5554819018867064,-3.469446951953614e-18,0.2380629208125269,0.7967219730938367
2.5499998933333337,0.5698774693560116,9.107298248878237e-18,0.23137179237593203,0.7884838385237437
2.5833332266666673,0.5819163362791343,6.288372600415926e-18,0.22811952637394173,0.7805990387250026
2.6166665600000005,0.5929133533064277,-2.5804011705155006e-17,0.22751986010504482,0.772456127381166
2.6499998933333337,0.6033326999158973,6.288372600415926e-18,0.22710894077476834,0.7644679079152746
2.683333226666667,0.6145117873325215,-9.540979117872439e-18,0.2240881170273686,0.756412439768489
2.7166665600000006,0.6266878179890685,-1.9081958235744878e-17,0.21922750399735574,0.7477978873166127
2.749999893333334,0.6398763089436018,1.3444106938820255e-17,0.21375248813703268,0.7381518699210482
2.783333226666667,0.6532985174946104,8.673617379884035e-19,0.20824421331773857,0.7278979287365918
2.8166665600000007,0.6668270688571161,-2.2768245622195593e-17,0.2038934108023035,0.7167769089966766
2.849999893333334,0.6800272086013579,8.456776945386935e-18,0.20202477913633224,0.7048042169118751
2.883333226666667,0.6921259099193319,1.1329912702473521e-17,0.2031473497171743,0.6925986421595302
2.9166665600000004,0.702900646506445,5.312590645178972e-18,0.20846381951257406,0.6800540545390864
2.949999893333334,0.7127617397857041,-8.673617379884035e-18,0.21724953668338498,0.6669132935461033
2.9833332266666672,0.7228954147713129,-2.8189256484623115e-18,0.22512775191658752,0.6532531780401799
3.0166665600000004,0.7339627649954689,-1.3206937713589051e-17,0.2296296127135982,0.6391939459703986
3.049999893333334,0.7466696994561841,9.107298248878237e-18,0.2295978211156521,0.6243149849658879
3.0833332266666673,0.7601716396502654,4.7704895589362195e-18,0.22573084514723443,0.6092492624702489
3.1166665600000005,0.773766336292806,-1.0408340855860843e-17,0.2200097175596862,0.5940381982661684
3.1499998933333337,0.7863088001690082,-7.806255641895632e-18,0.21358698702579493,0.5797405193274123
3.1833332266666674,0.7979232402142802,1.734723475976807e-18,0.20691777695764435,0.5661303174224561
3.2166665600000006,0.809114869682752,1.973247953923618e-17,0.20095657520431418,0.5522224031496875
3.249999893333334,0.8202000334614069,4.336808689942018e-19,0.19506735420776644,0.5377923692581448
3.2833332266666675,0.8311058235054976,1.0842021724855044e-17,0.1884102545120642,0.5232252728318347
3.3166665600000007,0.8409877462741928,-4.7704895589362195e-18,0.18298342419522268,0.5091725415676354
3.349999893333334,0.8495177043919585,2.3852447794681098e-18,0.17913090883985225,0.4962174799650103
3.383333226666667,0.8567597245043567,-6.505213034913027e-19,0.17674900841236688,0.48448174629439233
3.416666560000001,0.862849714996627,3.742191560969499e-18,0.1772695166516195,0.4733559842194252
3.449999893333334,0.8679536504274447,-1.1926223897340549e-18,0.18055806615150077,0.4626610481305983
3.4833332266666672,0.8724394656367322,1.6263032587282567e-18,0.18360523916515392,0.4529221731717266
3.516666560000001,0.8769466823218384,-2.9341221292888964e-18,0.18480208406191748,0.4436357808958751
3.549999893333334,0.8815194842010791,9.053088140253962e-18,0.18414667769249882,0.43475671365567026
3.5833332266666673,0.8855412835287515,-3.7947076036992655e-18,0.18165078044581748,0.4275741212113715
3.6166665600000005,0.8886486801075453,1.3010426069826053e-17,0.17862935815926936,0.42236841234486877
3.649999893333334,0.8908835598998437,-1.3010426069826053e-18,0.176682806967949,0.41846107157310125
3.6833332266666674,0.8927608627166117,1.3010426069826053e-17,0.17549917716159844,0.4149434670133915
3.7166665600000006,0.8947702237076823,7.101524229780054e-18,0.17409618152910084,0.41118945310293464
3.7499998933333343,0.8968648546542093,6.396792817664476e-18,0.17205848132675872,0.4074669452723909
3.7833332266666675,0.8988864136811823,-6.505213034913027e-19,0.16949592459266477,0.4040722049904698
3.8166665600000007,0.9008402867796957,9.75781955236954e-19,0.16754630559006634,0.40051843053447084
3.849999893333334,0.9031584389817361,-4.553649124439119e-18,0.16590410133597672,0.3959553803851842
3.8833332266666676,0.9058870323248778,7.752045533271357e-18,0.16421377964066194,0.39038765252214913
3.916666560000001,0.9085043261520238,4.228388472693467e-18,0.16297078004588567,0.38478619285817994
3.949999893333334,0.9099681848534371,8.145068820797352e-18,0.1631421408979647,0.38123817282345895
3.9833332266666672,0.9092048260084368,1.349831704744453e-17,0.1649330056376792,0.38228744161205375
4.016666560000001,0.9061966336640928,4.336808689942018e-19,0.16759293844894654,0.3882270831844599
4.049999893333334,0.9008099190140811,7.15573433840433e-18,0.1695610490783782,0.3997380898054181
4.083333226666667,0.8914004823564265,1.474514954580286e-17,0.17122253663720913,0.4196284344539224
4.1166665600000005,0.8779775541482214,1.3579632210380943e-17,0.1704113637456444,0.4473425773590709
4.149999893333334,0.8628544318109495,-5.095750210681871e-18,0.16633587412268336,0.47729928397604604
4.183333226666668,0.8472198639606879,4.7704895589362195e-18,0.16083301126213864,0.5063114106938399
4.216666560000001,0.8325017589899651,-3.144186300207963e-18,0.1541007196368641,0.5321595526588007
4.249999893333334,0.819497660526309,-6.7220534694101275e-18,0.14736328368657375,0.5538119238631619
4.2833332266666675,0.8084053433817504,0.0,0.14096895175388033,0.5714967676489925
4.316666560000001,0.7989686546757464,8.348356728138384e-18,0.13546417076102757,0.585916843319643
4.349999893333334,0.7896068131074898,-1.0299920638612292e-18,0.13209063852774267,0.5992271221394833
4.383333226666667,0.7803849649930286,-1.3417001884508117e-17,0.12986573378868732,0.6116651024869373
4.416666560000001,0.7709153400287503,7.752045533271357e-18,0.12966426097598227,0.6235998059123404
4.4499998933333345,0.7599772927437978,-4.228388472693467e-18,0.13062238469119097,0.636688547981974
4.483333226666668,0.7480308652589939,-1.0408340855860843e-17,0.13138541731564926,0.650528782404494
4.516666560000001,0.7351838857246711,4.119968255444917e-18,0.1336208998498829,0.664567610777174
4.549999893333334,0.7219645491265314,-5.204170427930421e-18,0.13606304703764097,0.6784202510504509
4.583333226666667,0.7091407984735787,2.6020852139652106e-18,0.1380524650774235,0.6914194420366715
4.6166665600000005,0.6966862427611406,-8.239936510889834e-18,0.1413029207438847,0.7033219488517424
4.649999893333335,0.6849743149456011,8.673617379884035e-18,0.1451291581649152,0.7139661863948094
4.683333226666668,0.6737597522341108,7.15573433840433e-18,0.14892782096744775,0.7237874690897305
4.716666560000001,0.6623316883539802,-5.421010862427522e-18,0.1535557227731329,0.7333057851986352
4.749999893333334,0.6503847649926224,6.505213034913027e-19,0.15783757092710557,0.7430255437529201
4.7833332266666675,0.6369018238698654,-9.324138683375338e-18,0.16099099259963448,0.7539482522381915
4.816666560000001,0.6223856962012004,3.903127820947816e-18,0.16327156716412972,0.7654922863882538
4.849999893333334,0.6066081138861372,6.7220534694101275e-18,0.1629469576230857,0.7781226671732957
4.883333226666668,0.5903167800422746,-4.228388472693467e-18,0.1605127992794944,0.7910510353118702
4.916666560000001,0.5737010270836291,1.0842021724855044e-18,0.15511715616012056,0.8042423760210512
4.9499998933333345,0.5568234849804902,6.830473686658678e-18,0.1467796769487781,0.8175593758308899
4.983333226666668,0.5401829073054472,-1.5504091066542713e-17,0.1393823040656955,0.8299246953599904
5.016666560000001,0.5244365815211892,-4.7704895589362195e-18,0.13051624959670557,0.8413868198121358
5.049999893333334,0.5114897443460448,-3.469446951953614e-18,0.12127062538006578,0.8506889424747129
5.083333226666667,0.5010638414135066,-3.0357660829594124e-18,0.11103356681538455,0.8582578714280423
5.116666560000001,0.49264208268422593,-4.336808689942018e-18,0.09711537731699527,0.8647961504638685
5.149999893333335,0.48563977915852485,3.469446951953614e-18,0.08201524325296178,0.8703031108602431
5.183333226666668,0.47655524476748456,-2.6020852139652106e-18,0.06143623439699923,0.8769952609836156
5.216666560000001,0.46543193174287184,0.0,0.03151255522478738,0.884522512871947
5.249999893333334,0.45406864679947784,-1.734723475976807e-18,-0.012628374385190466,0.8908772015009018
5.2833332266666675,0.4455001110882473,-3.469446951953614e-18,-0.06453562063390383,0.8929528569245726
5.316666560000001,0.43961230004789975,-3.469446951953614e-18,-0.11545729989085911,0.8907360088985443
5.349999893333334,0.43548328062114416,3.469446951953614e-18,-0.16237924006792226,0.8854305702280726
5.383333226666668,0.43278344942795166,1.734723475976807e-18,-0.2002329940203401,0.8789796550585766
5.416666560000001,0.4290713327765169,-2.6020852139652106e-18,-0.2275969284828374,0.8741266667563469
5.4499998933333345,0.4229810922185153,-9.974659986866641e-18,-0.2450893830725823,0.872363565224232
5.483333226666668,0.41329458558740106,-1.3010426069826053e-18,-0.25173812877426643,0.8751088503982629
5.516666560000001,0.39896383329483226,5.421010862427522e-18,-0.24344496578492617,0.8840601836734135
5.549999893333334,0.38131546745570305,-8.673617379884035e-19,-0.21310963243334832,0.899545884790299
5.583333226666667,0.364098601709813,-3.469446951953614e-18,-0.15524980785034273,0.9183298456412002
5.616666560000001,0.3509078364716151,-5.204170427930421e-18,-0.08047909355541594,0.9329452319419982
5.649999893333335,0.3443885074655515,1.734723475976807e-18,-0.0050071650015898455,0.9388138709160069
5.683333226666668,0.3442865505748281,-3.469446951953614e-18,0.07479827180158138,0.9358803286899363
5.716666560000001,0.35209158801073587,-5.204170427930421e-18,0.15466238575583455,0.9230986188292083
5.749999893333334,0.36236001911610793,6.938893903907228e-18,0.2212891186516664,0.9053873991350568
5.7833332266666675,0.3682822290347192,1.0408340855860843e-17,0.2620063172510973,0.892031888161929
5.816666560000001,0.3707359204152276,0.0,0.29032696338721103,0.8821933640898888
5.849999893333335,0.3727965188653824,1.1275702593849246e-17,0.3186429146396229,0.8714869181300535
5.883333226666668,0.3768322966491707,-3.469446951953614e-18,0.35127524764323315,0.8570899139502792
5.916666560000001,0.38241498100328547,-1.734723475976807e-18,0.3858555127098235,0.8395679279341821
5.9499998933333345,0.3880964522288611,-3.165870343657673e-17,0.41611027377373955,0.8223341071774385
5.983333226666668,0.3935460978526964,1.1275702593849246e-17,0.44050209310086097,0.8068948970210907
6.016666560000001,0.3975543093691724,-1.6696713456276768e-17,0.45647001904037415,0.795980962598529
6.049999893333334,0.39952512452302197,1.2034644114589099e-17,0.46309169410871137,0.791154698982688
6.083333226666668,0.400821484563944,2.065405138584886e-17,0.46815683904934935,0.7875095628392569
6.116666560000001,0.4014885185020725,2.5390659626894907e-17,0.4699269745580763,0.7861142462096106
6.149999893333335,0.4018162151787341,-1.146543797403421e-17,0.46910545075435456,0.7864374134614853
6.183333226666668,0.4026490813161162,1.0408340855860843e-17,0.4665427766591088,0.7875351134155839
6.216666560000001,0.4043589978597917,-1.3877787807814457e-17,0.4610722867973447,0.7898772988238693
6.249999893333334,0.4073488972193318,2.0383000842727483e-17,0.4488774018200838,0.7953464365101821
6.2833332266666675,0.41166594721152405,1.3010426069826053e-18,0.43205457917824797,0.8024088661758081
6.316666560000002,0.4165257342540466,-2.42861286636753e-17,0.41198377753312515,0.8104169789396468
6.349999893333335,0.42116404755022785,-8.673617379884035e-19,0.3925867979050757,0.8176163227099545
6.383333226666668,0.4251079777443886,-9.540979117872439e-18,0.375973401346478,0.8233633515878859
6.416666560000001,0.4278962875459255,-3.0357660829594124e-18,0.36246273550561076,0.8279646927702923
6.4499998933333345,0.4290340781214535,1.1058862159352145e-17,0.3526278381230286,0.8316149154453364
6.483333226666668,0.42933406364672305,-1.3444106938820255e-17,0.34431405380016855,0.8349371797616192
6.516666560000001,0.42959259353588825,-6.288372600415926e-18,0.3372888267383543,0.8376672674377182
6.549999893333335,0.430130083196335,2.2768245622195593e-17,0.33071993277749123,0.840007403296641
6.583333226666668,0.4305839709168747,-2.2551405187698492e-17,0.32309310437521466,0.842738565567426
6.616666560000001,0.43104698314645884,1.3010426069826053e-17,0.3116293882312831,0.8468090827990289
6.649999893333335,0.43174188715422807,1.431146867680866e-17,0.3002368607718013,0.8505626198642872
6.683333226666668,0.4328534917838594,9.107298248878237e-18,0.28951437881411407,0.8537091302723652
6.716666560000001,0.43408347430261085,-5.854691731421724e-18,0.2806850993278002,0.8560300300531036
6.749999893333334,0.435318815753181,2.168404344971009e-18,0.2750734289378319,0.8572235048945123
6.783333226666668,0.43622460071661373,-2.0789576657409548e-17,0.2736421639864613,0.857221128891745
6.816666560000002,0.43658659299929725,8.382238046028556e-18,0.2743385116908631,0.8568141734451574
6.849999893333335,0.43645012451939486,-3.06287113727155e-18,0.27509838903241757,0.8566400441018232
6.883333226666668,0.43540932301518265,8.40256683676266e-18,0.2764216870499817,0.8567437028422809
6.916666560000001,0.43381036932585354,1.2027867851011065e-17,0.27562541111561195,0.8578106995210054
6.9499998933333345,0.4319131967557859,-3.848917712323541e-18,0.27347847849306767,0.8594536126338144
6.983333226666668,0.4291511973933224,-7.15573433840433e-18,0.26794086725014993,0.8625757598223563
7.016666560000002,0.4261353378093836,2.3201926491189795e-17,0.25941857839844157,0.8666664150939588
7.049999893333335,0.4236679206787833,-5.204170427930421e-18,0.24961306367329722,0.8707461234087389
7.083333226666668,0.4218969395744725,-4.553649124439119e-18,0.23942390988382864,0.8744593551181405
7.116666560000001,0.4209783873176637,-3.2526065174565133e-18,0.23161253497595466,0.8770021841782558
7.149999893333335,0.4212269553879494,-1.1492543028346347e-17,0.22569287095960025,0.8784250565942502
7.183333226666668,0.4222475836858368,-6.938893903907228e-18,0.22253700190130782,0.8787401554818407
7.216666560000001,0.423811040026796,6.505213034913027e-19,0.22127547985997137,0.8783059628421892
7.249999893333335,0.425575759220814,-2.5732860937585644e-18,0.22246479432026375,0.8771514626629032
7.283333226666668,0.4269381394092841,2.1412992906588713e-18,0.22272587213995987,0.8764228494267098
7.316666560000002,0.42798384088500707,-2.4936649967166602e-18,0.22199898476860946,0.8760971879323798
7.349999893333335,0.4289277020390234,4.87890977618477e-19,0.22077424383873345,0.8759450665886293
7.383333226666668,0.42989181250787367,9.540979117872439e-18,0.218539058588121,0.8760329385417611
7.416666560000001,0.4316700667370374,5.204170427930421e-18,0.21387022125032248,0.8763107222587087
7.4499998933333345,0.43473806592093445,-9.75781955236954e-18,0.2080554718674863,0.8761938910225994
7.483333226666669,0.43844065437759167,-1.9949319973733282e-17,0.19945523408947013,0.8763489043658718
7.516666560000002,0.44241807974311226,3.0357660829594124e-18,0.190022282336094,0.8764461049786227
7.549999893333335,0.4464524147984488,-8.673617379884035e-18,0.18145829694786184,0.8762152291471631
7.583333226666668,0.4502310055294501,4.336808689942018e-19,0.17320156025473127,0.875952773376092
7.616666560000001,0.4533497949295229,1.0842021724855044e-18,0.1671388087683949,0.8755218912402143
7.649999893333335,0.4560656903988909,4.336808689942018e-18,0.1627168770471572,0.8749441719132733
7.683333226666668,0.458130214550403,9.75781955236954e-19,0.15964028788782245,0.8744322072059646
7.716666560000001,0.4592624190334626,2.927345865710862e-18,0.15694900254736477,0.8743254777615255
7.749999893333335,0.459549058212698,-8.348356728138384e-18,0.15529677788811538,0.874469881627373
7.783333226666668,0.45923399628956085,6.342582709040201e-18,0.15315190781181803,0.8750135026303995
7.816666560000002,0.45892549191820947,6.7220534694101275e-18,0.15168923131583567,0.8754300485878013
7.849999893333335,0.4585019416967679,-1.6263032587282567e-19,0.15113290331459753,0.8757481458707144
7.883333226666668,0.45762493725032427,6.938893903907228e-18,0.14921729308956158,0.876535005718346
7.916666560000001,0.4562355548993714,6.776263578034403e-19,0.14907956855197976,0.8772823950621704
7.9499998933333345,0.45499244382371445,5.908901840045999e-18,0.15005133894709213,0.8777621954399204
7.983333226666669,0.45421752730194137,-2.3310346708438345e-18,0.1508710859299905,0.8780229799509894
8.016666560000003,0.45357290500351466,1.431146867680866e-17,0.15333583124889458,0.8779292355889985
8.049999893333336,0.45341458827551917,4.7704895589362195e-18,0.15481305824998876,0.8777517463008703
8.083333226666669,0.45357527546488646,7.697835424647081e-18,0.15712812615374575,0.877257215107613
8.116666560000002,0.453484510634616,-1.7428549922704484e-17,0.15672272967796355,0.8773766492315435
8.149999893333336,0.45311862562863375,1.0028870095490916e-18,0.15542849050236152,0.8777958164907004
8.183333226666669,0.4523445519789009,4.4181238528784306e-18,0.154639148431586,0.8783342985830404
8.216666560000002,0.451644721782287,1.1763593571467723e-17,0.1524079156496676,0.8790841100449516
8.249999893333335,0.45128036270875477,-1.49890950346121e-17,0.15218784201272462,0.8793093283804994
8.283333226666668,0.45085447861488054,2.6969529040576923e-18,0.15293912412489621,0.8793974433808721
8.316666560000003,0.4501885122243258,-2.303929616531697e-18,0.15403500482571109,0.8795473385495469
8.349999893333337,0.4493664711516137,-7.426784881525705e-18,0.15533171122231543,0.8797396399466682
8.38333322666667,0.44890869011845647,-1.3376344303039911e-17,0.15565074872073936,0.8799169462845938
8.416666560000003,0.44852820638670876,-5.827586677109586e-18,0.1563880102032869,0.8799802488352673
8.449999893333336,0.4478149164564561,-6.118966010965066e-18,0.15596447768376231,0.8804185835725689
8.48333322666667,0.44680218134485583,4.065758146820642e-18,0.15561662369212378,0.880994481921506
8.516666560000003,0.44548564364418597,4.336808689942018e-18,0.15622779351605165,0.8815528446100276
8.549999893333336,0.4448096391589352,-6.207057437479513e-18,0.15710884360721122,0.8817376005205305
8.583333226666669,0.44487148829117124,7.697835424647081e-18,0.1597259223634906,0.8812360572688401
8.616666560000002,0.4452036943848681,6.179952383167375e-18,0.16139245252429568,0.8807645240211812
8.649999893333336,0.44559798181145416,1.1600963245594897e-17,0.16233329720302608,0.8803921508195953
8.683333226666669,0.4455766888085778,1.1763593571467723e-17,0.16287880757905793,0.8803021688215974
8.716666560000002,0.44503333641982434,8.525386614114533e-18,0.16219927801264625,0.8807024035888716
8.749999893333335,0.44398919366238787,1.1085967213664283e-17,0.1629093211597221,0.88109826295953
8.783333226666668,0.4424606783874704,1.6737371037744975e-18,0.16243340695054337,0.881954611296601
8.816666560000003,0.44097320324175354,2.642742795433417e-18,0.16216105898610977,0.882749355690057
8.849999893333337,0.43949456518073376,-5.6107462426124854e-18,0.1619011491608254,0.8835341221916685
8.88333322666667,0.4383095897256021,1.0679391398982219e-17,0.16169578030979703,0.884160154148885
8.916666560000003,0.4371626377338344,-1.5016200088924236e-17,0.16270860136965007,0.8845421070870106
8.949999893333336,0.4358203431259318,-1.406752318799942e-17,0.16314665893090785,0.8851236050390233
8.98333322666667,0.4344254997514275,-4.336808689942018e-19,0.16422236391766346,0.8856102417852998
9.016666560000003,0.43275804187847694,4.7704895589362195e-18,0.16672827640596308,0.8859583280472074
9.049999893333336,0.430967236554641,5.854691731421724e-18,0.16890772340499713,0.8864183109517748
9.083333226666669,0.42919324469780545,-1.8214596497756474e-17,0.17256125103620656,0.8865753060775993
9.116666560000002,0.42786691161750795,4.119968255444917e-18,0.1759221318388303,0.8865558693461888
9.149999893333336,0.42715505056229897,9.75781955236954e-19,0.17833586490049277,0.8864168782628821
9.183333226666669,0.4266789748768566,1.3823577699190182e-17,0.18074466679924933,0.886158235205013
9.216666560000002,0.4263500884007986,-2.846030702774449e-19,0.18071587016528945,0.8863223885195688
9.249999893333335,0.4261190501770311,-7.291259609965017e-18,0.180690768234176,0.8864386055171382
9.28333322666667,0.4260254627984839,2.030168567979107e-17,0.1802959750779648,0.8865639663431081
9.316666560000003,0.42609744119844584,-1.2285365866976372e-17,0.17979854033188017,0.8866303939628183
9.349999893333337,0.42610594534171864,-9.920449878242366e-18,0.17952565420701283,0.8866816017184435
9.38333322666667,0.4259795075311022,-9.446534944253585e-18,0.17945013626779352,0.8867576375521274
9.416666560000003,0.4257072718622754,-5.312590645178972e-18,0.18075878930333586,0.886622568387006
9.449999893333336,0.4254510851341147,1.088267930632325e-17,0.1810578995513027,0.8866845048653297
9.48333322666667,0.42541453515199135,-4.3503612170980865e-18,0.18116116324459755,0.88668094950398
9.516666560000003,0.4253045918541822,1.4094628242311558e-18,0.18195523772877542,0.8865710888647409
9.549999893333336,0.42499970594328074,9.595189226496714e-18,0.1813434748662058,0.8868425982504308
9.583333226666669,0.4246078197213477,4.553649124439119e-18,0.18112927612344085,0.8870740582175097
9.616666560000002,0.4241746823665478,-1.0028870095490916e-18,0.1808030942266383,0.8873477784709397
9.649999893333336,0.42390508335728816,7.250602028496811e-18,0.1811917261844152,0.8873973397898839
9.683333226666669,0.4238091808195569,1.862117231243854e-17,0.18269902825237208,0.8871340616438392
9.716666560000002,0.4238590609511444,1.1519648082658485e-18,0.1828964738947277,0.887069544222148
9.749999893333337,0.4238516818097587,1.0042422622646985e-17,0.18262521787369845,0.887128954337318
9.78333322666667,0.42378441384885085,-6.532318089225164e-18,0.18170394016083227,0.8873502401581997
9.816666560000003,0.42367692009291413,1.8973538018496328e-18,0.18158028787011227,0.8874268794878764
9.849999893333337,0.423454045302587,7.237049501340742e-18,0.18228378145313362,0.8873890322378459
9.88333322666667,0.42327991448111557,7.15573433840433e-18,0.18316141272592593,0.8872913900659144
9.916666560000003,0.4230455988044454,6.505213034913027e-19,0.18429351376730674,0.8871687111905422
9.949999893333336,0.4226981741316462,-1.2459854654110758e-18,0.18452309045423354,0.8872865842978758
9.98333322666667,0.4224022121109478,-4.308856602682626e-18,0.18429094255609693,0.8874757572438603
10.016666560000003,0.42212134399671386,1.0310085033979344e-17,0.18431329562585436,0.8876047431137041
10.049999893333336,0.42201197645031835,8.016319812814698e-18,0.18394471519296068,0.8877331994946887
10.083333226666669,0.42195386584164635,-1.2332799712022613e-17,0.18423851863740448,0.8876998948696483
10.116666560000002,0.4218252515037807,-8.809142651444724e-18,0.18403818197007618,0.8878025708291913
10.149999893333336,0.42183944830816006,-1.1732253352419314e-17,0.1838073218289509,0.8878436508153537
10.183333226666669,0.42187044225306514,-1.6263032587282567e-19,0.18451509018454443,0.8876821004432796
10.216666560000004,0.42189701092336823,1.1289255121005315e-17,0.18480787932543505,0.887608562325287
10.249999893333337,0.42194618522846916,-1.5720931501039814e-18,0.18549079495838786,0.8874427202681013
10.28333322666667,0.42186771365438547,-1.3735486272675734e-17,0.18563248782972921,0.8874503995368794
10.316666560000003,0.42173532824162585,-3.0018847650692404e-18,0.18552807257666126,0.8875351526553286
10.349999893333337,0.4215112435796839,-2.744386749103933e-18,0.18580796667057936,0.887583050231162
10.38333322666667,0.4213288908665062,-1.0032258227279933e-17,0.18613463098104252,0.8876011857082835
10.416666560000003,0.421299969796901,-9.0801931945661e-18,0.1864519140304996,0.8875483193626663
10.449999893333336,0.42126839541661937,5.244828009398628e-18,0.18601152709674865,0.8876557051076969
10.48333322666667,0.4214189215649771,-1.5720931501039814e-18,0.18534756673978062,0.8877231393011304
10.516666560000003,0.4218050344490773,2.0803129184565616e-18,0.1859232350494435,0.887419327929115
10.549999893333336,0.42206487864668546,9.986518448128201e-19,0.18611821232107384,0.8872548953121456
10.583333226666669,0.422353964519166,8.538092108323347e-19,0.1867315381955892,0.8869884223021471
10.616666560000002,0.4224733576168522,-6.315477654728063e-18,0.18725352893266206,0.8868215029002218
10.649999893333336,0.4223811509137701,-4.4858864886587746e-18,0.18741786709597427,0.8868307090115648
10.683333226666669,0.4221765287767103,1.0570971181733668e-17,0.18788726776309425,0.8868288184100509
10.716666560000004,0.42196395767153155,3.9302328752599536e-19,0.18799611730815385,0.8869069163690386
10.749999893333337,0.4219602106587471,-1.909212263111193e-18,0.18784753952244912,0.886940179784515
10.78333322666667,0.42192410599654506,1.068955579434927e-17,0.18797946470668042,0.8869294050980643
10.816666560000003,0.4217848322438937,1.8180715179866302e-17,0.18766719752484853,0.8870617668810667
10.849999893333337,0.42163962502631913,9.215718466126788e-19,0.18794982752965125,0.8870709604869496
10.88333322666667,0.42155023692329974,4.1470733097570545e-18,0.18889970712436477,0.8869116632440004
10.916666560000003,0.4214357712341041,-7.752045533271357e-18,0.18987881252890726,0.8867569719359006
10.949999893333336,0.4211618721433979,1.3823577699190182e-18,0.19093721800104377,0.8866598311836902
10.98333322666667,0.4208326708863372,3.2255014631443757e-18,0.191526402508257,0.8866890662779806
11.016666560000003,0.42041527570838555,3.144186300207963e-18,0.1921637598576922,0.8867491670976622
11.049999893333336,0.4200491945401173,1.1140177322288558e-17,0.19285079296095434,0.8867735031114371
11.083333226666669,0.4199070459510881,-5.9631119486702744e-18,0.19381062301258956,0.8866315554773037
11.116666560000002,0.4197288408025404,9.937390537187452e-18,0.19386190447847026,0.8867047209700285
11.149999893333336,0.41968427807948644,-1.366772363689539e-17,0.1935557650043956,0.8867926886067925
11.18333322666667,0.41979351674223764,-8.300922883092143e-19,0.1937281978678,0.8867033261762806
11.216666560000004,0.4199008236734785,8.402566836762659e-19,0.1939377332897561,0.8866067075568319
11.249999893333337,0.4200259058107095,8.253489038045903e-18,0.19507221757175394,0.8862985210297551
11.28333322666667,0.42003013816468815,8.226383983733765e-18,0.19533171687640338,0.8862393601141114
11.316666560000003,0.4199801324143804,1.39845139591685e-17,0.19481070490488683,0.8863777285286791
11.349999893333337,0.41979818317135387,4.87890977618477e-19,0.1952039715391643,0.8863773998141917
11.38333322666667,0.419710045738531,-1.2102406750369443e-17,0.19564402033384798,0.8863221168479151
11.416666560000003,0.41995007537903123,3.537209587733958e-18,0.19612275545814908,0.8861025894221555
11.449999893333336,0.4204060150496898,3.7947076036992655e-19,0.19714048685850208,0.8856604377249968
11.48333322666667,0.42114345033272177,1.4094628242311558e-17,0.19936619646668363,0.8848114567229892
11.516666560000003,0.42265250618614636,6.396792817664476e-18,0.20316024562775004,0.8832274755752573
11.549999893333336,0.4259683972196138,-2.3852447794681098e-18,0.2123870791609739,0.8794558847239716
11.583333226666669,0.4315105374461908,1.6046192152785466e-17,0.23359862964181832,0.8713382444850932
11.616666560000002,0.4399836377254398,-8.673617379884035e-18,0.2674605816701201,0.8572509759612816
11.649999893333337,0.45234921443168263,-5.204170427930421e-18,0.3118160855508706,0.8355542573614065
11.68333322666667,0.4668516359846957,1.3877787807814457e-17,0.357982818718692,0.8086395065049898
11.716666560000004,0.47905969233947526,1.5612511283791264e-17,0.3999115070950117,0.7813914497027747
11.749999893333337,0.4861262900596667,1.3877787807814457e-17,0.43033111929171836,0.7605894805228125
11.78333322666667,0.4888332759718277,-2.688821387764051e-17,0.4478647840918553,0.7486382059933937
11.816666560000003,0.48955133060829087,-4.336808689942018e-19,0.45667838501713204,0.7428218813132769
11.849999893333337,0.4899806581572457,-4.4994390158148434e-18,0.4593711239200114,0.740875917505933
11.88333322666667,0.490340776502501,1.9759584593548318e-17,0.45951049394843324,0.7405511655856002
11.916666560000003,0.49049079005565027,-1.7862230791698686e-17,0.4585872544445455,0.741023963803869
11.949999893333336,0.49024626637743657,8.754932542820448e-18,0.458646513101224,0.7411490904825241
11.98333322666667,0.4892825471272103,-2.8731357570865868e-18,0.4595855504769327,0.7412042302021246
12.016666560000003,0.4874566450563612,-3.003240017784847e-17,0.4610113466801251,0.7415217848604142
12.049999893333336,0.48480804277650297,1.0950441942103595e-17,0.462536777339491,0.7423078143651828
12.083333226666669,0.48154141104423714,-6.5052130349130266e-18,0.46393908147287155,0.7435579319270513
12.116666560000004,0.4782776915741784,-6.396792817664476e-18,0.4641527724028105,0.7455284391713437
12.149999893333337,0.4758124934220136,3.537209587733958e-18,0.46264127701402086,0.7480411218017111
12.18333322666667,0.4745615105524277,2.710505431213761e-19,0.460724551532833,0.7500161733703268
12.216666560000004,0.47445250023370106,1.6263032587282567e-17,0.4580811517677295,0.7517023901898546
12.249999893333337,0.47503170706911224,-2.0599841277224584e-18,0.4558769619377817,0.7526759414604559
12.28333322666667,0.47598554067772797,-4.336808689942018e-17,0.45474716976082136,0.7527567845328622
12.316666560000003,0.47682825613364765,-1.1695830935687379e-17,0.4548758629287026,0.752145440375339
12.349999893333337,0.4770145094897645,-2.0504973587132103e-17,0.4555246400744125,0.7516345255649959
12.38333322666667,0.47655848552345,4.28801959218017e-17,0.4564751711681765,0.7513470755799745
12.416666560000003,0.47547322567477956,1.5937771935536915e-17,0.458095646604179,0.7510483274921258
12.449999893333336,0.47406020188205883,1.0299920638612292e-17,0.45927583614035944,0.751220760714928
12.48333322666667,0.47280950804354005,-1.4203048459560108e-17,0.45986777123166367,0.751646726917671
12.516666560000003,0.4719107812875439,1.1655173354219173e-18,0.4589678701239736,0.7527607247315996
12.549999893333336,0.471610620395069,2.2985086056692694e-17,0.4561852743260172,0.7546379384967832
12.58333322666667,0.4721121540314551,-3.3610267347050637e-18,0.45220854460734217,0.7567149702496238
12.616666560000004,0.4732237094397917,1.5720931501039814e-17,0.44818141344915474,0.7584146237136792
12.649999893333337,0.47455446344312785,-3.469446951953614e-18,0.44587456364974554,0.7589426425734386
12.68333322666667,0.47571785263834954,-4.553649124439119e-18,0.4454364994825821,0.7584713901063516
12.716666560000004,0.47637843549080944,-2.5207700510287978e-17,0.4464328922129454,0.7574703023549593
12.749999893333337,0.47640765701127846,-2.813504637599884e-17,0.448367751797545,0.7563082066783615
12.78333322666667,0.47588541273338786,-2.2063514210080015e-17,0.4500004825891373,0.7556670163617814
12.816666560000003,0.4750189422911944,-3.469446951953614e-18,0.45153629544446383,0.7552959541536317
12.849999893333337,0.4739857168958212,-2.0003530082357557e-17,0.4526953277342846,0.755251269728362
12.88333322666667,0.4731607122292403,1.9353008778866254e-17,0.4538860191731391,0.7550539199301458
12.916666560000003,0.4725056816789369,3.3068166260807885e-18,0.45529493038183616,0.7546157347615554
12.949999893333336,0.47203760449404125,3.9302328752599536e-18,0.45639809892814537,0.7542421860638013
12.98333322666667,0.47180815315052455,-7.616520261710669e-18,0.45750813445582544,0.7537130578193812
13.016666560000003,0.47173125107257063,-4.1470733097570545e-18,0.45816226821677447,0.7533637652183491
13.049999893333336,0.4716822632149588,1.5659945128837505e-17,0.4584269410630846,0.7532334181885174
13.08333322666667,0.4715395918753895,-1.6154612370034016e-17,0.45805224992315663,0.7535506284479664
13.116666560000004,0.4714791824460109,-3.1157259931802184e-17,0.45741135312305875,0.7539776087883338
13.149999893333337,0.47151076325849955,-1.5348237004247922e-17,0.45723771807795405,0.7540631732807622
13.18333322666667,0.471551987830662,6.2341624917916505e-19,0.456676268249336,0.7543775638172253
13.216666560000004,0.471523327034884,2.1250362580715887e-17,0.45594455186476285,0.7548379413402552
13.249999893333337,0.4710878005853206,-1.870248747537495e-17,0.4542769221042344,0.7561142520698765
13.28333322666667,0.4706813262826854,2.883977778811442e-17,0.4514346846205133,0.758067157058232
13.316666560000003,0.47052970960860474,-9.86623976961809e-18,0.4482092323867745,0.7600725467867527
13.349999893333337,0.47050032647839296,1.1600963245594897e-17,0.4450215308591455,0.7619614687472773
13.38333322666667,0.47079716650811615,-6.288372600415926e-18,0.44328517051193567,0.7627898043446394
13.416666560000003,0.4708612370895832,-1.1709383462843448e-17,0.4421947841468764,0.7633829106547806
13.449999893333336,0.47065815855938853,-4.662069341687669e-18,0.4409027325868124,0.7642549824364688
13.48333322666667,0.4704449276456719,-2.5734555003480153e-17,0.44052720668674805,0.7646027401345287
13.516666560000003,0.46976273704507604,-5.312590645178972e-18,0.44100795724322267,0.7647450245226043
13.549999893333338,0.4687247625547327,9.703609443745265e-18,0.44157431186923657,0.7650550464281767
13.58333322666667,0.46773878726779,-1.9813794702172594e-17,0.4417236301893767,0.7655721137930611
13.616666560000004,0.4672068157238763,5.421010862427522e-19,0.44223375428775025,0.7656024411597168
13.649999893333337,0.46701916401906723,8.131516293641283e-19,0.4429147441083934,0.7653232192285349
13.68333322666667,0.46690012551025645,-8.307699146670178e-18,0.44314340493236953,0.7652634810726648
13.716666560000004,0.4669708906324233,-9.025983085941824e-18,0.4437907309123001,0.7648450656559717
13.749999893333337,0.46703091816607817,2.0027247004880677e-17,0.4438645079989377,0.764765598085983
13.78333322666667,0.4669991323783872,1.2197274440461925e-18,0.44284906584058326,0.765373448221165
13.816666560000003,0.46710410458025897,-7.616520261710669e-18,0.44223895867369994,0.7656621049232333
13.849999893333337,0.4673978910062407,-1.1509483687291433e-17,0.4425599265934451,0.7652972774396384
13.88333322666667,0.46772077229147624,-2.3386579673691232e-17,0.443054212053874,0.7648138625498273
13.916666560000003,0.4678906092602108,1.8490729238561376e-17,0.44315238549308367,0.7646530853909491
13.949999893333336,0.4678630717590818,-2.316126890972159e-17,0.4432480506935811,0.7646144856334445
13.98333322666667,0.4675848256944659,-3.7947076036992655e-19,0.44325096051136387,0.7647829867263193
14.016666560000004,0.46719899102539697,1.4907779871675686e-17,0.4434927267252305,0.7648786205187534
14.049999893333338,0.466695329058882,-8.646512325571898e-18,0.44415467442211065,0.764801997267012
14.08333322666667,0.4660234051906781,1.2902005852577503e-17,0.4451477658060961,0.7646343259443209
14.116666560000004,0.4652239701726823,-3.577867169202165e-18,0.4460364281335623,0.7646032712162699
14.149999893333337,0.4645993147312195,-7.237049501340742e-18,0.445708213061122,0.7651742713664272
14.18333322666667,0.46516886822192743,-7.589415207398531e-18,0.4414478572779715,0.767295062763875
14.216666560000004,0.4672199751871993,-6.5052130349130266e-18,0.4342069889220904,0.7701751655028125
14.249999893333337,0.46983108144044516,1.3010426069826053e-18,0.4273537750310891,0.7724166659771003
14.28333322666667,0.47181875818409963,3.382710778154774e-17,0.4223970771801603,0.7739300799266509
14.316666560000003,0.47240975683751035,-1.1384122811097797e-17,0.41935256411491034,0.7752241279881417
14.349999893333337,0.47175647717110414,1.0489656018797255e-17,0.41911565759039493,0.7757498899836727
14.38333322666667,0.47007174353692943,-2.927345865710862e-18,0.42026765166120095,0.7761492491108465
14.416666560000003,0.46773135903025725,-1.5504091066542713e-17,0.4223166209424328,0.7764509304878668
14.449999893333336,0.46475268612706766,-2.0599841277224584e-17,0.42432948109564833,0.7771418353240116
14.483333226666671,0.46155466706128906,-8.890457814381136e-18,0.4270643847429008,0.777549548645043
14.516666560000004,0.45788218300754613,-1.1275702593849246e-17,0.4305859751075134,0.7777786475115888
14.549999893333338,0.4536721248873283,2.5153490401663703e-17,0.43588298612424287,0.7772950697821449
14.58333322666667,0.44866805492293127,-3.903127820947816e-18,0.44169003124988543,0.7769214199558078
14.616666560000004,0.4427500017334982,-1.9949319973733282e-17,0.4488434949759014,0.7762164343678929
14.649999893333337,0.4356125971435821,-6.938893903907228e-18,0.45809822374798054,0.7748468768787602
14.68333322666667,0.42655548879257127,1.3877787807814457e-17,0.4707098899282091,0.7723228693394388
14.716666560000004,0.41477057493670294,-3.122502256758253e-17,0.490284059884229,0.7665421780894478
14.749999893333337,0.4008539093511722,-1.214306433183765e-17,0.5162293054946236,0.7568510074687228
14.78333322666667,0.3862593910058245,-1.9081958235744878e-17,0.5444181125893152,0.7445888808896474
14.816666560000003,0.37253632665041597,-1.734723475976807e-17,0.5699712478863271,0.7323588341166628
14.849999893333337,0.3612736384998287,-2.42861286636753e-17,0.5886639851655447,0.7231570166250996
14.88333322666667,0.3530103890383933,1.5612511283791264e-17,0.6039857429736977,0.7145522286827413
14.916666560000003,0.34725063869869877,2.168404344971009e-18,0.6165164461940698,0.7066289447054802
14.949999893333338,0.3432546068052853,-4.9873299934333204e-18,0.6257371236277076,0.7004493750593773
14.983333226666671,0.3404754377729335,2.3201926491189795e-17,0.6320893527214059,0.6960887346090036
15.016666560000004,0.33818587951737983,-2.2659825404947043e-17,0.6354628357817184,0.6941306038745972
15.049999893333338,0.33619033474203536,-5.421010862427522e-18,0.636449817614735,0.6941957133865124
15.08333322666667,0.3342214432270843,7.26415455565288e-18,0.6356699208801654,0.6958590220550488
15.116666560000004,0.3320290517316735,9.486769009248164e-18,0.6336329496515787,0.6987603265226251
15.149999893333337,0.32989205589465,1.656118818471608e-17,0.6314645018431857,0.701729160267363
15.18333322666667,0.32785326497771183,-3.2526065174565133e-19,0.629868488256975,0.7041149935517119
15.216666560000004,0.3256958656709547,-2.2768245622195593e-18,0.6285289627855141,0.7063098088124034
15.249999893333337,0.3230077979787403,3.848917712323541e-18,0.6266493969380381,0.7092083584970771
15.28333322666667,0.3200017148763711,-1.485356976305141e-17,0.6247075472106068,0.7122776024376236
15.316666560000003,0.3168251834863996,1.6696713456276768e-17,0.6230010292591692,0.71518635379237
15.349999893333337,0.31373081064955355,5.041540102057596e-18,0.6212804151202391,0.7180415198560578
15.38333322666667,0.311545795628004,-1.1384122811097797e-17,0.6203921121540867,0.7197588793502343
15.416666560000003,0.31030633283307013,-4.391018798566293e-18,0.620055773500978,0.720583664505237
15.449999893333338,0.3100747630396278,-2.456395547037471e-18,0.6200108292275192,0.720722008104736
15.483333226666671,0.31074987832859746,-2.222614453595284e-17,0.619893795608886,0.7205318836001434
15.516666560000004,0.31192805012772323,3.1496073110703904e-17,0.6191178068552796,0.7206899699442371
15.549999893333338,0.3136201889938259,1.5829351718288365e-17,0.618197475100578,0.7207456269966177
15.58333322666667,0.3155112537692678,5.095750210681871e-18,0.6171942990002264,0.7207800261012814
15.616666560000004,0.3170922643238582,-4.174178364069192e-18,0.6158693790754373,0.7212193867494162
15.649999893333337,0.31823100939318905,5.421010862427522e-20,0.6153186297437331,0.7211879148674682
15.68333322666667,0.31876010518507414,4.065758146820642e-18,0.6150469952108019,0.7211859600855833
15.716666560000004,0.318777864609876,-2.507217523872729e-18,0.6147148122938652,0.7214612758709132
15.749999893333337,0.318536721941076,-1.8228149024912543e-18,0.6143773398779655,0.7218551385281596
15.78333322666667,0.318211824456691,-2.1467203015212988e-17,0.6141672450364234,0.7221771457892544
15.816666560000003,0.3179308627163609,8.03834266944331e-18,0.6136449170001623,0.7227446868516533
15.849999893333337,0.3178383294547846,-1.5029752616080305e-17,0.6129218199198585,0.723398672237875
15.88333322666667,0.3180415657746819,-3.309527131512002e-17,0.611984128382279,0.7241028856783897
15.916666560000005,0.31824959999331204,1.1763593571467723e-17,0.6102048683025297,0.7255116889506256
15.949999893333338,0.31856997335045667,-2.564138137928218e-17,0.608304537301621,0.7269654475817612
15.983333226666671,0.318784131357305,-1.8810907692623502e-17,0.6065609119441508,0.7283272188352213
16.016666560000004,0.31875827231551207,-2.167049092255402e-17,0.6052143580557727,0.7294578429447235
16.049999893333336,0.31868428860277864,1.1357017756785659e-17,0.6043762166315746,0.7301847115407477
16.08333322666667,0.318399722017552,-1.122318655111948e-17,0.603662563399088,0.7308988483843627
16.116666560000002,0.3180200602948155,3.346118954833388e-17,0.6033601094964277,0.7313137627028092
16.149999893333337,0.3176079611251846,-6.776263578034403e-20,0.6028954333095633,0.7318758634661875
16.183333226666672,0.31732751890146615,-4.512991542970912e-18,0.6022797511518684,0.7325041618313736
16.216666560000004,0.31726247429139015,-6.965998958219366e-18,0.6011669740240846,0.7334458342299253
16.24999989333334,0.31733682337081753,-1.916327339868129e-17,0.5999651654667254,0.7343971274177232
16.28333322666667,0.3175215185900766,-1.882446021977957e-17,0.5992801961735976,0.7348764057352677
16.316666560000005,0.3176619132995643,1.5720931501039814e-17,0.5986873765017213,0.7352988059668983
16.349999893333337,0.3177369115379035,-2.6007299612496038e-17,0.5977218428579433,0.7360515291858706
16.38333322666667,0.31779821767529365,7.616520261710669e-18,0.5966597646341053,0.7368862993089104
16.416666560000003,0.31764826228537835,-4.30970363562988e-18,0.5950277832178176,0.738269272464979
16.449999893333338,0.31746999878485144,1.4894227344519617e-17,0.5935791447057295,0.7395110539011309
16.48333322666667,0.3173253503973782,5.421010862427522e-20,0.5923608284414233,0.7405493035061016
16.516666560000004,0.31724647800561373,-1.2088854223213374e-17,0.5915072022536249,0.7412650685653028
16.549999893333336,0.3171143689363556,1.2400562347802957e-17,0.5909524890561517,0.7417638658578859
16.58333322666667,0.3168271592041789,-4.8721335126067356e-18,0.5901789588693869,0.7425020859892965
16.616666560000006,0.3166212104753382,2.0816681711721685e-17,0.5893147569517981,0.7432759422421625
16.649999893333337,0.31657826005424705,-2.9070170749767588e-18,0.5889786091926978,0.7435606250834299
16.683333226666672,0.31672292747623393,-2.4462311516704194e-18,0.5887307550061988,0.7436952906404043
16.716666560000004,0.31678739377046966,-8.944667923005412e-18,0.5883830416589768,0.7439429705536874
16.74999989333334,0.3166948904064604,-5.5599242657772274e-18,0.5881599140405048,0.7441587612239112
16.78333322666667,0.31655295607824513,4.658681209898652e-18,0.5881152247985753,0.744254464788923
16.816666560000005,0.3162403366356176,-3.4084605797513046e-18,0.5878975755195505,0.7445592590135628
16.849999893333337,0.31602965718564047,-1.7184604433895245e-17,0.5873865231622343,0.7450518963042162
16.88333322666667,0.3158402039281741,5.597193715456417e-18,0.5862942968994783,0.7459919322658627
16.916666560000003,0.31578034004127764,-5.759824041329242e-18,0.5851499250038709,0.7469152174854782
16.949999893333338,0.3158237787514822,-2.3567844724403653e-17,0.5841860626389522,0.7476509780596379
16.98333322666667,0.3158897219300456,1.360673726469308e-17,0.583527522630641,0.7481372293312941
17.016666560000004,0.31597381038723993,-2.0098397772450038e-17,0.5829832632456462,0.7485259286924043
17.049999893333336,0.31600302436940414,-8.067141789649956e-18,0.5827728257736555,0.748677448658084
17.08333322666667,0.316006797924378,6.3696877633523385e-18,0.582509811868134,0.7488805129945181
17.116666560000006,0.315872787366162,8.31786354203723e-18,0.5820598222467106,0.7492868246056774
17.149999893333337,0.31581370507790435,-1.370499308657458e-17,0.5821610416261274,0.7492330914326656
17.183333226666672,0.31586008747476046,-8.36529738708347e-18,0.5824615922570248,0.7489799053952304
17.216666560000004,0.31577385144283293,3.469446951953614e-18,0.5829661423550359,0.7486236381604896
17.24999989333334,0.31556698578766845,6.602621823847271e-18,0.5826486098813958,0.7489579927366837
17.28333322666667,0.31550934166357775,-2.1202928735669646e-17,0.582200917422811,0.7493303324135844
17.316666560000005,0.3155195173886875,-1.8262030342802715e-18,0.5819605596349532,0.7495127358332089
17.349999893333337,0.31560333383532013,-1.9810406570383576e-17,0.5817024469415951,0.7496777967194922
17.38333322666667,0.3156381417350871,-7.558922021297376e-18,0.581603300279661,0.7497400646796377
17.416666560000003,0.3155919540958552,1.2809679261326784e-17,0.581708172865192,0.7496781443604977
17.449999893333338,0.31556596742415677,-1.254286388294168e-17,0.5820044773330313,0.7494590773137392
17.48333322666667,0.3154612040007674,9.11576857835078e-18,0.5818756862173495,0.7496031713910201
17.516666560000004,0.31537819964181063,-3.7269449679189215e-18,0.581433468818655,0.7499811414483676
17.549999893333336,0.3152917024230238,-5.043234167952104e-18,0.580998519479671,0.7503544913876521
17.58333322666667,0.31524873131191106,-4.3029273720518457e-19,0.5806979081864891,0.7506052070390042
17.616666560000006,0.31544761032660174,-4.22500034090445e-18,0.5809203968918799,0.7503494503324548
17.649999893333337,0.3157649526149227,-7.902817397882622e-19,0.5817625463655884,0.749563095640602
17.683333226666672,0.3158994447108541,1.848564704087785e-17,0.582161255490262,0.7491967788487723
17.716666560000004,0.31598417390003003,1.5475291946336067e-18,0.5824952609245849,0.7489013772487773
17.74999989333334,0.31598664056679027,2.981555974335137e-19,0.5822790746360847,0.7490684362755244
17.78333322666667,0.31592978369816843,8.856576496490964e-18,0.5820150877171123,0.7492975439984243
17.816666560000005,0.3160171602371654,-7.543675428246799e-18,0.5821206183577504,0.7491787104012154
17.849999893333337,0.31608423596873264,7.623296525288703e-19,0.5821394476159869,0.7491357816186704
17.88333322666667,0.3161426114994686,-7.995991022080595e-18,0.5823974827224655,0.7489105562834799
17.916666560000003,0.31621816255292806,-1.8140057598398096e-17,0.5822003484598298,0.7490319271732698
17.949999893333338,0.31645583937339655,1.0340578220080499e-17,0.582105782224041,0.7490050467305387
17.98333322666667,0.31662993550343643,1.2593685859776937e-17,0.58213247304255,0.7489107208288945
18.016666560000004,0.31656573150791373,-1.4301304281441607e-17,0.5819811705820516,0.749055441688267
18.04999989333334,0.31638499762627614,-1.7618285302889447e-17,0.5821269075292377,0.7490185557163906
18.08333322666667,0.3161934336946325,4.0657581468206416e-20,0.5824978518758631,0.7488110342726016
18.116666560000006,0.31600377240209687,-2.2659825404947043e-17,0.5831615943654951,0.7483743519688109
18.149999893333337,0.3158090407767857,5.7462715141731735e-18,0.5833565997583543,0.748304568529431
18.183333226666672,0.31565759502694546,-1.7631837830045516e-17,0.5832887248134737,0.7484213694218497
18.216666560000004,0.31563708360107384,-1.69000013636178e-17,0.5831984364105837,0.7485003775710867
18.24999989333334,0.31564077182908445,-7.938392781667303e-18,0.5829981861076521,0.7486548057378164
18.28333322666667,0.3157930291164215,4.933119884809045e-18,0.5830686460784051,0.7485357150609252
18.316666560000005,0.3161005265806322,8.300922883092143e-19,0.5836010734764285,0.7479908048449576
18.349999893333337,0.3162601632550321,9.395712967418327e-18,0.583904603314592,0.7476863803533734
18.38333322666667,0.31640455481347146,1.1041921500407059e-17,0.5840502985713657,0.7475114757861496
18.416666560000003,0.31645683141855185,-4.184342759436244e-18,0.584179258750853,0.7473885652683177
18.449999893333338,0.31639114355185516,3.882799030213713e-18,0.5842691711316829,0.7473460911432169
18.48333322666667,0.3164135059766288,-1.0089856467693226e-17,0.5847140995456728,0.7469885641882819
18.516666560000004,0.3165295803340044,7.115076756936123e-20,0.5851550106259823,0.7465940250985711
18.54999989333334,0.3167137971260142,-2.118598807672456e-17,0.5857246723412544,0.746069017531724
18.58333322666667,0.31700774475258675,-2.043721095135176e-17,0.5856834372877411,0.7459765418923677
18.616666560000006,0.31749974106044637,2.1019969619062717e-17,0.585785316383488,0.745687251826157
18.649999893333337,0.3183728704165936,-9.486769009248164e-18,0.5860784998747647,0.7450843625840263
18.683333226666672,0.32023049100512563,-1.6046192152785466e-17,0.5871569512703395,0.7434373862037988
18.716666560000004,0.32411465554412866,-1.1221492485224971e-17,0.5905905988147075,0.7390212680655383
18.74999989333334,0.3314539755615962,-1.7889335846010823e-17,0.5985819346805844,0.7292721916804872
18.78333322666667,0.3426785900646736,-4.7704895589362195e-18,0.6105492467370205,0.7140035022464135
18.816666560000005,0.35570696612949565,2.3852447794681098e-18,0.6232458039429464,0.6964461372672408
18.849999893333337,0.3683824722889299,-1.6696713456276768e-17,0.6342194236344226,0.679750010514981
18.88333322666667,0.3803966232077926,6.938893903907228e-18,0.6433237170000726,0.6644042475762167
18.916666560000003,0.3915665109208546,-1.973247953923618e-17,0.6504258402744955,0.6508624231191141
18.949999893333338,0.4001130035900681,6.071532165918825e-18,0.6546314608352839,0.6413791662057604
18.983333226666673,0.40547376813214736,-3.686287386450715e-18,0.6574627808990513,0.6350855966633189
19.016666560000004,0.4081104517047885,-1.4663834382866447e-17,0.6612503915887897,0.6294392574609451
19.04999989333334,0.4084883926258229,3.404394821604484e-17,0.6660499615168287,0.6241111133871939
19.08333322666667,0.4073561207161966,1.1167282376600696e-17,0.6705235201883394,0.6200477399275712
19.116666560000006,0.40546543245996125,-1.6046192152785466e-17,0.6746410975507932,0.616812104757614
19.149999893333337,0.4034706978221492,3.5236570605778894e-17,0.6784341581250631,0.6139531652235739
19.183333226666672,0.4018348165883193,2.7972416050126014e-17,0.6814609988955305,0.6116695898618285
19.216666560000004,0.4008126487524615,7.806255641895632e-18,0.683325471022878,0.6102585691749016
19.24999989333334,0.4002185071824289,-1.81603863891322e-17,0.6835019071411429,0.6104508902795449
19.28333322666667,0.4000353981542425,3.117081245895825e-17,0.6824381310622808,0.6117596566428667
19.316666560000005,0.3997812714677009,-3.4667364465224004e-17,0.68054141796641,0.6140344562123012
19.349999893333337,0.3991001917842025,4.4994390158148434e-18,0.6780997129721862,0.6171708160508332
19.38333322666667,0.3982963412243178,3.0791341698588326e-17,0.6749305920856398,0.6211511252780998
19.416666560000003,0.3980923518746217,1.452830911130576e-17,0.6682577083123907,0.6284537490221569
19.449999893333338,0.4007109702078528,-3.859759734048396e-17,0.652383577114093,0.6432933908154984
19.483333226666673,0.40968357818041307,1.9081958235744878e-17,0.6192099326374652,0.6698794108587003
19.516666560000004,0.427228209625464,-2.949029909160572e-17,0.571281296581704,0.7007950749514068
19.54999989333334,0.45348403273002635,8.673617379884035e-18,0.5147927006864171,0.7275580439929846
19.58333322666667,0.4854521305708664,-1.734723475976807e-18,0.456587468354705,0.7455629501696338
19.616666560000006,0.519930967210893,-3.122502256758253e-17,0.40287802716244764,0.7532337516102419
19.649999893333337,0.5532839769425288,1.0408340855860843e-17,0.358100397134969,0.7520910492955204
19.683333226666672,0.5827468368288845,-1.9081958235744878e-17,0.3226962832970439,0.7458372697259126
19.716666560000004,0.6069348389689194,1.734723475976807e-18,0.2945299261265158,0.7381613806354822
19.74999989333334,0.6252590080146989,-1.3877787807814457e-17,0.2736402041119568,0.7308708583532671
19.78333322666667,0.6380088730338651,9.540979117872439e-18,0.259148649324014,0.7251114779698338
19.816666560000005,0.6465441863859478,1.3877787807814457e-17,0.24973677255386953,0.7208412859186895
19.849999893333337,0.6518888435254214,-8.673617379884035e-19,0.24482544981893614,0.7177056742203202
19.88333322666667,0.6549481661425998,2.710505431213761e-18,0.24212187323669118,0.7158351054305743
19.916666560000003,0.6566681694050666,1.4148838350935833e-17,0.2402749045664283,0.714881028931243
19.949999893333338,0.6577321209071402,-1.1492543028346347e-17,0.23951909198654842,0.7141561885896772
19.983333226666673,0.6581366020479935,-1.0570971181733668e-18,0.2392342240368603,0.7138789807062554
20.016666560000004,0.657662889877805,3.198396408832238e-18,0.2401024485443571,0.7140240454498565
20.04999989333334,0.6565329222936135,1.3335686721571705e-17,0.2419733322243236,0.7144322420193993
20.08333322666667,0.6550564897454423,-6.613633252161577e-18,0.2440418443293949,0.7150836129143826
20.116666560000006,0.6533580464278812,3.577867169202165e-18,0.2461621480610225,0.7159102318237434
20.149999893333337,0.65153899922658,1.474514954580286e-17,0.24838911346038056,0.7167982845969938
20.183333226666672,0.6497329679230588,1.0842021724855044e-17,0.25024588178861557,0.7177911040419293
20.216666560000004,0.6477040709674571,1.4148838350935833e-17,0.25143775423038717,0.7192068493832375
20.24999989333334,0.6457194933591734,-2.0925101928970236e-17,0.25210889972325523,0.7207547700683652
20.28333322666667,0.6433100510982006,7.589415207398531e-18,0.25364677806041075,0.7223679741901653
20.316666560000005,0.6406038521151814,-5.095750210681871e-18,0.2558134551046924,0.7240070309345003
20.349999893333337,0.6375942050169471,-1.0408340855860843e-17,0.2582481146830782,0.7257971762079561
20.38333322666667,0.6346573510631761,-1.1058862159352145e-17,0.26079289320213084,0.7274593552884823
20.416666560000007,0.6315505652998809,1.951563910473908e-18,0.26367137809686747,0.7291236437271116
20.449999893333338,0.6272439483188511,-9.540979117872439e-18,0.26729438220017715,0.7315181081433352
20.483333226666673,0.6192048816614882,-9.107298248878237e-18,0.27365813152928914,0.7360003679173542
20.516666560000004,0.6009089157488482,2.5153490401663703e-17,0.2899269662710459,0.744883097675341
20.54999989333334,0.5656912207303404,-1.9081958235744878e-17,0.3219620387294295,0.7591665748739249
20.58333322666667,0.5184631810422795,2.7755575615628914e-17,0.3720169778789189,0.7699346063617069
20.616666560000006,0.4679767804647513,-2.7755575615628914e-17,0.4371399794235774,0.7680536252993019
20.649999893333337,0.41980836753003264,3.122502256758253e-17,0.5089888121173597,0.7514594624403422
20.683333226666672,0.37772552735515696,-3.122502256758253e-17,0.5786713948777157,0.7228159120651313
20.716666560000004,0.34467686402522485,-2.0816681711721685e-17,0.6407796657638124,0.6860023901921579
20.74999989333334,0.3222918627115504,1.9081958235744878e-17,0.6906174448884892,0.6474376418201325
20.78333322666667,0.3104589529230274,-1.214306433183765e-17,0.7275657676080972,0.6117706207025454
20.816666560000005,0.30672743135478914,2.168404344971009e-18,0.752832002686825,0.5823763891033334
20.849999893333337,0.3064727026491912,-3.0357660829594124e-18,0.7691173995881828,0.5608323351783597
20.88333322666667,0.30708244077442864,-1.0625181290357943e-17,0.7788943868144842,0.5468307862190172
20.916666560000007,0.3081204615544407,1.3145951341386741e-17,0.7834256360795399,0.5397277590645556
20.949999893333338,0.3100162676148023,8.023096076392733e-18,0.7845383652305651,0.5370190567340603
20.983333226666673,0.3135129642417023,-5.204170427930421e-18,0.7820535809845103,0.5386110077984715
21.016666560000004,0.3178777242016794,1.1709383462843448e-17,0.7763852064618659,0.5442240013482749
21.04999989333334,0.3225130449683576,-1.3877787807814457e-17,0.7682340733270859,0.5529934397481691
21.08333322666667,0.32615361557116723,1.973247953923618e-17,0.7592576653323397,0.5631621584268072
21.116666560000006,0.32800054419730706,3.903127820947816e-18,0.7518872840264822,0.5719100935685176
21.149999893333337,0.32841090480454743,1.0950441942103595e-17,0.7474983409736112,0.5774015135476852
21.183333226666672,0.3278617100040955,2.791820594150174e-18,0.7456601237709063,0.5800841998633882
21.216666560000004,0.3264403382113516,2.6020852139652106e-17,0.7457943857117607,0.5807128721057214
21.24999989333334,0.3239052586560361,1.235990476633475e-17,0.747298854948403,0.5801980737711668
21.28333322666667,0.32130656674621577,-6.396792817664476e-18,0.7499741410357178,0.5781875802397497
21.316666560000005,0.3189022723727629,-2.200930410145574e-17,0.7514431773147292,0.577611021313334
21.349999893333337,0.317170241418767,4.174178364069192e-18,0.7503974856988157,0.5799195214986791
21.38333322666667,0.31675305335536796,-2.1141942363467336e-18,0.7473271671720532,0.5840972593640942
21.416666560000007,0.3178972059239142,-4.152494320619482e-17,0.742105595134368,0.5901022387146434
21.449999893333338,0.3205337908786382,1.3444106938820255e-17,0.7347419703699387,0.5978397158786538
21.483333226666673,0.32422499534906885,1.7780915628762273e-17,0.7252055917643082,0.6074166626498454
21.516666560000004,0.3289195675700943,2.688821387764051e-17,0.7142698139364058,0.6177625360676663
21.54999989333334,0.33403496555014794,1.6046192152785466e-17,0.7023322078399442,0.628609665548169
21.58333322666667,0.3392956283361183,5.637851296924623e-18,0.6896884295458049,0.6396939477145616
21.616666560000006,0.3447059618865372,-5.204170427930421e-18,0.6771223675902865,0.6501408302428038
21.649999893333337,0.349859646086288,-1.5178830414797062e-17,0.6656340510040389,0.6591885452466008
21.683333226666672,0.3545557853246935,2.6020852139652106e-17,0.6560813293419271,0.6662187961786427
21.716666560000004,0.3583998353461777,-5.421010862427522e-18,0.6477431692496056,0.672293347218541
21.74999989333334,0.3612948479750213,1.0842021724855044e-18,0.6414276979170619,0.6767839693517604
21.78333322666667,0.3632361631978615,8.782037597132586e-18,0.6366509746727811,0.6802462981843374
21.816666560000005,0.36456807758655635,1.5612511283791264e-17,0.6331745571048047,0.6827738256845947
21.84999989333334,0.36559013064155493,7.26415455565288e-18,0.6311282978861616,0.6841205507692394
21.88333322666667,0.3662201270531347,1.2034644114589099e-17,0.6299577271633618,0.6848620886925756
21.916666560000007,0.36632836556756465,-3.667313848432219e-17,0.628751151405072,0.6859121796464859
21.949999893333338,0.3660703387680234,-6.2934547980994515e-18,0.6281732128945648,0.6865791445099277
21.983333226666673,0.365657618567291,1.0855574252011113e-17,0.6279811838924573,0.6869746273776969
22.016666560000004,0.36517206069685226,2.7714918034160707e-18,0.6275429764026794,0.6876330262967889
22.04999989333334,0.36489372601244036,-1.572601369872334e-17,0.6271348228322345,0.6881529500830029
22.08333322666667,0.36495615598736025,-4.0657581468206416e-20,0.6267449728863812,0.6884749401166168
22.116666560000006,0.3652750248788343,1.3227266504323154e-17,0.6264861309275574,0.6885414177485523
22.149999893333337,0.3655959788785713,1.919037845299343e-17,0.6259122499571675,0.6888929057417963
22.183333226666672,0.36581878343783014,9.581636699340645e-18,0.6253572665828794,0.6892785408062954
22.216666560000004,0.36600998578232036,-1.5273698104889544e-17,0.6248245351422307,0.68966005436876
22.24999989333334,0.3658174673510677,-2.1297796425762128e-17,0.6239362454371395,0.6905658130914505
22.28333322666667,0.36550401892896484,5.4108464670604706e-17,0.6235686877589417,0.691063603290874
22.316666560000005,0.3651916833189206,-7.453889935837843e-19,0.6239423715175151,0.6908914179954708
22.34999989333334,0.36514857237546533,-7.243825764918776e-18,0.6246174177406055,0.690303992127539
22.38333322666667,0.3651719725539388,-5.692061405548898e-19,0.6247639704605655,0.6901589756537366
22.416666560000007,0.36527453659145814,-6.8745193999159016e-18,0.6247034239568136,0.6901595069362803
22.449999893333338,0.36519188649983303,7.508100044462118e-18,0.6246030322082269,0.6902940954339549
22.483333226666673,0.36479464166974496,6.085084693074894e-18,0.6246384148963761,0.6904720993963371
22.516666560000004,0.3644294821362801,-1.3227266504323154e-17,0.6250810662355858,0.6902643067576838
22.54999989333334,0.364125665976508,-8.782037597132586e-18,0.6259024407945696,0.6896800953953689
22.58333322666667,0.3637621809921688,-3.821812658011403e-18,0.6262116141747085,0.6895912484599314
22.616666560000006,0.3634969034345293,-1.1397675338253865e-17,0.6263881158280531,0.6895708299680969
22.649999893333337,0.3632637392826746,-1.5077186461126546e-17,0.6264100619149586,0.6896737562457098
22.683333226666672,0.36317731989091323,-2.1914436411363258e-17,0.6264006935197131,0.6897277763544657
22.716666560000004,0.36323853732239075,-1.3227266504323154e-17,0.6268555247479357,0.6892821745097435
22.74999989333334,0.3631621246652993,-2.539743589047294e-17,0.627521350602107,0.6887163608823977
22.783333226666674,0.3629827536649352,-8.809142651444724e-19,0.6282130393319404,0.6881801346705285
22.816666560000005,0.3626742695681391,-7.101524229780054e-18,0.6287461823865075,0.6878558078024852
22.84999989333334,0.3621611174673528,-2.574980159653073e-18,0.6291876461385442,0.6877224955906536
22.88333322666667,0.3615179347298022,-6.044427111606687e-18,0.6297363202815343,0.6875586882492078
22.916666560000007,0.36080947299172894,-3.5236570605778894e-18,0.6303601223320775,0.6873591785761788
22.949999893333338,0.36022047102193877,1.3064636178450328e-17,0.6311397704002294,0.686952547470259
22.983333226666673,0.3597859629209339,-3.4423418976414766e-18,0.6319686306289101,0.6864180291819822
23.016666560000004,0.35932408482601425,6.884683795282953e-18,0.6324888191396176,0.6861808039630076
23.04999989333334,0.358641837089615,-8.375461782450522e-18,0.6325530471445707,0.6864784594123143
23.08333322666667,0.3576344375384366,2.0274580625478933e-17,0.6322870317518923,0.6872486584671866
23.116666560000006,0.356539621322114,-2.2280354644577116e-17,0.6320996053327277,0.687989525622079
23.149999893333337,0.3556827358753621,6.5052130349130266e-18,0.6319063240967201,0.6886103317310802
23.183333226666672,0.35505789116079717,-1.4135285823779764e-17,0.6314110163704418,0.6893867001404169
23.216666560000004,0.35476789923261376,-1.7242202674308538e-17,0.6310594093058636,0.6898577821555778
23.24999989333334,0.35472469151694264,9.730714498057402e-18,0.6303614341375103,0.6905178169897656
23.283333226666674,0.3549924955618428,5.488773498207866e-18,0.6300234024084511,0.6906886711916259
23.316666560000005,0.35530906137025625,5.238051745820593e-18,0.630081732913957,0.6904726502594671
23.34999989333334,0.3554198981361636,-3.2390539903004445e-18,0.6297729607816726,0.6906972664468602
23.38333322666667,0.35556577907123027,-2.224393222784518e-17,0.6299295999665275,0.6904793087699876
23.416666560000007,0.3558674866839878,-1.1519648082658485e-17,0.6305831919379464,0.6897268807046547
23.449999893333338,0.3562985559722134,-1.2691941681658436e-17,0.6313625076880747,0.6887907685922782
23.483333226666673,0.35695877043452656,7.15573433840433e-18,0.6317718100423743,0.688073263719535
23.516666560000004,0.35820649670070426,-2.5478751053409354e-18,0.632091369990313,0.6871307049646214
23.54999989333334,0.3603289503847285,-2.5045070184415152e-17,0.6326367795899308,0.6855171424732729
23.58333322666667,0.36373279307541007,1.1058862159352145e-17,0.6341944882411289,0.6822725308307037
23.616666560000006,0.3688760032783713,1.1384122811097797e-17,0.6372303790883644,0.6766593959831447
23.649999893333337,0.3751339169393689,-9.107298248878237e-18,0.640256086741114,0.6703332661838305
23.683333226666672,0.38161253099096604,1.2576745200831851e-17,0.6420658676030379,0.6649235278209271
23.716666560000004,0.3878538841074883,-3.686287386450715e-17,0.6431909782451066,0.6602080960476311
23.74999989333334,0.3932033552820807,4.7704895589362195e-18,0.6434635451507796,0.6567692041020987
23.783333226666674,0.3973150479302007,-1.2902005852577503e-17,0.6433662142610855,0.6543857173224222
23.816666560000005,0.4003762472754242,1.6696713456276768e-17,0.6434867133988164,0.6523984291035946
23.84999989333334,0.4024079376324357,-2.7755575615628914e-17,0.6436981189560242,0.6509382331549485
23.88333322666667,0.4040616470244518,2.7728470561316776e-17,0.6443758839957672,0.649241022678451
23.916666560000007,0.4049358779992141,7.569086416664428e-18,0.6453348978813088,0.6477420816077388
23.949999893333338,0.40448716968430654,-1.5829351718288365e-17,0.6471969177411752,0.6461627343224785
23.983333226666673,0.40357037285749386,4.445228907190568e-18,0.6498529077603923,0.6440668850569997
24.016666560000004,0.40311929185820206,2.5587171270657905e-17,0.6528000165559947,0.64136337197897
24.04999989333334,0.40311607524361714,1.0083080204115191e-17,0.6554496845342498,0.6386572953659378
24.08333322666667,0.4034981537012831,2.043721095135176e-17,0.6576405421231876,0.6361589088549935
24.116666560000006,0.4040326388909425,3.2187251995663413e-18,0.6589098207264165,0.6345041172924751
24.149999893333337,0.40436391828508733,-1.0164395367051604e-19,0.6596790884158404,0.6334929533120135
24.183333226666672,0.40472700504511444,-1.803841364472758e-17,0.6605933445422447,0.6323072706633249
24.216666560000007,0.4049713581785474,2.3628831096605962e-17,0.6613860164973769,0.6313214207016534
24.24999989333334,0.40588530552472024,-9.120850776034306e-18,0.6626890949968016,0.629364983242176
24.283333226666674,0.40833263906236955,-5.854691731421724e-18,0.6650907281701128,0.6252349791706394
24.316666560000005,0.41264422355746083,-1.1709383462843448e-17,0.668349863430008,0.6188967642650509
24.34999989333334,0.41828127173857077,3.0682921481339775e-17,0.6711686881343969,0.6120239944485155
24.38333322666667,0.4237427215690771,9.540979117872439e-18,0.672805532797228,0.6064444087916633
24.416666560000007,0.4283613532619646,-1.8106176280507924e-17,0.6736699075550161,0.6022253786468936
24.449999893333338,0.43086237564075985,4.174178364069192e-18,0.6739729907268006,0.6000983427972226
24.483333226666673,0.43066455378921614,-6.2341624917916505e-18,0.6747273534438128,0.5993922260292031
24.516666560000004,0.42898523383942955,-3.642919299551295e-17,0.6766696118973261,0.5984061375708407
24.54999989333334,0.4268165570001148,-3.0682921481339775e-17,0.679707866658986,0.5965105553738829
24.58333322666667,0.42458464095632603,2.190088388420719e-17,0.6824979421375247,0.5949154911767149
24.616666560000006,0.4229907162460615,-1.85940672581264e-17,0.6841358928796701,0.5941691123269374
24.649999893333337,0.42173708344159244,1.7618285302889447e-17,0.684866431915199,0.5942186490559879
24.683333226666672,0.42127300443327825,-1.2549640146519714e-17,0.6850258128683142,0.5943641067896551
24.716666560000007,0.42113340785966524,-2.032879073410321e-18,0.6847362868881725,0.5947964947804445
24.74999989333334,0.4212107733858774,-1.619865808329124e-17,0.6850349248715248,0.5943977086849642
24.783333226666674,0.4212922567858166,-5.10930273783794e-18,0.6855683423304468,0.5937245846068668
24.816666560000005,0.42063118112316256,2.439454888092385e-18,0.6856647176708499,0.5940819004213872
24.84999989333334,0.41934280707618066,4.0007060164715114e-17,0.6856073027118156,0.5950581791906552
24.88333322666667,0.41680488927621456,-3.903127820947816e-18,0.6848317624932413,0.597728317344798
24.916666560000007,0.4128662692662951,1.962405932198763e-17,0.6850532255461355,0.600202900585266
24.949999893333338,0.40719311356030624,-1.951563910473908e-17,0.6859800815076174,0.6030133464890031
24.983333226666673,0.39909564562641303,-1.1275702593849246e-17,0.6867418430537114,0.6075428434614535
25.016666560000004,0.38883273218334363,3.686287386450715e-17,0.6881088234335597,0.6126298666370408
25.04999989333334,0.37742392304818495,8.239936510889834e-18,0.6923129622925472,0.6150235317064183
25.08333322666667,0.36496713677236636,1.3010426069826053e-18,0.7008886055875153,0.6128247315780992
25.116666560000006,0.3514757392093715,-4.336808689942018e-18,0.7122586895388748,0.6075791009601883
25.14999989333334,0.3378208713923345,-3.469446951953614e-18,0.7258922295870861,0.599130645082367
25.183333226666672,0.32492703530409894,-1.8214596497756474e-17,0.7412817900053005,0.5873020769033823
25.216666560000007,0.3135999195463208,-1.431146867680866e-17,0.7566528077542254,0.5736999381019562
25.24999989333334,0.30442499872617923,8.239936510889834e-18,0.7709855359120642,0.5593806606998074
25.283333226666674,0.29779724093723464,7.37257477290143e-18,0.7829559146166195,0.5461655784256487
25.316666560000005,0.2933680509927251,-2.6020852139652106e-17,0.7911227620200477,0.5367121780530985
25.34999989333334,0.29073180276502586,3.0357660829594124e-18,0.795642220560034,0.5314400019976819
25.38333322666667,0.28924606146495474,-5.854691731421724e-18,0.7981446312408869,0.5284901735589419
25.416666560000007,0.28849578882371724,1.8973538018496328e-19,0.7988164334775675,0.5278849168494593
25.449999893333338,0.2878641703422682,2.087089182034596e-17,0.7990808484413798,0.5278295341181305
25.483333226666673,0.28686497634585434,-4.255493527005605e-18,0.7985725946672475,0.5291410930862507
25.516666560000004,0.2854235847659024,-7.860465750519907e-18,0.7979397527263378,0.5308724218476724
25.54999989333334,0.2838927967642489,2.461138931542095e-17,0.7998185884048543,0.5288620856021344
25.58333322666667,0.2824870339708976,8.023096076392733e-18,0.8030360916570506,0.5247228898518664
25.616666560000006,0.28137738029421416,6.505213034913027e-19,0.8072860886368443,0.5187638585639812
25.64999989333334,0.28074657113746493,1.6154612370034016e-17,0.8114872581897864,0.5125132121127994
25.683333226666672,0.28051861732817457,7.128629284092192e-18,0.8144546049258289,0.5079104269922023
25.716666560000007,0.280664645523626,-1.2915558379733572e-17,0.8152322781741561,0.5065803878715329
25.74999989333334,0.2806506200300497,6.098637220230962e-19,0.8162115233504829,0.5050088896510958
25.783333226666674,0.2805810120561111,3.1712913545201005e-18,0.8163764016515335,0.5047810084581854
25.816666560000005,0.2802943646272158,2.0396553369883552e-18,0.8163721588044195,0.5049470937506594
25.84999989333334,0.2802449521667263,-4.641740550953566e-18,0.8158965474655433,0.50574261301464
25.88333322666667,0.280678153514872,5.936006894358137e-18,0.8176949445441817,0.5025880537839809
25.916666560000007,0.28090477718463686,1.0137290312739466e-17,0.8237580669417419,0.4924582756978039
25.949999893333338,0.2802347595559371,2.0383000842727483e-17,0.8313945931239342,0.47984529805023013
25.983333226666673,0.27895459843065223,2.862293735361732e-17,0.8414511041037104,0.46275735695614867
26.016666560000004,0.27736464696899005,8.131516293641283e-18,0.8522057783532142,0.44363742397723854
26.04999989333334,0.27625033037808894,-1.734723475976807e-18,0.862201395735715,0.42461100805017016
26.08333322666667,0.27636968372080734,9.324138683375338e-18,0.8706162222486108,0.4069977782219684
26.116666560000006,0.277693881364563,-1.4026865606531214e-17,0.8768935360708289,0.3923567695986423
26.14999989333334,0.27962847613072,-4.553649124439119e-18,0.8780164894004637,0.38845200434248855
26.183333226666672,0.2816751210664147,1.3552527156068805e-18,0.8756538363985664,0.39228750295248166
26.216666560000007,0.2841762849063226,1.0083080204115191e-17,0.8734866932953922,0.3953034729580835
26.24999989333334,0.2865400103678522,-4.9873299934333204e-18,0.8713169948723035,0.3983735896179482
26.283333226666674,0.28832561235896437,-8.944667923005412e-18,0.8690506150165568,0.4020191162086359
26.316666560000005,0.2897073474369136,2.0599841277224584e-18,0.8668371603221366,0.4057868779614761
26.34999989333334,0.29115861237442925,4.9873299934333204e-18,0.8649055157868885,0.4088583021067484
26.38333322666667,0.29242734655703556,-2.2388774861825667e-17,0.8635996604298526,0.4107089888120965
26.416666560000007,0.2934715590501995,-5.756435909540225e-18,0.8648598558418532,0.40729826145204007
26.449999893333338,0.2938391119746874,2.4801124695605914e-18,0.8671470002165639,0.40213760864826037
26.483333226666673,0.2942768831103392,-7.074419175467916e-18,0.8699129795503295,0.3957935371841383
26.516666560000004,0.2954344035900765,9.41900637346782e-18,0.8723145303370524,0.38959706536141075
26.54999989333334,0.29749127358336425,-2.168404344971009e-19,0.8731349224786752,0.386179167343224
26.583333226666674,0.30042570706048544,-1.1926223897340549e-17,0.8716925555445048,0.3871646718716699
26.616666560000006,0.3042185812145761,1.3010426069826053e-17,0.8688428647150215,0.39059330674959725
26.64999989333334,0.3072013963777395,7.37257477290143e-18,0.8648045545157549,0.3971654372580444
26.683333226666672,0.3099903015236505,5.421010862427522e-18,0.8603789231459136,0.4045418662728923
26.716666560000007,0.3117704890346362,-2.4340338772299575e-17,0.8571520631533351,0.4099871983356121
26.74999989333334,0.31230158724507556,2.3852447794681098e-17,0.8535699607529422,0.41699645166886906
26.783333226666674,0.31269736326031317,-4.87890977618477e-18,0.8509846949360138,0.4219542723977413
26.816666560000005,0.3128753293669045,5.936006894358137e-18,0.8498507409505133,0.42410228292172036
26.84999989333334,0.31284513796238317,-2.3201926491189795e-17,0.84913365883564,0.4255583967984848
26.88333322666667,0.31249137853718584,1.123504501238104e-17,0.8493655665546498,0.4253554662764168
26.916666560000007,0.3120630393205666,1.1695830935687379e-17,0.8501467462954594,0.4241074972848917
26.949999893333338,0.3117730790367366,9.459663954936026e-18,0.8515353258662535,0.4215271473936244
26.983333226666673,0.3120507079577839,-1.0922489854844203e-17,0.8524798302672778,0.41940731353961763
27.016666560000004,0.3122170405631387,-1.2813490909589428e-18,0.8527753423462392,0.41868214085180433
27.04999989333334,0.3119764007398561,2.4326786245143506e-18,0.8526950294310467,0.41902495410773727
27.083333226666674,0.3113140935342942,-9.730714498057402e-18,0.8531672496125122,0.41855606476975354
27.116666560000006,0.3105254813897737,2.0355895788415346e-17,0.8538814691674529,0.41768452451591
27.14999989333334,0.3091639306177264,7.37257477290143e-18,0.8541420397811872,0.4181614997622698
27.183333226666672,0.30775955478949885,-1.146543797403421e-17,0.8540223005934551,0.41944006308986714
27.216666560000007,0.3069140330000576,-1.826880660638075e-17,0.8538148314330056,0.42048068917926273
27.24999989333334,0.3061798503181202,-2.2307459698889254e-17,0.8539472050180293,0.4207470383746862
27.283333226666674,0.30581176938290605,-1.4365678785432934e-18,0.8549631302089344,0.41894773861453993
27.316666560000005,0.3054388853306278,-6.7220534694101275e-18,0.8561606563044847,0.41676854238804767
27.34999989333334,0.30567057759640626,1.4094628242311558e-18,0.856993517323682,0.4148826451625367
27.38333322666667,0.3057311601970153,8.761708806398483e-18,0.8574114870904505,0.41397342848295166
27.416666560000007,0.30567178202623635,2.6386770372865964e-17,0.8567833799012429,0.4153155446138606
27.449999893333338,0.305968495975242,-1.3227266504323154e-17,0.8564050636123136,0.41587696075863284
27.483333226666673,0.3062979373687896,1.5805634795765244e-18,0.8566638730022693,0.4151006892988456
27.516666560000008,0.3057591827809021,-6.2341624917916505e-19,0.8568285746523635,0.41515794079404766
27.54999989333334,0.3047899310641625,-1.4040418133687282e-17,0.8572669832674875,0.4149655616088696
27.583333226666674,0.3032461886318447,-1.3010426069826053e-17,0.8588159986459245,0.41288839842027925
27.616666560000006,0.3012588939662368,2.6508743117270583e-17,0.8609225862473617,0.4099455808950666
27.64999989333334,0.29915371459452916,-2.8189256484623115e-18,0.8634886127594117,0.4060720018409569
27.683333226666672,0.297374232125163,-3.3610267347050637e-18,0.8666665492060032,0.40057166469350813
27.716666560000007,0.2952124389860159,-2.4069288229178198e-17,0.8696042590786826,0.39577524993377694
27.74999989333334,0.2929956456860102,9.974659986866641e-18,0.8721135894830498,0.39188191926654214
27.783333226666674,0.2911658623523348,2.710505431213761e-18,0.8747137781041275,0.38742515018442475
27.816666560000005,0.28934443325584175,-4.174178364069192e-18,0.8770908887116442,0.38339453814950664
27.84999989333334,0.2878140209825557,-7.318364664277155e-18,0.8791556017675495,0.3798006282335393
27.88333322666667,0.286573839610985,4.336808689942018e-18,0.8812043872533272,0.37597109242082144
27.916666560000007,0.28543342563457624,1.6263032587282567e-18,0.8827363622568376,0.3732348781666527
27.949999893333338,0.28442984397884924,-1.2305694657710475e-17,0.8832485119813357,0.37278912261079133
27.983333226666673,0.2835840165210989,-1.3037531124138191e-17,0.8832335542948125,0.37346833084147024
28.016666560000008,0.28288940796644957,-9.784924606681678e-18,0.8833370984140445,0.373750121639911
28.04999989333334,0.28188788862036634,-1.5504091066542713e-17,0.8837499004920053,0.37353089782442733
28.083333226666674,0.28070853155125697,1.2468324983583301e-17,0.8845061119555421,0.3726280427284387
28.116666560000006,0.27972461113160024,-6.2341624917916505e-18,0.8853036402377025,0.37147221498942273
28.14999989333334,0.2786178480994701,-4.580754178751256e-18,0.8848212161350648,0.37344813588728154
28.183333226666672,0.2782608044427429,7.250602028496811e-18,0.8830237646664788,0.3779417359132446
28.216666560000007,0.2781310300356184,-1.6601845766184287e-18,0.8820366814418286,0.38033461941087104
28.24999989333334,0.2780839728549557,7.94178091345632e-18,0.8804202908990328,0.3840955810920852
28.283333226666674,0.2779546284881406,-1.531435568635775e-17,0.8789327972554983,0.38758013675967046
28.316666560000005,0.27788492923472474,-1.814683386197613e-17,0.8774720833692432,0.3909254519877826
28.34999989333334,0.2775800674862702,1.3864235280658388e-17,0.8769959177030663,0.3922084477245161
28.38333322666667,0.27711872110615743,-1.4257258568184383e-17,0.8793876678213897,0.3871466700052388
28.416666560000007,0.27565021738636086,1.2468324983583301e-18,0.8818261516468219,0.38262200136245217
28.449999893333338,0.2746628262393982,8.402566836762659e-19,0.8826388982378532,0.3814562978896206
28.483333226666673,0.2745000726625713,-8.470329472543003e-18,0.8823829295018265,0.3821649850941581
28.516666560000008,0.27510499212099504,3.957337929572091e-18,0.8809232753744033,0.38508625814710745
28.54999989333334,0.276156620336209,-1.0408340855860843e-17,0.8771310763105251,0.3929104172897721
28.583333226666674,0.2785397859701581,8.998878031629687e-18,0.8716636989485705,0.40325920146599825
28.616666560000006,0.2807137727821841,3.2526065174565133e-18,0.8646891916403616,0.4165481720410379
28.64999989333334,0.28066365680405386,-1.3457659465976324e-17,0.8612902309307624,0.4235646938221012
28.683333226666672,0.2794790284286462,8.239936510889834e-18,0.8600953791092346,0.42676388261370224
28.716666560000007,0.27791295576784447,8.131516293641283e-19,0.859340677220222,0.42929941706351116
28.74999989333334,0.2769910587912361,7.521652571618187e-18,0.858772643581789,0.4310284213195876
28.783333226666674,0.2773647982934309,-4.092863201132779e-18,0.8577093267253172,0.43290123529050767
28.816666560000005,0.2778327726317,1.5748036555351952e-17,0.8564283051126892,0.43513159923589656
28.84999989333334,0.2779118101107669,1.3129010682441655e-20,0.856048546175763,0.4358278471957932
28.88333322666667,0.27737297624169416,-3.415236843329339e-18,0.8567919141977728,0.43470892309238485
28.916666560000007,0.27610694216188403,2.3310346708438345e-18,0.8581303783984756,0.4328708931768258
28.94999989333334,0.2742131883817112,-9.269928574751063e-18,0.8600343173123657,0.43028839208441266
28.983333226666673,0.2717330671846927,1.3010426069826053e-18,0.8632531835075925,0.42538815376360245
29.016666560000008,0.2685995573037524,-3.7947076036992655e-18,0.8680658336633192,0.41751166000799883
29.04999989333334,0.26456609722588253,-1.4094628242311558e-17,0.874065946644787,0.4074475440036637
29.083333226666674,0.26017110688403494,-6.7220534694101275e-18,0.880423226541427,0.39644159381820604
29.116666560000006,0.25524063880658077,6.071532165918825e-18,0.8864376614770807,0.3861094257029388
29.14999989333334,0.2503126951698432,2.168404344971009e-18,0.892450079443101,0.37533506409448647
29.183333226666672,0.2459389758295484,-6.938893903907228e-18,0.8991586383573129,0.36197757283474913
29.216666560000007,0.24167540211689392,7.37257477290143e-18,0.9054009743247443,0.34905884275210886
29.24999989333334,0.2372687054862805,1.2793585635328952e-17,0.9120653923765147,0.334425300218059
29.283333226666674,0.23222268832718682,1.5829351718288365e-17,0.9193070486591312,0.31772184896813777
29.316666560000005,0.22681170861104594,-5.637851296924623e-18,0.9267558131962182,0.2994663779858341
29.34999989333334,0.2213380506509634,-1.496198998029996e-17,0.9336939555035121,0.2814694739936062
29.38333322666667,0.21641495935413846,3.2526065174565133e-18,0.9396860446514288,0.2648673306678262
29.416666560000007,0.21260475760425881,1.0842021724855044e-18,0.9445764681309715,0.25014898140359076
29.44999989333334,0.20957904004970107,-4.7704895589362195e-18,0.94811202125813,0.23908203846727835
29.483333226666673,0.20747161340096912,-3.74049749507499e-18,0.9496331371730709,0.23484555438762472
29.516666560000008,0.20652583268897814,4.811147140404426e-19,0.948529041712309,0.24008277210256662
29.54999989333334,0.20710514115303102,4.4994390158148434e-18,0.9444080076906988,0.2553448168999482
29.583333226666674,0.20960689003204394,1.3010426069826053e-18,0.9371134502034794,0.2790758554565861
29.616666560000006,0.21395473736947218,-1.6263032587282567e-18,0.9272250844828606,0.3073711324488891
29.64999989333334,0.22036912708217526,-1.2576745200831851e-17,0.9146252217937927,0.3389662984541317
29.683333226666672,0.22924535438810753,9.107298248878237e-18,0.8995579452542904,0.37180918576784805
29.716666560000007,0.24002224959998356,-1.734723475976807e-18,0.8821710115292736,0.40517110720580973
29.74999989333334,0.25275118330245094,5.637851296924623e-18,0.8633619198490455,0.436718484488327
29.783333226666674,0.2678762736036305,1.3877787807814457e-17,0.8426752971171172,0.46705529187539596
29.816666560000005,0.28590530962768684,7.806255641895632e-18,0.8178433051677229,0.4993901101534064
29.84999989333334,0.3069744036818383,-1.214306433183765e-17,0.792111627008454,0.5275660014085441
29.883333226666675,0.3279314471399641,-2.6020852139652106e-18,0.7692026700776925,0.5484416270871838
29.916666560000007,0.3446152808954509,8.673617379884035e-18,0.7504403151065332,0.5639854977179434
29.94999989333334,0.35709918024925863,7.806255641895632e-18,0.7363425292835412,0.5746997955747201
29.983333226666673,0.3643907696496592,-3.0357660829594124e-18,0.7279638810841014,0.5807649738328762
30.016666560000008,0.36660255247374013,-2.5478751053409354e-18,0.7248509546118748,0.5832612297401505
