0.0,0.9802217098372648,-0.19054853146143383,0.05344770080742478
0.20406440100001053,0.9813263162328488,-0.18449105804231544,0.05442160022724064
0.40400251400000714,0.9810766792653355,-0.19019379029745398,0.0362611573724579
0.6039890940000041,0.9713092183372078,-0.22786093869568405,-0.06810135820880439
0.804030128000013,0.915633055518251,-0.26519385264002654,-0.3021395839082516
1.0080101390000054,0.8558111131513313,-0.28204283094463306,-0.4336348465234502
1.2079704900000068,0.8262682849351264,-0.27698981801825895,-0.4904664739047681
1.4080069630000074,0.8014295008100394,-0.3067290583822875,-0.5134472124525424
1.6000078220000142,0.7487153269145885,-0.42714210933176455,-0.506926994427
1.8080100590000077,0.6192281374140522,-0.5810956976035718,-0.5280949763644244
2.0120154440000038,0.5150057374097341,-0.6536990910190295,-0.5544786640042616
2.200011753000013,0.49260605279844577,-0.6571030098396029,-0.5705741943043601
2.4040313940000044,0.4885889118109357,-0.6497849956898454,-0.5822888755864681
2.604051046000009,0.546835463286619,-0.6460595488530281,-0.5325204554079878
2.8040709830000123,0.7433741983539063,-0.576512022554043,-0.33915879624791356
3.0040669710000074,0.8420316225507013,-0.4811357225919547,-0.243908103741042
3.204013352000009,0.8929043599061653,-0.3962291374039661,-0.21383235193176486
3.408025865000003,0.934678152443669,-0.3022861756256083,-0.18708238658444942
3.600037557000003,0.930344850444132,-0.3049160404897888,-0.20367785226704277
3.800011023000013,0.7461010349879141,-0.5846388690550224,-0.31863872705625085
4.007991307000005,0.43684035661672344,-0.7629190801312402,-0.4765763107862959
4.200058880000012,0.21763217187675526,-0.8024443029105575,-0.5556252140522386
4.404037750000003,0.04736517821607683,-0.7973283776813536,-0.6016843009723456
4.6040115010000005,-0.1411907207200965,-0.7640910325945295,-0.6294680883819015
4.803989528000006,-0.33324209876605576,-0.6791161555015207,-0.654026720361507
5.008057636000013,-0.44654361008083177,-0.5906021568533534,-0.6721516916709687
5.203988062000004,-0.5108023880705749,-0.5090743184684446,-0.6927656592364307
5.408025379000012,-0.5481247839716732,-0.421746177770562,-0.7222806814057318
5.608031916000007,-0.5951185081775408,-0.3255499677907992,-0.7347456564662005
5.8000359110000135,-0.6318774668781545,-0.2665411777617558,-0.727795759405771
6.011991380000008,-0.693698524962995,-0.3237065114919514,-0.6434255597051427
6.200014203000014,-0.6811868261650313,-0.45839811972336575,-0.5708376929507145
6.4000244470000025,-0.6264705755093269,-0.6041854668074784,-0.49243734598387434
6.604018143000008,-0.5695923202155141,-0.7213219946888935,-0.39402940084407834
6.804019548000012,-0.5406306449642366,-0.7904759834019452,-0.28786494296854065
7.004041481000009,-0.5194533958579204,-0.831419683119176,-0.19725486065920822
7.208035462000013,-0.4777123736023796,-0.8686935381531963,-0.13100543835300016
7.40802289800001,-0.46307123818417023,-0.878618762792231,-0.11659373068921376
7.607972700000013,-0.5001286318001361,-0.8591439243050067,-0.10836544183233193
7.8080476610000025,-0.6304586480573081,-0.7700629685202174,-0.09759568434916568
8.012000017000013,-0.8242308875823456,-0.5575388693066694,-0.0989638983036712
8.211960083000013,-0.9338707062755859,-0.33749502264604897,-0.11824810209674132
8.400004574000006,-0.9867094119653564,-0.08184203426190093,-0.14037954896228438
8.600010542000001,-0.9731175206350167,0.14012016265096558,-0.18278028080683284
8.80395577,-0.9443778936707323,0.241686389469305,-0.22302036474573886
9.003972286000002,-0.9159084448008242,0.286080788311607,-0.28154840312377005
9.204000491000011,-0.8492937052289754,0.3394345906572359,-0.404331993445724
9.407986774000003,-0.7519395272538985,0.40384134644399095,-0.521055768853477
9.607993312000005,-0.682708760907724,0.4389424465151488,-0.5841560377391779
9.808041474000012,-0.6666086158131537,0.4380836363686276,-0.6030884519452445
10.00003663100001,-0.6742136170903125,0.42303206354868306,-0.6053758103358116
10.211985827000012,-0.6961653731915549,0.3753778863295578,-0.6119192884881278
10.400018344000014,-0.7182697350405995,0.30632341152566417,-0.6247035739260546
10.600035145,-0.7154273574663016,0.25155408497378073,-0.6518314494727825
10.811982631000006,-0.6938961658072134,0.253237876412589,-0.674076174499656
11.003994608000008,-0.6791639595015552,0.2834868099200098,-0.6770314207742106
11.20400884400001,-0.667572237556982,0.27854826316455084,-0.690476772043185
11.404006258000006,-0.6647541224617428,0.295699019706504,-0.6860495947194568
11.604021348000007,-0.6642346304333201,0.3439081981665945,-0.6637164356612822
11.807998793000008,-0.6542055790323544,0.3783904148364881,-0.6548555217166702
12.008046955000012,-0.6027865099134616,0.4347686387854589,-0.6690475724453288
12.20000675900001,-0.49055525740249273,0.5364578877463239,-0.6867084345699612
12.408020686000002,-0.28508135143176483,0.6269708288047998,-0.7250077260923921
12.600018408000002,-0.056305181794263366,0.6886380499340907,-0.7229158752483498
12.800064290000007,0.10600032782012471,0.6927196723775293,-0.7133746463136986
13.003999255000002,0.25788457200070947,0.6578989498239587,-0.707576511300752
13.20398754500001,0.3881334075697092,0.605531068164442,-0.6947550528178661
13.404015465000002,0.46579679431095483,0.5752906554799477,-0.6723644905310587
13.603984939,0.5223254230425162,0.5533302855543392,-0.6488464745467991
13.808006860000006,0.6200872768493308,0.5551778398196531,-0.554318802912877
14.008022521000008,0.7433940860166603,0.4685984392942865,-0.47726380081293945
14.208024212000005,0.7943360955297311,0.4151306374775741,-0.44350504074479796
14.400003973000011,0.8187419256296966,0.4255380709274696,-0.38545947829506566
14.612032428000003,0.8227941063869072,0.46071746681346454,-0.33279013547272557
14.811993063,0.8093152475333256,0.49251208937538665,-0.3200635435802754
15.003997914000005,0.7909207132790607,0.5213948057712389,-0.3202996750246776
15.203951707,0.7647556954198856,0.5547790202046509,-0.3276720388797534
15.403994452000012,0.7494608283531647,0.5666621683845507,-0.342348439000249
15.603977896000012,0.726678364939406,0.5623645683357504,-0.39456893720810887
15.807959333000008,0.715024603602688,0.557648120873224,-0.42162588811573326
16.007988678000004,0.6884600291010302,0.5777582948219704,-0.4384268936717019
16.208014318,0.6709830155346859,0.590684805730362,-0.4481888587897562
16.40796526000001,0.6366767312181059,0.621684824319189,-0.4562353769017118
16.607977784000003,0.5079015826797387,0.7163502474060033,-0.47841227550385274
16.800020553000007,0.2596726604919292,0.8253221026128928,-0.5014115438755641
17.000007133000008,0.06382041454961353,0.8678271010428467,-0.4927505224576473
17.215987964,-0.11711141483481624,0.8729973265146447,-0.4734560005044507
17.404050702000003,-0.3179188783182853,0.8455309652511063,-0.4289580091458556
17.603999934000004,-0.4360108111766751,0.8098538509638192,-0.39246823134634723
17.803997348,-0.40514187753038566,0.8288208084026648,-0.38589652321562445
18.007977644000015,-0.38964976470025126,0.8422287963421955,-0.3725905466876683
18.207971352000005,-0.3863299514300734,0.8632211400098891,-0.3249591236879869
18.408053726000006,-0.44773462472651526,0.8584913499310283,-0.2500526102935286
18.612048563000005,-0.5602354890407547,0.8117775262123347,-0.16478302326346767
18.811974986000003,-0.7021962842630733,0.7025597874214478,-0.11545615386571308
19.000014916,-0.7989713354786714,0.5912093455711023,-0.1100741331685932
19.204017165000007,-0.8538130412851649,0.5103795489344048,-0.10254758193585352
19.403972954000004,-0.9231170711719531,0.36871368329935084,-0.10911046081261447
19.603995457000007,-0.9853652432756161,0.10297353777720229,-0.1358373581237248
19.804015679000003,-0.9850606889945156,-0.06463582562031873,-0.15961719532691276
