0.01668321,0.10814210882869688,0.0,-0.9654882793023926,-0.23693388703979767
0.05004987666666667,0.10388560396324586,-2.481541837659083e-23,-0.9650698947725411,-0.24051586120858645
0.08341654333333334,0.1000451810453146,-3.8050308177439273e-23,-0.9643376463906752,-0.2450384980024635
0.11678321000000001,0.09645670962804957,-1.3234889800848443e-23,-0.9632738577884947,-0.250598439877428
0.15014987666666668,0.09298134644212173,3.738856368739685e-22,-0.9620022021366734,-0.25672209156595976
0.18351654333333334,0.08943968155864074,-1.5881867761018131e-22,-0.9603976236030864,-0.2638881352774949
0.21688321000000002,0.0856506811220766,-3.8381180422460484e-22,-0.9582840995799196,-0.27268213237325867
0.2502498766666667,0.08159861631258258,3.2526065174565133e-19,-0.9554244069341519,-0.2837355607786874
0.28361654333333336,0.07732923571290484,3.2526065174565133e-18,-0.9520516166478223,-0.29600322387150846
0.31698321,0.07263245610183812,-1.0842021724855044e-19,-0.9476396812373349,-0.3109719615415781
0.35034987666666667,0.06740448506384213,3.686287386450715e-18,-0.9413947052355096,-0.33050362229153557
0.3837165433333334,0.06176217971845836,-1.3010426069826053e-18,-0.9329421895859512,-0.3546890244242075
0.41708321000000004,0.05555471164882993,2.6020852139652106e-18,-0.9217126485397303,-0.3838742861087349
0.4504498766666667,0.04899847547424701,1.5178830414797062e-18,-0.9062939161448952,-0.4197981502578943
0.4838165433333334,0.04258513095558442,-4.336808689942018e-19,-0.8850219537023346,-0.46359750655757254
0.51718321,0.036626869679578906,-2.4936649967166602e-18,-0.855669592336408,-0.5162247777551173
0.5505498766666667,0.03171393222495521,-1.5178830414797062e-18,-0.8172551829127901,-0.5754026351217144
0.5839165433333333,0.02794806928059394,1.4094628242311558e-18,-0.770312416312692,-0.6370539119242493
0.61728321,0.025238641373385974,-2.2768245622195593e-18,-0.7218551105982911,-0.6915838418331899
0.6506498766666666,0.023430105269492043,-7.318364664277155e-19,-0.6620047520775808,-0.7491333248452917
0.6840165433333333,0.022299001864306348,2.168404344971009e-19,-0.5856023804952456,-0.8102916798746964
0.71738321,0.021694132718376356,4.336808689942018e-19,-0.4994045774892922,-0.8660972419932643
0.7507498766666667,0.021585769879204776,2.168404344971009e-19,-0.403411936086822,-0.9147638298278982
0.7841165433333334,0.02212000208220924,8.673617379884035e-19,-0.2959903193941927,-0.9549347811933583
0.81748321,0.023619662013900818,2.168404344971009e-19,-0.1818419946464476,-0.9830440481226416
0.8508498766666667,0.026570735518293802,-2.168404344971009e-19,-0.08009466692744316,-0.9964330586365543
0.8842165433333333,0.031272000531863374,0.0,-0.00643083955677275,-0.9994902232064756
0.91758321,0.037571606944348926,0.0,0.02944266183333862,-0.9988601023245383
0.9509498766666667,0.045992750194907714,-4.336808689942018e-19,0.05251165754825291,-0.9975606210907905
0.9843165433333334,0.05661608742872568,-1.8973538018496328e-19,0.06335155259063763,-0.9963840622112633
1.0176832100000002,0.06867815431278358,1.0842021724855044e-19,0.07149651556692851,-0.9950736452052068
1.0510498766666667,0.08163016806386073,4.87890977618477e-19,0.0768919165522776,-0.9936921801195697
1.0844165433333335,0.09522442345581213,3.7947076036992655e-19,0.08318568069465658,-0.9919740176561455
1.1177832100000002,0.10937045513190123,-1.3010426069826053e-18,0.08845141139410927,-0.990057802033109
1.1511498766666668,0.12377616362385459,1.6263032587282567e-19,0.09345497031363986,-0.9878996051432744
1.1845165433333336,0.1380787713330403,-1.3552527156068805e-18,0.10070651859937034,-0.9852880035901953
1.21788321,0.15190741149060036,3.4558944247975454e-19,0.11062830134240394,-0.9821840546844158
1.2512498766666669,0.1648050034592598,3.7947076036992655e-19,0.12365451923441075,-0.9785442609855215
1.2846165433333334,0.17684407625544707,-2.6020852139652106e-18,0.13954766273373745,-0.9742959624872253
1.3179832100000002,0.18795749778927415,2.0599841277224584e-18,0.1567500619521963,-0.9695882616362359
1.3513498766666667,0.19781118864239886,-1.1926223897340549e-18,0.17447757418699475,-0.9645871187993872
1.3847165433333335,0.20632237950202856,1.951563910473908e-18,0.19275387847306194,-0.9593106994348667
1.4180832100000003,0.2130711934368489,4.119968255444917e-18,0.21080226265174387,-0.954024670848874
1.4514498766666668,0.2180431338355961,0.0,0.22909867681271812,-0.9486680072975026
1.4848165433333336,0.2212900948426161,3.2526065174565133e-18,0.24796080868881853,-0.9431575325887682
1.5181832100000001,0.22249938337945552,5.204170427930421e-18,0.26793628937887054,-0.9373922173933621
1.5515498766666669,0.2220241017746144,-1.5612511283791264e-17,0.28990022855314423,-0.9309474505663627
1.5849165433333334,0.22069859284124074,1.8214596497756474e-17,0.31357694181919793,-0.923559219908077
1.6182832100000002,0.21894794279886723,1.0408340855860843e-17,0.3393678987940445,-0.9148175925353966
1.651649876666667,0.2169607636652714,-1.3010426069826053e-18,0.3672655598069193,-0.9044578683440664
1.6850165433333335,0.21482348690152492,5.637851296924623e-18,0.3947581010988731,-0.8933179227421123
1.7183832100000003,0.2126874125899896,9.974659986866641e-18,0.42141876279451174,-0.8815726237188396
1.7517498766666668,0.21070138860675017,6.5052130349130266e-18,0.4464322774938725,-0.8696569130702183
1.7851165433333336,0.20880199773844585,3.469446951953614e-18,0.4687958763725726,-0.8582727725126235
1.8184832100000001,0.2068761817648002,4.336808689942018e-19,0.4881626466639688,-0.8478793993372209
1.851849876666667,0.20530740859133859,-4.336808689942018e-19,0.5040680003452175,-0.8389066211477193
1.8852165433333337,0.2042151867586456,1.1492543028346347e-17,0.516963057888316,-0.8312913774819832
1.9185832100000002,0.2031488738477958,-6.505213034913027e-19,0.5276651681371655,-0.8248030100509751
1.951949876666667,0.20190018853731848,1.2576745200831851e-17,0.5361241725028871,-0.8196384480529754
1.9853165433333335,0.20033478452534584,1.5829351718288365e-17,0.5424693091765262,-0.8158388460417446
2.0186832100000003,0.19850864840883856,-5.854691731421724e-18,0.5471001019679682,-0.813188658881526
2.052049876666667,0.19620865874126628,-4.336808689942018e-18,0.5504577045409829,-0.8114791911974241
2.0854165433333334,0.19370438740454907,-1.7997756063259374e-17,0.5529444244073607,-0.8103894581107537
2.11878321,0.19117281689533924,-3.469446951953614e-18,0.5547254007143383,-0.8097732299123118
2.152149876666667,0.18885078406897318,-1.1058862159352145e-17,0.5562209874871685,-0.8092920328505239
2.1855165433333337,0.18676339009156104,-3.0357660829594124e-18,0.5569716847460928,-0.8092601426689728
2.2188832100000004,0.1844415312511336,2.4936649967166602e-18,0.5574144060747421,-0.8094878019155568
2.2522498766666668,0.18158312250041733,-8.673617379884035e-18,0.5580711288492965,-0.8096815329299973
2.2856165433333335,0.17832323498218736,2.4936649967166602e-18,0.5594014092999824,-0.8094880401455486
2.3189832100000003,0.17432140457537476,-4.553649124439119e-18,0.561756534093722,-0.8087284119590937
2.352349876666667,0.16965050816609897,-1.1275702593849246e-17,0.565590753076362,-0.8070475854083812
2.3857165433333334,0.16442866630538977,2.168404344971009e-19,0.5713887920654912,-0.8040385948441591
2.41908321,0.15846809656943392,-5.637851296924623e-18,0.5788583784076576,-0.7998817663360741
2.452449876666667,0.15232747033516625,-6.071532165918825e-18,0.5886969234694006,-0.7938716987517264
2.4858165433333337,0.14648861964888257,1.3010426069826053e-18,0.6009819441277967,-0.7857237346203428
2.5191832100000005,0.14094006365978953,1.8214596497756474e-17,0.6158128675142206,-0.7751841140396827
2.5525498766666668,0.13546940097282106,-1.431146867680866e-17,0.6313125022495644,-0.7636049802767519
2.5859165433333335,0.13031491611285054,3.903127820947816e-18,0.6461666260792811,-0.7519885065476861
2.6192832100000003,0.12530946123204098,6.288372600415926e-18,0.6592714628792581,-0.7413896931835368
2.652649876666667,0.12026906951267276,4.553649124439119e-18,0.6719017704094099,-0.730810072343873
2.6860165433333334,0.11539368605252168,-9.75781955236954e-18,0.6843238035045004,-0.7199897424105053
2.71938321,0.11062503755536665,4.119968255444917e-18,0.6972150183438347,-0.7082748896167926
2.752749876666667,0.10600458174674274,6.071532165918825e-18,0.7132615378256973,-0.6928354835797743
2.7861165433333337,0.10142488701534835,9.540979117872439e-18,0.7325513548638796,-0.6731132926788909
2.8194832100000005,0.09662413888085476,1.0842021724855044e-18,0.7544677920904457,-0.6491857411278388
2.852849876666667,0.09217258140076594,-6.288372600415926e-18,0.7780913887203583,-0.6213517570886427
2.8862165433333336,0.08789880248844174,6.288372600415926e-18,0.8015997106111185,-0.5913642739202879
2.9195832100000003,0.08350161737161707,-4.336808689942018e-19,0.8258865935234608,-0.5576188792845322
2.952949876666667,0.07938537543315183,1.3010426069826053e-18,0.851507944177071,-0.518297388736115
2.986316543333334,0.07547376564161876,-3.686287386450715e-18,0.8765955595801103,-0.47527248565881364
3.01968321,0.07155365419754083,2.168404344971009e-18,0.9031733631457592,-0.4232705407596392
3.053049876666667,0.06801840041710124,-2.168404344971009e-18,0.9298915474615842,-0.3614902587403969
3.0864165433333337,0.06472880475852437,-1.1926223897340549e-18,0.955628389442739,-0.2873753001313956
3.1197832100000005,0.06188831520467553,4.87890977618477e-19,0.9787452758660139,-0.19551859607486774
3.153149876666667,0.05956549139292631,4.87890977618477e-19,0.9945292145874288,-0.08581138366925004
3.1865165433333336,0.05833439365561163,2.829090043829363e-19,0.9974200713644289,0.04183658394527298
3.2198832100000003,0.05858265328470794,5.421010862427522e-20,0.9829281245902246,0.17441437619550648
3.253249876666667,0.05991644234552389,-7.047314121155779e-19,0.9514880476414639,0.3017954856058832
3.286616543333334,0.06268244257321398,0.0,0.9090128293455113,0.412027411076404
3.31998321,0.06613650720193903,-1.951563910473908e-18,0.864446129433042,0.4983561494788241
3.353349876666667,0.06963451476595688,-4.9873299934333204e-18,0.8218662803641537,0.5654085704636075
3.3867165433333337,0.07278425108425216,3.903127820947816e-18,0.787219013989482,0.6123631902780672
3.4200832100000005,0.07517621702442753,-1.0842021724855044e-18,0.7603425462081618,0.6451571504831873
3.453449876666667,0.07676804354956326,-6.505213034913027e-19,0.7372843187875736,0.6712067496379309
3.4868165433333336,0.0777730587848457,-2.8189256484623115e-18,0.7172608285858637,0.6924509044716233
3.5201832100000003,0.07824650996235169,-3.144186300207963e-18,0.7008305873173608,0.7090232517760718
3.553549876666667,0.07813954721533956,2.710505431213761e-19,0.6875458721922808,0.7219244314970491
3.586916543333334,0.07746080171132043,8.131516293641283e-19,0.6754441319290716,0.7333314726921396
3.62028321,0.07608980987751088,-1.951563910473908e-18,0.6671275912786069,0.7410473114367317
3.653649876666667,0.07421672048812333,3.2526065174565133e-19,0.660423974048804,0.7472162022477647
3.6870165433333337,0.07229371464759976,-9.75781955236954e-19,0.6527223424855448,0.7541400151448235
3.7203832100000005,0.07056648641917104,-5.068645156369733e-18,0.6452515020587518,0.7607041935505401
3.7537498766666673,0.0691879377684932,3.957337929572091e-18,0.6377630641829461,0.7671188325359524
3.7871165433333336,0.06829898983222586,-6.329030181884132e-18,0.6282880751058776,0.7749769949280099
3.8204832100000004,0.06781153199064144,4.87890977618477e-19,0.6172951158498755,0.7838037612036388
3.853849876666667,0.06760997766484442,5.041540102057596e-18,0.6049841750783952,0.7933618586905177
3.887216543333334,0.0674813005722212,4.0115480381963664e-18,0.586585315310302,0.8070712124313412
3.92058321,0.067216406429297,-2.8189256484623115e-18,0.5602931589276853,0.8255625541202601
3.953949876666667,0.06707058981485212,3.7947076036992655e-18,0.5329638536685263,0.8434755874740428
3.9873165433333337,0.06694898533854746,-3.2526065174565133e-19,0.50690049800487,0.8594007903676572
4.0206832100000005,0.06676198714297539,1.0842021724855044e-19,0.4817867954441055,0.873741564084267
4.054049876666667,0.06660628235481349,-4.336808689942018e-18,0.4579450460037297,0.8864817753295963
4.087416543333334,0.06679725009603067,-2.2768245622195593e-18,0.4389615737281407,0.8960194552406341
4.120783210000001,0.06720625390678583,-1.0842021724855044e-19,0.42678093463054206,0.901854396935391
4.154149876666667,0.06762831273334133,-8.673617379884035e-19,0.4185266188915479,0.9056831016398896
4.1875165433333335,0.06804425095945216,-4.119968255444917e-18,0.4130570620620757,0.9081595913670756
4.22088321,0.06828823497760034,3.713392440762853e-18,0.410210802599975,0.9094304890391176
4.254249876666667,0.0683679252303267,-1.0842021724855044e-18,0.4074438211942667,0.9106675350369723
4.287616543333334,0.0684042821393395,4.336808689942018e-19,0.4027511966408813,0.9127498714266357
4.3209832100000005,0.06847504338806482,-1.7889335846010823e-18,0.3944933679693321,0.9163439043619026
4.354349876666667,0.06876282908641983,-3.63207727782644e-18,0.38249466109013863,0.9213954132583753
4.387716543333334,0.06924854348971765,1.0842021724855044e-18,0.3659943066607874,0.928037071843815
4.421083210000001,0.06977254605389914,8.673617379884035e-19,0.3411148812149881,0.9374286264195484
4.454449876666667,0.07042007884942185,4.9873299934333204e-18,0.30183737536164995,0.9507550743117976
4.4878165433333335,0.07135506245783232,-4.336808689942018e-19,0.25617113275912806,0.9639941938635026
4.52118321,0.0725595681571359,8.673617379884035e-19,0.2131776912658495,0.974315339618243
4.554549876666667,0.07386200158125862,-4.336808689942018e-19,0.17746430508589675,0.9813515298519638
4.587916543333334,0.07500376788787372,0.0,0.14506538512808623,0.9865751207284026
4.6212832100000005,0.07589236867880615,-1.5178830414797062e-18,0.1150670242201855,0.9904544049644242
4.654649876666667,0.07651381887983641,6.505213034913027e-19,0.08767769350293249,0.9932060499123178
4.688016543333334,0.07688470366477697,0.0,0.059875968853580486,0.9952404788272151
4.721383210000001,0.07707566391431322,8.673617379884035e-19,0.031847752033736756,0.9965164638492258
4.754749876666667,0.07717572606794383,-4.336808689942018e-19,0.004894325417594108,0.9970054929059279
4.7881165433333335,0.07718799754405808,0.0,-0.022476114610203726,0.9967631801522203
4.82148321,0.0769577950532358,6.505213034913027e-19,-0.048388832810826045,0.9958594371896821
4.854849876666667,0.07638280048722151,-1.0842021724855044e-18,-0.07140084675864826,0.9945187715030207
4.888216543333334,0.07557532329344634,-1.4094628242311558e-18,-0.09056063743535864,0.9930192049786312
4.9215832100000005,0.07450086061526462,-1.0842021724855044e-19,-0.10814439754837558,0.9913397051699705
4.954949876666667,0.07322842479883328,-1.6263032587282567e-18,-0.12547400239728204,0.9893906571844554
4.988316543333334,0.07189624809461652,-1.1926223897340549e-18,-0.14197821999031698,0.9872553441528179
5.021683210000001,0.07064040221402096,-1.4094628242311558e-18,-0.1560463998711346,0.9852205106788527
5.055049876666667,0.06945690379748246,5.421010862427522e-20,-0.1682129533609251,0.9833006360398953
5.0884165433333335,0.06832927767283507,1.0842021724855044e-18,-0.17669210199891353,0.9818915474246198
5.12178321,0.06732328911992598,2.710505431213761e-19,-0.18452418338987864,0.9805194544150428
5.155149876666667,0.06661943038431455,4.4994390158148434e-18,-0.19373344125396166,0.9787896634288531
5.188516543333334,0.06619322215896029,7.589415207398531e-19,-0.20374435597149887,0.9767838526255304
5.2218832100000006,0.06588244712601847,1.6263032587282567e-19,-0.21333776268661878,0.9747545856124787
5.255249876666667,0.06567732516900512,-8.673617379884035e-19,-0.22234612771806694,0.9727531487728147
5.288616543333334,0.0655744774951794,5.963111948670274e-19,-0.2308366809385306,0.9707803122408887
5.321983210000001,0.06546525902107339,8.131516293641283e-19,-0.23707015843545987,0.9692842925791637
5.355349876666667,0.0651955261227709,1.7889335846010823e-18,-0.24330410063184987,0.9677565075933624
5.3887165433333335,0.06476063925215407,-3.415236843329339e-18,-0.2527100317582668,0.9653723113143386
5.42208321,0.06446197283159909,-4.716279450311944e-18,-0.26597581022468264,0.9618219806357006
5.455449876666667,0.06437381691542866,-3.469446951953614e-18,-0.2814665782430476,0.9574093048575876
5.488816543333334,0.06429844135951149,3.2526065174565133e-18,-0.2984619849998344,0.9522531984449809
5.522183210000001,0.06444465222098593,-9.75781955236954e-19,-0.3173720036096546,0.94610881938861
5.555549876666667,0.06478684902592023,-4.336808689942018e-18,-0.3356751364068794,0.9397472356924045
5.588916543333334,0.06518323743296868,5.421010862427522e-20,-0.35415439684140426,0.9329125407859296
5.622283210000001,0.06572226159782686,-1.3010426069826053e-18,-0.3731571523659218,0.9254373690145775
5.655649876666668,0.06635223941755367,1.0842021724855044e-19,-0.3933355701181444,0.9169975515802155
5.6890165433333335,0.06687193609697371,3.7947076036992655e-18,-0.4150257462862696,0.9073487609966563
5.72238321,0.06745856886997864,1.951563910473908e-18,-0.43705919704040136,0.8968994368202123
5.755749876666667,0.06804588944521182,1.7889335846010823e-18,-0.45711294325491414,0.886801845982765
5.789116543333334,0.06866758076721992,3.144186300207963e-18,-0.4757696711624631,0.8768853878093414
5.822483210000001,0.06942942221498298,-2.3852447794681098e-18,-0.49295245069465377,0.8672816363125813
5.855849876666667,0.07028156476775761,1.0028870095490916e-18,-0.5077149792067045,0.8586535981074854
5.889216543333334,0.07110374872697824,-5.963111948670274e-19,-0.5201978754159673,0.8510807407817925
5.922583210000001,0.0718146823487204,-9.75781955236954e-19,-0.5279590379802702,0.8462280458683108
5.955949876666668,0.07224847754507469,-1.0706496453294356e-18,-0.5297102344375095,0.8450959856871747
5.9893165433333335,0.0726003670896745,3.2255014631443757e-18,-0.5283812506663905,0.8458974173282867
6.02268321,0.07285959192075207,1.4907779871675686e-18,-0.5256323150016445,0.847586071907245
6.056049876666667,0.07288094563103416,9.351243737687476e-19,-0.5223262026794335,0.849625626825374
6.089416543333334,0.07272849872857251,2.7003410358467095e-18,-0.519921456650334,0.8511123570876428
6.122783210000001,0.07220497380111623,-4.87890977618477e-18,-0.5173932097997884,0.8526961406101544
6.156149876666667,0.07143348346462365,-2.3987973066241786e-18,-0.5151279680874598,0.8541313914932493
6.189516543333334,0.07075311883461123,2.0599841277224584e-18,-0.512146608939787,0.8559788824069507
6.222883210000001,0.07007096822972544,5.38712954453735e-19,-0.5071631769378739,0.8589968401394918
6.256249876666668,0.06942038988878488,-4.255493527005605e-18,-0.49946510742881656,0.8635481549565202
6.2896165433333335,0.06884405327198118,-1.1926223897340549e-18,-0.4880620521028275,0.8700896101128098
6.32298321,0.0682873621556776,2.168404344971009e-19,-0.472459078037325,0.8787031670307899
6.356349876666667,0.06787564589528415,-2.8731357570865868e-18,-0.45657363074104806,0.8870926763344601
6.389716543333334,0.0676744833983896,5.963111948670274e-19,-0.44119914635249663,0.8948538861482301
6.423083210000001,0.06762035379048947,1.0299920638612292e-18,-0.42696379068850954,0.9017368846809737
6.456449876666667,0.06757424757193217,-7.589415207398531e-19,-0.4143448641902255,0.9076078749020807
6.489816543333334,0.0674195700752219,2.222614453595284e-18,-0.40350563521131333,0.9124898925048907
6.523183210000001,0.06694916584525862,-1.8973538018496328e-19,-0.3954191441053626,0.9160575908028963
6.556549876666668,0.06622155092834366,-1.009663273127126e-18,-0.39081596811459085,0.918083648290993
6.5899165433333335,0.0652494894658913,7.318364664277155e-19,-0.3891940942969701,0.918841913001797
6.62328321,0.0640551145368589,2.927345865710862e-18,-0.3871552310295907,0.9197868064872936
6.656649876666667,0.06275030428815974,-8.131516293641283e-20,-0.38206732949820443,0.9220016025158817
6.690016543333334,0.06149666942152025,1.5178830414797062e-18,-0.3766818010311949,0.924299183393535
6.723383210000001,0.060348851346532624,1.1587410718438829e-18,-0.37045932481554583,0.9268861336746622
6.756749876666667,0.05934934401651333,5.454892180317694e-19,-0.3639202249915865,0.9295373716031446
6.790116543333334,0.05845492273832223,-1.0570971181733668e-18,-0.3597804966949378,0.9312040679709258
6.823483210000001,0.05767478901568037,2.710505431213761e-20,-0.3578965665654625,0.93197836152598
6.856849876666668,0.057075162625777144,-3.3406979439709605e-18,-0.3536561046149044,0.9336325752028221
6.8902165433333336,0.056757742168779365,1.5720931501039814e-18,-0.34352476784086067,0.9374269531989067
6.92358321,0.05667682964970016,4.2825985813177425e-18,-0.3282558474173131,0.9428869686326142
6.956949876666667,0.05701684789907544,3.577867169202165e-18,-0.3105281968529927,0.9488526324013032
6.990316543333334,0.05795879716352905,-4.336808689942018e-19,-0.29713575828596295,0.9530745610807073
7.023683210000001,0.059424488035214065,-6.505213034913027e-19,-0.2886981287459798,0.9555742360906988
7.057049876666667,0.06120950639696699,-3.7947076036992655e-19,-0.2838781997936125,0.9569046786428507
7.090416543333334,0.06300066126475246,5.421010862427522e-19,-0.27966685695911553,0.9580278523084876
7.123783210000001,0.0644629729101218,2.168404344971009e-18,-0.27657949490415945,0.9588265266053861
7.157149876666668,0.06560229977077056,9.486769009248164e-19,-0.27521021323382544,0.9591431993172752
7.190516543333334,0.06641569241270853,-3.3881317890172014e-18,-0.2743347574549495,0.9593379991710296
7.22388321,0.0668550415314557,-2.439454888092385e-18,-0.27366292343582954,0.9594993526617842
7.257249876666667,0.06712272433575918,-2.4936649967166602e-18,-0.27312330416488134,0.9596344098664884
7.290616543333334,0.06744496629351153,2.439454888092385e-19,-0.27700125802590253,0.9584995981082802
7.323983210000001,0.06790407854352226,5.149960319306146e-19,-0.28292262473510627,0.9567360265664471
7.357349876666667,0.06868465055120335,-5.421010862427522e-19,-0.28769397637276234,0.9552562979313393
7.390716543333334,0.06986605049370025,-4.607859233063394e-19,-0.2939960577585969,0.9532497327619954
7.424083210000001,0.07133589972542344,-5.903819642362473e-19,-0.30030023693499,0.9511734632059251
7.457449876666668,0.07318011503486627,4.1640139687021405e-18,-0.30742668401139356,0.9487536586075662
7.4908165433333345,0.07554581726962646,-1.043544591017298e-18,-0.3185531226571136,0.9448898017962022
7.52418321,0.07832218135612531,4.2012834183813297e-19,-0.3331533437611986,0.9396140087548456
7.557549876666667,0.0812871292015352,-1.9651164376299768e-18,-0.34807673638348224,0.9339352162836546
7.590916543333334,0.08423275997260392,2.9408983928669308e-18,-0.3591043368863911,0.9294885246073687
7.624283210000001,0.08683035255522903,6.830473686658678e-18,-0.3669045925705506,0.9261973384898994
7.657649876666667,0.08896573515337912,-2.439454888092385e-19,-0.3716692962770736,0.9240925452429124
7.691016543333334,0.09074117418393578,-3.266159044612582e-18,-0.3770837712350973,0.9217233146551288
7.724383210000001,0.09206916831894982,2.710505431213761e-19,-0.383536730063492,0.9189248309504217
7.757749876666668,0.09299965427969803,-7.643625316022806e-18,-0.38959181067463344,0.9162801347618081
7.7911165433333345,0.09339124555917654,5.116079001415974e-18,-0.3919378369716867,0.9152392076407463
7.82448321,0.09325958746259017,-8.300922883092143e-19,-0.3910846433274072,0.915617524460832
7.857849876666667,0.09275008315343432,4.0657581468206416e-20,-0.38787358081151013,0.9170340819094394
7.891216543333334,0.0918772754600112,-5.597193715456417e-18,-0.3844063810483936,0.9185805900754286
7.924583210000001,0.09077443543715434,-3.564314642046096e-18,-0.3819846877338026,0.919699788087382
7.957949876666667,0.08963164192499554,-3.577867169202165e-18,-0.38070479977952915,0.9203423407573172
7.991316543333334,0.08858269824819771,1.8973538018496328e-18,-0.3804048808323874,0.9205678857150982
8.024683210000001,0.08779563081620032,6.776263578034403e-18,-0.381353535184635,0.9202507312747796
8.058049876666667,0.08724222476205014,4.5672016515951874e-18,-0.3810677567872134,0.9204217288589667
8.091416543333334,0.08693683842888368,4.174178364069192e-18,-0.3795101520346499,0.9210939314894151
8.12478321,0.08686387122606185,3.144186300207963e-18,-0.3751423660345196,0.9228883318590851
8.158149876666668,0.08706956599079427,3.0357660829594124e-18,-0.36558137770849386,0.9266979804396545
8.191516543333334,0.08771378073446688,2.2768245622195593e-18,-0.3534311785516352,0.9313391942234945
8.224883210000002,0.08889332658249915,6.5052130349130266e-18,-0.3465689207217581,0.9338029554883905
8.258249876666667,0.09113859208217014,1.9786689647860456e-18,-0.3482582975062356,0.9329576170712892
8.291616543333333,0.09528723907860437,4.824699667560495e-18,-0.35884015459676777,0.9285225282769098
8.324983210000001,0.10015116413790211,1.4094628242311558e-18,-0.36255055928876695,0.9265672324668219
8.358349876666667,0.1042016579656502,1.5178830414797062e-18,-0.35082298235042425,0.930626267376955
8.391716543333334,0.10757214613697832,1.3010426069826053e-18,-0.3269753011058738,0.9388905079093128
8.42508321,0.11049052042319289,2.3852447794681098e-18,-0.3001743874527378,0.947463551812937
8.458449876666668,0.11331470412003439,-1.734723475976807e-18,-0.2777462159144082,0.953948016076042
8.491816543333334,0.11570214253585306,3.903127820947816e-18,-0.2578922022602218,0.959220843302514
8.525183210000002,0.11802445040494214,-1.5178830414797062e-18,-0.23896422540280154,0.9638289931747491
8.558549876666667,0.12028609266509557,-4.336808689942018e-18,-0.2218336522542203,0.967636856800586
8.591916543333333,0.12234846809451057,-2.168404344971009e-19,-0.21043338084097024,0.9699219786058907
8.625283210000001,0.12414448001007714,-3.2526065174565133e-19,-0.2031829351517204,0.9712388186981404
8.658649876666667,0.12522947473825524,2.0599841277224584e-18,-0.1953455597203471,0.9727063744801538
8.692016543333335,0.1256810860809282,-1.1926223897340549e-18,-0.19019556937720902,0.9736682751280324
8.72538321,0.12549893248347038,4.892462303340839e-18,-0.18954698938845144,0.9738182359964737
8.758749876666668,0.12449849818552762,2.032879073410321e-18,-0.1910819622144501,0.9736466544213171
8.792116543333334,0.12293751418423814,2.0057740190981832e-18,-0.19458466456166973,0.973151157798018
8.825483210000002,0.12109719782605931,-2.4936649967166602e-18,-0.20077015655920527,0.9721248957381292
8.858849876666667,0.11909415015238843,-3.2526065174565133e-19,-0.20735368375095764,0.9709897183978768
8.892216543333333,0.11754147339239583,3.2526065174565133e-18,-0.21268262695251328,0.9700258255455485
8.925583210000001,0.11663202388361145,1.0842021724855044e-19,-0.2173872362276725,0.9690922353058593
8.958949876666667,0.11618228629223802,9.75781955236954e-19,-0.22165131917750586,0.968179925973876
8.992316543333335,0.11625118566294476,1.0164395367051604e-18,-0.22400158703710266,0.9676305859349522
9.02568321,0.1166378215252342,6.776263578034403e-19,-0.22242160061474017,0.9679484749560923
9.059049876666668,0.11723212870856206,-1.3010426069826053e-18,-0.21844033526891188,0.9687829725619999
9.092416543333334,0.11791572838524837,-3.144186300207963e-18,-0.21235553480341088,0.9700520644984649
9.125783210000002,0.11832221800659203,1.1384122811097797e-18,-0.20483417085938904,0.9716186572798751
9.159149876666667,0.11834424942529229,-1.1384122811097797e-18,-0.19777175921441492,0.9730780903325281
9.192516543333333,0.11812924542599272,-4.87890977618477e-18,-0.19234214897974125,0.9741919621414152
9.225883210000001,0.11777322547702232,5.421010862427522e-20,-0.18729574105311514,0.9752178078481254
9.259249876666667,0.11738962162701815,-8.673617379884035e-19,-0.18233573001318046,0.9762035434758605
9.292616543333335,0.11707199820706003,-2.4123498337802474e-18,-0.17822531883075723,0.9770004518747578
9.32598321,0.11686294191667003,-1.1384122811097797e-18,-0.17524311421865865,0.9775647823676583
9.359349876666668,0.11667061023324471,-2.303929616531697e-18,-0.171078940966074,0.9783250812821518
9.392716543333334,0.11654948655063255,2.0057740190981832e-18,-0.16567682966306813,0.9792688115617584
9.426083210000002,0.11654827454609792,2.5478751053409354e-18,-0.1588709881949023,0.9803960979167057
9.459449876666667,0.116668892230422,2.927345865710862e-18,-0.15355957781791812,0.9812277134519332
9.492816543333333,0.11685328738402788,2.439454888092385e-18,-0.1487564259819526,0.9819454337979385
9.526183210000001,0.11710690048698164,7.589415207398531e-19,-0.14040386740393357,0.983144306740547
9.559549876666667,0.1175907123843638,1.951563910473908e-18,-0.13028147828008585,0.9844791317128533
9.592916543333335,0.11824181891560373,-1.5178830414797062e-18,-0.12066056021143001,0.98562665419975
9.62628321,0.11908603410457547,-8.673617379884035e-19,-0.1133817341859948,0.9863889186493431
9.659649876666668,0.12001692968701715,-1.6263032587282567e-19,-0.10760957697762476,0.9869225478887379
9.693016543333334,0.12079642476751064,-1.0842021724855044e-19,-0.1029840769434707,0.9873208716822959
9.726383210000002,0.12154850705811086,2.710505431213761e-19,-0.09943042916489862,0.9875928058608104
9.759749876666667,0.1222119839017264,2.574980159653073e-19,-0.09767324119138314,0.9876862705059609
9.793116543333333,0.1225473124935749,-1.0418505251227894e-19,-0.09748671573201628,0.9876631492854165
9.826483210000001,0.12259926358627757,5.014435047745458e-19,-0.0979823133147704,0.9876076583570973
9.859849876666667,0.12230709710820936,1.3010426069826053e-18,-0.09951436856745871,0.9874906908146441
9.893216543333335,0.12165266946559261,3.9302328752599536e-19,-0.10080252440714227,0.9874408737160129
9.92658321,0.12084938256206622,-8.538092108323347e-19,-0.1014392179627229,0.9874743094346701
9.959949876666668,0.1200849737150854,1.179069862577986e-18,-0.10122187154543631,0.9875898601184028
9.993316543333334,0.11955115739368069,-5.082197683525802e-19,-0.10033097341157364,0.9877455221564497
10.026683210000002,0.11934694035720199,-5.421010862427522e-20,-0.097925420821674,0.9880115990130239
10.060049876666668,0.11937137322411022,-2.168404344971009e-19,-0.09573707705197478,0.988223095931346
10.093416543333333,0.11947603095051347,2.520770051028798e-18,-0.09321091672851639,0.9884519224681297
10.126783210000001,0.11945676204207621,9.215718466126788e-19,-0.08906769071577879,0.9888361990102209
10.160149876666667,0.11923253684708945,-1.734723475976807e-18,-0.08608259500851559,0.9891275898455202
10.193516543333335,0.11884744377157883,-3.7269449679189215e-20,-0.08503961088288932,0.9892641455596419
10.22688321,0.1184044778406649,1.7889335846010823e-18,-0.08364129353616395,0.9894364626608809
10.260249876666668,0.11792763145752183,-3.3881317890172014e-19,-0.08144702061894925,0.9896764403435678
10.293616543333334,0.11768512149194246,3.7947076036992655e-19,-0.07837742186038936,0.9899531261236287
10.326983210000002,0.11769351024042986,1.3552527156068805e-19,-0.07526917105598858,0.9901933091754509
10.360349876666668,0.11773502365822311,-2.8785885316845363e-19,-0.07424204528766229,0.9902659152549391
10.393716543333333,0.11769958127104208,-9.0801931945661e-19,-0.0758496710783762,0.9901482898868853
10.427083210000001,0.11754996360546673,2.710505431213761e-20,-0.0789118806300103,0.9899267251427192
10.460449876666667,0.11727952735059131,-1.2739375526704677e-18,-0.0826510859690741,0.9896536315562909
10.493816543333335,0.11712889821466624,-2.168404344971009e-19,-0.08706337306607215,0.9892930760261978
10.52718321,0.1170498482072291,-7.589415207398531e-19,-0.09094430163630327,0.9889532178189977
10.560549876666668,0.11700280501173063,-8.267041565201971e-19,-0.09276895489094712,0.9887892923306908
10.593916543333334,0.11708851009042623,2.710505431213761e-20,-0.09389795938403155,0.9886725716981931
10.627283210000002,0.11724238238745718,-7.318364664277155e-19,-0.09626066210529038,0.9884270882079085
10.660649876666668,0.11737923677709222,-1.0842021724855044e-18,-0.09871325148826378,0.9881689171160173
10.694016543333333,0.1176124241271781,2.439454888092385e-18,-0.10170223036241596,0.9878380302611552
10.727383210000001,0.11784869710422824,-1.463672932855431e-18,-0.10434601559098451,0.9875340974473348
10.760749876666667,0.11805285435352508,-6.318865786517081e-19,-0.10474814912989933,0.9874671381027552
10.794116543333335,0.11820911575118417,-9.147955830346444e-19,-0.1040598597420506,0.9875212152373174
10.82748321,0.11827446884561967,5.421010862427522e-19,-0.10462721385656996,0.9874534399858549
10.860849876666668,0.11806324389459347,8.334804200982315e-19,-0.10466453079855716,0.9874747624287943
10.894216543333334,0.11776315182614447,5.031375706690544e-19,-0.10445331699956885,0.9875329587612558
10.927583210000002,0.11750247736596137,-2.439454888092385e-19,-0.1031048875778251,0.9877057000799508
10.960949876666668,0.11730530497841164,6.776263578034403e-21,-0.10181032181752263,0.987863413532121
10.994316543333335,0.11720866698703802,-1.2332799712022613e-18,-0.10070896912729568,0.9879877691148
11.027683210000001,0.11722114785521798,-8.131516293641283e-19,-0.1015752904729454,0.9878975973555366
11.061049876666667,0.1172961414865843,4.336808689942018e-19,-0.10401916794173913,0.9876343594129701
11.094416543333335,0.11736711727609615,-3.5236570605778894e-19,-0.10684444954491028,0.987324274685751
11.12778321,0.11738222070617071,8.402566836762659e-19,-0.10924365983128355,0.9870598953704657
11.161149876666668,0.11738021719002312,-2.222614453595284e-18,-0.11099113408675662,0.9868651644305613
11.194516543333334,0.11738665814885331,1.5640463371050656e-18,-0.11134167522693467,0.9868249104305709
11.227883210000002,0.11737222629912566,-4.0657581468206416e-19,-0.11062499786734364,0.9869072247888537
11.261249876666668,0.11739830974911891,2.778268066994105e-19,-0.10988908304846365,0.9869863354144361
11.294616543333335,0.11740780459180944,1.3484764520288461e-18,-0.10932270814971548,0.9870481006028752
11.327983210000001,0.1174724039713999,4.641740550953566e-19,-0.1091251438646491,0.9870622762934971
11.361349876666667,0.1176289454511682,-1.8973538018496328e-19,-0.11009358388400078,0.9869360840397025
11.394716543333335,0.11787563277568833,-2.168404344971009e-19,-0.11232867488528885,0.9866547542054648
11.42808321,0.11813072672148746,-6.85249654328729e-19,-0.11289032812350717,0.9865601376603558
11.461449876666668,0.1184434099581683,3.7608262858090935e-19,-0.11319539773460272,0.9864876890104541
11.494816543333334,0.11877686107420077,-6.708500942254059e-19,-0.11367792547323462,0.9863921058754789
11.528183210000002,0.11903466000393546,-1.5720931501039814e-18,-0.1126646846674631,0.9864772772580871
11.561549876666668,0.1193145201316072,1.0570971181733668e-18,-0.10934975076213858,0.9868164354600214
11.594916543333335,0.11956110891506105,-1.3552527156068805e-19,-0.1054435861134133,0.9872116244162364
11.628283210000001,0.11983420828351327,-4.0657581468206416e-19,-0.1026250330570557,0.9874755010202035
11.661649876666667,0.12007344404500565,-1.1926223897340549e-18,-0.09954756644247777,0.987761433773637
11.695016543333335,0.12014899081665553,0.0,-0.09591952889908986,0.9881111597292664
11.72838321,0.12013265036100927,-3.7947076036992655e-19,-0.09319803117589336,0.9883735494751853
11.761749876666668,0.12018205717514502,6.153694361802492e-19,-0.09199993982190509,0.9884797844194468
11.795116543333334,0.12028263366362973,5.793705359219414e-19,-0.09148608988695701,0.9885152418633396
11.828483210000002,0.12034629463971565,-3.110304982317791e-18,-0.09172304148244582,0.9884855350624511
11.861849876666668,0.12029077486714569,2.270048298641525e-19,-0.09235308914918225,0.9884336277193654
11.895216543333335,0.12017056746769345,1.0164395367051604e-18,-0.09177734773644665,0.9885018731175758
11.928583210000001,0.11998479802642074,2.710505431213761e-20,-0.09065504507844585,0.9886279942649733
11.961949876666667,0.11973060547482971,1.497554250745603e-18,-0.08919196855408439,0.9887918764118555
11.995316543333335,0.11946350606973942,9.486769009248164e-19,-0.08703039809261665,0.9890167746430624
12.02868321,0.11924834547728187,3.2526065174565133e-19,-0.08422639304613408,0.9892854728617868
12.062049876666668,0.11907118050019698,4.607859233063394e-19,-0.0807013031267211,0.9896006030959857
12.095416543333334,0.11898963367689329,-7.589415207398531e-19,-0.07624076211064153,0.9899640464533181
12.128783210000002,0.1188487147069182,-4.336808689942018e-19,-0.07094941077630576,0.9903742545740013
12.162149876666668,0.11870483590050097,5.421010862427522e-20,-0.06485361068384543,0.9908093515480683
12.195516543333335,0.11853813337663538,2.168404344971009e-19,-0.058348520140010976,0.9912336561744934
12.228883210000001,0.11854389599817257,5.421010862427522e-20,-0.051217420678289556,0.9916270067624408
12.262249876666667,0.11853689617641104,-5.421010862427522e-20,-0.04449064674754345,0.9919524114577514
12.295616543333335,0.11861129146774581,2.168404344971009e-19,-0.0378722607298851,0.9922182488765067
12.32898321,0.11874790191231205,2.710505431213761e-19,-0.030719466998527335,0.9924491171534944
12.362349876666668,0.11888130607402257,-1.0842021724855044e-19,-0.023469067025223236,0.9926310684031104
12.395716543333334,0.11898407684380516,5.421010862427522e-20,-0.01741990659516161,0.9927433385885012
12.429083210000002,0.11902211207685366,5.421010862427522e-20,-0.012618217602938115,0.9928114208757319
12.462449876666668,0.11887009824648224,2.710505431213761e-20,-0.008438566608249888,0.992873954908915
12.495816543333335,0.11855536708332198,5.421010862427522e-20,-0.0031829682887585947,0.992942341552928
12.529183210000001,0.11811623831800139,1.0842021724855044e-19,0.0049214149604531725,0.9929875799426658
12.562549876666667,0.11785911337263687,1.0842021724855044e-19,0.015137811109259549,0.9929149389901617
12.595916543333335,0.11777794547372893,-3.2526065174565133e-19,0.022859884140702225,0.9927768033435618
12.62928321,0.11695801041514615,-5.421010862427522e-20,0.031227327766349587,0.9926457967474117
12.662649876666668,0.11604865906166502,0.0,0.0359641023612065,0.9925922083470846
12.696016543333334,0.11514662880646237,-7.250602028496811e-19,0.03596244521503682,0.9926973135899292
12.729383210000002,0.11414453699694564,-5.421010862427522e-20,0.031758658615116085,0.9929563999877947
12.762749876666668,0.11309318273247963,-3.2526065174565133e-19,0.022707064911942118,0.9933248820111791
12.796116543333335,0.11211887311402767,0.0,0.010411906127004295,0.9936402520542549
12.829483210000001,0.11129745075224268,2.168404344971009e-19,-0.0069828591959875735,0.9937626060249506
12.862849876666667,0.11089364645638808,-2.168404344971009e-19,-0.023607178904547145,0.9935518608909021
12.896216543333335,0.11082291247358188,4.336808689942018e-19,-0.03497395318378916,0.9932245993075136
12.92958321,0.11113228121944031,0.0,-0.04419245651340535,0.9928225636327341
12.962949876666668,0.11238524252098703,-5.421010862427522e-20,-0.050538908399870526,0.9923786454782512
12.996316543333334,0.11445138986068455,0.0,-0.04437733862105688,0.9924371673692344
13.029683210000002,0.11673721349065037,-2.168404344971009e-19,-0.026578146765636527,0.992807143961476
13.063049876666668,0.11906165409265332,-4.336808689942018e-19,-0.005683330447028095,0.9928705969459218
13.096416543333335,0.12151398865442171,2.168404344971009e-19,0.01133460158529697,0.9925250008781622
13.129783210000001,0.12393643630698163,-2.168404344971009e-19,0.021267947979080604,0.9920622128396408
13.163149876666667,0.12617815530171336,4.87890977618477e-19,0.029461849478995057,0.9915700038574856
13.196516543333335,0.12804874784970136,-6.505213034913027e-19,0.03816998839025729,0.9910330822734483
13.22988321,0.1295560294167166,4.336808689942018e-19,0.04934946281236597,0.9903433070213106
13.263249876666668,0.13060701354863702,-1.3010426069826053e-18,0.0626510298450512,0.9894527055252621
13.296616543333334,0.13111353041442259,-1.4094628242311558e-18,0.07612546896199049,0.9884402638083819
13.329983210000002,0.13087124697231,0.0,0.09148400750231772,0.9871693841926159
13.363349876666668,0.12951866143272542,-4.336808689942018e-19,0.10814038677663593,0.9856625046578948
13.396716543333335,0.12741468916904947,6.505213034913027e-19,0.12069210809936552,0.9844790053761867
13.430083210000001,0.12524489379269427,-1.2468324983583301e-18,0.12542266221356854,0.9841660796746239
13.463449876666667,0.12368655286170091,1.0570971181733668e-18,0.12352547485019394,0.9846030132516473
13.496816543333335,0.12284470053894632,1.0842021724855044e-19,0.11675428866572644,0.985534177807983
13.53018321,0.12254041698496217,1.3010426069826053e-18,0.10714262903084118,0.9866632167307704
13.563549876666668,0.12235466129853632,1.1926223897340549e-18,0.09571227318928487,0.9878605658793452
13.596916543333334,0.12228126762609409,1.0842021724855044e-19,0.08226954577196693,0.989079882227027
13.630283210000002,0.12240314107521992,-6.505213034913027e-19,0.06595646167941781,0.9902864314013654
13.663649876666668,0.12270448791608413,-6.505213034913027e-19,0.048490054058402045,0.9912579499316336
13.697016543333335,0.12302323893951365,-5.421010862427522e-19,0.0325908727767577,0.9918684981853596
13.730383210000001,0.12325367687028095,-2.168404344971009e-19,0.01619310162241493,0.9922430723355052
13.763749876666667,0.12330108556041812,2.168404344971009e-19,-0.0006969088988692941,0.9923690627068185
13.797116543333335,0.12312154405232137,-2.168404344971009e-19,-0.01699423076163009,0.9922460791109194
13.83048321,0.12284809339362482,-8.673617379884035e-19,-0.0349553250783058,0.9918096950515363
13.863849876666668,0.12235533107447095,0.0,-0.05317611473092669,0.9910607820813918
13.897216543333334,0.1216818206336129,1.3010426069826053e-18,-0.07093044986169351,0.9900315175840148
13.930583210000002,0.12096181499234086,8.673617379884035e-19,-0.08862699980074519,0.9886928209611303
13.963949876666668,0.12011050355177047,2.168404344971009e-19,-0.10615921606936381,0.9870682285334071
13.997316543333335,0.11923486667329092,5.421010862427522e-19,-0.1219567225034895,0.9853474536454688
14.030683210000001,0.11842362656003795,2.4936649967166602e-18,-0.135607906872814,0.9836596668898969
14.064049876666667,0.11797360005631619,-3.469446951953614e-18,-0.14788777034801678,0.9819426852272207
14.097416543333335,0.11790467095226938,3.0357660829594124e-18,-0.1570280483694304,0.9805308157283611
14.13078321,0.11799679270775816,3.686287386450715e-18,-0.16474200052333993,0.9792532002369206
14.164149876666668,0.11818093640640068,2.656295322589486e-18,-0.1709415148881336,0.9781678101214824
14.197516543333334,0.11845705433047034,-3.957337929572091e-18,-0.17697830844018655,0.9770601847486153
14.230883210000002,0.11873058231297429,1.1926223897340549e-18,-0.18315925662450117,0.9758871530747714
14.264249876666668,0.11901661662859747,1.6263032587282567e-18,-0.193155197872846,0.973923053685959
14.297616543333335,0.11946116882549833,3.469446951953614e-18,-0.21075310428225816,0.9702124294082392
14.330983210000001,0.12002285960798693,8.673617379884035e-19,-0.22873851014006172,0.9660606643220839
14.364349876666667,0.1207219627718855,4.9873299934333204e-18,-0.24008654966733955,0.9632157891009343
14.397716543333335,0.12180767443786164,8.131516293641283e-19,-0.2473871255221724,0.9612296814882055
14.43108321,0.12320956858995759,-1.6737371037744975e-18,-0.2520644900384662,0.9598348269726018
14.464449876666668,0.12508203179045826,0.0,-0.25463407723797543,0.9589139544465581
14.497816543333334,0.12694980614922402,8.131516293641283e-20,-0.25579721330021343,0.9583587701829205
14.531183210000002,0.12831544109850201,-4.30970363562988e-18,-0.2556020362944336,0.958228963566556
14.564549876666668,0.12907596441926017,2.752857078576476e-18,-0.2560383334831507,0.9580103168528034
14.597916543333335,0.12942657323842516,7.047314121155779e-19,-0.2601219480209399,0.9568622337084636
14.631283210000001,0.12998040754616952,-5.908901840045999e-18,-0.268286713331054,0.9545299016291489
14.664649876666667,0.13105551962550793,-3.903127820947816e-18,-0.27917420390758085,0.9512550733889711
14.698016543333335,0.1327491216670106,1.3010426069826053e-18,-0.290254453829698,0.9476972210198049
14.73138321,0.13477453630889882,-2.927345865710862e-18,-0.29939350430726386,0.9445630492144703
14.764749876666668,0.13664507113397104,5.963111948670274e-19,-0.30724232125840356,0.9417697598471402
14.798116543333334,0.13803039386773672,0.0,-0.3170257159564326,0.9383188721277159
14.831483210000002,0.13877669846292412,4.445228907190568e-18,-0.32699610892752895,0.9347804943996139
14.864849876666668,0.13901941480917981,1.4094628242311558e-18,-0.33549372807323874,0.931728265498924
14.898216543333335,0.13893995801488304,-6.342582709040201e-18,-0.3419622202166305,0.9293855647745641
14.931583210000001,0.13872195741596813,-1.1763593571467723e-17,-0.34558407154898346,0.9280775118611104
14.964949876666669,0.13843667689196126,-2.913793338554793e-18,-0.3468601010660391,0.9276439816974872
14.998316543333335,0.13814543248708497,5.421010862427522e-20,-0.3479498484788197,0.9272792149220875
15.03168321,0.13771293946466692,-5.149960319306146e-18,-0.3499579261839142,0.9265876084888333
15.065049876666668,0.13695501837820737,-2.6020852139652106e-18,-0.35343567390884517,0.9253791370836203
15.098416543333334,0.13572808793167687,-5.095750210681871e-18,-0.3565095506560892,0.9243802390993677
15.131783210000002,0.13416344743736658,-4.7704895589362195e-18,-0.36066746538492944,0.9229946634648176
15.165149876666668,0.13227434266417365,-6.071532165918825e-18,-0.365478304992405,0.9213734893367832
15.198516543333335,0.13030221932960043,-1.5178830414797062e-18,-0.371006320530649,0.9194431150234854
15.231883210000001,0.12839625543612843,-2.168404344971009e-18,-0.3756404777487164,0.9178282154448603
15.265249876666669,0.12682589590146248,-4.445228907190568e-18,-0.3763349178414599,0.9177620725122896
15.298616543333335,0.1263510717883961,4.391018798566293e-18,-0.37097044229475207,0.9200088790884355
15.33198321,0.1274257731181147,1.5178830414797062e-18,-0.3606414021453295,0.9239591178206434
15.365349876666668,0.13012108512327245,-1.5178830414797062e-18,-0.3496244842071896,0.927809906850104
15.398716543333334,0.13425834953211044,3.686287386450715e-18,-0.33797967632784515,0.9315280102982619
15.432083210000002,0.13941164373730044,4.336808689942018e-18,-0.3277260509908864,0.9344303232945637
15.465449876666668,0.14489701992723333,0.0,-0.31760612561297175,0.9370865502125855
15.498816543333335,0.15025737222260155,1.3010426069826053e-18,-0.3073378251381863,0.9396628029948234
15.532183210000001,0.1546956161823228,1.951563910473908e-18,-0.2945649430329822,0.9430274442824809
15.565549876666669,0.15812640767836944,6.7220534694101275e-18,-0.2827130676909152,0.9460810539015809
15.598916543333335,0.16092975958114916,-1.0842021724855044e-19,-0.27556519948693486,0.9477159032710591
15.63228321,0.16315110282751044,-1.1275702593849246e-17,-0.2713865322391702,0.9485415477275442
15.665649876666668,0.16516686319683885,-6.5052130349130266e-18,-0.2681280884470529,0.9491191892947092
15.699016543333334,0.1675901348739273,1.734723475976807e-18,-0.26302590450331237,0.9501215292020033
15.732383210000002,0.1714849087949704,1.951563910473908e-18,-0.25663948126302816,0.9511724884123934
15.765749876666668,0.1774384757107334,3.2526065174565133e-19,-0.2531844090223298,0.951006436553121
15.799116543333335,0.18542324670702,-6.938893903907228e-18,-0.252066936538577,0.9497791738528933
15.832483210000001,0.19473628739154789,5.637851296924623e-18,-0.2511535519049223,0.9481559321854701
15.865849876666669,0.2042974986295166,-2.168404344971009e-18,-0.250168205506475,0.9464028745768859
15.899216543333335,0.21359351481274935,1.5178830414797062e-18,-0.24900498695051132,0.9446556657871225
15.93258321,0.22233843358397457,2.3852447794681098e-18,-0.24741777151523558,0.9430535866481072
15.965949876666668,0.23016130114812958,-1.951563910473908e-18,-0.24329032225677066,0.9422502823294863
15.999316543333334,0.23733570756224698,2.168404344971009e-18,-0.23658236513869094,0.9421786170473785
16.032683210000002,0.24411495617689993,-4.336808689942018e-18,-0.22623647083745924,0.9429872466973038
16.066049876666668,0.25040076470104145,-2.168404344971009e-18,-0.21279189995927797,0.94446760894636
16.099416543333334,0.25632859580215145,2.6020852139652106e-18,-0.19780320226964898,0.9461339990434597
16.132783210000003,0.26174670745003636,7.806255641895632e-18,-0.18280122511412258,0.9476668049667252
16.16614987666667,0.2663631363102806,-1.3010426069826053e-18,-0.16835744525581875,0.9490555569838286
16.199516543333335,0.2703331956897102,6.288372600415926e-18,-0.15554965646052363,0.9501180282908025
16.23288321,0.2735589431340483,3.903127820947816e-18,-0.14540615286165373,0.9508010072256738
16.266249876666667,0.27584941370520133,-6.071532165918825e-18,-0.1378641291333071,0.9512626255965341
16.299616543333336,0.27723422565545514,-3.686287386450715e-18,-0.13387997606522017,0.9514291020007725
16.332983210000002,0.2773904365373116,-3.0222135558033436e-18,-0.13258791080982138,0.9515644968286315
16.366349876666668,0.27614971988443787,8.436448154652831e-19,-0.13180191835880462,0.9520344460809629
16.399716543333334,0.2739486897810034,6.8575787409708155e-18,-0.12935095523553855,0.9530060050948921
16.433083210000003,0.27182161376919184,4.0115480381963664e-18,-0.12373787444090867,0.9543594441911069
16.46644987666667,0.27035525856375875,-3.0357660829594124e-18,-0.11424289345720844,0.955958469527546
16.499816543333335,0.2691102157452747,1.951563910473908e-18,-0.10323046162472568,0.9575610495285811
16.53318321,0.26789296777057797,-8.673617379884035e-19,-0.09184941651035061,0.9590604999194682
16.566549876666667,0.2665535081201873,-1.734723475976807e-18,-0.07896856605548008,0.9605796129858069
16.599916543333336,0.26486494762753665,-2.168404344971009e-19,-0.06579406718572811,0.9620383049761699
16.633283210000002,0.26307776688401197,2.168404344971009e-19,-0.053477380011580915,0.9632913673434527
16.666649876666668,0.26115754743532815,-6.505213034913027e-19,-0.04376784321348302,0.964303433219028
16.700016543333334,0.25879206249226316,-1.0842021724855044e-18,-0.03698821288343913,0.965224606243899
16.733383210000003,0.25652331251231836,-2.2768245622195593e-18,-0.03309087260622837,0.9659714200160716
16.76674987666667,0.2542907223088632,8.673617379884035e-19,-0.035255456610401206,0.9664850135034835
16.800116543333335,0.25190131264856763,-1.1926223897340549e-18,-0.04027989945577694,0.9669142973323752
16.83348321,0.24943484717574535,1.0842021724855044e-18,-0.04380947081990837,0.96740011746996
16.866849876666667,0.2466093290976029,-1.7889335846010823e-18,-0.046148856849337304,0.968015558662943
16.900216543333336,0.2431328585606945,7.047314121155779e-19,-0.048114435255364414,0.9687989544834174
16.933583210000002,0.23904899462510223,1.0842021724855044e-18,-0.054380065203084436,0.9694835669970048
16.966949876666668,0.23464787929294972,1.734723475976807e-18,-0.06825246389022609,0.9696813775236867
17.000316543333334,0.23018651890268021,0.0,-0.08749248730955207,0.9692054638619481
17.033683210000003,0.22593789657245625,2.6020852139652106e-18,-0.11100318621525677,0.9677966519587031
17.06704987666667,0.22200470255639687,-6.071532165918825e-18,-0.13693266176757912,0.965382493203648
17.100416543333335,0.2187027986319749,-2.168404344971009e-18,-0.16522944013126983,0.9617007424268993
17.13378321,0.21624689897413255,-1.734723475976807e-18,-0.19532082480853033,0.9566018262998387
17.167149876666667,0.21443715453578185,0.0,-0.2261417290981547,0.9501982030687566
17.200516543333336,0.21332513018994986,1.734723475976807e-18,-0.25665499691983945,0.9426667499098069
17.233883210000002,0.21289193918866373,-1.734723475976807e-18,-0.28715607150965755,0.9339263422902423
17.267249876666668,0.21258962429688136,-3.903127820947816e-18,-0.31857418939730314,0.9237511231339111
17.300616543333334,0.212017878697698,1.5612511283791264e-17,-0.34928637612722213,0.9127143291109442
17.333983210000003,0.2115353897056496,-6.071532165918825e-18,-0.37876149038832074,0.9009952898328032
17.36734987666667,0.2111682648499729,-1.734723475976807e-18,-0.4069840850834037,0.8886911265502071
17.400716543333335,0.21089513518413616,-1.3877787807814457e-17,-0.4340199935948891,0.8758709306259441
17.43408321,0.2111753891653541,-7.806255641895632e-18,-0.4601343053512064,0.8623696284365678
17.467449876666667,0.21206828450188342,1.4094628242311558e-17,-0.48375182386468757,0.8491237928688706
17.500816543333336,0.21388507296002265,-2.168404344971009e-19,-0.5047305193382831,0.836361332447521
17.534183210000002,0.21672941118809852,1.1058862159352145e-17,-0.5249909966816163,0.8230509192810025
17.567549876666668,0.2206447190371076,5.204170427930421e-18,-0.5455464396236297,0.8085140630657065
17.600916543333334,0.22514030167297486,6.288372600415926e-18,-0.5656604623793958,0.7933095775693938
17.634283210000003,0.2300210130050039,-2.3093506273941244e-17,-0.5852294900326154,0.777558214908901
17.66764987666667,0.23518591473090456,-6.396792817664476e-18,-0.6034286690766744,0.7619458162156554
17.701016543333335,0.24067323322509382,-8.104411239329146e-18,-0.6205382564832277,0.7463301327493991
17.73438321,0.24641162930976648,-1.142816852435502e-17,-0.6362048074494271,0.7311119968371084
17.767749876666667,0.2524573927942862,2.3459424507155102e-17,-0.6510497100957409,0.7158208852832972
17.801116543333336,0.2588319809232139,4.2825985813177425e-18,-0.6660037381859235,0.6996034779600091
17.834483210000002,0.26554548092390495,8.836247705756861e-18,-0.6806214093181985,0.6828177610011336
17.867849876666668,0.2720131233896535,-7.914675859144182e-18,-0.694004694173309,0.6666080896367947
17.901216543333334,0.2780281552760888,-7.765598060427426e-18,-0.707589298110979,0.6496289172078067
17.934583210000003,0.28350595117593025,1.5476986012230576e-17,-0.7215966824526937,0.6316032010060569
17.96794987666667,0.2886876713009707,-8.239936510889834e-18,-0.7360557764216481,0.6122755282020893
18.001316543333335,0.29364324197961134,8.375461782450522e-18,-0.7503209144013601,0.5922771073168457
18.03468321,0.29798188887450633,1.8133281334820062e-17,-0.763427449285095,0.5730491458686897
18.068049876666667,0.3011645327051959,-1.1058862159352145e-17,-0.7754418019604777,0.5549684099232571
18.101416543333336,0.3031161446659443,2.4882439858542327e-17,-0.7857449761864685,0.539189609729806
18.134783210000002,0.3035453568868648,-1.8323016715005025e-17,-0.7937042989894662,0.5271562406707013
18.168149876666668,0.3023559760771261,-2.8189256484623115e-18,-0.7995209446824789,0.5189866306028366
18.201516543333334,0.2999692551716837,-2.0708261494473135e-17,-0.8036997568755593,0.5138921547853325
18.234883210000003,0.29677013411469066,9.324138683375338e-18,-0.8063526461758038,0.511588601810896
18.26824987666667,0.29253299236483526,1.6588293239028218e-17,-0.8069324207929054,0.5131125769764144
18.301616543333335,0.2878115738457914,4.0115480381963664e-18,-0.8054993146968281,0.5180109573969925
18.33498321,0.2829585403605512,-3.0357660829594124e-18,-0.8024900651333582,0.5253038737714438
18.368349876666667,0.2781044472562418,2.3852447794681098e-18,-0.7987854364276191,0.5334789058317474
18.401716543333336,0.27349931664014016,-2.0708261494473135e-17,-0.7950225723181014,0.5414214932029259
18.435083210000002,0.26909754483451415,-3.69712940817557e-17,-0.7912640467781809,0.5490789739557086
18.468449876666668,0.26510830128351803,3.686287386450715e-18,-0.7879641333318567,0.5557248538378894
18.501816543333334,0.261194218218951,8.348356728138384e-18,-0.7845344783648006,0.562390640592339
18.535183210000003,0.25706679625019707,-1.1926223897340549e-18,-0.7804482015514472,0.5699274225379679
18.56854987666667,0.25324478107474657,-8.673617379884035e-19,-0.776726018735369,0.5766834250070891
18.601916543333335,0.24973256898785912,1.577514160966409e-17,-0.7726302271218932,0.583674717736083
18.63528321,0.2463923248423564,0.0,-0.7680547971004309,0.5910859928215139
18.668649876666667,0.24392251093996145,9.974659986866641e-18,-0.7648067654771753,0.596298935213778
18.702016543333336,0.24210331210223218,4.472333961502706e-18,-0.7609737165986222,0.6019177592621845
18.735383210000002,0.24075564223510781,-2.393376295761751e-17,-0.7560190930233356,0.6086639891731181
18.768749876666668,0.23979674309708185,4.228388472693467e-18,-0.7496375643309244,0.6168800889508685
18.802116543333334,0.239293292975304,1.1384122811097797e-17,-0.741699089325117,0.6265949096755635
18.835483210000003,0.23933387255183664,1.1600963245594897e-17,-0.7329006011558785,0.6368484955424589
18.86884987666667,0.2400023030684471,5.5294310796760726e-18,-0.7235203874812033,0.6472380886666751
18.902216543333335,0.24124963762328702,-2.168404344971009e-18,-0.7132934019586157,0.6580358159469267
18.93558321,0.24271423849595017,-6.505213034913027e-19,-0.7027755580423222,0.6687273835051426
18.968949876666667,0.24421602877025148,6.288372600415926e-18,-0.6935048519094698,0.6777975742577664
19.002316543333336,0.24580228397663312,1.3877787807814457e-17,-0.6863105006127778,0.6845137938277861
19.035683210000002,0.24721223398267433,7.26415455565288e-18,-0.6813781693635199,0.6889193724116879
19.069049876666668,0.24826437241784463,-3.5236570605778894e-18,-0.6790652971600559,0.6908220636176139
19.102416543333334,0.24873524633159094,1.8228149024912543e-18,-0.6790051184327989,0.6907118258538967
19.135783210000003,0.24864113807345142,-9.703609443745265e-18,-0.6808835100820398,0.6888942082467377
19.16914987666667,0.24799002807550727,3.577867169202165e-18,-0.6841322126528692,0.6859038282338122
19.202516543333335,0.24686202552154565,-1.22514845490862e-17,-0.6879385403291132,0.6824952051738159
19.23588321,0.24543913810099613,-1.485356976305141e-17,-0.6921854505109194,0.6787038614810114
19.269249876666667,0.24389067674841544,5.854691731421724e-18,-0.6967112674472985,0.6746189647550529
19.302616543333336,0.24243072470246468,-3.469446951953614e-18,-0.7011709955285678,0.6705121764365768
19.335983210000002,0.24114553826660362,1.0191500421363742e-17,-0.7048577072190343,0.6671015229693574
19.369349876666668,0.24003374068013605,7.589415207398531e-18,-0.7076322667413303,0.6645602895160287
19.402716543333334,0.2392850993160117,-1.0299920638612292e-18,-0.7096396659774833,0.6626870948771316
19.436083210000003,0.23893189636564477,-6.667843360785852e-18,-0.7109743010076786,0.6613827123577996
19.46944987666667,0.23896301040868762,1.789865320843062e-17,-0.7115877932222121,0.6607113531592748
19.502816543333335,0.23937321937111988,1.2088854223213374e-17,-0.711343944460612,0.660825434231404
19.53618321,0.23975349857128203,-1.2468324983583301e-18,-0.7103138393372671,0.6617949150369633
19.569549876666667,0.23998314501572257,5.3939058081153846e-18,-0.7085347530999677,0.6636163000996362
19.602916543333336,0.23994100900653198,-5.339695699491109e-18,-0.7060964416056601,0.6662252827300628
19.636283210000002,0.23974010886798575,-6.0308745844506184e-18,-0.7041671961660866,0.6683361729276358
19.669649876666668,0.23946578008490813,5.241016361135983e-18,-0.703077954730366,0.6695801145049723
19.703016543333334,0.23927932284949321,1.9949319973733282e-17,-0.7036700427517038,0.6690245709916066
19.736383210000003,0.23891083013461958,-1.054386612742153e-17,-0.7045582381914074,0.668220999551052
19.76974987666667,0.23823555237281827,-2.485533480423019e-17,-0.7046624978643161,0.6683521419799902
19.803116543333335,0.23724243389910243,-8.782037597132586e-18,-0.7033833006096395,0.6700507144844483
19.83648321,0.23603500006713196,5.502326025363935e-18,-0.701289352382558,0.6726668737035901
19.869849876666667,0.2349204494284073,-9.2970336290632e-18,-0.699636759264345,0.6747746198001523
19.903216543333336,0.23422247298239574,-8.782037597132586e-18,-0.6992875199170523,0.6753790029592788
19.936583210000002,0.23374885695865086,1.7753810574450135e-17,-0.6990683149515717,0.6757699038143784
19.969949876666668,0.2332411516065322,1.0842021724855044e-18,-0.6980836778726682,0.6769621436129405
20.003316543333334,0.2323375122010806,5.719166459861036e-18,-0.6949932580884306,0.680443716728901
20.020294329999544,0.23164266974310127,-1.021860547567588e-17,-0.6924820656979055,0.6832351441788181
