0.0,0.9890586371757044,0.003143822015860457,0.1474894186417144
0.2,0.9888182801286516,0.0032504785176466888,0.14909005088476637
0.4,0.9920313797275829,0.008952791888562149,0.1256725473330923
0.6000000000000001,0.9994327290829272,0.02612128297058074,0.021257907089440285
0.8,0.9937771749568091,0.03549142509651237,-0.1055807050529709
1.0,0.9744791793206271,0.03990895469311615,-0.22090179810472438
1.2000000000000002,0.9613072739745183,0.041405670332731584,-0.2723488488464341
1.4000000000000001,0.947912253901792,0.022141224196041195,-0.31776111325007217
1.6,0.9310882118999168,-0.007289140233096445,-0.364721277273041
1.8,0.9317930595646083,-0.0862875843285982,-0.352584949959526
2.0,0.9266672427959022,-0.20326367259405212,-0.31618301746396654
2.2,0.9078102552748012,-0.30727503798283173,-0.28541652273571855
2.4000000000000004,0.8855882763967082,-0.3795025026824072,-0.2677895725499724
2.6,0.8562345128493242,-0.45739548464483076,-0.24010795412105937
2.8000000000000003,0.8099007850661375,-0.5476073274402569,-0.2102068821018806
3.0,0.7514103120105805,-0.6312880717107775,-0.19198414913698097
3.2,0.6721736574854505,-0.7181600398529911,-0.1800797915952322
3.4000000000000004,0.5651976593007297,-0.8079913363191207,-0.16643799552451294
3.6,0.434965222018656,-0.8889177224539109,-0.14363334689971335
3.8000000000000003,0.2791850398336652,-0.9527267828389383,-0.11986405130163484
4.0,0.13116001440665964,-0.9855812666641538,-0.10689535734318893
4.2,-0.006915197848839316,-0.9955774459188709,-0.09368953632273612
4.4,-0.12995094322242334,-0.9887822087300335,-0.07363759946222972
4.6000000000000005,-0.27952414385075747,-0.959278438243421,-0.04063411037250101
4.800000000000001,-0.47487318624438246,-0.8797150728929817,-0.02443046276687422
5.0,-0.6258083003617745,-0.7791548481292115,-0.035800751878309875
5.2,-0.7392397454252497,-0.670979788551906,-0.05753887501899917
5.4,-0.7674421881082455,-0.6344173870350842,-0.09245034850774793
5.6000000000000005,-0.7426767404160635,-0.641769746055079,-0.19121415296303426
5.800000000000001,-0.7325050328127898,-0.6244177227581792,-0.2711805384046279
6.0,-0.7403075992545685,-0.6009754850470754,-0.30128578602112926
6.2,-0.7451269104788195,-0.582611533430055,-0.32457616732374134
6.4,-0.7504656023927269,-0.5392813549164113,-0.3820693652530142
6.6000000000000005,-0.759099176272531,-0.5104885197442793,-0.4039429561109571
6.800000000000001,-0.7520509665156514,-0.4756714715347358,-0.4562411587426693
7.0,-0.7459605305697761,-0.4552748972039298,-0.4860737133480986
7.2,-0.7352021037107108,-0.44967362582142445,-0.5072193775280666
7.4,-0.7344893848805256,-0.4348574779302362,-0.5209839895677997
7.6000000000000005,-0.7317359865357336,-0.4303930407571611,-0.5285113778116625
7.800000000000001,-0.7515287446581491,-0.360036470377421,-0.5527913584262282
8.0,-0.7816694191541236,-0.2810997348477491,-0.5567547559094402
8.200000000000001,-0.7987423467019349,-0.2675359114032698,-0.5389204020026598
8.4,-0.8384252331531956,-0.2750551666134254,-0.47051863271423233
8.6,-0.8654565669253641,-0.36530303225351207,-0.3428390663155995
8.8,-0.7906750348299418,-0.586834968892853,-0.17452136998429232
9.0,-0.5700581967884065,-0.8211720381814857,-0.02664837674633679
9.200000000000001,-0.14716748413023323,-0.9849875342950947,0.09022909119595136
9.4,0.38276145795024724,-0.9119304837242432,0.1479069273640313
9.600000000000001,0.7559623720886306,-0.6352899568652958,0.1578846499575608
9.8,0.9488784622542704,-0.28388371384485445,0.13798442261220614
10.0,0.9920754404193161,0.035193179363953435,0.12061409802786928
10.200000000000001,0.949980267393007,0.29575215914954284,0.1003401809959233
10.4,0.8546469799490912,0.5138782507763171,0.07421376585897359
10.600000000000001,0.7124179537864961,0.6995644438266929,0.05540981913083353
10.8,0.5619264158377111,0.8261324997147977,0.04175878468973199
11.0,0.4047409918337313,0.9141775119710126,0.021545443507537298
11.200000000000001,0.26648659938882924,0.9637205652003763,-0.01508524298924374
11.4,0.1422364675717792,0.9879555729249093,-0.06093088887679686
11.600000000000001,0.04705971957699284,0.9955510398205322,-0.08163032466915614
11.8,0.022599169735432967,0.9966208995106348,-0.07896872916466635
12.0,0.1168363390435701,0.9874390827954626,-0.10636412763216509
12.200000000000001,0.1703045676185625,0.9804982695828689,-0.09807903748127961
12.4,0.16839862819524393,0.9815404300148958,-0.0906657943666371
12.600000000000001,0.10351270909873239,0.9909370710421723,-0.08560864611358943
12.8,-0.13047131777544702,0.9886218055374236,-0.074860943447585
13.0,-0.36731143494053803,0.9246576146373872,-0.1004520057292035
13.200000000000001,-0.47099262672140835,0.8761480023895066,-0.10261882616238205
13.4,-0.5406853807846979,0.8351914177203379,-0.10057144113513854
13.600000000000001,-0.6193466914859888,0.7782720013821695,-0.10345224796954518
13.8,-0.6698002925238578,0.7347349499644502,-0.10738771547849979
14.0,-0.7205020456274095,0.6820807606552236,-0.12507053286329875
14.200000000000001,-0.7480868359777746,0.6509336222445692,-0.12904071167010522
14.4,-0.7325827018525417,0.6678783592724902,-0.13138143766117383
14.600000000000001,-0.7107824484823348,0.6780499023054138,-0.18718077068191627
14.8,-0.6214521989342018,0.7500034063445271,-0.226477493167537
15.0,-0.5282885108934912,0.8097389146544435,-0.2554097479584156
15.200000000000001,-0.5469873177989041,0.7852985996032144,-0.29001893667205736
15.4,-0.5580636235082965,0.7716042350391926,-0.30527347835403745
15.600000000000001,-0.5751223663852951,0.7482149141227982,-0.33076986859082597
15.8,-0.5987434393505708,0.7231102460985529,-0.34440944502429055
16.0,-0.6412530390029565,0.6586126263383024,-0.3937308070207825
16.2,-0.702390086943839,0.5893630295689012,-0.3991232706074566
16.400000000000002,-0.7548988314653443,0.5286451289920386,-0.3881521374992655
16.6,-0.8116063219301233,0.44788353825834465,-0.37509400736381227
16.8,-0.8468875345719334,0.37886057750537566,-0.37315702673132867
17.0,-0.8760192345684257,0.3012662984602728,-0.376601803073479
17.2,-0.8963220284420156,0.22826905130101596,-0.38013163713077736
17.400000000000002,-0.9130436635526533,0.16259402834558723,-0.3740514007361872
17.6,-0.9331600768182693,0.10748938434731489,-0.3430135613720791
17.8,-0.9700894725204393,0.019212030952560563,-0.2419861838446436
18.0,-0.9861684500279826,-0.017195422820453072,-0.16485176857841893
18.2,-0.989615509525618,-0.025098836039978603,-0.14153159271268512
18.400000000000002,-0.9930855151281596,0.004361265568429175,-0.11731214346895194
18.6,-0.9825233492210455,0.1690586369416906,-0.07789124155434678
18.8,-0.8905676322336373,0.4548508075221812,0.0001879207088949255
19.0,-0.7101653530056332,0.7019158625151525,0.05458290336720717
19.200000000000003,-0.4244762801539251,0.9011689587083975,0.0878316312447257
19.400000000000002,-0.10728342711907396,0.9893173653427765,0.09869861648885582
19.6,0.1915830764885914,0.9764367564944966,0.09933370711734205
19.8,0.43438809333118017,0.8955329048144398,0.09658054031073589
