0.019999821,-0.9351321125402436,0.20107172345222596,0.2917157762685668
0.219999821,-0.935420009971059,0.2032235616613264,0.28929152931157387
0.419999821,-0.93587519291806,0.20689831643218035,0.2851853957307655
0.6199998210000001,-0.9340994964256931,0.21257093935881397,0.286830483940216
0.819999821,-0.9316225347831192,0.22427738616823184,0.28597046479981464
1.019999821,-0.9281238133272864,0.23682377107256752,0.287229331005356
1.2199998210000003,-0.9271014251259935,0.24635400379692898,0.28247593232446233
1.4199998210000002,-0.9263979986482694,0.25266531912286927,0.2791898719742891
1.6199998210000002,-0.9231502910433861,0.269084709488102,0.2745668575524283
1.8199998210000001,-0.9181039784166215,0.2904355808422346,0.26968918813405535
2.019999821,-0.8933390438910984,0.31845630673055597,0.3170661340529329
2.219999821,-0.8691327131552149,0.395824899898821,0.2965315759637469
2.419999821,-0.8579005485403981,0.4157752895507278,0.301889975675067
2.619999821,-0.8907895738141794,0.3267066005361403,0.31584289187833803
2.819999821,-0.8998841912286859,0.30741195507826197,0.3093644004271573
3.019999821,-0.8862632521653869,0.34995426240942756,0.3034295010092223
3.219999821,-0.8705890553811844,0.36793890534633245,0.3266430139816866
3.419999821,-0.8895431595085149,0.30416673595718935,0.34087470441315865
3.619999821,-0.8902543935572347,0.2721278722844083,0.36523079809621833
3.819999821,-0.9230765160984323,0.27916775811669775,0.26456588641712286
4.019999821,-0.9276984216767818,0.2508279649819573,0.2765157688115049
4.219999821,-0.9248806170866103,0.182584236837205,0.3335548539536887
4.419999821,-0.9289868884839679,0.1879575679655448,0.31883430441116867
4.619999821,-0.9277202284622273,0.19828465389172714,0.31625681610525097
4.819999821000001,-0.9231461276408647,0.18657815095897773,0.3361395850036186
5.019999821,-0.9262000685689987,0.1909588186776587,0.3250971586341774
5.219999821,-0.930060715184261,0.20429795640291032,0.3053676654142264
5.419999821,-0.93290519428122,0.18152394740548208,0.3110256500699769
5.619999821,-0.9337710164853917,0.1833586638047453,0.30732928461111114
5.819999821000001,-0.9336977168935829,0.18045454661707735,0.3092648219130909
6.019999821,-0.9344717296153728,0.17382620566337367,0.31072019048386323
6.219999821,-0.933578339209591,0.17375097719653682,0.3134359304258382
6.419999821,-0.9343510627117242,0.1713863608291565,0.3124336840534483
6.619999821,-0.9408712717176702,0.1662396723931307,0.2951704954411916
6.819999821000001,-0.9611354510064449,0.1453028412927431,0.23474609502799756
7.019999821,-0.984646212710779,0.06646053095997281,0.1614150972456979
7.219999821,-0.9882636390116817,0.0028505830691237296,0.15273131304207074
7.419999821,-0.992322422494307,0.01656820331658632,0.12256306317112971
7.619999821,-0.9837762295393508,-0.0634291718553815,0.1678126048635176
7.819999821000001,-0.9784143636237923,-0.04269212034083633,0.20219474749719277
8.019999821,-0.9722882184251367,-0.05043123766343914,0.22828120943127925
8.219999821000002,-0.9739854015591323,-0.09539283898056541,0.2055544789609906
8.419999821000001,-0.9739444868084725,-0.12644846561630518,0.1882629070174557
8.619999821,-0.9455452464807688,-0.20929389233036505,0.2492794686508065
8.819999821000001,-0.9478195672489906,-0.1875262837822602,0.2578215678153236
9.019999821,-0.9474975587657375,-0.1774355466989381,0.266016922207248
9.219999821000002,-0.9483578621211213,-0.17901478580806182,0.26186078708953403
9.419999821000001,-0.95019023305084,-0.18162465598866284,0.25328048750701443
9.619999821000002,-0.9458749627661872,-0.19598536361209506,0.2586702380675029
9.819999821000001,-0.9489729156973102,-0.177971992525165,0.26033896202752366
10.019999821,-0.9404693722168215,-0.21160164232277584,0.2659738800867535
10.219999821000002,-0.9442608972055103,-0.2060806902032475,0.2567140571414002
10.419999821000001,-0.9336656448600181,-0.22431510606961066,0.2791974154556335
10.619999821000002,-0.9324487395996698,-0.24063601420024985,0.26950632031328126
10.819999821000001,-0.9376239323347684,-0.20848907206228448,0.27819717529783267
11.019999821,-0.938516921425937,-0.1954942152151999,0.284548765617732
11.219999821000002,-0.9358513517849119,-0.2295041828524171,0.26741368217725286
11.419999821000001,-0.9164881707112218,-0.2878065581817377,0.2778791428192855
11.619999821000002,-0.9226740568188051,-0.30674430781296663,0.2336247300648468
11.819999821000001,-0.9288125631155661,-0.29223815246409396,0.2278246800569813
12.019999821,-0.9292207126051706,-0.2777575723243745,0.24372032800324273
12.219999821000002,-0.9323232241155448,-0.2589708370887033,0.2524034692954362
12.419999821000001,-0.9343220335699547,-0.23574731167417148,0.26733039973805073
12.619999821000002,-0.943948856143172,-0.18608539321553405,0.27264039212453034
12.819999821000001,-0.9530358332282359,-0.11807582810353906,0.2788920927538564
13.019999821,-0.9590445294631447,-0.061007777733697394,0.27660737799778773
13.219999821000002,-0.9554433793699783,-0.023608024514625434,0.2942288395052268
13.419999821000001,-0.9532382338527031,0.010389738284872361,0.30204126019428335
13.619999821000002,-0.9545404426421314,-0.011682667596103688,0.29785241083194647
13.819999821000001,-0.9512608542456831,-0.030313803400755755,0.3068938912770239
14.019999821,-0.9442653248265481,-0.03262384354779467,0.3275647739949817
14.219999821000002,-0.9399160518729359,-0.012613146662970563,0.3411725721139535
14.419999821000001,-0.9284315781364441,-0.01166698652944294,0.37132019355859675
14.619999821000002,-0.9199938192017336,-0.04973283389131468,0.3887647333076222
14.819999821000001,-0.9225699251131408,-0.07976777271480648,0.3774941532167786
15.019999821,-0.9154673451396094,-0.11168822870679102,0.3865815302770876
15.219999821000002,-0.9213506988063493,-0.10565143681714301,0.3740998044740531
15.419999821000001,-0.9253246770883979,-0.0965303885857989,0.36668259578377443
15.619999821000002,-0.9234886880889747,-0.10175038228411175,0.3698857968032056
15.819999821000001,-0.9333591251703854,-0.11033192580257707,0.34156640585670517
16.019999821,-0.9407996927630276,-0.10520054281924572,0.3222247412715682
16.219999821,-0.9443988813783257,-0.09255248109638299,0.3155071965807927
16.419999821,-0.9420273615048232,-0.08551752004714262,0.3244552418150273
16.619999821,-0.9404602032144768,-0.0791932612036575,0.3305495931773543
16.819999821,-0.9428665354354988,-0.057014816926784784,0.3282560083329236
17.019999821,-0.9494522597569515,-0.03251601604467806,0.31222286133946126
17.219999821,-0.9504102408115959,-0.031692694775391814,0.3093799399740042
17.419999821,-0.9565355671177501,0.008537576353448767,0.2914906836053827
17.619999821,-0.9655194516638506,0.12110077122352896,0.2304491086287909
17.819999821,-0.955377184013406,0.184310706867366,0.230833272299872
18.019999821,-0.9415779468231196,0.264190273694722,0.20888865297441672
18.219999821,-0.9263906085972293,0.30621136346177485,0.21916897862091797
18.419999821,-0.9496111221504078,0.1998353896334803,0.2414633175831851
18.619999821,-0.9534344227066619,0.16133288014908426,0.2548224938674274
18.819999821,-0.9546673890582189,0.16104660319454048,0.2503480933984986
19.019999821,-0.9540333502780305,0.158361435341572,0.2544445368913125
19.219999821000002,-0.9502839060114989,0.1621343282089385,0.2658438594208356
19.419999821,-0.9489062627775562,0.16805362133229093,0.26708591280454047
19.619999821,-0.9460060243665036,0.1836810639842462,0.26708401037107743
19.819999821,-0.9283579842507634,0.24886776912503336,0.27607297326719304
20.019999821,-0.9140231963535659,0.30565048114685817,0.26671966538353553
20.219999821000002,-0.9096335602016445,0.33220501148635784,0.24941254278450023
20.419999821,-0.9077803392651167,0.33480687557433053,0.2526642272104712
20.619999821,-0.9135355652031686,0.3154442744269474,0.25680280535886685
20.819999821,-0.9297306095413116,0.24309407147013737,0.2765976610494258
21.019999821,-0.9574677633244841,0.17418029753290679,0.23003631484128315
21.219999821000002,-0.9568606213262463,0.152204882123643,0.24749025276337178
21.419999821,-0.9592078556636905,0.10319630626051803,0.2631934877751543
21.619999821,-0.9613744392563428,0.0829444366528178,0.2624488673492407
21.819999821,-0.9617529843273547,0.07866491978814467,0.2623795486164113
22.019999821,-0.9615862183996242,0.060835493848555425,0.267677020440891
22.219999821000002,-0.9703937789343048,0.021350326891177766,0.2405827868889206
22.419999821,-0.9555565489319515,0.015870699255425676,0.294380370776319
22.619999821,-0.9557505424065511,0.027348522669392628,0.292904351277656
22.819999821,-0.9590441668023594,-0.004204508057012898,0.2832253665093699
23.019999821,-0.9602588125347632,-0.023595337917724096,0.27811197920599307
23.219999821000002,-0.9509566497531511,-0.10248528023803644,0.2918530754074632
23.419999821,-0.9153348711477614,-0.2755051570726786,0.29369879483455463
23.619999821,-0.7688670223366599,-0.5650959840942692,0.29918227006907877
23.819999821,-0.4926853004885888,-0.8268973049275162,0.27111259982907354
24.019999821,-0.2737686120261998,-0.9528449112915724,0.13090959512199254
24.219999821000002,-0.13444330543893657,-0.9886248086134368,-0.06742392317788748
24.419999821,-0.09926516776379712,-0.9897019211081592,-0.103133572728015
24.619999821,-0.13644520568373186,-0.9857832039537249,-0.0980519283270509
24.819999821,-0.14503872712998922,-0.9872921355326285,-0.06494618347474065
25.019999821,-0.2408101971262162,-0.9668566863972924,0.08484454566370932
