0.03999997040982394,-0.9972021652911148,-0.006987518162146509,-0.07442456670109665
0.23999997040982396,-0.9961737193714932,-0.08623828795905443,0.014173162083917872
0.43999997040982397,-0.9912720445597607,-0.1015543594333668,0.08406215411462543
0.639999970409824,-0.9880074513867454,-0.0903203301123602,0.12523383717135872
0.839999970409824,-0.9311325433489691,0.3118137745012548,0.1891146656073005
1.039999970409824,-0.790475748357146,0.5580082376971274,0.2525369238771954
1.2399999704098241,-0.7032608428319074,0.70179492804016,0.11361366958452791
1.439999970409824,-0.713372400540685,0.6864760624784559,0.14089156749392667
1.639999970409824,-0.42555263826876066,0.9042716123016019,-0.03460929424243054
1.839999970409824,-0.38801201586660755,0.9214148822403917,0.02100691145924749
2.039999970409824,-0.43170694681181415,0.9015309326184819,0.029514227187439852
2.239999970409824,-0.13862843301082145,0.9666285649197301,0.215432994321175
2.4399999704098243,-0.11576333668603905,0.9656744758576477,0.23253313001886905
2.639999970409824,-0.12343087260749913,0.9644419469495341,0.23370184135248726
2.839999970409824,-0.00012951038571401563,0.9741216433256138,0.22602435097056625
3.039999970409824,0.08666914643844381,0.9634188096011032,0.2535994013447688
3.239999970409824,0.1731108729473239,0.9501278965671681,0.25940240136179266
3.4399999704098243,0.2420238689479246,0.9379797491209336,0.24823061273442582
3.639999970409824,0.46920254366838293,0.8258294588627467,0.3128173235125923
3.839999970409824,0.5666471139177719,0.7670954840939957,0.30079156665581175
4.0399999704098235,0.4659579961707318,0.3572163117562395,0.8094934542167868
4.239999970409824,0.386627319271133,0.38374855542077374,0.8386038171900284
4.439999970409824,0.23692527394257185,0.3937386402887813,0.888164566795354
4.639999970409824,0.21507516226385207,0.33046442740594295,0.9189863637706709
4.839999970409824,0.8307123414264019,0.40084242236484097,0.386318985081696
5.0399999704098235,0.9299425326817627,0.30952558104285444,0.1984963490583947
5.239999970409824,0.9505196145985545,0.25959041426331086,0.17066129932125232
5.439999970409824,0.9625286576834778,0.23745732674758338,0.13096793925207034
5.639999970409824,0.9454982510638115,0.261644516416026,0.19384324663164715
5.839999970409824,0.9443104881737217,0.2315145838712242,0.23383476939933753
6.0399999704098235,0.9783946980625952,-0.1346291046041588,0.15690385271396481
6.239999970409824,0.977837543473337,-0.135853446069697,0.15930342044356133
6.439999970409824,0.9003741850943799,-0.2994889363843082,0.3156464854849915
6.639999970409824,0.8886295684027131,-0.3432855667215034,0.3041258125202526
6.839999970409824,0.925560239802786,0.22683529114956946,0.30312372586998115
7.0399999704098235,0.9271466767869131,0.23733679264673052,0.28994876543821774
7.239999970409824,0.7944263019755992,0.5477850229530035,0.2623326501938938
7.439999970409824,0.8008555856723467,0.5455050759538038,0.24709217512102136
7.639999970409824,0.6623204102169328,0.6893718747108087,0.2934247647486131
7.839999970409824,0.639866726564469,0.720026202286836,0.268575576432532
8.039999970409824,0.603975770686589,0.7507979729097559,0.2674241430726528
8.239999970409825,0.4991128996186174,0.8250611536232797,0.26487809689764674
8.439999970409824,0.1279756414288381,0.9500338643014825,0.2847066769172608
8.639999970409823,0.078052316292477,0.9613315600545733,0.26410124491266523
8.839999970409824,-0.24820842892736272,0.9480391043905924,0.19903374677600189
9.039999970409824,-0.43367958115419725,0.8722550501443159,0.22603793572685432
9.239999970409825,-0.6838352177565301,0.7295487386892017,0.011315159427681515
9.439999970409824,-0.7576921300008455,0.6525957450746643,0.00462921648079669
9.639999970409825,-0.8907699818991561,0.4471967186973835,0.08089458655355462
9.839999970409824,-0.9107703338456776,0.28481366909114014,-0.2989624941116784
10.039999970409824,-0.9207745886824066,0.19550364729769296,-0.3375684830224013
10.239999970409825,-0.9074871513266434,-0.003160212009956322,-0.42006795073786085
10.439999970409824,-0.9043971723148346,-0.09197926230568217,-0.41666001729783725
10.639999970409825,-0.9160086984658725,-0.3253104420148396,-0.23473640674375162
10.839999970409824,-0.8999207490548962,-0.2776514326476907,-0.33623254953849857
11.039999970409824,-0.8069617461252396,-0.2798084971321602,-0.5201153191583058
11.239999970409825,-0.775807075273977,-0.24012726045238347,-0.5834914573003371
11.439999970409824,-0.7733749049814442,-0.26451318177682137,-0.5761284865472669
11.639999970409825,-0.6134500364909411,-0.766034737475533,-0.19201519135228365
11.839999970409824,-0.5720308878842628,-0.7943827387685548,-0.20429568681915813
12.039999970409824,-0.5756088751451036,-0.7836130969634628,-0.23371978333363058
12.239999970409825,-0.3029074015439472,-0.8857320222453702,-0.3517469130767485
12.439999970409824,-0.2976248866081264,-0.8780963772068351,-0.37465474667716625
12.639999970409825,-0.15266453567857968,-0.7638767905128943,-0.627045284219381
12.839999970409824,0.07536978478829315,-0.612429980653585,-0.7869237029964313
13.039999970409824,-0.0555793213709531,-0.44587747183562376,-0.8933667886962315
13.239999970409825,-0.049272280394937376,-0.3519662429869664,-0.9347149331118675
13.439999970409824,-0.051472665570678505,-0.10402287449836778,-0.9932420683197761
13.639999970409825,0.02288760713319636,-0.05823618665280609,-0.9980404320486503
13.839999970409824,0.02831341658305686,-0.02570630664276079,-0.9992685005743863
14.039999970409824,0.03119213208628637,0.01402524656990871,-0.9994150005651131
14.239999970409825,-0.040515410248163214,-0.014252896018118313,-0.999077252512297
14.439999970409824,-0.04713367682279343,-0.0006186517066790974,-0.9988883990612919
14.639999970409825,-0.03218954437223936,0.04131520231501725,-0.9986275017696924
14.839999970409824,0.037784722410687935,0.13510740722129494,-0.9901102480361902
15.039999970409824,0.05405777369366835,0.13581158943774424,-0.9892587979278618
15.239999970409825,0.03383120807930406,0.09394079396708735,-0.9950028023019476
15.439999970409824,-0.022500245978461637,-0.029163658169080578,-0.9993213797238134
15.639999970409825,-0.16562902646548022,0.01140122067550194,-0.9861222225257913
15.839999970409824,-0.156072051150123,0.019594840669100087,-0.9875512933862959
16.039999970409824,-0.15457309652078335,0.012925792187036197,-0.9878967971039865
16.239999970409823,0.010745434152880463,0.009954432188299334,-0.9998927167074853
16.439999970409826,0.013488180480582278,0.01583229209164539,-0.9997836803601304
16.639999970409825,-0.29173198422518987,-0.24578394627643463,-0.9243823349311783
16.839999970409824,-0.29189438993292705,-0.2780504414989427,-0.9151424026390249
17.039999970409824,-0.16722276577418888,-0.034602712073411646,-0.9853117267768592
17.239999970409823,-0.15114733795309926,-0.020229796649674565,-0.9883042231809014
17.439999970409826,-0.1329937493169433,0.1639017139126057,-0.9774706598252106
17.639999970409825,-0.0743796777943929,0.19182449111867655,-0.9786066769332118
17.839999970409824,-0.010173507859709692,0.11466886162888347,-0.9933516758482692
18.039999970409824,-0.0228312458744106,0.10222120365243467,-0.9944996529590494
18.239999970409823,-0.03493312152712629,0.0973508428453216,-0.994636863592777
18.439999970409826,0.051432059264095095,0.08099092470389568,-0.995386966659431
18.639999970409825,0.06272176487359771,0.09738470043970578,-0.9932684432374815
18.839999970409824,0.08375403888274703,0.08990202639011609,-0.992422735844851
19.039999970409824,0.11886460364023664,0.09678391292031653,-0.988182210020643
19.239999970409826,0.18502075359565442,0.08874532746398751,-0.9787193609979351
19.439999970409826,0.0795217246970981,0.17020463083206705,-0.982194827386359
19.639999970409825,-0.22148990313086214,0.06603749820625417,-0.9729240831851889
19.839999970409824,-0.7105722863695284,0.04509733867293862,-0.7021775102409639
20.039999970409824,-0.8594256533507666,0.07853240413530159,-0.505193238140949
20.239999970409826,-0.9772097158562331,0.09209607020068249,-0.19125764060494904
20.439999970409826,-0.9790006275924882,0.055872515250016366,0.19605109847473773
20.639999970409825,-0.6837237305343948,-0.09211267239649032,0.7239040792039423
20.839999970409824,-0.5566588074386738,-0.082902465693167,0.82659430997494
21.039999970409824,-0.44755749917073895,-0.046966529382981716,0.8930209572309888
21.239999970409826,-0.38930533260323236,-0.08167300423259855,0.9174807237137512
21.439999970409826,-0.34249625853217175,-0.09669635712310463,0.9345298964776808
21.639999970409825,-0.3894802170693749,0.007867267536305981,0.9210012305166074
21.839999970409824,-0.23865225924909714,-0.0779933795159149,0.9679680428128756
22.039999970409824,-0.23397712052004285,-0.07376137913640497,0.9694400270367656
22.239999970409826,-0.4367879481376623,0.0471826000420005,0.8983262718049426
22.439999970409826,-0.274581952481299,-0.08406493741364564,0.957881953932319
22.639999970409825,-0.2734046576885927,-0.08255222726979969,0.9583501567417718
22.839999970409824,-0.23402026365503842,0.06730327972009688,0.9698993683561943
23.039999970409824,-0.22287693927457017,0.06420507430719474,0.9727299616917365
23.239999970409826,-0.21198761730003332,0.07395458493219724,0.9744700967597524
23.439999970409826,-0.18399113840900688,0.08424257704378285,0.9793112116176249
23.639999970409825,-0.17704563981212956,0.09714049665388359,0.9793970417217683
23.839999970409824,-0.16958111198652473,0.10277797940834572,0.9801423026306699
24.039999970409824,-0.2022621944409987,-0.045809116742598716,0.9782594387600738
24.239999970409826,-0.06047423971654245,-0.17917352861329774,0.9819570830616616
24.439999970409826,-0.05593385577320935,-0.18842773463879917,0.9804929334764391
24.639999970409825,-0.1944726013912112,-0.05947895143259784,0.9791029882727422
24.839999970409824,-0.2756991212807046,-0.01160187337034155,0.9611739650340858
25.039999970409824,-0.2876892719364274,-0.008150345847755841,0.9576891221452037
25.239999970409826,-0.2899339670220555,-0.03577456966173505,0.9563777888117079
25.439999970409826,-0.2572011794213537,-0.27584664280378957,0.9261512743381308
25.639999970409825,-0.2792340650352211,-0.5551400188502358,0.783484458298227
25.839999970409824,-0.23529398271746355,-0.6903311384099216,0.6841634753760365
26.039999970409824,-0.27598351198482196,-0.7424232268746245,0.6104431614078366
26.239999970409826,-0.35194826560815284,-0.7859630756064555,0.5083251539306848
26.439999970409826,-0.4518105300934996,-0.8707611005040194,0.19401636721075918
26.639999970409825,-0.4751204613834418,-0.8796331090213458,0.022497570718332468
26.839999970409824,-0.47707452162955055,-0.87867431312164,0.018203084138397104
27.039999970409824,-0.46863752088397265,-0.8833609805421669,-0.007228559697867503
27.239999970409826,-0.3896772631952271,-0.9144273579703481,0.10942685933556717
27.439999970409826,-0.2991762537286663,-0.9068855280247605,0.29673592344731786
27.639999970409825,-0.2924994699581413,-0.906710249569563,0.30384302427356646
27.839999970409824,-0.3771196802288168,-0.8108378362554487,0.4475742955987277
28.039999970409824,-0.41351824599084264,-0.7829904011454932,0.46468127996152025
28.239999970409826,-0.4808358817883813,-0.7235027030634108,0.4953187796204864
28.439999970409826,-0.6604067683229861,-0.4309883244649379,0.6149080943751638
28.639999970409825,-0.8020365642259629,-0.07981239728427926,0.591918348156525
28.839999970409824,-0.7890676170736131,0.1603337514237403,0.5930138142068535
29.039999970409824,-0.6343034513923536,0.5649736186669765,0.5276968275080776
29.239999970409826,-0.5804700137593976,0.6141676616132475,0.5346518928748688
29.439999970409826,-0.5315332391233054,0.7075679084630168,0.46563942124820046
29.639999970409825,-0.4126516463613952,0.8171311966280245,0.4025111504697516
29.839999970409824,-0.4402787065183032,0.8042959594612937,0.39907727344564137
30.03997777777778,-0.3132566294451084,0.8841250851072575,0.34668879127075203
