0.020854064999999998,0.14249760736493713,0.0,-0.987301794951341,0.07021109300622458
0.06256239833333332,0.14124562224579185,2.8434333556510326e-25,-0.9899218100844152,0.010221747188930057
0.10427073166666664,0.1395389016539745,-2.3781442610899546e-24,-0.9900237167629258,-0.019543161773998185
0.145979065,0.13792753200049382,-6.333101564859118e-24,-0.9903159168031852,-0.01582342701564849
0.1876873983333333,0.13764587602983178,-2.3751333236602615e-19,-0.9903674654080961,0.015029846077843984
0.22939573166666663,0.1377877499875843,2.846030702774449e-19,-0.9882612180117418,0.065987126981762
0.27110406499999995,0.1393773905605336,2.0057740190981832e-18,-0.9814205542931382,0.13186219553566456
0.31281239833333324,0.1430061451699249,-3.74049749507499e-18,-0.9687438523591932,0.20269334216966295
0.3545207316666666,0.1480912312489721,-1.1926223897340549e-18,-0.9529273383394313,0.2645722492486514
0.39622906499999994,0.15390819851621773,1.951563910473908e-18,-0.9376130615763767,0.3117595438649252
0.4379373983333332,0.15907074903247084,3.0357660829594124e-18,-0.924971131043754,0.34514475736694505
0.4796457316666666,0.16208323506391656,-3.0357660829594124e-18,-0.9152340494913787,0.36888434442630963
0.5213540649999999,0.1628747624335129,-1.6805133673525319e-18,-0.9077571256601252,0.3865860998218822
0.5630623983333333,0.16227137312971016,3.903127820947816e-18,-0.9023655181313696,0.39925489746539566
0.6047707316666665,0.16088810964176536,4.797594613248357e-18,-0.8995529042942649,0.4061029285189314
0.6464790649999999,0.15956457914994474,-6.071532165918825e-18,-0.8999565103007264,0.40573072923804965
0.6881873983333332,0.1575843097392371,7.589415207398531e-18,-0.903852068700748,0.39776704643470234
0.7298957316666665,0.15495281920125076,3.903127820947816e-18,-0.914124726292576,0.37465398516779136
0.7716040649999999,0.15144788869404682,-1.1709383462843448e-17,-0.9302595376390925,0.3341866688568191
0.8133123983333331,0.14677788663290206,-3.0357660829594124e-18,-0.9505314102862802,0.27376320069497007
0.8550207316666665,0.14085933752207222,-6.505213034913027e-19,-0.9714263267065574,0.19102235160904033
0.8967290649999998,0.1346773976136144,-3.2526065174565133e-19,-0.987734823439091,0.07900580445620568
0.9384373983333332,0.1263764357299966,-2.1141942363467336e-18,-0.9898633225285456,-0.064804314709212
0.9801457316666665,0.11577163735475755,-3.0357660829594124e-18,-0.9647739075882976,-0.23623766681248304
1.0218540649999999,0.10449899856851037,3.144186300207963e-18,-0.8963949871348363,-0.4307620994675773
1.063562398333333,0.09542298124291475,-9.540979117872439e-18,-0.7626368684351192,-0.639749530327447
1.1052707316666666,0.09346870121622072,0.0,-0.575399711713086,-0.8125138605915904
1.1469790649999998,0.09860571185889273,-1.734723475976807e-18,-0.3980235471785275,-0.9120603979343823
1.188687398333333,0.10928134431887056,8.673617379884035e-19,-0.28392459777824797,-0.9525987668269997
1.2303957316666665,0.12147714180776628,4.336808689942018e-19,-0.2412988964822736,-0.962817815879335
1.2721040649999997,0.1297305402828285,-3.903127820947816e-18,-0.21314979101560333,-0.9683682943528924
1.3138123983333332,0.1316672603625394,3.7947076036992655e-18,-0.21437848681476687,-0.9678355216355898
1.3555207316666664,0.1259227081058575,-4.336808689942018e-19,-0.24051912289969266,-0.9624416985474236
1.3972290649999997,0.11472152332771147,-3.903127820947816e-18,-0.2682116095599324,-0.956504837720458
1.4389373983333331,0.09881902126242391,8.673617379884035e-19,-0.29627729582379597,-0.9499760865495908
1.4806457316666664,0.08076298994767536,2.6020852139652106e-18,-0.363518908703153,-0.9280793837113183
1.5223540649999998,0.06293548074592435,-1.734723475976807e-18,-0.49722652274659673,-0.865335143363892
1.564062398333333,0.04719062828586604,0.0,-0.6974701384907205,-0.7150583546226981
1.6057707316666663,0.03873564641674454,3.469446951953614e-18,-0.9545624022993064,-0.29548294335418723
1.6474790649999997,0.04343215922758333,-6.335806445462167e-19,-0.9586843327124273,0.2811369733004858
1.689187398333333,0.05807475972182873,1.734723475976807e-18,-0.7911142150581966,0.6089052644017011
1.7308957316666664,0.07390766654963495,-3.469446951953614e-18,-0.6568889251416863,0.7503563132614987
1.7726040649999997,0.08848701442396206,3.469446951953614e-18,-0.5874504545501548,0.8044078640386046
1.814312398333333,0.1007004537797,-5.204170427930421e-18,-0.5493782364255698,0.8294835573719914
1.8560207316666664,0.11127550514177832,8.673617379884035e-19,-0.5063543031570912,0.8551158293645011
1.8977290649999996,0.12193636619528009,8.673617379884035e-19,-0.462731833382358,0.8780721912084976
1.939437398333333,0.134049611903605,0.0,-0.4179955843438691,0.8985045314396141
1.9811457316666663,0.14683590278029193,6.938893903907228e-18,-0.36827769530959703,0.9180472519386723
2.0228540649999998,0.15958002735102558,-8.673617379884035e-19,-0.3186739661297436,0.9343345857784485
2.064562398333333,0.17302678862829943,4.336808689942018e-18,-0.2872243807956621,0.9421060903600648
2.1062707316666662,0.1850913238398992,3.903127820947816e-18,-0.26046179137635883,0.9475763067279657
2.1479790649999995,0.19332703741302484,-2.168404344971009e-18,-0.2299292426754364,0.9538119311309768
2.189687398333333,0.1989612201785146,6.5052130349130266e-18,-0.2107718599318283,0.957073485123245
2.2313957316666664,0.20318421710131968,-6.830473686658678e-18,-0.20373152732823416,0.9577106236715917
2.2731040649999996,0.20551833546213616,6.288372600415926e-18,-0.1976405972620381,0.9584886061413446
2.314812398333333,0.20637430595728062,-6.505213034913027e-19,-0.18871372604040135,0.960102481740673
2.356520731666666,0.20662793008348032,2.2768245622195593e-18,-0.1804499185086749,0.9616354430966182
2.3982290649999998,0.2069638191846292,4.607859233063394e-19,-0.17795323312996827,0.9620283906242598
2.439937398333333,0.20671045383596412,-3.7947076036992655e-18,-0.18165848954359654,0.9613901296828821
2.4816457316666662,0.2053954304223235,4.4994390158148434e-18,-0.1852033410958856,0.9609955460919418
2.5233540649999995,0.2041622614382037,8.673617379884035e-19,-0.1897960501741221,0.9603620308731186
2.5650623983333327,0.20302198864297,2.3852447794681098e-18,-0.1862007711690887,0.9613071023057566
2.6067707316666664,0.20242767280658439,1.3010426069826053e-18,-0.1785579996812027,0.9628811339059241
2.6484790649999996,0.20274378861930542,-1.3010426069826053e-18,-0.16675253241584234,0.9649292974665005
2.690187398333333,0.20307968709257632,8.456776945386935e-18,-0.15533709867760906,0.9667621354111899
2.731895731666666,0.20360882632007515,-1.734723475976807e-18,-0.15130658271236733,0.9672899068389307
2.7736040649999993,0.20393121367134662,1.6263032587282567e-18,-0.1468324706147779,0.967911300514511
2.815312398333333,0.20481249844384833,3.7947076036992655e-18,-0.14109552632554714,0.9685782843591454
2.8570207316666663,0.20633799377549064,1.3010426069826053e-18,-0.13220313449774854,0.9695086196386683
2.8987290649999995,0.2082799548891389,-1.599198204416119e-18,-0.12990715899199456,0.9694037293274701
2.9404373983333327,0.20925383935287903,3.903127820947816e-18,-0.13392387240867948,0.9686471117569821
2.982145731666666,0.20913086322461732,1.5178830414797062e-18,-0.1440385085563615,0.9672213759526747
3.0238540649999996,0.20798899052015843,-3.63207727782644e-18,-0.15004019088724235,0.9665549756433544
3.065562398333333,0.20632389156222158,-6.505213034913027e-19,-0.15042986532039818,0.9668512333292583
3.107270731666666,0.2048546101032836,2.9680034471790684e-18,-0.15026408477851505,0.9671893783252105
3.1489790649999994,0.20426031103899772,-5.421010862427522e-18,-0.14213647279516445,0.9685426931403702
3.1906873983333326,0.20512513334555796,-8.023096076392733e-18,-0.12884702530190947,0.9702175651578445
3.2323957316666663,0.20717631335623726,-5.421010862427522e-18,-0.11711204897436085,0.9712686256485099
3.2741040649999995,0.20927929311398313,8.673617379884035e-19,-0.11090047504804189,0.9715468398939036
3.3158123983333327,0.20976884281233663,3.5101045334218206e-18,-0.10943243465559983,0.9716077268273041
3.357520731666666,0.20873348234981615,1.3010426069826053e-18,-0.11408572575309109,0.9712954136232238
3.399229064999999,0.20610596417418195,1.3010426069826053e-18,-0.12328969700733998,0.9707316736069083
3.440937398333333,0.2024357116388161,-1.1384122811097797e-18,-0.1254935887841157,0.9712214689901421
3.482645731666666,0.199025258963299,-2.0599841277224584e-18,-0.1257218936875646,0.9718965746118281
3.5243540649999994,0.1964495058417731,-8.131516293641283e-19,-0.12668276531431863,0.9722957721942643
3.5660623983333326,0.19470833188423847,3.2526065174565133e-19,-0.1323919607454465,0.9718852989035452
3.607770731666666,0.19311740999209856,-6.179952383167375e-18,-0.13942640882351418,0.9712187922813902
3.6494790649999995,0.1914869794758536,3.63207727782644e-18,-0.14273016644722628,0.9710617057000864
3.6911873983333328,0.1899087969856836,5.312590645178972e-18,-0.1440984272797808,0.9711695485768405
3.732895731666666,0.1878304208826657,0.0,-0.13154696645097952,0.9733525202148424
3.7746040649999992,0.1852854224436058,0.0,-0.10078863300740963,0.9775024110898102
3.8163123983333325,0.1823219159487002,-4.336808689942018e-19,-0.07539817115868994,0.9803437329583539
3.858020731666666,0.180261106169281,-6.505213034913027e-19,-0.05609964634976248,0.9820177000859297
3.8997290649999994,0.1794503472056106,2.168404344971009e-19,-0.03871957348869245,0.983004764747679
3.9414373983333326,0.18033495140372863,6.505213034913027e-19,-0.022435091205401877,0.9833493641553953
3.983145731666666,0.18181620718118885,-5.421010862427522e-19,-0.00967418394161709,0.9832849419020464
4.0248540649999995,0.18294804427898798,-3.2526065174565133e-19,-0.010977471274455107,0.9830612942329243
4.066562398333333,0.18412352439568,-2.168404344971009e-19,-0.019555791302009552,0.9827085523137905
4.108270731666666,0.18307675508428226,-3.2526065174565133e-19,-0.015095707880287645,0.9829827167104226
4.149979064999999,0.17984861756637957,2.168404344971009e-19,-0.005157236336201018,0.9836807803717804
4.1916873983333325,0.17389097990306496,1.0842021724855044e-19,0.003239845393231638,0.9847595800550405
4.233395731666666,0.16591996219040836,-1.0842021724855044e-19,0.005612681963892101,0.9861232498769642
4.275104064999999,0.15566229857631508,1.0842021724855044e-19,0.002142217591361588,0.9878080075124566
4.316812398333332,0.14321581628380717,-2.710505431213761e-20,-0.0038585908848172527,0.9896839602835577
4.358520731666666,0.12824073028973557,1.0842021724855044e-19,0.0029547397314427584,0.9917386674965714
4.4002290649999996,0.11154851651469157,1.0842021724855044e-19,0.009628233910398354,0.9937123454879375
4.441937398333333,0.09483030164848125,-2.168404344971009e-19,0.0264302416853964,0.9951425306023803
4.483645731666666,0.0774299135243294,8.673617379884035e-19,0.0727205047941344,0.994342162776024
4.525354064999999,0.060309074523224405,0.0,0.1398248781655141,0.9883379072848271
4.5670623983333325,0.04445584938326552,-1.3010426069826053e-18,0.2239600615817298,0.9735838783956524
4.608770731666666,0.030617333878858274,8.673617379884035e-19,0.38331224541731135,0.9231112074822239
4.650479064999999,0.021003400206099705,0.0,0.6600676618744034,0.7509124708828858
4.692187398333332,0.01728108643718021,1.3010426069826053e-18,0.9256591639106878,0.37796359126206475
4.733895731666665,0.018468573094587076,-1.0570971181733668e-18,0.999822334195574,0.003769860947550885
4.775604065,0.02036687247308703,-2.168404344971009e-19,0.986403352443841,-0.163075494152912
4.817312398333333,0.021126588687172335,8.487270131488089e-19,0.9811231736723173,-0.1922263908353978
4.859020731666666,0.01880560235332462,-2.710505431213761e-19,0.9822548080942961,-0.1866061126966801
4.900729064999999,0.01573007001554714,4.0657581468206416e-19,0.9979820672883178,-0.06151713800431169
4.9424373983333325,0.01681415354958181,-2.236166980751353e-19,0.9915554166564348,0.1285890350679072
4.984145731666666,0.01999103192529104,-5.421010862427522e-19,0.930786407312884,0.36501646894919115
5.025854064999999,0.023523269887330164,-2.168404344971009e-18,0.8372250886649462,0.5463522734315116
5.067562398333332,0.027634501652498228,1.734723475976807e-18,0.756070300494929,0.6539067479602317
5.1092707316666655,0.03261270100473648,-1.3010426069826053e-18,0.663200324304965,0.7477310623312136
5.150979064999999,0.03753166947697915,-4.336808689942018e-19,0.5595307259966801,0.8279593833346529
5.192687398333333,0.04290504298857663,2.6020852139652106e-18,0.5401688182866915,0.8404622567592835
5.234395731666666,0.04446897440310621,-2.6020852139652106e-18,0.4686791329447724,0.8822484801107182
5.276104064999999,0.04173398708960628,2.168404344971009e-18,0.3461441066204758,0.9372526509823897
5.3178123983333325,0.036520345615901534,-8.673617379884035e-19,0.13456194751537365,0.9902319660751036
5.359520731666666,0.031154787090787978,0.0,-0.18460355410296322,0.9823191472499567
5.401229064999999,0.025157686785544857,-4.336808689942018e-19,-0.389286024944162,0.9207733062913878
5.442937398333332,0.021549888886370442,-6.505213034913027e-19,-0.4835289912583294,0.875063035958946
5.4846457316666655,0.02262489593811562,-4.336808689942018e-19,-0.3828877363685094,0.9235177829486493
5.526354064999999,0.03200953831796234,-4.336808689942018e-19,-0.2580788699562453,0.9655934373942163
5.568062398333333,0.05075655890812129,8.673617379884035e-19,-0.16474825976168508,0.9850288232500118
5.609770731666666,0.07377791163480035,-1.734723475976807e-18,-0.07644087405161941,0.9943407929523117
5.651479064999999,0.0923001047761049,-2.168404344971009e-19,-0.027155869983195774,0.9953608639000108
5.6931873983333325,0.09956676358337284,4.336808689942018e-19,-0.05355125200504694,0.993588809819346
5.734895731666666,0.09561840580117152,-8.673617379884035e-19,-0.1290741190079581,0.9870141803816003
5.776604064999999,0.08846794961726408,-3.469446951953614e-18,-0.1849818188533078,0.9787518319698
5.818312398333332,0.0815015649170167,-2.168404344971009e-19,-0.2118498302494485,0.9738979126886746
5.8600207316666655,0.07649563395429156,1.3010426069826053e-18,-0.260076606351781,0.9625531553189528
5.901729064999999,0.07470558600542845,-1.734723475976807e-18,-0.3370618704825307,0.9385139161921913
5.943437398333332,0.07383337576808616,-3.469446951953614e-18,-0.412340635753311,0.9080329469403873
5.985145731666666,0.07357035368908242,-1.734723475976807e-18,-0.494705251000255,0.8659411744979206
6.026854064999999,0.07337020207746296,2.3852447794681098e-18,-0.5503274155581254,0.8317190325658218
6.0685623983333326,0.07220677224252534,-4.87890977618477e-18,-0.5681007179874759,0.8197851890979921
6.110270731666666,0.06949783855131962,5.095750210681871e-18,-0.5727873451096755,0.8167525376262411
6.151979064999999,0.06875690573761495,3.415236843329339e-18,-0.5771260470807119,0.8137554999472388
6.193687398333332,0.06781704712626054,-5.5294310796760726e-18,-0.5789730667282592,0.8125214065625282
6.2353957316666655,0.06679201041687383,-4.553649124439119e-18,-0.5816787902303419,0.8106717044159357
6.277104064999999,0.06559975399921926,-2.710505431213761e-18,-0.5875327223741551,0.8065370248258019
6.318812398333332,0.06354352977355021,-1.0842021724855044e-19,-0.582601275065112,0.8102703092896985
6.360520731666665,0.062339692245336975,-2.4801124695605914e-18,-0.5735987636520369,0.8167608102177843
6.402229064999999,0.061489641580784155,-5.47183283926278e-19,-0.5661041408314652,0.8220371802490051
6.443937398333333,0.06139172567059397,4.553649124439119e-18,-0.5452908149098611,0.8359958033352358
6.485645731666666,0.06162434521622984,-5.421010862427522e-19,-0.513005192245594,0.8561706096367313
6.527354064999999,0.06167326740770174,0.0,-0.47691161493344114,0.8767848764827295
6.569062398333332,0.06073222316902379,3.0357660829594124e-18,-0.43253317447823386,0.8995702585372247
6.6107707316666655,0.05890679548895929,-2.168404344971009e-18,-0.3841013413042178,0.9214098702822338
6.652479064999999,0.05697650935494678,-2.8189256484623115e-18,-0.32693103122295214,0.9433290932676799
6.694187398333332,0.05417123982678114,-4.87890977618477e-19,-0.2839989257250296,0.9572931039982784
6.735895731666665,0.05178476494589066,3.903127820947816e-18,-0.2985864237916356,0.9529766448590546
6.7776040649999985,0.05162262432963562,1.3010426069826053e-18,-0.3339940952359504,0.9411604799420981
6.819312398333333,0.05281174680434302,3.577867169202165e-18,-0.3302859118426392,0.9424023216428058
6.861020731666666,0.05303317770466609,-2.6020852139652106e-18,-0.26269301956716684,0.9634209150382969
6.902729064999999,0.05438293666504806,1.734723475976807e-18,-0.16879767917358482,0.9841492974672578
6.944437398333332,0.05580433557326192,8.673617379884035e-19,-0.0736310560063389,0.9957230256063271
6.9861457316666655,0.05705238240305189,0.0,0.010198726965898304,0.9983190930911876
7.027854064999999,0.05822691076074275,-2.168404344971009e-19,0.03529630585391198,0.9976792057852703
7.069562398333332,0.058692900010310814,0.0,0.06652561108876962,0.9960569695341956
7.111270731666665,0.05701432641365055,4.336808689942018e-19,0.15594636792975392,0.9861187032569232
7.1529790649999985,0.05442365931769645,1.734723475976807e-18,0.2855686860992427,0.9568116799172256
7.194687398333332,0.054050959715664905,2.168404344971009e-19,0.3646280275390564,0.9295831836295194
7.236395731666666,0.05540324756472762,1.4094628242311558e-18,0.40949593516973976,0.91062811247992
7.278104064999999,0.05892746101848129,2.168404344971009e-19,0.42799766842711695,0.9018567237421181
7.319812398333332,0.06417631411429991,-2.8189256484623115e-18,0.425909403324554,0.9024868868113403
7.3615207316666655,0.07096026189895252,-2.168404344971009e-18,0.4310281122158711,0.8995439998748559
7.403229064999999,0.0762317473759874,-8.890457814381136e-18,0.40936519047242237,0.9091803239850063
7.444937398333332,0.08194155001998511,-4.9873299934333204e-18,0.38949928380033166,0.9173744547889652
7.486645731666665,0.08651963002188003,8.673617379884035e-19,0.3566947647106072,0.9302059978568842
7.5283540649999985,0.08969102540610295,4.0115480381963664e-18,0.339636021522733,0.936270736937672
7.570062398333332,0.09089351047387727,5.854691731421724e-18,0.353266138011117,0.9310968829764418
7.611770731666665,0.08667683227193727,-9.974659986866641e-18,0.3587960309274499,0.9293828785479163
7.653479064999999,0.0793905262480171,3.686287386450715e-18,0.34883635556432707,0.9338149395777846
7.695187398333332,0.07388076626862697,8.673617379884035e-19,0.3802092808698954,0.9219449740174072
7.7368957316666656,0.0704231528823757,3.74049749507499e-18,0.3738664926527093,0.9248050741695069
7.778604064999999,0.06875454548506517,3.469446951953614e-18,0.3219231227620425,0.9442660194597057
7.820312398333332,0.06709748430220738,1.0842021724855044e-18,0.2670299571691145,0.9613495355876426
7.862020731666665,0.06583895913705058,-2.168404344971009e-18,0.19219352366924383,0.9791459957122582
7.9037290649999985,0.065234031404524,-4.336808689942018e-19,0.14324861007974285,0.987534483882429
7.945437398333332,0.06498610349952966,1.0842021724855044e-19,0.15607579654877154,0.9856049675623673
7.987145731666665,0.06382987918267267,1.5720931501039814e-18,0.16170886918338398,0.9847720488270149
8.028854064999999,0.060993430467434925,4.0657581468206416e-19,0.14463246106699312,0.9876037933531437
8.070562398333331,0.05746002544081079,1.1926223897340549e-18,0.16003406950285284,0.9854376906099631
8.112270731666666,0.05418157593249132,2.168404344971009e-19,0.15601469934669215,0.9862675957453093
8.153979064999998,0.050868420997455394,-9.486769009248164e-19,0.1516878820879378,0.9871186302430431
8.195687398333332,0.046464317641113334,5.421010862427522e-20,0.13271949445188236,0.9900639388335395
8.237395731666666,0.04195163334292685,6.742382260144231e-19,0.11948549652861758,0.9919492308476128
8.279104064999999,0.03737611671829472,-9.75781955236954e-19,0.08705591356851576,0.9955020310435392
8.320812398333333,0.03307813014806764,2.168404344971009e-19,0.04347981262842273,0.9985065564129786
8.362520731666665,0.030628609578899,-1.0842021724855044e-19,0.016623602499342947,0.9993925875826812
8.404229064999999,0.02933883250727731,0.0,0.003751680938452058,0.9995624831881428
8.445937398333331,0.028106734646444066,-2.710505431213761e-20,-0.004417062040233094,0.9995951685709807
8.487645731666666,0.02574765728803889,0.0,-0.07147939020311611,0.9971097005447137
8.529354064999998,0.02208449384602019,4.336808689942018e-19,-0.2611052932318861,0.9650576671773848
8.571062398333332,0.01813219570415712,-4.336808689942018e-19,-0.521248588189154,0.8532122436942404
8.612770731666664,0.013894899847150196,-1.734723475976807e-18,-0.8650621747451845,0.5014721982157831
8.654479064999999,0.014949908284214945,-4.87890977618477e-19,-0.9180336193272003,-0.39622061282484383
8.696187398333333,0.02756326202957221,3.469446951953614e-18,-0.5335676812054572,-0.8453081072362437
8.737895731666665,0.04743787914156954,0.0,-0.3406818875750865,-0.9389810962425315
8.779604065,0.07172421582819029,3.469446951953614e-18,-0.25487695063616433,-0.9643097930116864
8.821312398333331,0.0984322070621316,3.469446951953614e-18,-0.22401404025933974,-0.9696023980888067
8.863020731666666,0.1260882461209983,-4.336808689942018e-19,-0.20178617114172423,-0.9712796174769104
8.904729064999998,0.1537502316936947,-1.3010426069826053e-18,-0.20209791208373096,-0.9672214328609204
8.946437398333332,0.1803350045493364,-5.204170427930421e-18,-0.2092159310282207,-0.9610972793313826
8.988145731666664,0.20394134955832943,2.6020852139652106e-18,-0.21920123847504147,-0.9541272153079668
9.029854064999999,0.22291210393943203,6.288372600415926e-18,-0.2232527724858731,-0.948930130986822
9.071562398333333,0.23790953504851142,6.288372600415926e-18,-0.23324853530147344,-0.9428648757445144
9.113270731666665,0.24831141430018205,1.6534083130403943e-18,-0.2454512723698899,-0.937067294499304
9.154979065,0.255361405813081,-1.0191500421363742e-17,-0.2491575430171793,-0.9341900615928268
9.196687398333331,0.25974812203822734,1.0625181290357943e-17,-0.24847263094910244,-0.9331625071587721
9.238395731666666,0.2631722642065363,-2.7816561987831223e-18,-0.25071424003265935,-0.9316022376514834
9.280104064999998,0.2658484541092945,-5.421010862427522e-20,-0.2513194310101885,-0.9306788613933453
9.321812398333332,0.2679062918908672,5.21772295508649e-18,-0.2527119101032898,-0.9297111966934852
9.363520731666664,0.269366232457903,1.0191500421363742e-17,-0.25260645005078947,-0.9293179295613386
9.405229064999999,0.2701647909795915,1.0083080204115191e-17,-0.2543160527017339,-0.9286195836041595
9.446937398333331,0.27150658436078556,5.868244258577793e-18,-0.2556258115026114,-0.9278683199368168
9.488645731666665,0.27267041468113684,-6.288372600415926e-18,-0.25405262095405656,-0.9279591104914006
9.530354065,0.27446039591031735,1.452830911130576e-17,-0.2508570023245769,-0.928300735463179
9.572062398333332,0.27592428370422384,7.37257477290143e-18,-0.24786192134665574,-0.9286712322499581
9.613770731666666,0.27622151992998734,2.656295322589486e-18,-0.24429224307149952,-0.9295283599238181
9.655479064999998,0.2730906542883337,-5.421010862427522e-19,-0.23842662570367523,-0.9319733036390739
9.697187398333332,0.268128510656732,-1.713039432527097e-17,-0.22164541972091936,-0.9375395510002447
9.738895731666664,0.2622673257979561,-9.324138683375338e-18,-0.20140586016910603,-0.9437433598750941
9.780604064999999,0.25539613958011037,3.577867169202165e-18,-0.18728497359435287,-0.9485236689473486
9.822312398333331,0.2489734927711866,1.3227266504323154e-17,-0.1857336686884537,-0.9505341678303014
9.864020731666665,0.2424364018653571,-6.505213034913027e-19,-0.18676343940141032,-0.9520210127689067
9.905729065,0.23726465788800533,-1.5178830414797062e-18,-0.18946737282607823,-0.9527893769095411
9.947437398333332,0.23192460842133458,1.5178830414797062e-18,-0.19316996385805027,-0.9533605514555814
9.989145731666666,0.22712598467163891,-2.3852447794681098e-18,-0.19928615762309743,-0.9532569509144743
10.030854064999998,0.2221285453426092,5.854691731421724e-18,-0.20271905147402267,-0.9537105931641154
10.072562398333332,0.217022631024715,5.908901840045999e-18,-0.20229036200732434,-0.9549763280113577
10.114270731666664,0.21205249520550615,-6.451002926288751e-18,-0.19968464359780883,-0.9566398394319228
10.155979064999999,0.20695121780544193,4.228388472693467e-18,-0.1982085162349644,-0.9580629298437439
10.197687398333331,0.20230182689821727,6.938893903907228e-18,-0.20256316068514946,-0.9581451543304313
10.239395731666665,0.1963295349726899,-3.0357660829594124e-18,-0.20640380909696726,-0.9585677760532482
10.281104064999997,0.1883044777436684,-6.505213034913027e-19,-0.20927482944527778,-0.9595548287733923
10.322812398333332,0.17763402887588692,4.336808689942018e-18,-0.2083044285718789,-0.9617980124863347
10.364520731666666,0.16373018085439148,-2.168404344971009e-18,-0.21127478332915411,-0.9636157915925866
10.406229064999998,0.14752579938299137,4.336808689942018e-19,-0.2214327942768161,-0.9639521026146324
10.447937398333332,0.13063974363183792,3.0357660829594124e-18,-0.24505730975257037,-0.9606665250338645
10.489645731666664,0.11510130832388106,-8.673617379884035e-19,-0.27867902779869685,-0.953461949050566
10.531354064999999,0.09948291831955294,8.673617379884035e-19,-0.3001362649481257,-0.9486945617139447
10.573062398333331,0.08348051842348068,-4.336808689942018e-19,-0.30860108933573344,-0.9475211716392125
10.614770731666665,0.0674261155882829,-2.6020852139652106e-18,-0.3020655131659252,-0.9508996501695023
10.656479064999997,0.04980721736619078,-2.3852447794681098e-18,-0.22495757713327616,-0.9730947176860859
10.698187398333332,0.030970251091696883,0.0,0.19105396983738154,-0.9810908337950642
10.739895731666666,0.021817703534927256,1.734723475976807e-18,0.5333278227194278,-0.8456272354446828
10.781604064999998,0.020367725290884677,8.673617379884035e-19,0.9081717420145609,-0.4181019526057167
10.823312398333332,0.019702042273533338,5.692061405548898e-19,0.997724228527986,-0.06448405491659717
10.865020731666664,0.022049969810561933,-2.236166980751353e-19,0.9972031008945219,0.07141270473594483
10.906729064999999,0.02684695505953499,1.6263032587282567e-19,0.997618254516877,0.06353785689438221
10.948437398333331,0.030652372896180793,5.421010862427522e-20,0.9985729097535251,0.043733007468178764
10.990145731666665,0.032438132595887896,1.3552527156068805e-19,0.9968778334145739,0.0719885602047784
11.031854064999997,0.03263613896507457,-6.2002811739014785e-19,0.9858854124475845,0.16420973161328944
11.073562398333332,0.03356638685530884,-1.3552527156068805e-18,0.9555891626103309,0.2927843062309974
11.115270731666666,0.03538484114796647,8.673617379884035e-19,0.8960519663609059,0.4425367629900223
11.156979064999998,0.03727754591640252,6.505213034913027e-19,0.7952736715000318,0.6051034390823691
11.198687398333332,0.040890063061546376,-4.336808689942018e-19,0.6853365139530079,0.7270776199179573
11.240395731666665,0.0453326256403393,-1.734723475976807e-18,0.5795429248692289,0.813679882562284
11.282104064999999,0.05000906593681719,-3.903127820947816e-18,0.5132692745225763,0.8567693652058266
11.323812398333331,0.05574599324066358,8.673617379884035e-19,0.46655029746592197,0.8827362030482672
11.365520731666665,0.06262929766905641,1.3010426069826053e-18,0.46222080770300106,0.8845504485329632
11.407229064999997,0.0685069084830924,-6.505213034913027e-19,0.4376976960385383,0.8965085221974437
11.448937398333332,0.0724253342565297,4.336808689942018e-19,0.37774752240023735,0.9230717091744889
11.490645731666664,0.07484648444852819,4.336808689942018e-19,0.3072349083351407,0.9486857829998264
11.532354064999998,0.0779315766647485,3.2526065174565133e-18,0.3038519201670504,0.9495265556946489
11.574062398333332,0.08035552274909077,5.6615682194477435e-18,0.3077043511692652,0.9480828140174369
11.615770731666665,0.08480808511180288,-9.215718466126788e-19,0.3176068922650597,0.9444222840898028
11.657479064999999,0.08932323282556268,-4.9060148304969076e-18,0.3235626884017472,0.9419811817397543
11.699187398333331,0.09410528599586103,-1.0842021724855044e-18,0.3270972945357401,0.9402933345797133
11.740895731666665,0.0986562420537899,-3.686287386450715e-18,0.3108527683120412,0.9453240197607192
11.782604064999997,0.10458604788992316,1.5178830414797062e-18,0.297287715118107,0.949042555961861
11.824312398333332,0.11186703851647775,-3.0357660829594124e-18,0.27719659137071057,0.9542786885527794
11.866020731666664,0.12123040672595102,1.734723475976807e-18,0.24566374455825432,0.9617445155001806
11.907729064999998,0.13221539478008132,2.6020852139652106e-18,0.19921784654004215,0.9709950252205701
11.949437398333332,0.1453483773451744,-3.469446951953614e-18,0.16160012649622943,0.9760938726984856
11.991145731666665,0.1581033782364798,5.204170427930421e-18,0.13148141234123076,0.9786296337220571
12.032854064999999,0.16910831450776295,-1.0842021724855044e-18,0.1140436151056714,0.9789772376403718
12.074562398333331,0.17935415034537378,-1.5178830414797062e-18,0.10490081075536188,0.9781758066200353
12.116270731666665,0.18913067654241267,1.5178830414797062e-18,0.09390171251339945,0.9774518175223065
12.157979064999997,0.19836704584224993,2.8189256484623115e-18,0.0830414350106771,0.9766036223541189
12.199687398333332,0.20694417294477319,2.6020852139652106e-18,0.06328960859930642,0.9763035054364756
12.241395731666664,0.215017359921428,-4.336808689942018e-19,0.038908396281921484,0.9758348587907629
12.283104064999998,0.2225267021878434,9.75781955236954e-19,0.0281664814754342,0.9745196335296159
12.32481239833333,0.23217039400545697,0.0,0.022456215347470127,0.9724158711886696
12.366520731666665,0.24439369377525227,8.673617379884035e-19,0.017040630661350472,0.9695263479398337
12.408229064999999,0.25999605568364914,-3.2526065174565133e-19,0.01152467692186679,0.9655409016974845
12.449937398333331,0.2783841187341051,-2.168404344971009e-19,0.004639079987983548,0.9604586203337969
12.491645731666665,0.2991241916099835,1.0842021724855044e-19,-0.00044823960366105757,0.9542140834607986
12.533354064999997,0.32003728442414703,1.6263032587282567e-19,-0.003633975570630294,0.9473979790985253
12.575062398333332,0.3391336533208279,1.0842021724855044e-19,-0.00845769121155664,0.940700182122146
12.616770731666664,0.35561617840652593,-6.505213034913027e-19,-0.01468980749185879,0.934516636134098
12.658479064999998,0.3696325611013753,2.168404344971009e-19,-0.021359385837110726,0.9289324767765952
12.70018739833333,0.3821146956799634,-1.463672932855431e-18,-0.025646858073339315,0.9237589501684815
12.741895731666665,0.394617321847479,-3.2526065174565133e-19,-0.030926888643979945,0.918324940778985
12.783604064999999,0.4062668339053626,-4.336808689942018e-19,-0.0376312734618649,0.9129792697132563
12.825312398333331,0.4168090450191813,-5.421010862427522e-19,-0.04272247999810912,0.9079895427222767
12.867020731666665,0.42518164950162596,-2.8189256484623115e-18,-0.04675363372653038,0.9038996972344011
12.908729064999998,0.43162093839288634,-2.4936649967166602e-18,-0.05000385781186695,0.9006680741231893
12.950437398333332,0.4354217698572889,-4.803735602115951e-19,-0.050896735893768,0.8987866290781734
12.992145731666664,0.43809172636090266,-1.6263032587282567e-18,-0.05001248052713386,0.8975379608048046
13.033854064999998,0.43969430915064633,2.3852447794681098e-18,-0.050416636916294805,0.8967313294530233
13.07556239833333,0.44045814208242795,0.0,-0.05334235183316813,0.8961870444132756
13.117270731666665,0.440823419174781,-1.0842021724855044e-19,-0.05364472589565256,0.8959893729786285
13.158979064999997,0.44160380670731686,5.421010862427522e-19,-0.05518816897695653,0.8955112193080429
13.200687398333331,0.44412860670136084,-2.222614453595284e-18,-0.05748500449382077,0.8941170253204295
13.242395731666665,0.4480209396468268,4.174178364069192e-18,-0.058679066206842004,0.8920952890958832
13.284104064999998,0.45240699988238914,-5.421010862427522e-19,-0.06018616192338963,0.8897783613745323
13.325812398333332,0.4568501151093841,2.0057740190981832e-18,-0.06297235285013257,0.8873119266081466
13.367520731666664,0.46049807932620784,3.1712913545201005e-18,-0.06442731447996407,0.8853195129927801
13.409229064999998,0.46398079786540064,1.8634724839594607e-18,-0.06523407994371416,0.8834400568380876
13.45093739833333,0.4674238274618482,-3.74049749507499e-18,-0.06490942737892141,0.8816471696536303
13.492645731666665,0.4701102702171758,1.4365678785432934e-18,-0.06423820192381441,0.8802668841038661
13.534354064999997,0.47200396200428896,5.149960319306146e-18,-0.06366821858066472,0.8792943863092829
13.576062398333331,0.4729027752395774,2.656295322589486e-18,-0.06152089770445896,0.8789642451865397
13.617770731666665,0.4725658587332582,3.3406979439709605e-18,-0.060686518734087085,0.8792034210600159
13.659479064999998,0.47016648134835504,-1.3552527156068805e-18,-0.060243851964378155,0.8805192548246751
13.701187398333332,0.46709482924403556,3.7947076036992655e-19,-0.058602452691446434,0.8822630973989743
13.742895731666664,0.46426856360184515,-9.75781955236954e-19,-0.058785405925742225,0.8837414649665508
13.784604064999998,0.4618906443363268,1.6263032587282567e-18,-0.057180017120354226,0.8850917908989376
13.82631239833333,0.46009196761574056,-3.0357660829594124e-18,-0.053348643761630864,0.8862670610737323
13.868020731666665,0.4588432964927856,9.215718466126788e-19,-0.051513870473465326,0.8870226324127681
13.909729064999997,0.4582025587837376,-1.870248747537495e-18,-0.050759524674201285,0.8873972536462374
13.951437398333331,0.45779929286321075,2.520770051028798e-18,-0.050923689771592534,0.8875959583470348
13.993145731666665,0.45739255883321844,5.285485590866834e-19,-0.05106385880954692,0.8877975723370048
14.034854064999998,0.4568488274548601,1.802486111757151e-18,-0.05053457537973762,0.8881077668528234
14.076562398333332,0.4563782800106278,-2.7647155398380363e-18,-0.05085640140434454,0.88833129629139
14.118270731666664,0.45515129846723146,8.673617379884035e-19,-0.053433969303446655,0.8888093757539194
14.159979064999998,0.454153700127838,0.0,-0.056795217970724475,0.8891111965754631
14.20168739833333,0.4534462391456949,-2.5817564232311074e-18,-0.057373028816893275,0.8894351262284402
14.243395731666665,0.452977743325881,-5.963111948670274e-19,-0.05618692459647982,0.8897495116917917
14.285104064999997,0.4523319364830475,1.849919956803392e-18,-0.05656149824645109,0.8900542770829277
14.326812398333331,0.45226394788444324,1.4501204056993622e-18,-0.056731152465737934,0.8900780290423346
14.368520731666663,0.4528803106922849,-2.981555974335137e-19,-0.05627523123975016,0.889793528036798
14.410229064999998,0.4538051353142035,-7.860465750519907e-19,-0.055848562677638644,0.8893491087358774
14.451937398333332,0.45476232780524595,2.927345865710862e-18,-0.05428408366750639,0.8889569525401854
14.493645731666664,0.45580522949713487,3.0357660829594124e-18,-0.05264668566945934,0.8885211979750878
14.535354064999998,0.456716587667647,1.0299920638612292e-18,-0.05070066026634993,0.8881663141539297
14.57706239833333,0.45727178059298584,-3.2526065174565133e-19,-0.0469761137916783,0.88808544825729
14.618770731666665,0.45728049696852907,2.8189256484623115e-18,-0.04305371962543461,0.888279755661824
14.660479064999997,0.4549292172625059,-6.505213034913027e-19,-0.037000467594398165,0.8897586035991558
14.702187398333331,0.4471159047105644,-1.5178830414797062e-18,-0.027867279415969996,0.8940418236820948
14.743895731666663,0.4314858285053419,2.168404344971009e-19,-0.019977568166200558,0.9018984846251952
14.785604064999998,0.4095553194140662,4.336808689942018e-19,-0.009326605777416053,0.9122376087206199
14.827312398333332,0.38962516241938855,0.0,0.0031599319846660947,0.9209681034864983
14.869020731666664,0.37458384371821,8.673617379884035e-19,0.021521472983156886,0.9269432400238576
14.910729064999998,0.3650324558033802,-8.673617379884035e-19,0.04577544936083502,0.9298687619476024
14.95243739833333,0.3583457981301816,3.469446951953614e-18,0.07108588559159207,0.9308786633241212
14.994145731666665,0.35257176268471696,-1.734723475976807e-18,0.09450950852232268,0.9310000563674853
15.035854064999997,0.34622548473393894,7.806255641895632e-18,0.11319016449874468,0.9312979654125183
15.077562398333331,0.3390319989333593,6.071532165918825e-18,0.12904987084426292,0.9318816633748782
15.119270731666663,0.3326480231176431,-4.553649124439119e-18,0.13880859820113545,0.9327794304021503
15.160979064999998,0.32741239375791925,-2.3852447794681098e-18,0.14355942287726256,0.9339121032071791
15.20268739833333,0.323151912326805,-1.1817803680091998e-17,0.147682353017951,0.9347527823797104
15.244395731666664,0.31947019121100373,-7.467442462993912e-18,0.1476627068980989,0.9360205777220556
15.286104064999998,0.3150548378133178,-6.8575787409708155e-18,0.14467703285267736,0.9379813459421086
15.32781239833333,0.31069208549533733,-5.990217002982412e-18,0.14320296377777286,0.9396612896016414
15.369520731666665,0.30674934533872555,-3.469446951953614e-18,0.1463077548080538,0.9404780061316105
15.411229064999997,0.304468320172461,-3.2526065174565133e-18,0.1560568764226452,0.939651687239781
15.452937398333331,0.30408859540222827,1.734723475976807e-18,0.1730106048394322,0.9368017168853789
15.494645731666663,0.3052365285149676,-4.336808689942018e-19,0.18899451343608062,0.9333336678547446
15.536354064999998,0.3079841700982034,-2.168404344971009e-18,0.2099443087542182,0.9279381111855655
15.57806239833333,0.31125130380551325,4.336808689942018e-19,0.23385431353579128,0.9211051980746129
15.619770731666664,0.31405623752995004,-1.3877787807814457e-17,0.2606244806819327,0.9129313006671447
15.661479064999998,0.31474401774066646,5.637851296924623e-18,0.28630950288706236,0.9049657849073777
15.70318739833333,0.31324175519047565,2.6020852139652106e-17,0.3115895343411585,0.8971017583832118
15.744895731666665,0.3117283505140057,1.0408340855860843e-17,0.3309316955490386,0.8906793184793591
15.786604064999997,0.311074085576618,1.3010426069826053e-18,0.34334889227373555,0.8861966212173628
15.828312398333331,0.31206250264946944,-1.0842021724855044e-18,0.3530012295404678,0.8820471225411192
15.870020731666663,0.31429895497340216,-1.5178830414797062e-18,0.3636112390355963,0.8769281804969127
15.911729064999998,0.31690802234918336,5.637851296924623e-18,0.377271510882674,0.8701928018818782
15.95343739833333,0.3200415233485828,1.973247953923618e-17,0.3919187605443815,0.8625387576602425
15.995145731666664,0.3219267878844935,-2.168404344971009e-17,0.4086846782998702,0.8540140379205157
16.036854065,0.32291267166433646,-2.0383000842727483e-17,0.4232270876793274,0.8465259823142322
16.078562398333332,0.32220209929269755,9.540979117872439e-18,0.4339316878297822,0.8413614547318976
16.120270731666665,0.31931203503359273,4.7704895589362195e-18,0.43953324622376444,0.8395536610287072
16.161979065,0.31387030031210217,-1.951563910473908e-18,0.443550091307034,0.8394931513023276
16.203687398333333,0.3064555309135817,8.239936510889834e-18,0.44611121082283545,0.8408744229376099
16.245395731666665,0.2994017120178678,-1.6479873021779667e-17,0.4510005637974974,0.8408074133207375
16.287104064999998,0.2926674690493648,-2.190088388420719e-17,0.455160450459303,0.8409368090991877
16.328812398333334,0.28657847235147216,2.7321894746634712e-17,0.45665167867868367,0.8422244496241111
16.370520731666666,0.28153668396613657,6.7220534694101275e-18,0.46060733322285036,0.8417707408568476
16.412229065,0.27612207845535913,-1.5720931501039814e-17,0.46113310308352706,0.8432750790993707
16.453937398333334,0.26968281852644715,9.947554932554503e-18,0.4523405795879301,0.8500936286372738
16.495645731666666,0.2612731616210014,3.686287386450715e-18,0.4323030674621694,0.863047155652207
16.537354065,0.25137378420566425,-2.168404344971009e-19,0.4038743750653016,0.8796003125168479
16.57906239833333,0.24157854126656295,2.3852447794681098e-18,0.3729045816960086,0.8958693997171934
16.620770731666667,0.232530927731477,-1.691355389077387e-17,0.3395434316982142,0.9113943304843073
16.662479065,0.22613146367391934,-1.2576745200831851e-17,0.2999568262867362,0.9267634344862121
16.70418739833333,0.22417966365616293,-4.336808689942018e-18,0.25361398073676217,0.9409694082051037
16.745895731666664,0.22856797139137483,1.734723475976807e-18,0.20231921002506123,0.9522728704047317
16.787604065,0.23855357228510787,8.673617379884035e-18,0.15183707771873775,0.9591859543278601
16.829312398333332,0.25461411082707236,-3.469446951953614e-18,0.10403377888370123,0.9614305109673379
16.871020731666665,0.27625097851876934,-4.336808689942018e-18,0.06329889707420615,0.9589987729380113
16.912729065,0.30014556866669434,-3.903127820947816e-18,0.03891076666497356,0.9530994648237354
16.954437398333333,0.32634539227106835,-4.336808689942018e-19,0.021254101983037083,0.9450116126759169
16.996145731666665,0.35279199053917054,2.168404344971009e-19,0.012079900852940317,0.9356237958745988
17.037854064999998,0.3788572045031468,0.0,0.007942566660756382,0.9254210578060672
17.079562398333334,0.403183658519687,-5.421010862427522e-20,0.007185877100958283,0.9150908701724493
17.121270731666666,0.42597216879140276,-5.421010862427522e-20,0.006658327647629625,0.9047117651982235
17.162979065,0.44808576548390927,3.1848438816761693e-19,0.006557037461684368,0.8939665273545901
17.20468739833333,0.46972216364654584,2.710505431213761e-19,0.0076674919772736,0.882781002596899
17.246395731666667,0.48931923583652864,3.2526065174565133e-19,0.010468353369669121,0.87204191356728
17.288104065,0.5062502868318349,-6.505213034913027e-19,0.01592150636799339,0.8622396144446501
17.32981239833333,0.5199455719676236,-2.168404344971009e-19,0.022212599157796414,0.8539105354953269
17.371520731666667,0.5313018273950246,2.168404344971009e-19,0.029407966359956617,0.8466720378761066
17.413229065,0.5399969269148399,8.673617379884035e-19,0.035268645254121385,0.8409277267307032
17.454937398333332,0.5464458155504579,-1.6263032587282567e-18,0.038398254148541075,0.8366137368856305
17.496645731666664,0.5509744466072255,-5.421010862427522e-19,0.0419746920347117,0.8334658267826299
17.538354065,0.5532009757622129,2.405573570202213e-18,0.04223311254847017,0.8319765889856539
17.580062398333332,0.5539430467666668,3.7947076036992655e-19,0.043918206048770336,0.8313953885584886
17.621770731666665,0.5539244902459644,-2.7647155398380363e-18,0.04543655918873232,0.8313261563278503
17.663479064999997,0.5534776443600181,3.0357660829594124e-18,0.04896278109091118,0.8314235642929112
17.705187398333333,0.5523572835965179,9.75781955236954e-19,0.05258418338228886,0.831947314988091
17.746895731666665,0.5498866656419615,1.951563910473908e-18,0.055808687219882774,0.8333726929651337
17.788604064999998,0.5458414752630202,2.927345865710862e-18,0.059401002311846154,0.8357802371479227
17.830312398333334,0.5403637912222653,2.168404344971009e-19,0.06336374536379834,0.8390423165188821
17.872020731666666,0.5341772487002471,-3.469446951953614e-18,0.06788442560694063,0.8426424934282928
17.913729065,0.527698324297717,3.686287386450715e-18,0.07243372985097768,0.8463378954727582
17.95543739833333,0.5210917368527956,2.3852447794681098e-18,0.07651017326694359,0.8500644653027198
17.997145731666667,0.5140926334860844,3.0357660829594124e-18,0.08119561492216666,0.8538829172156767
18.038854065,0.5050768788922405,1.3010426069826053e-18,0.08571288713443445,0.858807689408725
18.08056239833333,0.49244587975378573,-3.469446951953614e-18,0.09133507154597582,0.865537382334935
18.122270731666667,0.4741637192530337,1.3010426069826053e-18,0.09989515374389979,0.8747512364110228
18.163979065,0.451180932913902,2.6020852139652106e-18,0.10916329235126195,0.8857308515446294
18.205687398333332,0.42443552911352417,3.469446951953614e-18,0.1240256656509432,0.896923695687634
18.247395731666664,0.39269332329017875,-1.734723475976807e-18,0.13943102559212525,0.9090384716532317
18.289104065,0.3598632096967947,1.734723475976807e-18,0.1488399015753032,0.9210565422414494
18.330812398333332,0.33333725877225157,7.806255641895632e-18,0.16438822069638495,0.928365652537015
18.372520731666665,0.3140878153637982,6.938893903907228e-18,0.1859506219605586,0.9310054835673515
18.414229064999997,0.29480886507971016,4.7704895589362195e-18,0.2002485655094592,0.9343383996613953
18.455937398333333,0.274738067143334,-5.204170427930421e-18,0.20312546387439864,0.9398186210052211
18.497645731666665,0.2570399299910091,6.071532165918825e-18,0.21188455842545473,0.9428867420274119
18.539354064999998,0.24158808914283444,6.071532165918825e-18,0.22306156358111584,0.9443933153284503
18.581062398333334,0.22444422175433074,-6.071532165918825e-18,0.23426690390390537,0.9459089856092768
18.622770731666666,0.20577145197352947,8.673617379884035e-19,0.24434315064443946,0.9476046297300654
18.664479065,0.18765311404346027,-5.637851296924623e-18,0.253766928425572,0.9488881150205448
18.70618739833333,0.17138822372829327,-6.5052130349130266e-18,0.26443547477451584,0.9490521357902509
18.747895731666667,0.1567591501336644,1.3010426069826053e-18,0.27268113574964475,0.9492478954707539
18.789604065,0.14349161415840625,1.3010426069826053e-18,0.2856445913928394,0.9475322285148053
18.83131239833333,0.13224099355767327,7.806255641895632e-18,0.3032617031060925,0.9436867377748146
18.873020731666664,0.1210111953736334,1.734723475976807e-18,0.3303836699260031,0.936057114304715
18.914729065,0.11124996449969636,-2.6020852139652106e-18,0.35691532752966443,0.9274884874612779
18.956437398333332,0.10424564951142513,-3.469446951953614e-18,0.39403941000121223,0.91316251999512
18.998145731666664,0.10043165188155778,-2.168404344971009e-18,0.4288640524600182,0.897768961263371
19.039854065,0.09749143078144452,-4.7704895589362195e-18,0.45271745136245706,0.8863082591040593
19.081562398333332,0.09511219905502193,6.288372600415926e-18,0.4699057660490606,0.877577484114516
19.123270731666665,0.09343548457327693,3.2526065174565133e-18,0.47115031450857126,0.8770901842804031
19.164979064999997,0.09276906184393922,1.5178830414797062e-18,0.46333523625667716,0.881313996262152
19.206687398333333,0.09194904698252156,1.3552527156068805e-18,0.4637809560268149,0.8811654768463524
19.248395731666665,0.0917115623524672,4.119968255444917e-18,0.46867886080791527,0.8785949662743717
19.290104064999998,0.09191914013728444,1.6534083130403943e-18,0.4762283271400232,0.8745041178324076
19.331812398333334,0.09138874108401127,-5.4616684438957286e-18,0.4762316401606935,0.8745579014067253
19.373520731666666,0.09111746877641681,3.686287386450715e-18,0.47801935249176036,0.8736103854277013
19.415229065,0.09144703432117476,1.0137290312739466e-17,0.48421427125339983,0.870157445195064
19.45693739833333,0.0917052930972332,-9.302539343220353e-19,0.48523451264046463,0.8695617326909697
19.498645731666667,0.09268007233981441,-1.599198204416119e-18,0.488178614198639,0.8678087605170757
19.540354065,0.09377349546286251,-3.577867169202165e-18,0.481978648038947,0.8711504545044017
19.58206239833333,0.09450545888417679,-2.168404344971009e-19,0.4645947567003921,0.8804660301724281
19.623770731666664,0.09610662162812024,3.2526065174565133e-18,0.4473871190785511,0.8891615617883083
19.665479065,0.09807813954758343,3.686287386450715e-18,0.4280408481752093,0.8984217889367621
19.707187398333332,0.09863272471183482,-4.662069341687669e-18,0.4249586033092511,0.8998231887928707
19.748895731666664,0.0991825044502612,2.981555974335137e-19,0.424236858471378,0.9001032822544921
19.790604065,0.09982875805713011,2.2768245622195593e-18,0.4372147390452743,0.8937994691351879
19.832312398333332,0.10141766010785883,1.0516761073109393e-17,0.4460689348703953,0.8892339194845403
19.874020731666665,0.10387987135190359,-4.87890977618477e-18,0.4558880671814285,0.8839542083894921
19.915729064999997,0.10644636496373694,-2.3310346708438345e-18,0.460778438277549,0.8811086211157565
19.957437398333333,0.10789733303939097,-4.933119884809045e-18,0.4661661222834222,0.8780929973289985
19.999145731666665,0.10932792195565662,2.6020852139652106e-18,0.4604793437771284,0.8809121292361929
20.040854064999998,0.11111334615574478,-2.168404344971009e-19,0.470631240561016,0.8753056950083627
20.08256239833333,0.11078032139418525,-1.328147661294743e-18,0.466458649742559,0.8775785141354304
20.124270731666666,0.10993244079448274,-4.4994390158148434e-18,0.4704116252062148,0.8755728189772769
20.165979065,0.10918601415120877,3.0493186101154812e-18,0.47175488675256333,0.8749432788123173
20.20768739833333,0.10922954009903897,2.366610054628515e-18,0.47031676499298586,0.8757117380372864
20.249395731666667,0.10969126816421751,-6.938893903907228e-18,0.4763244195411048,0.872400637916637
20.291104065,0.10787458906226871,-1.0842021724855044e-19,0.4583184961210117,0.882217223334492
20.33281239833333,0.107463123847853,7.616520261710669e-18,0.46836123408128977,0.8769774406578041
20.374520731666664,0.1100982117123539,3.604972223514302e-18,0.46009147692183106,0.8810188514677935
20.416229065,0.1083714656287392,-2.4530074152484538e-18,0.44337962792634505,0.8897584677750332
20.457937398333332,0.10701594648175193,4.743384504624082e-20,0.4401663821549281,0.8915162046868563
20.499645731666664,0.10721631376089029,-4.336808689942018e-19,0.4295250076229569,0.8966676808550786
20.541354064999997,0.10903213056356462,-3.144186300207963e-18,0.41934192005561305,0.9012570935026484
20.583062398333333,0.11085083338888743,-2.6020852139652106e-18,0.4095116887532257,0.9055452884927792
20.624770731666665,0.11259299316783643,4.0115480381963664e-18,0.4037942467042318,0.9078948310338978
20.666479064999997,0.1136220125472353,6.4374503991326826e-18,0.40066746054059016,0.9091510459371813
20.708187398333333,0.11428488331832047,2.710505431213761e-18,0.3975664688602917,0.9104283982185951
20.749895731666665,0.1156679428911924,-5.4752209710517974e-18,0.3999835629877514,0.9091941906583783
20.791604064999998,0.11645379743617179,-5.929230630780102e-19,0.4010994625195206,0.9086020769452636
20.83331239833333,0.11757268981159798,-3.63207727782644e-18,0.3972310899939613,0.9101560985636888
20.875020731666666,0.11828925748436121,3.415236843329339e-18,0.39464701892170667,0.9111867986423029
20.916729065,0.1177031192642866,8.673617379884035e-19,0.3860633914470116,0.9149322562353394
20.95843739833333,0.11840914861724047,3.903127820947816e-18,0.37898358935948717,0.9177966618592269
21.000145731666667,0.11896662790322478,1.2468324983583301e-18,0.3693253378690347,0.9216538049903874
21.041854065,0.11994910118646185,8.267041565201971e-18,0.3720597850799337,0.9204258413641121
21.08356239833333,0.12160760291724095,6.505213034913027e-19,0.37136462838888956,0.9204889481652155
21.125270731666664,0.12461008359777216,2.3852447794681098e-18,0.36811723283050396,0.9213913554830917
21.166979065,0.12859137475414723,2.168404344971009e-18,0.36512637022293276,0.9220341599456413
21.208687398333332,0.13180672485119888,-2.6020852139652106e-18,0.3548704248239216,0.9255776406489571
21.250395731666664,0.13445257492603924,-5.854691731421724e-18,0.3363607737773063,0.932085798067801
21.292104064999997,0.13837407982978714,5.204170427930421e-18,0.3138643633929995,0.9393304931828664
21.333812398333333,0.14274244869413594,6.938893903907228e-18,0.3056402337749256,0.941386552293377
21.375520731666665,0.14511165682285818,-9.540979117872439e-18,0.2987980090401547,0.9432191457173486
21.417229064999997,0.1459312855785161,4.336808689942018e-18,0.2904991005423551,0.945681940439535
21.458937398333333,0.14709167610555116,-4.716279450311944e-18,0.2851520248976456,0.94712848205364
21.500645731666665,0.15085757716875106,-1.951563910473908e-18,0.2779166227242275,0.9486855866009211
21.542354064999998,0.1573429577919871,4.336808689942018e-18,0.27422000516645256,0.9487078488132055
21.58406239833333,0.1621981548638308,-5.7462715141731735e-18,0.27102967509542086,0.9488069739290703
21.625770731666666,0.16405628584460263,-3.7947076036992655e-18,0.26438880374031287,0.9503599820760764
21.667479065,0.16245762866804916,-1.6263032587282567e-18,0.25267838403456294,0.9538140034247957
21.70918739833333,0.16049152487298832,4.391018798566293e-18,0.24326299301743615,0.9565906055738483
21.750895731666663,0.15846726275031858,-4.445228907190568e-18,0.23505981265110046,0.9589760221782666
21.792604065,0.1564059184972727,2.1412992906588713e-18,0.22649656845681826,0.9613721928245639
21.83431239833333,0.15563177120129398,-2.0057740190981832e-18,0.22532306089147036,0.9617735024543184
21.876020731666664,0.15498223642175063,1.6263032587282567e-18,0.21630222810116087,0.9639470174818665
21.917729065,0.15477815487089056,4.87890977618477e-19,0.21780885002454517,0.9636405074641414
21.959437398333332,0.15526577772596395,5.38712954453735e-18,0.21999885778924522,0.9630644011895461
22.001145731666664,0.15478098197436277,9.486769009248164e-18,0.2223479904783324,0.9626028354151567
22.042854064999997,0.15375935804532348,-5.5294310796760726e-18,0.22890307065572144,0.9612291319232226
22.084562398333333,0.1517567854520339,-2.3310346708438345e-18,0.23146504174021929,0.9609338231748658
22.126270731666665,0.14938130392217422,-6.5052130349130266e-18,0.2408687141593391,0.9589929554369718
22.167979064999997,0.14753121050201645,-9.107298248878237e-18,0.251939245548595,0.9564314708750516
22.209687398333333,0.14588869708248647,-1.1926223897340549e-18,0.2599032762500483,0.9545505618132891
22.251395731666666,0.1444695191092467,3.2526065174565133e-19,0.26299831837360127,0.9539184674703602
22.293104064999998,0.14362879982969967,-5.583641188300348e-18,0.2665773348630018,0.9530515685926021
22.33481239833333,0.1426149186980658,1.4094628242311558e-18,0.27114910280536353,0.9519134146615387
22.376520731666666,0.14183561105144532,-3.7947076036992655e-19,0.2767682876232097,0.9504114763636745
22.418229065,0.14141710396311638,-2.3852447794681098e-18,0.2825892430530146,0.9487594649949003
22.45993739833333,0.14126566094533077,-3.2526065174565133e-18,0.2876498906315418,0.9472600242052552
22.501645731666663,0.14167985284485626,-5.421010862427522e-19,0.29337606676017747,0.9454402692662228
22.543354065,0.1419369242762074,4.20128341838133e-18,0.29758290222411093,0.9440859737496822
22.58506239833333,0.14193138760928864,-9.540979117872439e-18,0.30010695012274896,0.9432874957823429
22.626770731666664,0.14209136446427667,-8.416119363918728e-18,0.30101457963470574,0.9429741602992212
22.668479065,0.14205774257338186,-4.7704895589362195e-18,0.29703253243122363,0.9442411092790067
22.710187398333332,0.14193533997571306,9.86623976961809e-18,0.29059476099773374,0.9462605582748596
22.751895731666664,0.140907600839943,3.903127820947816e-18,0.28906986497734427,0.9468810174396313
22.793604064999997,0.13921483921852335,2.168404344971009e-19,0.29927844336870085,0.9439553177328723
22.835312398333333,0.13804221346134357,1.3010426069826053e-18,0.3153375745942602,0.9388858084728423
22.877020731666665,0.1382710221767085,1.4094628242311558e-18,0.3281518890511072,0.9344503529553606
22.918729064999997,0.13868683310703417,-4.87890977618477e-18,0.3252028419565621,0.9354191968877467
22.96043739833333,0.13827448975886814,1.3552527156068805e-18,0.3174949498612792,0.938124257385187
23.002145731666666,0.13817422714520372,-3.686287386450715e-18,0.3208088731384586,0.9370109657140935
23.023335791999784,0.13826576581645,3.5236570605778894e-18,0.3247531867229909,0.9356377214052739
