0.033320372938819544,-0.9959694730924384,-0.03702164506459117,0.08169581669021969
0.23332037293881955,-0.9932414622987285,-0.05001748892543816,-0.10473608915878728
0.4333203729388196,-0.9870007662806297,-0.05750379618995414,-0.15007598337240322
0.6333203729388196,-0.353729412809321,0.02006427203964198,-0.9351325721527897
0.8333203729388196,-0.17193280488362994,-0.021161516676199393,-0.9848813638285632
1.0333203729388196,-0.05018894987143173,-0.021512944981838204,-0.9985080182497343
1.2333203729388198,-0.016576144666212482,-0.22182547647746267,-0.974945480226229
1.4333203729388198,0.05943765688824351,-0.24188432468759666,-0.9684829055869087
1.6333203729388197,0.24367858972817874,-0.5107813117965062,-0.8244532712213145
1.8333203729388197,0.42783842102555236,-0.23823979163074602,-0.8718922451645621
2.0333203729388196,0.5110821808930063,-0.010041924269081966,-0.8594731898847238
2.23332037293882,0.5927736111688682,0.07779783617837768,-0.8016027336454026
2.43332037293882,0.6065974205151035,-0.041368287638408004,-0.7939321345066518
2.6333203729388197,0.931908374116081,0.20353799848911722,-0.3001983767833645
2.83332037293882,0.988721297659714,0.14714908735462295,-0.027880847275383907
3.0333203729388196,0.9772411795073307,0.15781627048454325,0.14175225516890483
3.23332037293882,0.9410027937469712,0.16291372054628536,-0.29660219456059667
3.43332037293882,0.9423027817142885,0.12892332285122907,-0.3089405191918203
3.6333203729388197,0.9280062716340493,0.09077595196024636,-0.3613365278429276
3.83332037293882,0.9740111658072029,0.16984856582615204,-0.14984563246786017
4.033320372938819,0.9734717996071431,0.22879552040729148,-0.0022946047996843673
4.233320372938819,0.9595626699909854,0.2587663962167168,0.11081261006214096
4.4333203729388195,0.9379946196914198,0.10407664892653497,0.33065714052197837
4.63332037293882,0.9137091661346808,0.047319643135867305,0.4036042753675443
4.83332037293882,0.9000965754471427,0.047143465455230016,0.4331323683739163
5.033320372938819,0.8658890463613824,0.13957611410820955,0.48036930351743745
5.233320372938819,0.7706671444796505,0.5050674492129111,0.388560193747565
5.4333203729388195,0.7501294196998183,0.5745227633502802,0.3274590785016836
5.63332037293882,0.7517980792799861,0.588469445243283,0.2974951428275533
5.83332037293882,0.9988247955156029,0.04149177886944952,0.02504915466563928
6.033320372938819,0.8391953964823428,-0.5419559210130542,0.04510949125999134
6.233320372938819,0.6671058391431605,-0.7447906067394962,0.016023466969199603
6.4333203729388195,0.6348331536736912,-0.764134558979523,0.11439074599759029
6.63332037293882,0.3553778565101798,-0.9322435733581002,0.06803307309501022
6.83332037293882,0.26700451800781005,-0.9602281623139183,0.08167290653976007
7.033320372938819,0.023326245351766806,-0.9973739306622658,0.06856477749610963
7.233320372938819,-0.07289276166186176,-0.969215242877234,0.23517750375350913
7.4333203729388195,-0.28993382168122156,-0.956915489777,-0.01584690727450566
7.63332037293882,-0.47415613137144336,-0.8566794156056604,-0.20316579918975264
7.83332037293882,-0.47381894211871256,-0.7666947843146541,-0.43321440164681757
8.03332037293882,-0.5028061922438389,-0.7356684697567087,-0.45384781110750616
8.23332037293882,-0.5013205830641604,-0.7552821430138357,-0.4221688731309288
8.43332037293882,-0.46081415953080807,-0.8169882464310947,-0.3466706153820374
8.633320372938819,-0.42278449410854957,-0.8343938212375875,-0.35361026939543866
8.83332037293882,-0.5202559105638617,-0.8540068849044848,-0.002455210603030001
9.03332037293882,-0.7606058531288892,-0.6491742482180941,-0.007178553931493768
9.23332037293882,-0.8543686821141337,-0.5194336778888337,-0.015582339280030479
9.43332037293882,-0.963196028118715,-0.26090457805060685,-0.06467002836373846
9.63332037293882,-0.983952064307956,-0.1768940106730991,-0.023384698674514644
9.83332037293882,-0.9725969325391891,-0.22831207151215233,0.043918160448610064
10.03332037293882,-0.9700019722503498,-0.2423491284345282,0.019054494941008943
10.23332037293882,-0.8698418263001961,0.48640096471441674,0.08239720106668869
10.43332037293882,-0.8341815809766376,0.5344447535944307,0.1360510761247624
10.63332037293882,-0.9232623628157187,0.37388686898108897,0.08829053523144208
10.83332037293882,-0.36093880541489526,0.9325848410165573,-0.0029483981738067455
11.03332037293882,-0.25963204759269126,0.9656936480751499,0.005194028314777112
11.23332037293882,0.05460060821908108,0.9975290296337109,-0.044210955883503794
11.43332037293882,0.4371732253176679,0.8964779567249788,-0.0721584656956827
11.63332037293882,0.39181643422920687,0.9187585546235074,-0.04860658570639672
11.83332037293882,-0.2982978311179993,0.9531808030642156,0.049646355557630244
12.03332037293882,-0.2607507070465335,0.9550267128704606,-0.1411844413473946
12.23332037293882,0.2068707054017097,0.899519173070399,-0.38479834787242106
12.43332037293882,0.2547928422271334,0.842080470228023,-0.47537468297162283
12.63332037293882,0.22437996280290057,0.6038758857461093,-0.7648447861539758
12.83332037293882,0.12976805720907275,0.45542218574626736,-0.8807672133193168
13.03332037293882,0.12471545373173036,0.47243127393350043,-0.8724991386872875
13.23332037293882,0.1762776248087079,0.5277204075922312,-0.830925610630994
13.43332037293882,0.02507445116439949,0.9159631622960427,-0.400478160722201
13.63332037293882,0.024021116811651866,0.935707222982054,-0.3519587742993964
13.83332037293882,0.009121471469511866,0.9418478115235045,-0.33591591014213185
14.03332037293882,0.06710078145579901,0.9084126754627887,-0.4126546936441642
14.23332037293882,0.0390002258024002,0.8966597309976043,-0.440999216773302
14.43332037293882,0.012877599305009813,0.8543507889925236,-0.5195371948032135
14.63332037293882,-0.0909118427390852,0.9085494794123844,-0.40776571742762974
14.83332037293882,-0.5936586674990627,0.19949554028960106,-0.7795966366703988
15.03332037293882,-0.7135516227277029,0.10094202327113523,-0.6932927156984929
15.23332037293882,-0.7740899888622135,0.5104193613519814,-0.3745086977632618
15.43332037293882,-0.9796290419090471,-0.17277268404653864,-0.10235497005870069
15.63332037293882,-0.8157925846592977,-0.5314034702058877,0.22823849514935463
15.83332037293882,-0.7706782656774394,-0.6063841659213773,0.19583986859740715
16.03332037293882,-0.7888463799189912,-0.5920441470035533,0.16493973713916849
16.23332037293882,-0.7662509422406109,-0.6132627499864811,0.19175060102746724
16.433320372938823,-0.766100108103364,-0.6143641547425919,0.1888049515543353
16.633320372938822,-0.7694039325756595,-0.6036493671039608,0.20886605787465243
16.83332037293882,-0.7408782282541877,-0.6558779663573224,0.1446497291595066
17.03332037293882,-0.7193816727105135,-0.6785221359278663,0.1486530188866355
17.23332037293882,-0.6776711032580902,-0.7213946998128128,0.14265890400162493
17.433320372938823,-0.6350237790393524,-0.7588501810437137,-0.14453789393962715
17.633320372938822,-0.5879284588956407,-0.7907430691123168,-0.1704861456876505
17.83332037293882,-0.5633198036486552,-0.7947807881025256,-0.22581917031193077
18.03332037293882,-0.9549001974722646,-0.2969269001805172,-0.0001697545854806428
18.23332037293882,-0.97637927074239,-0.21438044070232037,0.026917397883852372
18.433320372938823,-0.9850581152102673,-0.15695680217150582,0.07088774160947321
18.633320372938822,-0.9787777227041455,0.2036615234473239,0.022719009776000828
18.83332037293882,-0.9771110912618399,0.2123754620066427,-0.012271041950924749
19.03332037293882,-0.984812651958565,0.16637069758744263,-0.04964706966786993
19.233320372938824,-0.9992047692306071,0.017358960118306403,-0.035895621605157364
19.433320372938823,-0.9991867312736469,0.01257047393110268,-0.038312651067658535
19.633320372938822,-0.9941556866358675,0.08982616881688335,-0.05988096630188908
19.83332037293882,-0.9915910180559987,0.10970359529782706,-0.06864673400387705
20.03332037293882,-0.9798845040648119,-0.08287833161758552,-0.18154211864452718
20.233320372938824,-0.9737934078384596,-0.1108516891872935,-0.19859078995432655
20.433320372938823,-0.9620386770316507,-0.16687842635790343,-0.2159471572202363
20.633320372938822,-0.951490898395502,-0.2098648572306457,-0.22499291537753216
20.83332037293882,-0.9638385846450088,-0.15377690555572,-0.21764155409115435
21.03332037293882,-0.9653512420378086,-0.15131280439081404,-0.21260624337833373
21.233320372938824,-0.9689541874629862,-0.1273840334964861,-0.21189877443749125
21.433320372938823,-0.982555376917404,-0.13111780027831688,-0.13188272722716027
21.633320372938822,-0.983967553959836,-0.13073395419881215,-0.12131152448897922
21.83332037293882,-0.9848934904398163,-0.1287814692772504,-0.11575899818186096
22.03332037293882,-0.98083003839425,-0.1537372774934284,-0.11973840358232198
22.233320372938824,-0.9860437112776185,-0.15588725202435938,0.058454803961304654
22.433320372938823,-0.9797576696355068,-0.18276982493725175,-0.08167067945602022
22.633320372938822,-0.9767803178837973,-0.19417233787212732,-0.09053901810877135
22.83332037293882,-0.9734923612319692,-0.2069676034715781,-0.0973500577104948
23.03332037293882,-0.975867647860234,-0.1955052451163313,-0.09726270092762945
23.233320372938824,-0.9715416101697765,-0.2056065748424701,-0.11761307788790472
23.433320372938823,-0.9490329230816384,-0.2789722138654735,-0.1466663383265484
23.633320372938822,-0.9717895842824542,-0.17691320486155435,-0.15597025942707332
23.83332037293882,-0.9705367870016386,-0.16173043757088165,-0.17861021986344305
24.02398888888889,-0.9769375042249996,-0.12577703867188214,-0.17254926653440453
