0.039953038601982266,-0.9845321631141757,-0.15999236299606107,0.07140632728728621
0.23995303860198228,-0.9959597458069082,-0.08958946802532095,0.006157268158783439
0.4399530386019823,-0.9982477374847127,-0.05701832244559147,-0.01582294258798999
0.6399530386019824,-0.9990357364840016,0.024161530315791165,-0.03665811889156307
0.8399530386019823,-0.9921339472222883,0.1046067883873182,-0.0687579129439843
1.0399530386019822,-0.9821671662185973,0.150778378720171,-0.11231000896023022
1.2399530386019824,-0.9494978517272286,0.2813843210842014,-0.13884053231445506
1.4399530386019823,-0.8761048041403694,0.4632034895921382,-0.1337269583585566
1.6399530386019823,-0.7247470658056021,0.6806453362566101,-0.10706828119614337
1.8399530386019822,-0.5053744664233202,0.8620718704066088,-0.03779866321704705
2.039953038601982,-0.29659627520289755,0.9549700438076396,0.007928743015277642
2.2399530386019824,-0.06577375910200978,0.9944725015800068,0.08184287516206738
2.4399530386019825,0.08815209221724879,0.9899597431657932,0.11049396159446402
2.6399530386019823,0.28651671296975983,0.9534848241259937,0.0936742405916786
2.8399530386019824,0.3039210517485597,0.9493006520771589,0.08037578161318591
3.039953038601982,0.09254778951084264,0.992667616554455,0.07775544804548744
3.2399530386019824,-0.24697585552505363,0.968532025165919,0.03080004895567989
3.4399530386019825,-0.6635426934388424,0.7470089916390246,-0.04109331325623013
3.6399530386019823,-0.9526729001307597,0.29009346796063107,-0.09088523094002761
3.8399530386019824,-0.9651808071197372,-0.19540153099305155,-0.17390874403912146
4.039953038601983,-0.8377282687622023,-0.5155948240634574,-0.179925887841787
4.239953038601983,-0.7258790433896188,-0.6677189382281661,-0.16507887175293828
4.439953038601983,-0.6247297983852194,-0.7692155398953656,-0.1342390859364151
4.639953038601983,-0.5883838456520301,-0.8078216328621244,-0.03505224180704162
4.839953038601983,-0.5913596475804918,-0.8058907401802412,-0.028877016903063647
5.039953038601983,-0.4700094388486221,-0.8822320872879977,-0.02752583427738563
5.239953038601983,-0.24425654395492008,-0.969654108272777,0.01047143948669788
5.439953038601983,-0.11426734847006725,-0.9933983381551069,0.010134832228097964
5.639953038601983,-0.00735245525065692,-0.9999510665555795,0.006618602280405766
5.839953038601983,0.1314884210827872,-0.99129558303599,0.006622852443848146
6.039953038601983,0.3321766053369968,-0.9432171978421182,-0.00014339334309422508
6.239953038601983,0.49453441764003697,-0.869125264349189,0.007548817084961181
6.439953038601983,0.5639577172141899,-0.8256834143218633,-0.014092285419695554
6.639953038601983,0.6175479443382268,-0.7850731335157873,-0.04790314682077936
6.839953038601983,0.698994859093343,-0.7131971516699692,-0.052497712435120934
7.039953038601983,0.7906034193370691,-0.6084325135091521,-0.0689645549356327
7.239953038601983,0.879353018337258,-0.46955786857309517,-0.07908019475346538
7.439953038601983,0.9321631709291472,-0.3507060632056566,-0.08987257642967579
7.639953038601983,0.9438053782721434,-0.3076734517440005,-0.12069985516357502
7.839953038601983,0.9437842654235649,-0.2956111432564983,-0.14793685247932079
8.039953038601983,0.9522926479474173,-0.260933465556568,-0.15827962350832095
8.239953038601984,0.9722043221780957,-0.16782945369621088,-0.1632544958347587
8.439953038601983,0.9857275611326474,-0.059318721417589336,-0.15755146623521382
8.639953038601982,0.9978029884455847,-0.007047066278068367,-0.06587514786270127
8.839953038601983,0.9976292032894731,-0.02356397084848677,0.06465842576078136
9.039953038601983,0.9940464225053991,-0.06869149826321755,0.08457652139082227
9.239953038601984,0.9857798017277307,-0.03916877043654527,0.1634135549093926
9.439953038601983,0.9748180055807693,0.07809223122098481,0.20888144823908958
9.639953038601984,0.9671358375004258,0.06308017150691014,0.24631111177737988
9.839953038601983,0.9397954759512148,-0.13710343455739324,0.31302893095398865
10.039953038601983,0.8397554845076249,-0.4236529195906964,0.33960113362832534
10.239953038601984,0.6880565531088981,-0.6786146693944668,0.25702200335095965
10.439953038601983,0.5326419358406945,-0.8159752285767927,0.2246708582191468
10.639953038601984,0.3857679045140612,-0.9027568109882533,0.1902978298908037
10.839953038601983,0.2036431432867516,-0.9669601592925671,0.15335423219847705
11.039953038601983,0.04354715398849651,-0.9902521648319331,0.1323037997382239
11.239953038601984,-0.15170103327937173,-0.9824789659282246,0.10826762217106836
11.439953038601983,-0.33558890765053156,-0.9396024147350786,0.06728586245216757
11.639953038601984,-0.45925387883290636,-0.8868342154439698,0.051097447047856626
11.839953038601983,-0.5045483777854998,-0.8633624073860042,-0.00602395108413327
12.039953038601983,-0.5805377051363363,-0.8140436944893527,-0.017573741125941636
12.239953038601984,-0.6720919757077488,-0.7402323229900009,-0.018667731251606347
12.439953038601983,-0.7253760397056744,-0.687305653440874,-0.03795444333836277
12.639953038601984,-0.7746291296316132,-0.6317228945063668,-0.029595541601178166
12.839953038601983,-0.8175594256518639,-0.574816043058152,-0.03439625227787444
13.039953038601983,-0.8393423939843307,-0.5412654174699122,-0.05035964169625199
13.239953038601984,-0.8637304163991842,-0.5018553617471726,-0.045945224697528715
13.439953038601983,-0.878002277886608,-0.478492286681166,0.012535214898708121
13.639953038601984,-0.9090357209497127,-0.4167170578626996,0.0009755632690352107
13.839953038601983,-0.9393959609365773,-0.3415868030833345,-0.029217880404850606
14.039953038601983,-0.9617229830007693,-0.26886754139446906,-0.0529069858581635
14.239953038601984,-0.9792919428905147,-0.16182585652283524,-0.12165394671103756
14.439953038601983,-0.9945698382344268,0.023115612301995984,-0.10147169724731055
14.639953038601984,-0.9683150456791279,0.22702918862430777,-0.10403710791836171
14.839953038601983,-0.9099565983698127,0.4125188827817751,-0.04251070961199702
15.039953038601983,-0.8350140512078037,0.5494894479123877,-0.028511066596522826
15.239953038601984,-0.7701186122862581,0.6373596021824288,0.026269002952996095
15.439953038601983,-0.703471648376922,0.7085291389988221,0.055804113821870976
15.639953038601984,-0.6509723864122698,0.7515696491661998,0.10666777667557346
15.839953038601983,-0.616019887275661,0.7795297660531106,0.11337037672189554
16.039953038601983,-0.614873487372678,0.7797978928407203,0.1176683510861516
16.239953038601982,-0.6500703590669635,0.7452185003079007,0.14851907305593043
16.439953038601985,-0.7460574175157662,0.6582589699695452,0.10046620438903588
16.639953038601984,-0.8354429879396932,0.5373789839873132,0.11514704282421165
16.839953038601983,-0.9118332786354378,0.4052692015729894,0.06570347197325332
17.039953038601983,-0.9644176910225529,0.25915731865073893,0.05230680101561749
17.239953038601982,-0.989973672837192,0.13947851893453,0.022312997222934706
17.439953038601985,-0.9988068463276936,0.016523407937497625,0.04595498579107334
17.639953038601984,-0.9959051208116099,-0.08328671474119746,0.03516124981895707
17.839953038601983,-0.9803233139012744,-0.1969185468873066,0.013758128994003601
18.039953038601983,-0.9620034154887017,-0.27287731322281816,0.009348824330832992
18.239953038601982,-0.9385507258867194,-0.3449296376678352,-0.012086355772049263
18.439953038601985,-0.9121713511706013,-0.4085259631370123,0.03240314099861886
18.639953038601984,-0.8961703091419396,-0.4434714652657742,-0.014554604339090034
18.839953038601983,-0.8823695896937304,-0.46993962688155666,-0.02409676887347488
19.039953038601983,-0.8740416115788727,-0.4829837050882337,-0.052706753341951
19.239953038601985,-0.8692163845723668,-0.49128958985499377,-0.05565443101007747
19.439953038601985,-0.8728942999964793,-0.48233091747256396,-0.07356919928700406
19.639953038601984,-0.8910421994799677,-0.4379729949495631,-0.11926212492158228
19.839953038601983,-0.913177772014914,-0.3620799834381242,-0.1870947414849644
20.039953038601983,-0.9160263931301074,-0.2964958840279414,-0.2701589122045303
20.239953038601985,-0.9184781436016636,-0.24482658614526023,-0.3105766289380122
20.439953038601985,-0.920236024106641,-0.19241673610636603,-0.34079533389202193
20.639953038601984,-0.9273576501855453,-0.13268899421379793,-0.3498591423085504
20.839953038601983,-0.9259895768032365,-0.12210777799110094,-0.3572576020266599
21.039953038601983,-0.923456570752222,-0.15194795233552372,-0.35233475802933195
21.239953038601985,-0.9185616615795206,-0.1858862779076011,-0.34884203525654645
21.439953038601985,-0.9146033865244869,-0.2186634338980044,-0.34012784072150615
21.639953038601984,-0.908289841607679,-0.23980261944019166,-0.3427889545214672
21.839953038601983,-0.9084089450542687,-0.25460118995771036,-0.3316193942119626
22.039953038601983,-0.9032537144691163,-0.2870665489501234,-0.3189443897791757
22.239953038601985,-0.9064576113319255,-0.3088709661736748,-0.2879814666143645
22.439953038601985,-0.9124910524338148,-0.31660420478283136,-0.2590788620132108
22.639953038601984,-0.9259278801463283,-0.30324900592386156,-0.22516127814061765
22.839953038601983,-0.9443526750213216,-0.2723333722653593,-0.1844791574423831
23.039953038601983,-0.9507856813718607,-0.2613487103997912,-0.16644350293902493
23.239953038601985,-0.9562029948208228,-0.2516500005368764,-0.14949284238879082
23.439953038601985,-0.9640147805106398,-0.22623603855321364,-0.13961646685392173
23.639953038601984,-0.9622979920191779,-0.2539162590025643,-0.09751465515501297
23.839953038601983,-0.9388000359382692,-0.3391854227187239,-0.06006447816659448
24.039953038601983,-0.9032343221998512,-0.4278413932266227,-0.03345895159860795
24.239953038601985,-0.8857796740453711,-0.46129057690558506,-0.05104285166591818
24.439953038601985,-0.8660354677559289,-0.498887602311778,-0.03307157160424127
24.639953038601984,-0.8418008518305493,-0.5387432455739488,-0.03357143437223607
24.839953038601983,-0.796400144875092,-0.6034838994806654,-0.039420709158291885
25.039953038601983,-0.753881939881361,-0.6554013462676246,-0.04594666507268785
25.239953038601985,-0.7198955762758573,-0.6922213450713384,-0.050793392149752786
25.439953038601985,-0.698475323911973,-0.7121035086393465,-0.07099869625279964
25.639953038601984,-0.7030314665843183,-0.707038608287843,-0.07644058727333651
25.839953038601983,-0.7514915830787409,-0.6567707605039562,-0.06255052924526676
26.039953038601983,-0.8083108216936344,-0.5863457860544908,-0.053218743963975156
26.239953038601985,-0.8557079495433858,-0.5158492855790318,-0.04078504206025231
26.439953038601985,-0.889130649530106,-0.45684276689159603,-0.027228191364880288
26.639953038601984,-0.9242574553076848,-0.381637965572036,-0.010030929279045692
26.839953038601983,-0.9597599173563695,-0.2807341095951596,0.007018599996349969
27.039953038601983,-0.9810456404873997,-0.19354062883503484,0.009564322809651611
27.239953038601985,-0.9947498241460108,-0.10179931632548944,0.010473135019819628
27.439953038601985,-0.9999645655084939,0.007707922992108813,0.0033846197064238744
27.639953038601984,-0.993977548419412,0.10952535598317523,0.003581847971970676
27.839953038601983,-0.9875034846011415,0.15754257246628828,0.00414798279983668
28.039953038601983,-0.9834109851628101,0.18138667409365314,0.0013071810715664914
28.239953038601985,-0.9797869290240822,0.20003810939093564,-0.0015259439237924968
28.439953038601985,-0.9765346772331014,0.21534773149914965,0.0023192023225976706
28.639953038601984,-0.9716127238662399,0.23646756529670643,0.007197595700926143
28.839953038601983,-0.9665351455038742,0.2558373952654656,0.018895493896348387
29.039953038601983,-0.9488055224029025,0.30827111159741977,0.06882588475455129
29.239953038601985,-0.9382306593783789,0.34052274525907805,0.061379880772394285
29.439953038601985,-0.9319636640204231,0.3606895029093,0.03669892963930345
29.639953038601984,-0.9471834655716052,0.3182653608962542,0.039378199569571726
29.839953038601983,-0.9816506497581231,0.18898257616742545,0.02544774517669861
30.039953038601983,-0.99865249926896,0.05039672336016912,0.012383698091389827
30.239953038601985,-0.9954441374020997,-0.09529268177638218,0.0032053255146854255
30.439953038601985,-0.9716639752235888,-0.2362831211989532,0.006277411024745801
30.639953038601984,-0.9460081050196417,-0.32386985243506317,0.013303530389996779
30.839953038601983,-0.9327762093000299,-0.36017019217761603,0.014351865056723864
31.039953038601983,-0.9233060132237741,-0.3840038142107036,0.006861240154033747
31.239953038601985,-0.9016504233368352,-0.4324512754477691,0.0035225644215722703
31.439953038601985,-0.8640897882349932,-0.5033309472241305,0.0026068054136033567
31.639953038601984,-0.8296990134680704,-0.5582109838530985,-0.00021108260687689175
31.839953038601983,-0.8130229104171921,-0.5820762691506292,-0.013452287108260625
32.03995303860198,-0.804649157851919,-0.5898260972436358,-0.06815356027779039
32.23995303860198,-0.7514178415827855,-0.6557170199009038,-0.07352834258533054
32.43995303860198,-0.7069848031480979,-0.7038427227173322,-0.06912242614013678
32.63995303860198,-0.7106018258038599,-0.703214610486128,-0.023113994961147185
32.83995303860198,-0.6927419449996225,-0.7204778019070621,0.03194267673987716
33.03995303860198,-0.6636689145259747,-0.745570902850934,0.06056071923249969
33.23995303860198,-0.6387579738288978,-0.7642188677126476,0.08920635124249726
33.43995303860198,-0.5993020945674256,-0.795263664164555,0.09161170179983609
33.63995303860198,-0.5437224222246289,-0.8368033219907164,0.06423494279193966
33.83995303860198,-0.408865275155644,-0.9118340747362941,0.037253280683813846
34.03995303860198,-0.26434631170808043,-0.9642188143478537,0.020077488487187274
