0.016683201,0.23146515362307177,0.0,-0.36206152632362465,0.9029592093857036
0.05004986766666667,0.23264814966152395,2.3988237764037803e-22,-0.35977391816676274,0.9035693477901984
0.08341653433333335,0.23488341250389946,1.1249656330721176e-22,-0.35299022191790674,0.9056642235182253
0.116783201,0.2377073767940795,-4.235164736271502e-22,-0.3444218106064266,0.9082228908127501
0.1501498676666667,0.2407079292439739,8.07328277851755e-22,-0.33499732623745776,0.9109536125472211
0.18351653433333334,0.24359042390237814,3.441071348220595e-22,-0.32481654350968175,0.9138697491686016
0.21688320100000003,0.24605308181779664,-1.0058516248644817e-21,-0.31467005578351065,0.9167554946228396
0.2502498676666667,0.24789953193419229,7.676236084492097e-22,-0.3056464286555295,0.9193073929415172
0.28361653433333334,0.2489526830072442,-8.07328277851755e-22,-0.2980392428093177,0.9215178627509849
0.316983201,0.2493734727150716,6.551270451419979e-22,-0.2932723034338056,0.9229324065957677
0.35034986766666665,0.24936929124091445,-1.971998580326418e-21,-0.2920555485153346,0.923319291018774
0.38371653433333336,0.24903405195708975,-1.581569331201389e-21,-0.29360968371688134,0.922916786386241
0.417083201,0.24855562183976712,1.6675961149069038e-21,-0.2960072949961062,0.9222796669996226
0.45044986766666667,0.247948198155565,-1.164670302474663e-21,-0.30017467072658477,0.9210954663256112
0.4838165343333334,0.24701927231776552,-1.4823076576950256e-21,-0.3055338889121906,0.9195817102518922
0.517183201,0.24565755976703796,4.552802091491864e-21,-0.31130474713451817,0.918009650134909
0.5505498676666667,0.2437561083382815,-1.7470054537119944e-21,-0.3177843694638208,0.916294741975669
0.5839165343333333,0.24136445583956573,2.6999175193730823e-21,-0.32377944671658443,0.9148278905571107
0.617283201,0.2385297771291797,5.26748614073768e-21,-0.3281953364788371,0.9139974652788961
0.6506498676666667,0.23513227529887779,-1.441988889405721e-17,-0.3306634426704618,0.9139882388707696
0.6840165343333333,0.2311820376528026,9.974659986866641e-18,-0.33067786448865244,0.9149901722990923
0.7173832010000001,0.22654199054148583,-9.378348791999613e-18,-0.32783318912822285,0.9171718086746454
0.7507498676666667,0.22093541716822096,4.607859233063394e-19,-0.32102069980042786,0.9209415028873158
0.7841165343333334,0.2143865459220907,2.927345865710862e-18,-0.308277424901466,0.9268243837015276
0.817483201,0.2069625484828417,8.239936510889834e-18,-0.2873097609238285,0.9352109948045843
0.8508498676666667,0.1986477666925138,-1.5178830414797062e-18,-0.2579369460818322,0.9455197494680133
0.8842165343333334,0.1898792152051142,1.3010426069826053e-18,-0.2236397792310175,0.9559974543787194
0.917583201,0.18127305540098437,0.0,-0.18937778900164845,0.9650264931173853
0.9509498676666668,0.17295794968486924,-3.0357660829594124e-18,-0.15456437452079594,0.9727257587674962
0.9843165343333334,0.16516782314839484,-3.0357660829594124e-18,-0.12195973028143028,0.9786957721304929
1.017683201,0.15828369037703743,-6.505213034913027e-19,-0.09610243850251275,0.9827057518273193
1.0510498676666666,0.1525113100437904,-3.2526065174565133e-19,-0.07826944285562108,0.9851975409144086
1.0844165343333334,0.14788199467505578,2.168404344971009e-19,-0.06789437843791343,0.9866718142459813
1.1177832010000002,0.14440700777609247,4.336808689942018e-19,-0.062378683868008315,0.9875502599382224
1.1511498676666667,0.14203249172489976,-8.097634975751111e-19,-0.06084413687249096,0.9879902642752395
1.1845165343333335,0.14065532884706097,1.328147661294743e-18,-0.062483632260078574,0.988084952909674
1.217883201,0.14010627883151822,5.963111948670274e-19,-0.06578827044955192,0.9879484470878233
1.2512498676666668,0.14012175675550875,1.6263032587282567e-18,-0.0709710802430356,0.9875874640014862
1.2846165343333333,0.14047271406934683,9.486769009248164e-19,-0.07412641129779228,0.9873057741906011
1.317983201,0.14112796628334354,2.698646969952201e-18,-0.07523705016416506,0.9871283013951745
1.3513498676666666,0.14196732397224177,5.421010862427522e-20,-0.07406959960064925,0.9870962330690762
1.3847165343333334,0.1430890737533331,1.9244588561617704e-18,-0.07184075273242434,0.9870989936269068
1.4180832010000002,0.1446244274692295,-2.710505431213761e-19,-0.0695834278623544,0.9870369403148609
1.4514498676666667,0.1465531852118731,1.5178830414797062e-18,-0.0667996797043859,0.9869447637510653
1.4848165343333335,0.14879122394278252,-9.75781955236954e-19,-0.06434884988821926,0.9867727181046669
1.518183201,0.15109930850659695,-3.2526065174565133e-19,-0.06322548246798046,0.9864945703527818
1.5515498676666668,0.15329464778918453,-6.776263578034403e-20,-0.06256549074942734,0.9861979062675368
1.5849165343333333,0.1551592594872898,-8.809142651444724e-19,-0.06224578845053491,0.9859265013252901
1.6182832010000001,0.15647847724047467,-2.168404344971009e-19,-0.06354303748238375,0.9856352106880186
1.6516498676666669,0.15723926011031344,3.1170812458958252e-18,-0.06660896178400408,0.9853116569339969
1.6850165343333334,0.15751337324296616,-5.421010862427522e-20,-0.07140072686263224,0.984932217694756
1.7183832010000002,0.15734473279805025,-1.0842021724855044e-18,-0.07717133761465406,0.9845238543130762
1.7517498676666667,0.15699207826968878,1.0842021724855044e-19,-0.0831843076615419,0.9840903710124562
1.7851165343333335,0.15663621036786812,0.0,-0.08846555480471904,0.9836864049150451
1.818483201,0.15643107790791713,2.927345865710862e-18,-0.09268207243208446,0.9833307436027113
1.8518498676666668,0.15635508777218476,2.358139725155972e-18,-0.09515645582272478,0.9831064720786911
1.8852165343333336,0.15631235523352072,-2.710505431213761e-18,-0.09671274128903885,0.9829613895131941
1.9185832010000001,0.15627120837153527,-2.981555974335137e-19,-0.0979583106449187,0.9828445852776998
1.951949867666667,0.1562684513064646,7.047314121155779e-19,-0.10006291110312825,0.9826329858842755
1.9853165343333334,0.15628058279874077,2.913793338554793e-18,-0.10168033635055855,0.9824650063181504
2.0186832010000004,0.15635752814519477,-4.0657581468206416e-19,-0.10220606443153264,0.9823982103942077
2.052049867666667,0.15655941299667905,-2.236166980751353e-18,-0.1036793976533756,0.9822116537205048
2.0854165343333335,0.15682287518507795,-1.2807138162485021e-18,-0.1046745710690419,0.9820640610419452
2.1187832010000003,0.15715154060012668,-4.0657581468206416e-20,-0.10590279909614539,0.9818798248414152
2.152149867666667,0.1575252685429874,1.4840017235895342e-18,-0.10574376059287825,0.981837077557237
2.185516534333334,0.15787157229654486,1.870248747537495e-18,-0.10387255238750273,0.9819811910220696
2.2188832010000006,0.1581419661117181,1.1926223897340549e-18,-0.1002771095282022,0.9823113660438778
2.252249867666667,0.15837531236775806,7.047314121155779e-19,-0.09727307813895575,0.9825758030308845
2.2856165343333337,0.1584318543017874,2.8189256484623115e-18,-0.09449157260654154,0.9828380793644698
2.3189832010000004,0.15838428965234044,-1.0842021724855044e-19,-0.09198313182000134,0.983083679170755
2.352349867666667,0.15826380799206596,2.981555974335137e-19,-0.0901178124336772,0.9832758244572166
2.3857165343333335,0.15812584919847078,2.981555974335137e-19,-0.08912285287720406,0.9833886987912209
2.4190832010000003,0.15800547697904993,-1.8973538018496328e-19,-0.08754010525859067,0.9835502016755108
2.452449867666667,0.15790324963911417,-2.4936649967166602e-18,-0.08537586818333158,0.9837568423575769
2.485816534333334,0.1578859474922647,-2.7647155398380363e-18,-0.0828850386355869,0.983972610368219
2.5191832010000006,0.15802804365481266,5.692061405548898e-19,-0.0810904360971497,0.984099323540163
2.552549867666667,0.15835421326220098,-1.461131834013668e-19,-0.08087732069976697,0.9840644298716099
2.5859165343333337,0.15882247328375657,1.9109063290057016e-18,-0.08183055627269666,0.9839101493734738
2.6192832010000004,0.15941056441235055,-5.149960319306146e-19,-0.08280067292605194,0.9837338667122978
2.652649867666667,0.16002558046077034,6.2341624917916505e-19,-0.08406560426437934,0.9835267092346086
2.6860165343333335,0.16069003166147874,9.003960229313213e-19,-0.08496987338770956,0.9833406502027208
2.7193832010000003,0.16132909064917575,5.285485590866834e-19,-0.08491563721127239,0.983240692336985
2.752749867666667,0.1618602158141362,-5.421010862427522e-19,-0.08418986142744045,0.9832158144422971
2.786116534333334,0.1622673032879035,1.6263032587282567e-19,-0.08309669968652025,0.9832417102548486
2.8194832010000006,0.16255974436775258,-1.6263032587282567e-19,-0.08213048745282274,0.9832745865432773
2.852849867666667,0.16282003379549198,-2.5478751053409354e-18,-0.0817501806177704,0.983263212249801
2.8862165343333337,0.16310888499883047,-1.599198204416119e-18,-0.08267530256353438,0.9831379791160884
2.9195832010000005,0.16339181924176033,7.453889935837843e-19,-0.08374468090089571,0.9830004790566864
2.9529498676666672,0.16361357798036766,1.5449880957918438e-18,-0.08557649563340548,0.982805810165756
2.986316534333334,0.16390869233984975,6.776263578034403e-19,-0.0882125531000008,0.9825235295152072
3.0196832010000003,0.16430585326858435,-3.7947076036992655e-19,-0.09011855761994013,0.9822841911352255
3.053049867666667,0.16479497471059135,-1.2197274440461925e-18,-0.09140364094554751,0.9820834947864836
3.086416534333334,0.1653366647820099,2.2497195079074217e-18,-0.09154238784390378,0.9819795204109898
3.1197832010000006,0.16587084711354066,1.734723475976807e-18,-0.09233445407377117,0.981815263004571
3.153149867666667,0.16623381909945403,3.198396408832238e-18,-0.09439039668590331,0.9815583377472211
3.1865165343333337,0.166443811251094,1.4365678785432934e-18,-0.09641174913785955,0.9813262619151639
3.2198832010000005,0.16646150730675727,-9.215718466126788e-19,-0.09828873076332963,0.9811370403720859
3.2532498676666672,0.166398449945433,-3.144186300207963e-18,-0.10055174712506916,0.9809183972206115
3.286616534333334,0.16633728912795587,-1.734723475976807e-18,-0.10284687552111445,0.9806907904335123
3.3199832010000003,0.16628154053096858,9.215718466126788e-19,-0.10449908372331536,0.9805255686516468
3.353349867666667,0.1662029359204386,1.0100669372660519e-18,-0.10490230351751403,0.9804958392610068
3.386716534333334,0.1661553542054466,6.505213034913027e-19,-0.10586092127769625,0.9804008688363653
3.4200832010000006,0.16604302459011147,-1.9922214919421144e-18,-0.10730595018197299,0.9802627948874278
3.453449867666667,0.1658947690488979,-9.554531645028508e-19,-0.10813419832489274,0.9801968785682016
3.4868165343333337,0.1657996238695743,-1.395910297075087e-18,-0.10881113662213886,0.9801380623522923
3.5201832010000005,0.16576348918540834,1.6127507315721878e-18,-0.10961498113536593,0.9800546013175859
3.5535498676666673,0.16574675501626154,2.642742795433417e-19,-0.11041784479043124,0.9799673018797188
3.586916534333334,0.1657591874592474,-2.202285662861181e-19,-0.11078208404814203,0.9799240897267505
3.6202832010000003,0.16570571178091825,2.354751593366955e-19,-0.11071826412968007,0.97994034669019
3.653649867666667,0.16553191011931848,3.144186300207963e-18,-0.11031936658038978,0.9800147060577976
3.687016534333334,0.16533729398396835,5.421010862427522e-20,-0.10958694122289586,0.980129726888981
3.7203832010000006,0.16507619160114537,-2.541098841762901e-21,-0.10944365157309986,0.9801897459659573
3.7537498676666674,0.16492522824590458,1.2993485410880967e-18,-0.10932862005297365,0.9802279948692287
3.7871165343333337,0.1648251044827389,2.7884324623611567e-18,-0.10897185983161486,0.9802845600625836
3.8204832010000005,0.1647253045946334,-3.7947076036992655e-19,-0.10905590574408519,0.98029198887298
3.8538498676666673,0.1645588675634136,4.1335207826009857e-19,-0.10962251463335815,0.9802567436094005
3.887216534333334,0.16443114705041192,-2.3242584072658e-18,-0.10930498496064071,0.9803136325393216
3.9205832010000004,0.16438488750937366,-2.3310346708438345e-18,-0.10811583695346866,0.9804532495526657
3.953949867666667,0.1643995823693333,1.7618285302889447e-18,-0.10565459965034228,0.9807190642021367
3.987316534333334,0.16453453755172026,-4.174178364069192e-18,-0.10336498096700052,0.98094039913867
4.020683201000001,0.16454403273639104,5.2787093272888e-18,-0.1028012079309897,0.9809980494062029
4.054049867666667,0.16443875872991273,-1.6263032587282567e-19,-0.10345057147935481,0.9809474368629343
4.087416534333334,0.16430694703362503,-2.439454888092385e-19,-0.1050663113874761,0.9807977861760903
4.120783201000001,0.16418991722459697,2.710505431213761e-19,-0.10675261837937201,0.9806352785571852
4.154149867666667,0.16411415587904188,-3.4050724479622874e-18,-0.10694690551577313,0.980626791007012
4.187516534333334,0.16415915295549094,4.269046054161674e-18,-0.10627959948423013,0.9806918064480846
4.220883201,0.16439456016220572,1.6178329292557136e-18,-0.10650046139205972,0.9806284109245221
4.254249867666667,0.16465963689111976,1.060485249962384e-18,-0.10672381766237027,0.9805596517920028
4.287616534333334,0.16490374993998266,1.748276003132876e-18,-0.1079157036435342,0.9803881650463009
4.320983201000001,0.165075985679081,-3.9302328752599536e-19,-0.1090661838732616,0.9802318534343819
4.354349867666667,0.16533489839129484,2.0328790734103208e-19,-0.11064693031750887,0.9800110347262692
4.387716534333334,0.16565293918007687,1.7618285302889447e-19,-0.11195097907336106,0.9798092069507806
4.421083201000001,0.16600412876388929,-3.1679032227310833e-19,-0.11255563112904124,0.9796804882891592
4.454449867666667,0.16628385416391864,1.5720931501039814e-18,-0.111694655910514,0.979731587571527
4.487816534333334,0.1664741015928715,2.087089182034596e-18,-0.11013034648103669,0.9798763596917793
4.521183201,0.16653574847074173,-8.131516293641283e-19,-0.10883438796821375,0.980010673654565
4.554549867666667,0.16644311493806116,-3.0086610286472748e-18,-0.10744957694399498,0.9801792070352603
4.587916534333334,0.16628599727199614,-6.369687763352339e-19,-0.1066402948394494,0.9802942490027232
4.621283201000001,0.16610746292875583,-1.5178830414797062e-18,-0.10560595384862935,0.9804364809976694
4.654649867666667,0.1660114574440022,-2.710505431213761e-20,-0.10402998559351559,0.9806212103022915
4.688016534333334,0.16603398750261703,-1.8566962203814263e-18,-0.10316082477396746,0.9807092123692607
4.721383201000001,0.16615333964879925,2.55465136891897e-18,-0.1033761704026298,0.9806663220058274
4.754749867666667,0.1662145758303522,7.453889935837843e-19,-0.10420173728888821,0.9805685660511017
4.788116534333334,0.16620986760192624,7.860465750519907e-19,-0.10318138219892155,0.9806772569399529
4.821483201,0.1661478099543838,-3.604972223514302e-18,-0.10135675732645603,0.9808780316592007
4.854849867666667,0.16609944297304446,5.421010862427522e-20,-0.09942085048463331,0.9810843335478131
4.888216534333334,0.16605359906878955,2.087089182034596e-18,-0.09769288242350703,0.9812656638036861
4.921583201000001,0.165870745061123,-2.2039797287556895e-18,-0.0972513018575951,0.9813404507202742
4.9549498676666675,0.16556349957298494,-6.2959958969412144e-18,-0.09710402264822394,0.9814069168263894
4.988316534333334,0.1652646287320666,-1.866860615748478e-18,-0.09714605730823073,0.9814531298230792
5.021683201000001,0.1650652114270544,-2.9544509200229996e-18,-0.09821419424000145,0.9813803788676077
5.055049867666667,0.1649025167689375,-1.429791614965259e-18,-0.0983794378984941,0.9813911789709783
5.088416534333334,0.16471762733090548,-1.260385025514399e-18,-0.09734580208506674,0.9815252916063304
5.121783201,0.16459618946387228,1.0842021724855044e-18,-0.09695648467990732,0.9815841963339099
5.155149867666667,0.1645113131945128,5.421010862427522e-20,-0.09762050702738767,0.9815326099721459
5.188516534333334,0.16434668076217315,-7.250602028496811e-19,-0.09828586446139737,0.9814937887574899
5.221883201000001,0.16414397661068744,-1.6127507315721878e-18,-0.098780664869606,0.9814780360203426
5.2552498676666675,0.16405390770068562,-7.521652571618187e-19,-0.09949907116713413,0.981420526688235
5.288616534333334,0.1640912344242279,6.437450399132683e-19,-0.10036628545608907,0.9813259782197147
5.321983201000001,0.16425099939079366,1.395910297075087e-18,-0.10053684854128822,0.9812817899484896
5.355349867666667,0.164402304187899,4.87890977618477e-19,-0.09912336558899895,0.9814002449418989
5.388716534333334,0.16446487479394853,-1.6805133673525319e-18,-0.09674220845934545,0.981627347857332
5.422083201,0.16437408949662297,1.1384122811097797e-18,-0.09402536158958685,0.9819065078102412
5.455449867666667,0.16414268988599262,2.0057740190981832e-18,-0.09152728406634575,0.9821812122151541
5.488816534333334,0.16388046085951385,2.5343225781848666e-18,-0.08975223331125054,0.9823887881913741
5.522183201000001,0.16364798844646855,-1.0299920638612292e-18,-0.08853334187169815,0.98253813323171
5.5555498676666675,0.16351645205588064,1.1587410718438829e-18,-0.08784313671869994,0.9826219788089806
5.588916534333334,0.16354732992153356,-1.599198204416119e-18,-0.0872869533895538,0.982666402520971
5.622283201000001,0.16370238167292211,-6.437450399132683e-19,-0.08759014143551942,0.9826136053189569
5.655649867666668,0.16385519084774822,-5.421010862427522e-19,-0.08852768642425886,0.9825041094919735
5.689016534333334,0.16406323700607597,1.2061749168901237e-18,-0.08874672412543377,0.9824496288462287
5.722383201,0.1643083015216437,2.927345865710862e-18,-0.08723957658401962,0.9825436572124994
5.755749867666667,0.1645700585789758,-3.0086610286472748e-18,-0.08542983514894267,0.9826588620094651
5.789116534333334,0.16492952214421305,-7.318364664277155e-19,-0.08362885393393174,0.9827535131023336
5.822483201000001,0.16526520214545695,-1.8770250111155296e-18,-0.08395858897883104,0.9826690024095116
5.8558498676666675,0.16557500936025096,-1.1587410718438829e-18,-0.0851951098291572,0.9825104119227188
5.889216534333334,0.16589509178336156,-2.8053731213062427e-18,-0.08704645146805275,0.982294117771765
5.922583201000001,0.16620008117144716,2.0599841277224584e-18,-0.08926602296751097,0.9820433341569853
5.955949867666668,0.16658609729105966,2.5478751053409354e-18,-0.09153413011195738,0.9817691048377827
5.989316534333334,0.16701074532176455,1.111307226797642e-18,-0.09329611338746217,0.9815310724444045
6.022683201,0.1675039916104579,-3.586337498674708e-18,-0.09444759980302712,0.9813368757394225
6.056049867666667,0.1679901861851222,-1.328147661294743e-18,-0.09506261611110288,0.9811943723664548
6.089416534333334,0.16842315553083642,-1.6263032587282567e-18,-0.0955843520635421,0.981069453362823
6.122783201000001,0.16892777448898463,-1.1595881047911372e-18,-0.09663134875867611,0.98088010961752
6.1561498676666675,0.1693923254930455,4.336808689942018e-19,-0.09694224755932844,0.9807693106445594
6.189516534333334,0.16986805625216356,-4.092863201132779e-18,-0.09730841571470532,0.9806507613295398
6.222883201000001,0.17023024559388483,2.710505431213761e-19,-0.09712812313571352,0.9806058286494016
6.256249867666668,0.17052990545333507,1.0842021724855044e-19,-0.09603841156541858,0.9806610907189435
6.289616534333334,0.17074559300366007,-2.9815559743351372e-18,-0.09441456201208615,0.9807812360306933
6.322983201,0.17082284268664433,-1.6263032587282567e-18,-0.09263374290248609,0.980937585217495
6.356349867666667,0.1707818223816137,-2.520770051028798e-18,-0.0904467492191425,0.9811487933538442
6.389716534333334,0.17060428507534933,-5.421010862427522e-20,-0.0883496906745097,0.9813707301889778
6.423083201000001,0.17046226118994418,1.0028870095490916e-18,-0.08677770273873335,0.9815356579449364
6.4564498676666675,0.1703682293187141,2.168404344971009e-18,-0.08568325538459666,0.9816481274802616
6.489816534333334,0.1703478060107617,5.421010862427522e-20,-0.08457886429747244,0.9817474424216595
6.523183201000001,0.170295752565765,1.1248597539537109e-18,-0.08300380976260816,0.9818908922191675
6.556549867666668,0.17019565196531133,5.692061405548898e-19,-0.0819217603474034,0.9819991167173653
6.589916534333334,0.17012443536995225,1.3552527156068805e-20,-0.08132790665325743,0.9820608168995717
6.6232832010000005,0.17004228972475374,-2.425902360936316e-18,-0.0799060552739093,0.9821917542087828
6.656649867666667,0.1700324499855509,1.1519648082658485e-18,-0.07900289345486305,0.982266516164361
6.690016534333334,0.17012590485269616,-4.2012834183813297e-19,-0.07795108613969516,0.9823343650039397
6.723383201000001,0.17019379715098373,8.131516293641283e-20,-0.07735983064776064,0.9823693439910877
6.7567498676666675,0.17015652232387254,6.030874584450618e-19,-0.07835433254257149,0.9822969797787497
6.790116534333334,0.1700442883723835,1.6263032587282567e-19,-0.07944342944338025,0.982228935386351
6.823483201000001,0.16989499272834502,-2.520770051028798e-18,-0.08100441351389936,0.9821272709975549
6.856849867666668,0.1697840130814533,-8.673617379884035e-19,-0.08284365800600337,0.9819930331881899
6.890216534333334,0.16972540400525457,-2.151463686025923e-18,-0.08335059259679237,0.9819602669909903
6.9235832010000005,0.1696760410397568,-3.0357660829594124e-18,-0.08359743500969317,0.9819478142736888
6.956949867666667,0.16967380642841848,2.642742795433417e-19,-0.08413408445020076,0.9819023654344753
6.990316534333334,0.16966693222385415,-4.0657581468206416e-19,-0.08537334527794095,0.9817965797586583
7.023683201000001,0.16970809184457986,-9.215718466126788e-19,-0.08739287137545373,0.9816117611333032
7.0570498676666675,0.16978892251236202,-9.893344823930228e-19,-0.08858354014076479,0.9814910484605658
7.090416534333334,0.17004611597767968,1.751664134921893e-18,-0.08919615152444116,0.9813910357213044
7.123783201000001,0.17042876145480856,-2.3174821436877657e-18,-0.08925323985555336,0.9813194670667994
7.157149867666668,0.1707789125564092,8.131516293641283e-19,-0.08825849928474679,0.9813485620971045
7.190516534333334,0.17096721717612773,1.1384122811097797e-18,-0.08627231633538236,0.9814923831009482
7.2238832010000005,0.17099374426206163,-1.81603863891322e-18,-0.08381603788171944,0.9817005710587374
7.257249867666667,0.17083788903056965,-1.4907779871675686e-18,-0.08148032588913653,0.981924320996572
7.290616534333334,0.1705881056841393,2.032879073410321e-18,-0.07972749077393976,0.9821116155580221
7.323983201000001,0.17037103278676957,2.303929616531697e-19,-0.07862815442981798,0.9822379164531017
7.3573498676666675,0.17020685434044883,-1.9244588561617704e-18,-0.07705958775006379,0.9823906792469682
7.390716534333334,0.17021228611609074,1.3552527156068805e-18,-0.0757133299687975,0.9824944118518792
7.424083201000001,0.17038872930957907,1.4365678785432934e-18,-0.07419561848031614,0.982579610577479
7.457449867666668,0.17058661359857774,1.0164395367051604e-18,-0.07272206268188472,0.982655437506078
7.490816534333335,0.1707230127178235,-9.147955830346444e-19,-0.07230281361747673,0.9826626868216511
7.5241832010000005,0.17084062586190027,-1.7618285302889447e-19,-0.07172867198606482,0.9826843227457278
7.557549867666667,0.17095607751713934,-8.944667923005412e-19,-0.07059034009831229,0.9827466730774307
7.590916534333334,0.17108000832279083,4.87890977618477e-19,-0.06898863835842413,0.9828388466731075
7.624283201000001,0.1714021919643273,1.0977546996415732e-18,-0.06771832366281033,0.9828710582930615
7.6576498676666676,0.17166957370730096,2.4936649967166602e-18,-0.06715707303860168,0.9828629024457285
7.691016534333334,0.17180003676021402,1.012204371968889e-18,-0.06743554817899171,0.9828210387506914
7.724383201000001,0.17192785075613928,2.371692252312041e-18,-0.06853900346394275,0.9827223509916443
7.757749867666668,0.1720597842148204,-2.710505431213761e-20,-0.07048126715513936,0.9825618665693043
7.791116534333335,0.17222862365685263,7.860465750519907e-19,-0.07187419561117725,0.9824313722589035
7.8244832010000005,0.17241019995570822,-2.425902360936316e-18,-0.07281419612284132,0.9823302987255443
7.857849867666667,0.17267022275238975,8.504210790433175e-19,-0.07327608397790392,0.9822502785397942
7.891216534333334,0.17294737939156665,-3.0357660829594124e-18,-0.07390113103350572,0.9821546857769188
7.924583201000001,0.17320188756778307,-1.145188544687814e-18,-0.07454476275599435,0.982061191824934
7.957949867666668,0.17347140801755997,1.2739375526704677e-18,-0.07535316252783668,0.9819519191373164
7.991316534333334,0.1738895821811854,9.147955830346444e-19,-0.07638502369687104,0.981798218252448
8.024683201,0.1745745738091529,1.4094628242311558e-18,-0.07905750108196455,0.9814650425267463
8.058049867666666,0.17592303589587005,3.2526065174565133e-19,-0.08619790126572265,0.9806227650113805
8.091416534333334,0.17919897784046937,-2.3852447794681098e-18,-0.10349262868316239,0.9783542314260109
8.124783201,0.18704036880243174,8.673617379884035e-19,-0.13596105572379752,0.9728979863093155
8.158149867666667,0.20073337422426438,-5.637851296924623e-18,-0.17723898006624977,0.9634793492429492
8.191516534333333,0.21762524893200644,-2.168404344971009e-18,-0.2154070108030616,0.9519658978787905
8.224883201,0.2360999640247907,-4.336808689942018e-19,-0.24771911350684958,0.9396233542174616
8.258249867666667,0.2556099355746708,3.0357660829594124e-18,-0.27357716114177144,0.9272643084563978
8.291616534333333,0.2751016724663638,1.0977546996415732e-17,-0.29584545781135657,0.9147647429249766
8.324983201,0.2936998775671716,-1.1770369835045758e-17,-0.3153682092302835,0.9023764594247305
8.358349867666666,0.3106585502334564,4.119968255444917e-18,-0.33207251956332634,0.8906284898417025
8.391716534333334,0.3252375303009933,1.951563910473908e-18,-0.34651685750059324,0.8798560202394616
8.425083201,0.3374786490793336,1.4257258568184383e-17,-0.3603173539759251,0.8696433555425901
8.458449867666667,0.34755289883681834,1.4094628242311558e-18,-0.3736148520342773,0.86001100274911
8.491816534333333,0.3560427450878334,-3.3528952184114225e-17,-0.38464210003616195,0.8516360834007043
8.525183201,0.36331054536893154,-3.581255300991182e-18,-0.392767284538149,0.8448309344598234
8.558549867666667,0.36997422585999873,5.44811591673966e-18,-0.3995342043073241,0.8387439965733335
8.591916534333333,0.3766058749791505,-5.421010862427522e-18,-0.40531347741526147,0.8329999999740317
8.625283201,0.383419901243817,-1.2088854223213374e-17,-0.4101534358166552,0.8275042830209247
8.658649867666666,0.390982019837913,5.312590645178972e-18,-0.41487934127235165,0.8215888219473813
8.692016534333334,0.3992410541066847,5.095750210681871e-18,-0.41918178960268654,0.815409840498183
8.725383201,0.4080795353890489,1.0408340855860843e-17,-0.42298542425528435,0.8090453780006628
8.758749867666667,0.4176259042859197,-2.2768245622195593e-17,-0.42607958665770906,0.8025240120413618
8.792116534333333,0.42792082986475344,-2.3852447794681098e-18,-0.4286189041664405,0.7957195475536719
8.825483201,0.43927745198288193,3.144186300207963e-17,-0.43070265424695525,0.7883720846174443
8.858849867666667,0.45250847285086876,9.75781955236954e-18,-0.43318089866506865,0.7794808471219151
8.892216534333333,0.4681140131397495,-1.7780915628762273e-17,-0.43496541340210804,0.7692037180397218
8.925583201,0.48780288207614214,1.734723475976807e-18,-0.43638143005210817,0.7560552861688665
8.958949867666666,0.5108608736808611,-3.0357660829594124e-17,-0.43823204746544997,0.739576798119213
8.992316534333334,0.5344967456792881,-2.2551405187698492e-17,-0.4387476429221262,0.7223667591248429
9.025683201,0.5575111329745593,1.3010426069826053e-17,-0.43703355232650276,0.7058208064022348
9.059049867666667,0.5786537870426864,1.5178830414797062e-17,-0.43387975164575476,0.6905853718787965
9.092416534333333,0.5968034106431458,3.686287386450715e-17,-0.4303992101797927,0.6771869822444311
9.125783201,0.6119877429703242,1.2576745200831851e-17,-0.42716728290233585,0.6655817867639738
9.159149867666667,0.6248808697964665,-4.336808689942018e-18,-0.42357125434067916,0.6558287055769024
9.192516534333333,0.6359996633164711,-1.2576745200831851e-17,-0.4183144479245382,0.648473169004643
9.225883201,0.6458327841257062,1.951563910473908e-17,-0.4121518216640783,0.6426747940034842
9.259249867666666,0.6551693951789423,6.071532165918825e-18,-0.405197102426785,0.6376271416790507
9.292616534333334,0.6640394931704428,1.7780915628762273e-17,-0.3975660496539252,0.6332399132023455
9.325983201,0.6723881423888471,2.47198095326695e-17,-0.3895213408283716,0.6294182321907611
9.359349867666667,0.6800820681634899,-1.3010426069826053e-18,-0.38153770094402245,0.6260330369244264
9.392716534333333,0.6875545489204976,-2.0816681711721685e-17,-0.3729072004165259,0.6230641717642255
9.426083201,0.6956666926159943,3.0791341698588326e-17,-0.3638161680150983,0.6194236423285229
9.459449867666667,0.704181643983476,5.637851296924623e-18,-0.3526304199706236,0.6162629302400645
9.492816534333333,0.7129375697552061,1.3010426069826053e-17,-0.3396042331283437,0.6135054901733565
9.526183201,0.7215337215914962,2.0816681711721685e-17,-0.32808754248845845,0.60971112263941
9.559549867666666,0.7295106654286362,-2.168404344971009e-18,-0.317870386546449,0.60561754134328
9.592916534333334,0.7359221785789645,8.673617379884035e-18,-0.30796504811712416,0.6029726993934371
9.626283201,0.7402873997581423,9.540979117872439e-18,-0.2997790693515018,0.6017533342974312
9.659649867666667,0.7429297296120025,-1.4094628242311558e-17,-0.29356728478431493,0.6015593621272979
9.693016534333333,0.7444728205666388,-1.4094628242311558e-17,-0.2893613626365459,0.6016894724446111
9.726383201,0.7452479517735192,-6.179952383167375e-18,-0.2862563107540635,0.602214924201358
9.759749867666667,0.7457049369388522,9.86623976961809e-18,-0.28415700268592015,0.6026432981868932
9.793116534333333,0.7458397203437918,6.2341624917916505e-18,-0.28315212971492015,0.6029494033460845
9.826483201,0.7455603227104942,-4.7704895589362195e-18,-0.2835427692158838,0.6031113522602704
9.859849867666666,0.745148825011447,7.37257477290143e-18,-0.28494978722662706,0.6029567541238426
9.893216534333334,0.74455300726698,1.1926223897340549e-18,-0.2872805665496575,0.6025866704903154
9.926583201,0.7438081921311759,-8.239936510889834e-18,-0.2895980323625635,0.6023971721134518
9.959949867666667,0.742784327232437,-4.336808689942018e-19,-0.2914136997779876,0.6027847864698985
9.993316534333333,0.7411803919102247,1.0408340855860843e-17,-0.2933582768050854,0.6038149949096634
10.026683201,0.7389041232317393,4.336808689942018e-18,-0.29568909144389227,0.605465653751078
10.060049867666667,0.7360905698410383,4.119968255444917e-18,-0.29851023176884584,0.6075049913543142
10.093416534333333,0.7329372055465317,-2.6020852139652106e-18,-0.3025744918350586,0.6093042996864517
10.126783201,0.7298558574478642,-2.2985086056692694e-17,-0.3088408752260699,0.609858787867026
10.160149867666666,0.7265387987571847,4.7704895589362195e-18,-0.3160176546314469,0.6101427831759599
10.193516534333334,0.722294849566015,-1.1926223897340549e-17,-0.32223004751972917,0.6119296910314459
10.226883201,0.7165048607311175,4.119968255444917e-18,-0.3280954897378728,0.6156087508818792
10.260249867666667,0.7097842852122559,8.023096076392733e-18,-0.33314115219513185,0.6206635490987263
10.293616534333333,0.7021957421980449,2.1250362580715887e-17,-0.33784775837028985,0.6267216541680262
10.326983201000001,0.6931804135991811,5.637851296924623e-18,-0.3425552988240704,0.6341583252232994
10.360349867666667,0.6825446885745078,-1.5178830414797062e-18,-0.34612847913585193,0.6436830151789237
10.393716534333333,0.6700903513689138,-1.2576745200831851e-17,-0.3488053184025108,0.6552203986876545
10.427083201,0.6563366896306182,-1.2576745200831851e-17,-0.3518125637770441,0.6674204595405695
10.460449867666666,0.6418517638398358,-7.806255641895632e-18,-0.3545497245968895,0.6799417666564994
10.493816534333334,0.6271234624261873,-1.0842021724855044e-17,-0.35990839070679254,0.6907836949244222
10.527183201,0.6121748833458466,1.8648277366750676e-17,-0.3685178247175409,0.6995974021292182
10.560549867666667,0.5975143236560955,1.474514954580286e-17,-0.3763452374165946,0.7080543025076861
10.593916534333333,0.5837015811649438,-1.431146867680866e-17,-0.38173156090274196,0.7166404116126168
10.627283201000001,0.5714870018933078,1.1275702593849246e-17,-0.38669791443671475,0.7237867984685088
10.660649867666667,0.5617899245585363,-9.540979117872439e-18,-0.39089907142543534,0.7291021853096085
10.694016534333333,0.5556119296947577,1.5178830414797062e-18,-0.39366447018875,0.7323412240833357
10.727383201,0.5540016313949241,3.211948935988307e-17,-0.39368494152648437,0.7335491525637878
10.760749867666666,0.556900024137463,-1.5178830414797062e-18,-0.3884490276690675,0.7341455686842013
10.794116534333334,0.5644097240081939,1.214306433183765e-17,-0.3785667784644887,0.7335726669444638
10.827483201,0.5768282871390008,-1.214306433183765e-17,-0.3657481306415239,0.7304090854367279
10.860849867666667,0.5930482013153764,7.806255641895632e-18,-0.3507188630369884,0.7247690045984577
10.894216534333333,0.6120880405609667,-1.1275702593849246e-17,-0.3351704385068997,0.7162464713723407
10.927583201000001,0.6326638348696657,5.204170427930421e-18,-0.3202345454494868,0.7051143935197811
10.960949867666667,0.6538946303710617,-1.6479873021779667e-17,-0.30679295165568593,0.6915922911559127
10.994316534333334,0.6749107159082043,3.5561831257524545e-17,-0.2955603157015192,0.6761210138242217
11.027683201,0.6949678479864664,-1.9949319973733282e-17,-0.2865393284117029,0.6594807832973074
11.061049867666666,0.713509562549401,1.0408340855860843e-17,-0.27951301987855826,0.6424769068759832
11.094416534333334,0.7303420666648929,-8.673617379884035e-18,-0.27382882896805183,0.6257940860104375
11.127783201,0.74555511341962,1.214306433183765e-17,-0.26900401745783736,0.6097412659853366
11.161149867666667,0.7593825065393452,7.806255641895632e-18,-0.2645620597244023,0.5944284021784315
11.194516534333333,0.7720804987197658,2.6020852139652106e-18,-0.2601794598483869,0.5798261396053471
11.227883201000001,0.7838998922859918,-7.589415207398531e-18,-0.2556421948876554,0.56581624850037
11.261249867666667,0.7950187151965641,6.7220534694101275e-18,-0.25089419244448363,0.5522656486554592
11.294616534333334,0.8055720861084731,-1.734723475976807e-18,-0.246776108935438,0.5386605295931078
11.327983201,0.8153696432732781,3.903127820947816e-18,-0.2438339624906227,0.5250879388869344
11.361349867666666,0.8245028754879271,2.6020852139652106e-18,-0.24118502748120593,0.5118835715580545
11.394716534333334,0.8329749884459798,-4.553649124439119e-18,-0.2381472067903779,0.49943826097062405
11.428083201,0.8410412403999994,-9.324138683375338e-18,-0.23505085115350347,0.4872378570251333
11.461449867666667,0.8490012859557056,-8.673617379884035e-18,-0.23182267661147193,0.4748210853092469
11.494816534333333,0.8567586467565944,1.452830911130576e-17,-0.22819149572666614,0.4624859592310194
11.528183201000001,0.864202684913003,5.421010862427522e-18,-0.22416243479879977,0.45044968888237746
11.561549867666667,0.8712492199702859,2.3852447794681098e-18,-0.22042825139153754,0.4385614924838219
11.594916534333334,0.877906629067004,6.505213034913027e-19,-0.2171532937167296,0.4267603515653553
11.628283201,0.8841874039770279,-7.806255641895632e-18,-0.21425717321454205,0.41509817919918407
11.661649867666666,0.8899231026207647,-4.119968255444917e-18,-0.21137952044909913,0.4041726979355989
11.695016534333334,0.8949668804002985,7.806255641895632e-18,-0.20872109320411875,0.39429657396208206
11.728383201,0.8994950360245343,1.214306433183765e-17,-0.2063842768253355,0.38511584029549484
11.761749867666667,0.9036827331645977,6.5052130349130266e-18,-0.2043481810712698,0.37629687571520726
11.795116534333333,0.9074934695936486,1.0299920638612292e-18,-0.20257053869734967,0.36799562429021804
11.828483201000001,0.9110159824459602,1.100465205072787e-17,-0.2012066424198738,0.35995245071278936
11.861849867666667,0.9144157923115014,3.469446951953614e-18,-0.19940960032937938,0.35224930101819435
11.895216534333334,0.9175772180392335,2.8731357570865868e-18,-0.1974665219323647,0.3450493032181279
11.928583201,0.9204495344162766,-9.161508357502512e-18,-0.1959583281131775,0.33819075717107944
11.961949867666666,0.9233220465103303,9.432558900623889e-18,-0.1945889944256409,0.3310763079357889
11.995316534333334,0.9263131151508937,-7.101524229780054e-18,-0.19348417472663054,0.3232767959965611
12.028683201,0.9294470810503772,6.776263578034403e-18,-0.19226265283175367,0.3149018828985153
12.062049867666667,0.93273862450362,6.830473686658678e-18,-0.19061266601852248,0.30604814966342525
12.095416534333333,0.9360342824699767,-1.0950441942103595e-17,-0.1887317184154246,0.2970187881344833
12.128783201000001,0.939323609482109,-8.077306185017008e-18,-0.18619124365434941,0.2881041087106343
12.162149867666667,0.9424737076694137,-2.168404344971009e-19,-0.18317096289353485,0.27962780388316855
12.195516534333334,0.9454195921893952,-9.75781955236954e-19,-0.17991615159690477,0.27168359004363407
12.228883201,0.9482026215249323,-4.7704895589362195e-18,-0.17669898233320172,0.2639872310844918
12.262249867666666,0.9507912833027559,-4.336808689942018e-19,-0.1737339514887504,0.25653937260312176
12.295616534333334,0.953310267458726,-1.6263032587282567e-18,-0.17083175740400192,0.24903020824798044
12.328983201,0.9558524913040383,-2.168404344971009e-18,-0.16805352888573946,0.24104776766631406
12.362349867666667,0.958439661082661,-6.505213034913027e-19,-0.1655659330135572,0.23233884283327338
12.395716534333333,0.9610667244678655,3.74049749507499e-18,-0.16336226058804507,0.2228531420827894
12.429083201000001,0.9636142287704691,-6.044427111606687e-18,-0.16140808794985656,0.21306113501872068
12.462449867666667,0.9660942931363364,-3.767602549387128e-18,-0.15938049507036148,0.20312477584117836
12.495816534333335,0.9684723974356835,8.131516293641283e-20,-0.15729074874383883,0.1931860133777347
12.529183201,0.9706126721411271,6.2341624917916505e-19,-0.15553395123462674,0.1836306910415736
12.562549867666666,0.9725436016816403,1.0842021724855044e-19,-0.1539960893856758,0.17448251282584662
12.595916534333334,0.9743336287009146,-2.222614453595284e-18,-0.15243150295996738,0.16564605907740057
12.629283201,0.9760098649079629,-2.656295322589486e-18,-0.15066056118026033,0.15718186570717682
12.662649867666667,0.9774826119010716,-2.846030702774449e-18,-0.14941773485197243,0.14900363734743083
12.696016534333333,0.9787074090519579,-1.7618285302889447e-19,-0.14889420748259447,0.14128808316674746
12.729383201000001,0.9796959906502913,-2.9106169650025895e-18,-0.14884194269075224,0.13431992406112758
12.762749867666667,0.9804437292839804,3.313592889658823e-18,-0.14945745201770747,0.1280334477552483
12.796116534333335,0.9809282122429975,-8.944667923005412e-19,-0.15063284052322404,0.1228396913935477
12.829483201,0.9811709101252261,-1.2061749168901237e-18,-0.15222896877931566,0.11886961844147403
12.862849867666666,0.9812627413736345,2.9544509200229996e-18,-0.15385103582215376,0.1159883234138264
12.896216534333334,0.9812685010784331,1.8295911660692887e-18,-0.15541127068651883,0.11383964922155546
12.929583201,0.9812300789198432,1.5585406229479126e-18,-0.15693413933831588,0.11206787288558785
12.962949867666667,0.9811907674742949,-1.2197274440461925e-19,-0.15828726577140528,0.1104980511946544
12.996316534333333,0.9812102911863597,-2.812149384884277e-18,-0.1593403840589311,0.10879800769284086
13.029683201000001,0.9812713597406835,-2.3242584072658e-18,-0.160175917577536,0.10700557920437832
13.063049867666667,0.9813892083481826,2.608861477543245e-18,-0.16054850067658735,0.10535369318741244
13.096416534333335,0.9815445763811169,4.784042086092288e-18,-0.1606575462584294,0.10372751518779676
13.129783201,0.9817322834190919,-9.283481101907132e-19,-0.16063279715781031,0.10197464474070897
13.163149867666666,0.9819621468107373,1.8634724839594607e-20,-0.16045930259736996,0.1000157709604524
13.196516534333334,0.9821933876426044,2.0244087439377778e-19,-0.1603358236450216,0.09792125881144184
13.229883201,0.9824546590461106,9.910285482875314e-20,-0.16019312265515262,0.09550395998377134
13.263249867666667,0.9827353138999789,7.835054762102278e-19,-0.15997144118599266,0.09295397150626072
13.296616534333333,0.9829869586717589,2.7282931231061014e-18,-0.1598083401643624,0.09054244029822296
13.329983201000001,0.9832254116038012,-1.8465318250143747e-18,-0.15959307170352816,0.08830538738247205
13.363349867666667,0.9834309124018847,-1.9845981954168257e-18,-0.1593836579168887,0.08637412877377454
13.396716534333335,0.9835931229344066,9.016665723522027e-19,-0.15928352595780573,0.08469549500764806
13.430083201,0.9837833495408999,8.876905287225068e-19,-0.15894752655775066,0.08310237642366652
13.463449867666666,0.9840165306354562,9.385125055577648e-19,-0.15827717733433785,0.08160761343915689
13.496816534333334,0.98428100360836,1.5382118322138094e-18,-0.15740942376414885,0.08008232792544367
13.530183201,0.9845469604817146,1.429791614965259e-18,-0.15656299864369858,0.07845578412016697
13.563549867666667,0.9848251610145415,-8.538092108323347e-19,-0.15560141679010991,0.07686092196684102
13.596916534333333,0.9850990648784942,-1.429791614965259e-18,-0.15459947523689088,0.0753580429151002
13.630283201000001,0.9853337391630903,-2.0328790734103208e-20,-0.15382730689647342,0.07385514281254482
13.663649867666667,0.9855282917139587,-5.89534931288993e-19,-0.15327212340911517,0.07239918795834199
13.697016534333335,0.9857054842873102,5.488773498207866e-19,-0.15273901101032333,0.07110198844974287
13.730383201,0.9858497246730681,-1.861778418064952e-18,-0.1522913837717071,0.07005465574060288
13.763749867666666,0.986008922243693,-2.5851445550201246e-18,-0.15159990837859472,0.06930997789231172
13.797116534333334,0.9861740954650786,2.710505431213761e-20,-0.15074701306138907,0.06881854028315064
13.830483201,0.9863056080617385,-1.3654171109739321e-18,-0.15000391499686674,0.06855707834773271
13.863849867666667,0.9864136093558518,1.5517643593698782e-18,-0.14939817748004072,0.0683255138524649
13.897216534333333,0.9864995254511288,3.1069168505287736e-18,-0.14898250294749568,0.06799191202045421
13.930583201000001,0.9865809622362421,-1.0282979979667206e-18,-0.14858636215385282,0.06767642081917954
13.963949867666667,0.9866554903558881,3.2255014631443757e-18,-0.14822067295629643,0.06739121203068467
13.997316534333335,0.9867208386369268,-1.2265037076242269e-18,-0.14788349251411848,0.0671748408369268
14.030683201,0.9867771484779406,3.6253010142484055e-19,-0.14757418988957147,0.067027738438509
14.064049867666666,0.9868128903463599,-1.777075123339522e-18,-0.14730835403164647,0.06708627489099564
14.097416534333334,0.9868276479654262,3.1679032227310833e-18,-0.14701913515757065,0.06750234891131454
14.130783201,0.9868139850451115,5.065257024580716e-19,-0.14677559345403707,0.06822817662521552
14.164149867666668,0.9867875284950492,1.8973538018496328e-19,-0.14655416323345444,0.06908147975814133
14.197516534333333,0.9867740473070313,1.3078188705606397e-18,-0.1463111341852302,0.06978561151650269
14.230883201000001,0.9867730905841879,6.03510974918689e-19,-0.14616225215142828,0.07011036831277143
14.264249867666667,0.9868056712182309,-1.4179331537036988e-18,-0.14593717094841724,0.07012067731496428
14.297616534333335,0.9868492951322321,2.244637310223896e-19,-0.14573880898431582,0.0699190120986415
14.330983201,0.9869242117744932,-5.8106460181645e-19,-0.1453529304144875,0.06966437994568557
14.364349867666666,0.9869761712349513,-1.2959604092990795e-19,-0.1450795760375357,0.06949787069518783
14.397716534333334,0.9870324536876853,-8.99548989984067e-19,-0.1447215452810242,0.0694450120508304
14.431083201,0.9870991515723716,-1.2536087619363645e-19,-0.14427070810760123,0.06943506136841625
14.464449867666668,0.9871403552548824,-6.793204236979489e-19,-0.14397767157322203,0.0694575346209334
14.497816534333333,0.9871869412877012,1.531435568635775e-18,-0.14365737190470454,0.06945863840060448
14.531183201000001,0.9872311068839059,-8.707498697774207e-19,-0.14342151555724378,0.0693181828674225
14.564549867666667,0.9872661209128243,-3.939126721206124e-18,-0.14327675003601292,0.06911858937263216
14.597916534333335,0.987325260153485,2.214144124122741e-18,-0.14295912566717417,0.06893126323614114
14.631283201,0.9873685211588639,-1.215492279309921e-18,-0.14269201470402354,0.06886503005346652
14.664649867666666,0.9874007069062812,-5.759824041329242e-19,-0.1424560981027923,0.06889197423723459
14.698016534333334,0.9874455960666209,-9.571472303973594e-19,-0.1421685914889396,0.06884247528006822
14.731383201,0.9874778767391356,-2.047278633513644e-18,-0.14195079752655573,0.0688288749896697
14.764749867666668,0.9875120108814189,7.055784450628322e-19,-0.1417707237185629,0.06871019037414593
14.798116534333333,0.9875430833118793,-5.315131744020735e-19,-0.14166798046340393,0.06847511894321225
14.831483201000001,0.9875918782260388,3.6930636500287495e-19,-0.14148683177522106,0.06814512819105459
14.864849867666667,0.987639313806219,1.3162892000331827e-18,-0.14126803971670293,0.06791116829344734
14.898216534333335,0.9876638241797543,-1.937587866844212e-18,-0.1411178037260611,0.06786704559767179
14.931583201,0.9876866142728149,-1.0240628332304491e-18,-0.14089816612549055,0.06799160807612539
14.964949867666668,0.9876858593228025,-1.0558265687524854e-18,-0.14076085992466386,0.06828633543430311
14.998316534333334,0.9876723134599098,1.5341884257143515e-18,-0.1407035325450565,0.06859968771132988
15.031683201,0.9876717775321378,-9.122544841928815e-19,-0.14059273434975586,0.0688341696729663
15.065049867666668,0.9876729742981564,-1.9312351197398048e-19,-0.14048761484309985,0.06903134010527555
15.098416534333333,0.9876923874543249,2.6012381810179563e-18,-0.1403485427187776,0.0690364709518921
15.131783201000001,0.9877049167531171,-1.376428539288238e-18,-0.14030774170236918,0.06894008297136771
15.165149867666667,0.9876798033676656,1.6601845766184287e-19,-0.14056039889470115,0.0687850294916851
15.198516534333335,0.9876864583631099,-1.4606024384216341e-18,-0.1406076417429455,0.06859264574008203
15.231883201,0.987713754711468,5.3151317440207346e-20,-0.14055003188001114,0.06831710834265194
15.265249867666668,0.9877447690838923,-6.776263578034403e-19,-0.1404201584000297,0.06813552863461719
15.298616534333334,0.9877897900527705,2.99002630380768e-19,-0.14015026442389217,0.06803847477285911
15.331983201,0.9878402222094034,-6.962610826430349e-19,-0.13983680685289573,0.06795117978712967
15.365349867666668,0.9878948223729698,-4.912791094074942e-19,-0.13946159143709674,0.06792852451298113
15.398716534333333,0.9879315976922922,1.345088320239829e-18,-0.13916146476129565,0.06800915384450763
15.432083201000001,0.9879396291979404,-1.425768208465801e-18,-0.1391411691863265,0.06793396865852913
15.465449867666667,0.9879819022306138,-2.5766742255475816e-18,-0.13893050944588983,0.06775008789576299
15.498816534333335,0.9880352707918577,3.4728350837426314e-19,-0.13863560044600956,0.06757569060124195
15.532183201,0.9880923615651954,-2.2209203877007755e-18,-0.13835971216281726,0.06730583233819692
15.565549867666668,0.9881463254133167,4.946672411965114e-19,-0.13807451048387837,0.06709895026598621
15.598916534333334,0.9882178743164126,1.2451384324638215e-18,-0.13765942961145966,0.06689779010250306
15.632283201,0.9882931591101317,7.453889935837843e-20,-0.13722012913526102,0.06668783859309199
15.665649867666668,0.9883759357823995,-8.876905287225068e-19,-0.13675191912759008,0.06642230183595868
15.699016534333333,0.9884783854012503,6.403569081242511e-19,-0.13618585776908437,0.06605977397960087
15.732383201000001,0.9885793415291123,5.658180087658726e-19,-0.1356589683701386,0.06563177433695176
15.765749867666667,0.9886753425379113,7.318364664277155e-19,-0.13515228204893423,0.06522980694827504
15.799116534333335,0.9887573901271497,1.2671612890924333e-18,-0.1347051298972846,0.06491033390996574
15.832483201,0.9888309941645996,9.859463506040056e-19,-0.1342855143881912,0.06465806682037607
15.865849867666668,0.9888941411716158,-8.809142651444724e-19,-0.13387763661509014,0.06453801957614247
15.899216534333334,0.9889519343335083,7.284483346386983e-20,-0.1334906595325534,0.06445397889639069
15.932583201,0.9889988226922366,-1.2061749168901237e-18,-0.13313658528112768,0.0644668781084581
15.965949867666668,0.9890419314627461,7.758821796849391e-19,-0.1327482949491612,0.06460609875647118
15.999316534333333,0.9890728722887918,-4.777265822514254e-19,-0.13241765273380288,0.06481063606283556
16.032683201,0.9890879000197668,-4.2521053952165877e-19,-0.1322151617708402,0.0649944384728304
16.066049867666667,0.9890949783288258,5.476068003999052e-19,-0.13211258993654815,0.06509521814201914
16.099416534333333,0.9891178466582783,2.272589397483288e-18,-0.13190016754911768,0.06517845673691021
16.132783201000002,0.9891207198098009,-2.1061474233478178e-18,-0.13183544622568463,0.06526573956844547
16.166149867666668,0.9891373225843775,1.9244588561617704e-18,-0.13164546874153962,0.06539745889887091
16.199516534333334,0.989146221464269,1.48908392127306e-18,-0.13145734234594095,0.06564083870809143
16.232883201,0.9891577444062889,-5.13301966036106e-19,-0.13122965817557286,0.06592217757466101
16.266249867666666,0.9891849111704333,1.5805634795765244e-18,-0.13090454053309822,0.06616050771087577
16.299616534333335,0.9892033884915213,6.039344913923161e-19,-0.1307020147184652,0.06628453473795122
16.332983201,0.989241486898542,-2.1921212674941293e-18,-0.13043657840365266,0.0662388074553702
16.366349867666667,0.9892873978844733,-3.5405977195229754e-19,-0.13011986894110186,0.06617600844504258
16.399716534333333,0.9893366721777705,3.7269449679189215e-19,-0.12978561304506375,0.06609571643254833
16.433083201000002,0.9893820060777304,3.339003878076452e-18,-0.129542574160013,0.06589360765357595
16.466449867666668,0.989434715453426,4.777265822514254e-19,-0.12927993525256304,0.0656173924862251
16.499816534333334,0.9894671265004438,2.9857911390714087e-18,-0.12914724437167704,0.0653895622110825
16.533183201,0.9894912815615833,-7.907052562618894e-19,-0.1290651883430542,0.06518574132114749
16.566549867666666,0.9895238076857567,-1.4314856808597676e-19,-0.12892665852989585,0.06496576593404782
16.599916534333335,0.989544088147416,-7.703764655277862e-19,-0.12882444312751165,0.06485954413488833
16.633283201,0.9895585718397023,7.763056961585663e-19,-0.12870638261600742,0.06487295254935285
16.666649867666667,0.9895734137249501,-3.0696474008495844e-18,-0.12854036684662476,0.064975633430418
16.700016534333333,0.9895718074518158,9.05478220614847e-19,-0.12843142545610214,0.06521508147553061
16.733383201000002,0.9895674925953121,-3.867764195399949e-19,-0.1283344827925153,0.06547089525128534
16.766749867666668,0.9895527025896306,-1.5411764475291995e-18,-0.12832728803962942,0.06570811169066045
16.800116534333334,0.9895586642240336,-1.6551023789349029e-18,-0.12824926049884147,0.06577064117557743
16.833483201,0.9895686238448701,2.2962004408880014e-18,-0.12819224382390318,0.06573193535232984
16.866849867666666,0.9895844844948215,4.802676810931883e-19,-0.12810937192882568,0.06565467897355268
16.900216534333335,0.9896166554462922,6.818615225397118e-19,-0.12793461062807907,0.06551038594556235
16.933583201,0.9896368608162489,1.2737257944336541e-18,-0.1278298905560693,0.06540950079448361
16.966949867666667,0.9896633066647916,9.147955830346444e-19,-0.12762088015631404,0.06541750827903976
17.000316534333333,0.9896917028383692,-9.33430307874239e-19,-0.1274134964061647,0.06539215753013011
17.033683201000002,0.9897229509226443,1.472143262327974e-18,-0.12714055403149432,0.06545043878796858
17.067049867666668,0.9897534636763852,1.748276003132876e-18,-0.12684003905218186,0.06557198817970565
17.100416534333334,0.9897722197767885,2.4326786245143506e-18,-0.126636562852155,0.06568206686090819
17.133783201,0.989780294122162,-3.592266729305488e-18,-0.1265006116775983,0.06582221974865429
17.167149867666666,0.9897894360487814,2.4177496688189935e-18,-0.12644911194883918,0.0657836938274603
17.200516534333335,0.9897979770292498,4.925496588283756e-19,-0.12647284443572976,0.06560933080851156
17.233883201,0.989843037269413,3.066259269060567e-19,-0.12623017228566752,0.0653965226445124
17.267249867666667,0.9898989366670198,2.2632720350634905e-18,-0.12588130379368928,0.06522263825317531
17.300616534333333,0.9899408821566111,-1.5898808419963217e-18,-0.12560065132941395,0.0651270007033772
17.333983201000002,0.9899843661514055,-3.3542504711270293e-19,-0.12525332479919252,0.0651349322756087
17.367349867666668,0.9900072801725022,3.2780175058741423e-19,-0.12503320794755812,0.06520952473211024
17.400716534333334,0.990034316243588,5.319366908757006e-19,-0.12481392115336912,0.06521915168423795
17.434083201,0.9900772070137066,-5.590417451878382e-20,-0.12453373894461846,0.06510354841643937
17.467449867666666,0.990131310064136,8.385626177817573e-19,-0.12418818805069017,0.06494060963191278
17.500816534333335,0.990203633477758,-1.2569968937253817e-18,-0.12373586537259224,0.06470084905116608
17.534183201,0.990272310832212,1.8262030342802715e-18,-0.12324741235689311,0.0645819304942247
17.567549867666667,0.9903088349698954,7.403067959002585e-19,-0.12295340467234811,0.0645822859617585
17.600916534333333,0.9903370676256756,1.824508968385763e-18,-0.12264701405484281,0.06473177295586145
17.634283201000002,0.9903585488782923,5.192311966668861e-19,-0.12231920541001035,0.06502273949586211
17.66764986766667,0.9903829120895866,-1.1163894244811678e-18,-0.12199472638407984,0.06526081653966354
17.701016534333334,0.9904124974532574,9.317362419797304e-19,-0.12165922775518578,0.06543788803447916
17.734383201,0.9904401181332511,-4.472333961502706e-19,-0.12131435822100625,0.06565972038942419
17.767749867666666,0.9904679539121204,-6.14945919706622e-19,-0.12098893974951805,0.06584002378056486
17.801116534333335,0.9904779572121525,-1.187540192050529e-18,-0.12079938093120522,0.06603730645233138
17.834483201,0.9904832705568378,2.44686642638086e-19,-0.12067979371428679,0.06617611454374873
17.867849867666667,0.9905075498341396,-1.136718215215271e-18,-0.12046293280056414,0.06620782085717641
17.901216534333333,0.9905362463953086,-5.590417451878382e-19,-0.12022245877453772,0.06621559471376313
17.934583201000002,0.9905625364225007,-5.819116347637043e-19,-0.11999707543434086,0.06623113560423885
17.96794986766667,0.9906088719303735,2.456395547037471e-19,-0.11961817985578163,0.06622351471209245
18.001316534333334,0.9906301849862167,1.1434944787933055e-18,-0.11941718158959556,0.06626743797199054
18.034683201,0.9906287115136087,-9.190307477709159e-19,-0.1193403116502861,0.06642774977447423
18.068049867666666,0.9906284705355375,2.1429933565533799e-19,-0.119278914536954,0.06654152020586761
18.101416534333335,0.9906239828048249,-2.056172479459814e-18,-0.11931774941235569,0.0665387057814953
18.134783201,0.9906291597346856,1.9947625907838773e-18,-0.11925388719912745,0.0665761088623305
18.168149867666667,0.9906481423875022,-7.453889935837843e-19,-0.11906209330497042,0.06663689610140765
18.201516534333333,0.9906579836838468,8.97007891142304e-19,-0.11892680792375954,0.06673210412178077
18.234883201000002,0.9906712394472041,-5.082197683525802e-19,-0.11875065623954285,0.0668489115455001
18.26824986766667,0.9906873675370504,6.047815243395704e-19,-0.1185346725738667,0.0669930683005009
18.301616534333334,0.9907332468631858,9.791700870259712e-19,-0.11813087726641323,0.06702782553684296
18.334983201,0.9907774231804344,1.4264034831762418e-18,-0.11780416481362414,0.06694980558973232
18.368349867666666,0.9908086826364358,1.8295911660692887e-19,-0.11764692955213833,0.06676342096691112
18.401716534333335,0.9908391884095267,-9.952637130238029e-19,-0.11751941542824447,0.06653487588741928
18.435083201,0.9908599272034181,-9.861581088408192e-19,-0.11743632578941973,0.06637253986038545
18.468449867666667,0.9908735279011369,7.309894334804612e-19,-0.11731058258498134,0.06639185882566652
18.501816534333333,0.9908608128645525,1.790098254903557e-18,-0.11729645848449363,0.06660623361513417
18.535183201000002,0.9908507754010654,3.612595520039591e-19,-0.11725897015035229,0.06682121524176496
18.56854986766667,0.9908449772372185,6.112401505623845e-19,-0.117208602125315,0.06699533320766178
18.601916534333334,0.9908487531743709,7.165898733771381e-19,-0.11708478908021204,0.06715579274222652
18.635283201,0.990859010946066,-2.490276864927643e-19,-0.11691595014032787,0.06729844745436594
18.668649867666666,0.9908741606900666,1.8007920458626425e-18,-0.11671602034341313,0.06742231286415659
18.702016534333335,0.9908860882073619,-2.634272465960874e-19,-0.11653196300231412,0.06756524103368114
18.735383201,0.9909076514164578,6.623797647528629e-19,-0.11629050059175565,0.067664952792703
18.768749867666667,0.9909155155514429,-3.850294140862829e-19,-0.11619834132312626,0.06770809784045549
18.802116534333333,0.9909150360587045,-5.912289971835016e-19,-0.11611123751941947,0.06786436350902651
18.835483201000002,0.9909351534958643,-1.5975041385216104e-18,-0.115821838670463,0.06806484594209532
18.86884986766667,0.9909327120655543,-3.0959054222144677e-19,-0.11578074618714804,0.06817022055672431
18.902216534333334,0.9909505574176001,1.818579737754983e-18,-0.11559392277282553,0.06822783722013667
18.935583201,0.9909623032637572,2.333787527922411e-18,-0.11546960717565907,0.06826773270651686
18.968949867666666,0.9909702629071538,-6.335806445462167e-19,-0.11535306138457288,0.06834917163311773
19.002316534333335,0.9909701770495888,4.029759246562334e-19,-0.11528017424342349,0.06847327671955497
19.035683201,0.9909700469432993,-3.8624702394796095e-19,-0.11528826809483048,0.0684615315406383
19.069049867666667,0.9909763891647516,-1.5559995241061497e-18,-0.11531801091297103,0.06831948826701441
19.102416534333333,0.9910181890887506,-8.165397611531455e-19,-0.11507240041743981,0.06812702516198621
19.135783201000002,0.991050117602461,-4.489274620447792e-19,-0.11488450902586819,0.06797951151658224
19.16914986766667,0.9910826899175704,-3.3373098121819433e-19,-0.11466088369115154,0.06788212943711468
19.202516534333334,0.9911205615653559,-3.6591823321385775e-19,-0.11443629186392126,0.06770795778052116
19.235883201,0.9911618802138868,-1.3349239248727773e-18,-0.11414510207774695,0.06759454772785667
19.269249867666666,0.9911957576960095,-7.013432803265607e-19,-0.11388415777874598,0.06753790441270305
19.302616534333335,0.9912441474723378,5.209252625613947e-19,-0.11363598688803675,0.06724509339587922
19.335983201,0.99130086262029,6.2849844686269085e-19,-0.11339946242520738,0.06680689852060794
19.369349867666667,0.9913520889174254,-1.3078188705606397e-18,-0.11316244528820395,0.06644769954973218
19.402716534333333,0.9914079618404554,1.2705494208814505e-18,-0.11280864610317352,0.0662152743989088
19.436083201000002,0.9914479365338561,-4.9636130709102e-19,-0.11242065094015971,0.06627659002203852
19.46944986766667,0.9914626290542103,1.2891841457210451e-18,-0.11212123382237393,0.06656338419177633
19.502816534333334,0.9914449784544156,-1.1350241493207625e-19,-0.11199203663282274,0.0670420646188345
19.536183201,0.9914269667212888,-2.862971361719535e-19,-0.11183791589273613,0.06756367534847146
19.569549867666666,0.9914038027784022,6.068991067077062e-19,-0.11176871755337146,0.06801656866527157
19.602916534333335,0.9913942363200301,-6.836614675526272e-19,-0.11172584383880185,0.06822612410163796
19.636283201,0.9913902893862295,-9.507944832929521e-19,-0.11177220645973471,0.0682075360485249
19.669649867666667,0.9914101039079379,6.877907531704919e-19,-0.11170122225842119,0.06803559961686809
19.703016534333333,0.9914146822997603,6.022404254978075e-19,-0.1117628275901085,0.06786750392882582
19.736383201000002,0.9914142273756438,-9.939931636029214e-19,-0.11183795991495962,0.06775028028883327
19.76974986766667,0.9914193530276049,1.0740377771184528e-18,-0.11167386927901304,0.06794566478134854
19.803116534333334,0.991389512641304,7.197662469293417e-19,-0.1116738291600423,0.06837974923594846
19.836483201,0.9913692987098743,4.531626267810507e-19,-0.11162192996534026,0.06875651479172579
19.869849867666666,0.9913557865794185,5.412540532954979e-19,-0.11150030289880929,0.06914757312427189
19.903216534333335,0.9913173193446507,1.8295911660692887e-19,-0.11159963410672002,0.06953771663336486
19.936583201,0.9912861028370489,-1.2485265642528387e-18,-0.1116717461443832,0.06986618234310575
19.969949867666667,0.991261868040312,-2.1345230270808369e-19,-0.11184751108402334,0.0699288440741048
20.003316534333333,0.9912392341295686,-4.2775163836342167e-19,-0.11209881311280823,0.06984723917898213
20.020232595999833,0.9912337007919423,6.68308995383643e-19,-0.11218062026730513,0.06979440415071286
