0.016683218,-0.9983312325853074,0.007809409584689948,0.05721680842759218
0.216683218,-0.9870377214781314,0.1307705229110575,-0.09303551320236667
0.416683218,-0.9485285715509857,0.25772305387881966,-0.1840444958449497
0.6166832180000001,-0.9129185624752577,0.3232536941530527,-0.2491721242525211
0.8166832180000001,-0.927003641752085,0.30739831116645755,-0.21487328002890782
1.016683218,-0.9383337585539981,0.3011935790218182,-0.16974152560276595
1.2166832180000002,-0.9717864371040319,0.20290986758533106,-0.12024436077070556
1.4166832180000002,-0.9973365787893697,0.04952852465165281,-0.05354132847200113
1.6166832180000001,-0.9979471223930106,-0.059726889536094556,0.02311362312258588
1.816683218,-0.9889940610325884,-0.1132364331506265,0.09522739862871583
2.016683218,-0.9931902374669775,-0.11564072544718584,-0.014155381250181445
2.216683218,-0.9659778071061527,-0.07619469959888167,-0.2471461995083577
2.416683218,-0.9510094904843696,-0.05718008088146473,-0.3038278910157017
2.616683218,-0.9408109947882425,-0.049169003804406614,-0.33534621087831007
2.816683218,-0.9481606403424905,-0.05652685286424954,-0.3127237039474014
3.016683218,-0.9677277841185973,-0.09988497197918654,-0.2313567120652156
3.216683218,-0.9727993630977383,-0.13347240627325194,-0.18933176151999118
3.416683218,-0.9777590805647352,-0.15413905652848792,-0.14222633942315988
3.616683218,-0.9789695919040907,-0.1711801093817869,-0.1109770619505547
3.816683218,-0.9791101166243509,-0.18203129398401333,-0.09059794442676955
4.016683218,-0.9842060873035682,-0.16651975915650802,-0.06007951002679555
4.216683218,-0.9983975886937689,0.05626661319248697,-0.0060268673715950715
4.416683218,-0.9939558883463391,0.10910303926796502,0.012174516176546954
4.616683218,-0.9942547969105412,0.10661741436218794,0.00949345959594846
4.8166832180000005,-0.9952454415797284,0.09660250887900343,0.012428446928445925
5.016683218,-0.9968569073715767,0.07803726244646741,0.013656203551390089
5.216683218,-0.9975633136295721,0.06722812780044873,0.01864977567785352
5.416683218,-0.9977255116459951,0.06349492064662052,0.022631802023186463
5.616683218,-0.9983021593675224,0.054218248967244004,0.021288026706759475
5.8166832180000005,-0.999760085238292,0.0036580031229639614,0.021596087087136496
6.016683218,-0.9866167725611124,-0.16305228322077162,-0.0011388755805829386
6.216683218,-0.9600309005598094,-0.27947512727405255,-0.01530761919676064
6.416683218,-0.9496589632789424,-0.3127548466361826,-0.01822798314523338
6.616683218,-0.9447181193320922,-0.3271629094987579,-0.02172799240478712
6.8166832180000005,-0.9364194477703538,-0.3480045849888336,-0.04484893158387978
7.016683218,-0.9113535636694445,-0.39594196647932317,-0.1125372878982365
7.216683218,-0.874414591494586,-0.46507842087098844,-0.13820703535458692
7.416683218,-0.858844037057466,-0.49211661947509644,-0.14215538275857476
7.616683218,-0.8561590313261574,-0.4981687393106537,-0.13718462104875204
7.8166832180000005,-0.8507722363870892,-0.5118431927647266,-0.11917696007753478
8.016683218,-0.8363376476404966,-0.5368322559399803,-0.11113266001294043
8.216683218000002,-0.8283073316288468,-0.5501735042541295,-0.10590599410151987
8.416683218000001,-0.8232991488010284,-0.5579403812711852,-0.1043122357658338
8.616683218,-0.8153468076450845,-0.5689571461257394,-0.10722569251547487
8.816683218000001,-0.8129423412431525,-0.5714896728340682,-0.11191203535863181
9.016683218,-0.8160073415041885,-0.567059895620111,-0.11213872386725061
9.216683218000002,-0.8153276661258877,-0.5690217436162897,-0.10702827729899679
9.416683218000001,-0.8206797740085747,-0.5632061196448588,-0.0963513120191694
9.616683218000002,-0.8305716430184712,-0.5496912654274694,-0.08938824601895387
9.816683218000001,-0.8567997627794982,-0.5090591954136648,-0.08217604313781667
10.016683218,-0.9104074635020079,-0.4080467981110249,-0.06823533506315498
10.216683218000002,-0.9884373417743613,-0.1497492233384688,-0.023807383215299453
10.416683218000001,-0.9637974523573685,0.2623464214530058,0.04763219478722647
10.616683218000002,-0.8736226714955827,0.48176383542492346,0.06846192171995266
10.816683218000001,-0.8308156647902047,0.5522088926425286,0.06935899383441967
11.016683218,-0.8271985951487862,0.5538479449561744,0.09484164724263812
11.216683218000002,-0.8550866989618701,0.5043117228632815,0.1204010940197844
11.416683218000001,-0.8766621405499653,0.44955589001643953,0.1713563336380666
11.616683218000002,-0.8957625062446575,0.3882669530743318,0.21646779334733549
11.816683218000001,-0.9179203331798959,0.30093635163695004,0.2585721837289376
12.016683218,-0.9262305200822203,0.21628581590222143,0.3087352741552711
12.216683218000002,-0.9226587125727583,0.14541892199323858,0.3571473606789008
12.416683218000001,-0.9217078477924159,0.09430305296852158,0.3762466976847631
12.616683218000002,-0.929009185186225,0.047482804924402704,0.36699770718103625
12.816683218000001,-0.9363772542787459,-0.030688886421849717,0.3496510116095534
13.016683218,-0.9401590337263737,-0.1265831322222593,0.3163505997141351
13.216683218000002,-0.9379890360264905,-0.19796034049342381,0.28458438447290524
13.416683218000001,-0.9250819366600127,-0.2616049833357195,0.2752930132772692
13.616683218000002,-0.898850308098788,-0.3258194566025601,0.29310374499471364
13.816683218000001,-0.8534547903984249,-0.40417044285250153,0.3290306579490636
14.016683218,-0.8222537966728286,-0.4547262670503766,0.342231962141978
14.216683218000002,-0.8019344121556256,-0.48641725507804934,0.3468421147481194
14.416683218000001,-0.7960162793795784,-0.48662363629086763,0.35993821631739287
14.616683218000002,-0.8566789559727851,-0.3774378254757175,0.3516274367758306
14.816683218000001,-0.9732105230848261,0.0009901358198411482,0.22991367377347882
15.016683218,-0.9509484693432063,0.3030284680616112,0.06221540161443643
15.216683218000002,-0.9044142564236575,0.42527853281322625,0.03424941321938172
15.416683218000001,-0.8760500051790007,0.4819838121273744,0.01509944611688948
15.616683218000002,-0.85439286358838,0.5195531688014499,0.008794284372260154
15.816683218000001,-0.8406060235787354,0.5416395094098444,-0.0028556907062241145
16.016683218,-0.7959824587710753,0.6052943622264592,-0.005537182100829715
16.216683218,-0.6600271743077389,0.7497851556164422,-0.04675841734457179
16.416683218000003,-0.5438816733336922,0.8334027243009453,-0.09814593491075095
16.616683218000002,-0.4978474993884324,0.8555187101759184,-0.14225190294550694
16.816683218,-0.40158872836887277,0.8984784062606045,-0.1773782589002259
17.016683218,-0.4013297446029905,0.894880620339626,-0.1952514057246824
17.216683218,-0.4343873036420671,0.8793503841774238,-0.1950655589323536
17.416683218000003,-0.4198323113791782,0.8885551043403701,-0.18496123072874063
17.616683218000002,-0.44606483515302203,0.8747854421284811,-0.18914701446225712
17.816683218,-0.5101123690323612,0.8380774579616429,-0.19342064371918263
18.016683218,-0.5723658700404286,0.7960334469691923,-0.196794466688496
18.216683218,-0.6189450184014252,0.7576143756972169,-0.20718957969206808
18.416683218000003,-0.6423955115973169,0.7393667159558223,-0.20165531487249233
18.616683218000002,-0.6532141493943444,0.7336560549111777,-0.18724333932930803
18.816683218,-0.6749552658052926,0.7181192243204262,-0.16952925654038803
19.016683218,-0.7130436552553483,0.688435569971422,-0.1327599777727289
19.216683218000004,-0.7665627638032818,0.6361752019503804,-0.0875365156587047
19.416683218000003,-0.8157047472945316,0.5753420111791412,-0.0600610973385113
19.616683218000002,-0.8512851042324705,0.5231394424395927,-0.04048203398921305
19.816683218,-0.8758409366166673,0.482023371905538,-0.023582253566066812
20.016683218,-0.8852730826428671,0.4644515707354731,-0.024006407256143815
20.216683218000004,-0.8938542516855635,0.4472186463471714,-0.03193836412600562
20.416683218000003,-0.9119327516836137,0.40708058979076445,-0.05161443424427111
20.616683218000002,-0.929097099660032,0.3602536615845262,-0.083641369657955
20.816683218,-0.9352514350310561,0.34059268168514484,-0.09644365430069683
21.016683218,-0.9367364781364949,0.33496985861796325,-0.10158722530858712
21.216683218000004,-0.9424257576142231,0.31644543338645265,-0.10814794993025893
21.416683218000003,-0.9288445012360104,0.3560854387755139,-0.1022303908614127
21.616683218000002,-0.8079469626933796,0.5877205227748711,-0.042500500982633034
21.816683218,-0.5721702247637926,0.8180607361976009,0.05829121533807816
22.016683218,-0.23412661076597524,0.968056823213292,0.08972578872000458
