0.04,-0.9934983294702351,-0.05919165851937846,0.09724925141911112
0.24000000000000002,-0.9963321530759113,-0.04243682800770193,0.07430583002540316
0.44,-0.996464105869329,-0.04085565563077313,0.07341730802078372
0.6400000000000001,-0.9980004414139867,-0.030944141671118933,0.055114236216475224
0.8400000000000001,-0.9993431246971607,-0.019401586850345834,0.030608782207135286
1.04,-0.9998711300152545,-0.009886896685580274,0.012648028935248589
1.2400000000000002,-0.9997439418683108,0.021935643224630014,-0.005556820487786896
1.4400000000000002,-0.9990728168645217,0.04180648161635646,-0.010282251565256303
1.6400000000000001,-0.99901966977357,0.043724145702072746,-0.006920873364771873
1.84,-0.9994510467062077,-0.03147375978491632,0.010344451791552823
2.04,-0.997583045472743,-0.06888983065819843,0.009069653643449605
2.24,-0.9731394405476628,0.22548429732424335,0.046437710007865174
2.4400000000000004,-0.9854574671993451,0.166107900383233,0.03580147722267583
2.64,-0.9855186770375097,0.16878446832814853,0.016270846979204386
2.8400000000000003,-0.9993353349597235,-0.012389119596370141,0.03428407817871309
3.04,-0.9987228570081068,-0.042717194622766824,0.02697955101786386
3.24,-0.993440353257346,-0.1142743048379907,0.004200925340118918
3.4400000000000004,-0.9960805588809131,-0.08232526359073064,-0.03234302388776899
3.64,-0.8453254580422227,-0.5337406733018308,-0.02336158489945976
3.8400000000000003,-0.6924704470823505,-0.7200190700949968,0.04535657192850723
4.04,-0.38904028131593243,-0.9199391967603904,0.048575032449480325
4.24,0.007827224409958311,-0.9993710261843365,0.0345873760395626
4.44,0.30943100297462045,-0.9493442338992546,0.05475381229063934
4.640000000000001,0.5111381196692889,-0.83490210006791,0.204147755126373
4.840000000000001,0.5698922851016286,-0.792420272378698,0.21746929738451432
5.04,0.6901178074738987,-0.5678098653858386,0.4486974131616263
5.24,0.7569917450843652,-0.5960495758083786,0.2677468973728352
5.44,0.7734332541394944,-0.5973548066425143,0.21205715355129312
5.640000000000001,0.5980045920355209,-0.796654971082303,0.08792818066061289
5.840000000000001,-0.06950856285624951,-0.9746654319640383,0.21259316880843854
6.04,-0.9596526223870889,-0.2811734078585668,-0.0028912036911264093
6.24,-0.9833488851004777,-0.18115351934819912,0.014435116882427811
6.44,-0.9956307754017684,-0.09211882136754362,0.01528011199984513
6.640000000000001,-0.9975881466216137,0.06454966646180055,0.02551921393234121
6.840000000000001,-0.9969466877789434,0.020358952725155904,0.07538444647623857
7.04,-0.9996182373285988,0.027629304169194048,3.392920065214711e-05
7.24,-0.9830314851245477,0.18314705609890294,0.010308011259775254
7.44,-0.9357389328115225,0.3410688833315115,0.0898034879264117
7.640000000000001,-0.9135222916816647,0.4035970902241435,0.05085677303255191
7.840000000000001,-0.6527804593896962,0.7544071120269396,-0.06890269343175458
8.04,-0.7021751610095714,0.7032197924258535,-0.11149873004533267
8.24,-0.3451820599876979,0.9371707786792606,-0.050599180352634096
8.44,-0.3906244082632845,0.9136445911170451,-0.11254391494668359
8.639999999999999,-0.37946308343288826,0.6891921055922731,-0.6172698031662446
8.84,-0.4812078787446037,0.5643548236249041,-0.6707776162674352
9.04,-0.49215114796390963,0.5446630780642729,-0.6790650771106979
9.24,-0.6377514251927152,0.6191471243858143,-0.45818114106697755
9.44,-0.22918887418744976,0.5974280272948695,-0.7684739502099278
9.64,-0.03247228705653381,0.2650761169399822,-0.9636805501831711
9.84,-0.02003465547261523,0.2657365266211965,-0.9638374920075459
10.04,0.0435577059000221,0.40563892327951917,-0.9129949562715886
10.24,0.2538573290005932,0.9612176287635481,0.10778277537188537
10.44,0.5688328281526731,0.7503003286280837,0.3368658939050093
10.64,0.38510406095070915,0.9206250435043979,0.0643769486058332
10.84,0.6913416786024423,0.6872869009977457,0.22289773247853484
11.04,0.7513237920624181,0.6251292594881637,0.21148514939051685
11.24,0.7266042408874015,0.6741671101959097,0.13245748244074249
11.44,0.6576370833128603,0.7500513878447516,0.07025939256723386
11.64,0.6884033501464007,0.7226911350070695,0.0617928061298857
11.84,0.9314897858848935,0.34416479335911965,0.11780226570057795
12.04,0.9341169115389483,0.3332166562381512,0.12803224430744997
12.24,0.9569355511198524,0.025944695280159948,0.28913876217097567
12.44,0.9660785109884187,0.070870365132108,0.2483338518052694
12.64,0.9580702760298263,-0.023893660640372984,0.28553535537536356
12.84,0.948651065952357,-0.05827911856973175,0.31090947139994246
13.04,0.9626161021875653,-0.1925610935874059,0.19050056442341923
13.24,0.9520902569050692,-0.24374819870970324,0.18469152209079487
13.44,0.8487755419186522,-0.528056485378577,0.027137201224950065
13.64,0.7706461082222296,-0.6368564385892684,-0.022769552242533787
13.84,0.7034427329170622,-0.7101503695285657,0.029236521075823075
14.04,0.6250050063447969,-0.7789675616393185,0.05077676592335287
14.24,0.6263859022868999,-0.7773719175963358,0.05773736354235164
14.44,0.5841293239568474,-0.7446519603570374,0.3229340347967959
14.64,0.580110541611919,-0.7518517814338239,0.31335388662901836
14.84,0.5835322573092938,-0.7523184384671346,0.30578926047507327
15.04,0.6148937482006347,-0.778450627874731,0.12617566479005238
15.24,0.38678834319939714,-0.9206955103042842,0.05210139029429992
15.44,0.16303364847887525,-0.9860372029956809,0.03392143528981763
15.64,0.19459936192984406,-0.9801418412500121,0.03811901582587686
15.84,0.2264679818448117,-0.972797452162747,0.04875828406338704
16.04,0.6527020770614307,-0.7008191034586402,0.28780650240590866
16.24,0.7161099662248549,-0.6388089228184429,0.28126442434296256
16.44,0.93610158715508,0.10443237505481416,0.33586857186428015
16.64,0.8309921608654179,0.47533713125522203,0.28897515503980475
16.84,0.552946885439354,0.7913251352018021,0.26087213780081564
17.04,0.10081508446695692,0.9803921528897056,0.16931492933645503
17.24,-0.2977138418351256,0.95064301459985,0.08743184301088029
17.44,-0.5291294445698523,0.8485399896590028,0.00138449944012616
17.64,-0.5952991314107529,0.8031319151981982,0.024455488784274074
17.84,-0.9218688713000078,0.37225902873414735,0.10761505310112963
18.04,-0.9828570981977707,0.1393671913087212,0.12070091345543447
18.24,-0.9749399859757392,-0.19784256963385122,0.1017366275551767
18.44,-0.8020466958630553,-0.5951735424149541,0.049895411255853395
18.64,-0.5403348055010952,-0.8397444130130767,0.05355015198314271
18.84,-0.22701832460956145,-0.9726013867567667,0.05009214279986943
19.04,0.18508011232960964,-0.9602812994523078,0.20881852873307755
19.240000000000002,0.24972013943694876,-0.9548440982562534,0.16097391088245708
19.44,0.5296349720061497,-0.8106629271055459,0.24962454816126015
19.64,0.783595882098161,-0.5381096573824604,0.31050843819538276
19.84,0.8086727657678495,-0.3695546383733096,0.45768736836638685
20.04,0.8583193624336393,-0.31530287050544786,0.4048110323626763
20.240000000000002,0.8149994516126444,-0.5793993620329512,-0.008501361473190626
20.44,0.8054307388684975,-0.5926546860467307,-0.006461268652294186
20.64,0.8100099396427792,-0.5853531322973007,0.03529317483083891
20.84,0.8042648584084783,-0.5938572842790114,0.02217122996018336
21.04,0.804827697369013,-0.5922086156197461,0.039259815759068444
21.240000000000002,0.7595378315411871,-0.6259534030742289,0.17687458731401592
21.44,0.7581239370581421,-0.6290142202300544,0.17201513540336752
21.64,0.6755097362843138,-0.7067204234145902,0.21031604625847997
21.84,0.6574557802539367,-0.7226448309290404,0.2133924678666668
22.04,0.9637556090455262,-0.25705494926167743,0.07139943342466927
22.240000000000002,0.9834563728477177,-0.17926176935431506,0.026053421141410092
22.44,0.9999660302297414,-0.008234649065335447,0.00035908403258841885
22.64,0.9897980368850277,0.1350336180424677,0.04545072251247911
22.84,0.9588499462195029,0.26577388027563864,-0.09985502089573071
23.04,0.9567821983702794,0.2871187355460891,-0.0461590357367918
23.240000000000002,0.9618243977776739,0.2721577816695578,-0.028704872692977678
23.44,0.9646418329533508,0.2627014103961412,-0.021309694795515435
23.64,0.9750742334982729,0.2214681917246608,-0.013493673405149486
23.84,0.9829542498368841,0.1828679864584684,-0.018980048899677044
24.04,0.9854183907020931,0.16834433540744886,-0.024713963711260827
24.240000000000002,0.9843043570665199,0.17400456829477254,-0.029450685432007226
24.44,0.9625200801193645,-0.2515292839014171,0.10143034411384337
24.64,0.9365269596402479,-0.344935570586281,0.06274317501776461
24.84,0.8818309524495507,-0.46154310249501884,0.09670644157030651
25.04,0.7249892175277222,-0.6828437962760887,0.09008320795687008
25.240000000000002,0.681426347311099,-0.7290031346346905,0.06490425935983592
25.44,0.5927608075019211,-0.8027693371588054,0.06477666560793843
25.64,-0.06362860052702146,-0.9964308213241093,0.055470888854727896
25.84,-0.06824056245546467,-0.9957821687575314,0.061327791581871176
26.04,-0.4238792105578264,-0.9056764717241992,0.008748909765222199
26.240000000000002,-0.6483946187155546,-0.7606685023170611,0.031110255598918744
26.44,-0.8210991904583702,-0.5705061580243564,-0.017856177779630077
26.64,-0.9128886770786424,-0.4064870670899809,-0.0374503344469935
26.84,-0.8991374949341437,-0.43171448725652656,-0.07193307095062365
27.04,-0.9980288753790015,-0.025661378293181894,-0.057270040805119604
27.240000000000002,-0.8306767075625371,-0.5335987566495326,-0.15889800003504126
27.44,-0.8490076307885701,-0.5157631955430823,-0.114779654059281
27.64,-0.8939049237798739,-0.4294620034283021,-0.12843821414768822
27.84,-0.8969515534971546,-0.42907098836935575,-0.1066583218449693
28.04,-0.884269212500166,-0.4547381498193155,-0.10621287550594836
28.240000000000002,-0.868372472168582,-0.48210622786022184,-0.11620169808661472
28.44,-0.8604186221396956,-0.49264809843594815,-0.13029829539434723
28.64,-0.9133553787323045,-0.3908503770270584,-0.11409616522291764
28.84,-0.9877641740780887,-0.15574546086353283,-0.008080088380546076
29.04,-0.9868902336968297,-0.16061742648108737,0.015802181634493567
29.240000000000002,-0.9773827243077342,-0.21116535411474163,-0.011497975751728621
29.44,-0.9729461575197597,-0.23100549705144197,0.003497842127843389
29.64,-0.9831463743217794,0.18187827896199618,0.01853370712412384
29.84,-0.9263599568278251,0.37651660223019096,0.009616581044360313
30.04,-0.878281688050501,0.4779999895254811,0.011716930007578187
30.240000000000002,-0.8333074793077822,0.5390329377211922,0.12264639000546224
30.44,-0.7858723520503106,0.6089376143931693,0.10770156944106778
30.64,-0.7550852487171107,0.6484318532354574,0.09686278376884501
30.84,-0.7123679677914396,0.6964577481554612,0.0864782255768413
31.04,-0.6745911765969932,0.733893999484925,0.07953830509575367
31.240000000000002,-0.44904739988702164,0.8821805751550211,-0.14182336011342322
31.44,-0.3900881687852076,0.9199090307554455,-0.039982442501437156
31.64,-0.35992823065589347,0.9320383736658154,0.04190630968362713
31.84,-0.18347426697884572,0.9826616226331027,-0.02670821522777463
32.04,-0.07782874266656037,0.9967624120250261,-0.020183676300297725
32.24,0.02079715340966548,0.9996352227331831,-0.01723078295476771
32.44,-0.028680292219550207,0.9993118617807992,0.02352113395212895
32.64,-0.00891874148302213,0.9997352715258984,-0.021209500639987226
32.84,0.2879496521504951,0.9526549602784932,-0.09763976896322323
33.04,0.3556154482182719,0.9344496469954798,-0.018479995090398153
33.24,0.45154216629090893,0.890417048111939,0.05715901060142405
33.44,0.6776112281679519,0.6972557500458385,0.23383208182098228
33.64,0.8030109857955694,0.5938456691949828,0.05020635288477931
33.84,0.787070460732673,0.6138153881289246,0.06124344159332891
34.04,0.6978392755795793,0.6843336596338092,0.21144216171512722
34.24,0.6462949365160344,0.6818720083053735,0.34256885340516785
34.44,0.6119963390019135,0.6989222158675485,0.3700921739446152
34.64,0.5914614284198962,0.7121034793862056,0.3782618317218333
34.84,0.6040929987909303,0.7051388937021813,0.3712826273881464
35.04,0.8476410169938314,0.49835436757527635,0.18206490773432804
35.24,0.8649404149619286,0.4726236741794257,0.1688340640114643
35.44,0.717728270067509,0.6332941588588883,0.2894903084752813
35.64,0.6980141985058765,0.6554459500141265,0.28838652065288684
35.84,0.5997227343996754,0.7999452679644401,-0.020499026939746555
36.04,0.6142059576953615,0.7885547164887066,-0.030536873365480197
36.24,0.6145522549997823,0.7886108452501126,-0.020456310238780775
36.44,0.6022462534093839,0.7980082282615468,-0.0219617367534379
36.64,0.8311685073419249,0.5555526972660516,0.022805985254116864
36.84,0.840382589246304,0.5416982063842302,-0.017892928541340385
37.04,0.8356724917989439,0.5492267311165049,-0.0012183093296767003
37.24,0.8015809270531925,0.5978754060705929,0.00360779717670176
37.44,0.09317392988782053,0.9953688523820978,-0.023653044134000042
37.64,0.056933861198617874,0.997684042173814,0.03721676289974885
37.84,-0.5386534536600095,0.841174592453796,0.04772590355702778
38.04,-0.9698878341422507,0.23987998081402415,-0.04213293233941806
38.24,-0.9977379736420426,-0.030383813017771533,0.05996465508257312
38.440000000000005,-0.995741970227564,-0.055733448815810445,0.07342827391696563
38.64,-0.9955934054476975,-0.049963882673278566,0.07935604234881742
38.84,-0.9195435896152547,-0.38609915251047083,0.07326002476240587
39.04,-0.8524605646880731,-0.5146814326547898,0.09172790487144769
39.24,-0.7408207507630125,-0.6681972473549287,0.06853505574684514
39.440000000000005,-0.6194351135383506,-0.7829289127905233,0.057640763634598094
39.64,-0.6491951656949413,-0.7564682602382163,0.07938140897265418
39.84,-0.7511500555811695,-0.6576593290406737,0.05707714889670647
40.04,-0.7667731723673871,-0.6389414737363985,0.061747026464543935
40.24,-0.8121901916276619,-0.5800875183076719,0.06201260942315327
40.440000000000005,-0.9993209853948356,0.03587241860392324,0.008410572691561905
40.64,-0.9896600384270532,0.13992271894728056,0.0315379305434608
40.84,-0.9784195535766931,0.2046053874901771,0.028841161363207926
41.04,-0.9842459846410634,0.17125910492389254,0.043933594191806945
41.24,-0.9864747838298966,0.09403295488310118,0.13425834895346864
41.440000000000005,-0.9850842798594355,0.09967095056679304,0.14026640077698355
41.64,-0.9845005077236101,0.10982140802105636,0.13674066195622658
41.84,-0.9808311356525238,0.1483715033385846,0.12631777520059792
42.04,-0.9764703939589773,0.18666086508226484,0.10799671832209018
42.24,-0.976044724558033,0.19672685385103222,0.09292599548193409
42.440000000000005,-0.9756602826812604,0.20241013188780713,0.0843632106281154
42.64,-0.976659289099222,0.20114695672211402,0.07534278212034874
42.84,-0.9707790054177451,0.2265659423265323,0.07909485708833713
43.04,-0.8025927152057527,0.5936744326945326,-0.05827178960253716
43.24,-0.763205329492979,0.6459927141811354,-0.014527155895184052
43.440000000000005,-0.9965047125263896,-0.01111475919099791,0.08279384059713331
43.64,-0.989167606815312,0.14638235887991258,0.01093849331584159
43.84,-0.987120683683226,0.15972937386875377,0.00890409839664652
44.04,-0.6394694495506978,0.761417538899872,-0.10640561332462473
44.24,-0.6553170975624298,0.7553509711911802,0.0021004673036566176
44.440000000000005,-0.7260708099254389,0.6873100009839648,-0.020643195528782278
44.64,-0.8372202007638461,0.5433654024766693,-0.0617768146177204
44.84,-0.9906772773970448,0.11817916341246694,-0.067765901339159
45.04,-0.9758658228854518,-0.17574402013030563,-0.1296145636591015
45.24,-0.9962889438260116,-0.08256749445384712,0.02430944815630284
45.440000000000005,-0.9939879645269256,-0.07538625326644229,0.07940301753754256
45.64,-0.9728066995914826,0.19649786723470417,0.1226201998128352
45.84,-0.9147442214694026,0.3803702492573834,0.13624053276544743
46.04,-0.9063817937127481,0.3965484102188925,0.1456756753165402
