0.020007704999999997,-0.9640980328127379,-0.11653027211385733,0.23861198378891102
0.220007705,-0.9553818243473823,-0.1214467307654233,0.26925129766271905
0.420007705,-0.9457265842981101,-0.13695773820357646,0.29469273098939935
0.6200077050000001,-0.9271629258773212,-0.15562264835366996,0.34080859759987764
0.8200077050000001,-0.9389077496250825,-0.14369335810720416,0.3127370405465878
1.020007705,-0.9803362849055577,-0.14171893635087154,0.13731901389518797
1.2200077050000002,-0.9753002170056058,-0.2201065843121289,0.01850886952966327
1.4200077050000002,-0.9574098575192856,-0.2862934790196088,0.03744874625071645
1.6200077050000001,-0.9321999597240826,-0.34344104489504634,0.1142430906961873
1.820007705,-0.9263365389778178,-0.3523456545816746,0.13324097062093587
2.020007705,-0.916035708005614,-0.3389300343990177,0.2144877932212795
2.220007705,-0.9021059199634266,-0.30746662246747325,0.302769194660528
2.420007705,-0.8921452293890573,-0.2936315270906081,0.34330367894443603
2.620007705,-0.8782612232823525,-0.2698723336982691,0.394748207320611
2.820007705,-0.8422014435817519,-0.25820702243311505,0.473313703578333
3.020007705,-0.8273876405704756,-0.2524624826907137,0.5016895325446434
3.220007705,-0.8274825264850807,-0.2496663519478705,0.5029307915279294
3.420007705,-0.8259873881732348,-0.24560605277628433,0.5073682108867397
3.620007705,-0.8087741423584811,-0.2625628814013054,0.5262557552773623
3.820007705,-0.8095466338886879,-0.27706265082793124,0.5175621074573514
4.020007705,-0.8079443302890458,-0.2883593411759421,0.5138821358155603
4.220007705,-0.8156788548035032,-0.32247003820277026,0.48029270272194424
4.420007705000001,-0.8244212436717286,-0.3541492561484772,0.44148376793744115
4.620007705000001,-0.828239340883353,-0.38899717448147436,0.40336186292030407
4.820007705000001,-0.806673072840143,-0.4831352941974986,0.34038043577053306
5.020007705,-0.7289335733698077,-0.6376133409558628,0.24920889440271962
5.220007705,-0.6586129360747977,-0.7267028855209431,0.19527395271891693
5.420007705000001,-0.6155601233132506,-0.772602496087269,0.15547063268121622
5.620007705000001,-0.6192646415156284,-0.7743514933643255,0.1299656435099651
5.820007705000001,-0.6275820618798836,-0.7695015636655759,0.11835581575413712
6.020007705,-0.630831019272791,-0.7669538632990853,0.11761801177481111
6.220007705,-0.6238294284812701,-0.7743010263896852,0.10627683045994685
6.420007705000001,-0.5730582006623799,-0.8161685598773433,0.07398094701569652
6.620007705000001,-0.33172883050581486,-0.9420880351491296,0.04925562952696367
6.820007705000001,-0.23162460096687976,-0.9721277489916682,0.03629991552781123
7.020007705,-0.24765654131065135,-0.968286412568556,0.03297970256328288
7.220007705,-0.2659616445946845,-0.9632537307519262,0.03750538357338856
7.420007705000001,-0.28582777349175065,-0.9575164774318193,0.03827112942295482
7.620007705000001,-0.29454877122969025,-0.9541458639511273,0.05335439693255155
7.820007705000001,-0.31827914556369896,-0.9459951609809863,0.061575489440197514
8.020007705,-0.3472936251061695,-0.9343995701947752,0.07927535039616664
8.220007705,-0.553540269847219,-0.8182703958747221,0.15500557697222755
8.420007705,-0.8220726210819849,-0.5482474298228573,0.15369242453688622
8.620007704999999,-0.9876794339590531,-0.07842978364095733,0.13541825863729506
8.820007705,-0.9760409164136157,0.18702410383037502,0.1112030308620875
9.020007705,-0.9539550053604555,0.2844347962436288,0.09521919151924418
9.220007705,-0.9383736813277583,0.3357653105630614,0.08195419704860356
9.420007705,-0.9230856879733612,0.3799334546779461,0.059694075712986766
9.620007705,-0.9334429298278512,0.35507621800729006,0.051040926324242585
9.820007705,-0.9411007348404138,0.3352991902579441,0.04363324300576077
10.020007705,-0.9613895368272665,0.2734314202890099,0.031071158294932563
10.220007705,-0.960524328775372,0.2765747830098,0.029990052245766795
10.420007705,-0.9601050452355209,0.27775910976584867,0.03237559351396741
10.620007705,-0.9596092296671628,0.27901230329355325,0.03608685284727594
10.820007705,-0.9619535769857708,0.2710743728909774,0.03411744547946
11.020007705,-0.9646622802276061,0.2616176331732634,0.031351221968141454
11.220007705,-0.9724195470341449,0.23085217049309523,0.03327912145076877
11.420007705,-0.9972871017313018,-0.06608486411491289,0.03242263800639892
11.620007705,-0.87452618236992,-0.48493350215975173,0.0065920279558743635
11.820007705,-0.6449974365093766,-0.7634323402540766,-0.033902341372199774
12.020007705,-0.5535796401140174,-0.8320306168664523,-0.035702025825802404
12.220007705,-0.5051102652658913,-0.8629230632040326,-0.015080017028849596
12.420007705,-0.4837363066613009,-0.8752137446913103,0.00029448446145530986
12.620007705,-0.5014038827552237,-0.8648674636475763,0.024462556730537925
12.820007705,-0.5153307650315931,-0.8559180855777628,0.04287695643175474
13.020007705,-0.5413938045226138,-0.8393889093702647,0.048156071795025714
13.220007705,-0.5457179035852266,-0.8361631506310784,0.05498322683558894
13.420007705,-0.5413960117804598,-0.8391766383999042,0.05170036742663653
13.620007705,-0.519852900104266,-0.8527430769049165,0.05081542131991218
13.820007705,-0.45780930586384866,-0.888047850593595,0.042209649614237704
14.020007705,-0.43206070516484185,-0.901087398811674,0.03694653915147171
14.220007705,-0.36946852282369047,-0.929147444118844,0.01334307797700931
14.420007705,-0.35121552840623665,-0.936288962615854,0.003260535240776654
14.620007705,-0.32648059663878687,-0.9451929075412847,-0.004559336797677949
14.820007705,-0.2914242421715028,-0.9565503806240347,-0.009125809705467693
15.020007705,-0.2600669522408774,-0.9655428952928107,-0.009596754749306848
15.220007705,-0.15768641665163557,-0.9872709659645882,0.02076135272364949
15.420007705,0.000914258419540348,-0.9988812464227121,0.047280225005296196
15.620007705,0.03683720573322974,-0.9980668038537915,0.050056721015713075
15.820007705,0.03362974481886882,-0.9984400134725742,0.044571064159428055
16.020007705,0.024108284222384035,-0.9988206682890731,0.04214336520048699
16.220007705,0.02448587493792659,-0.9987485048151353,0.04361038933621348
16.420007705000003,0.016589110409235053,-0.9989946925603925,0.041646196128777416
16.620007705000003,0.008796912699139126,-0.9992856945658533,0.03675207426805403
16.820007705000002,0.020171685442812393,-0.999159227446936,0.035692314495397316
17.020007705,0.19992656461839087,-0.9756349675155016,0.0903646995287142
17.220007705,0.3008457374472109,-0.9457840541240452,0.12241064179444949
17.420007705000003,0.25149711220120957,-0.9603950378794243,0.11996071761636036
17.620007705000003,0.2034445121463454,-0.9711076773357873,0.1247405687698582
17.820007705000002,0.1547490371548904,-0.9774986921781366,0.14334937143101348
18.020007705,0.09284477846154454,-0.9841325558142612,0.151205025375867
18.220007705,0.05466018608262996,-0.9841240048863478,0.1688555804937106
18.420007705000003,-0.0176358501362332,-0.9856440903681364,0.16791278662550196
18.620007705000003,-0.2771004150000277,-0.947774027362588,0.15792325054821044
18.820007705000002,-0.49911245435848306,-0.8590522832406017,0.11364828447170033
19.020007705,-0.5983192987892257,-0.796625321317064,0.08603553994050221
19.220007705000004,-0.6267093617443731,-0.7753800499891333,0.07759609513893034
19.420007705000003,-0.6269095915177494,-0.7756487465142385,0.07316683739194135
19.620007705000003,-0.6724363351580456,-0.7383650494946378,0.05144345287787209
19.820007705000002,-0.8251027221020506,-0.5649044554091109,0.009405011362157214
20.020007705,-0.8667971511904946,-0.4982900438670725,0.01922838711367457
20.220007705000004,-0.8764198542243462,-0.47986973511359876,0.04016561269768503
20.420007705000003,-0.8805278271426771,-0.4529617197481836,0.13962960312972092
20.620007705000003,-0.8815292897095078,-0.4381982699803543,0.17575092480688526
20.820007705000002,-0.8624406521167358,-0.4063545772545612,0.3017815089112097
21.020007705,-0.8310054719132712,-0.385529375338712,0.40099502041938634
21.220007705000004,-0.8219048482269593,-0.37880277823286596,0.4254184712304823
21.420007705000003,-0.8205190861100147,-0.37701624921463445,0.4296593734079533
21.620007705000003,-0.8249550747094028,-0.3832867377982519,0.4153798277952097
21.820007705000002,-0.821588943946369,-0.39636371477316606,0.4097406652948991
22.020007705,-0.8050508317729663,-0.45130587198127164,0.38498852992898264
