0.016683218,-0.9880630070979117,-0.15052581920567612,0.032763878846869814
0.216683218,-0.985157937304672,-0.1712267357344545,0.012051702590395678
0.416683218,-0.9822796540958262,-0.18741813996742868,0.0010592263843379893
0.6166832180000001,-0.9840745197565787,-0.1774010052673805,-0.011234896349388795
0.8166832180000001,-0.9865979925011772,-0.1598895643045423,-0.0325534701552877
1.016683218,-0.9890069246688775,-0.1289653324162402,-0.07234117770521492
1.2166832180000002,-0.9919105987807454,-0.08490498472270944,-0.0943636985056241
1.4166832180000002,-0.9922063002931618,-0.06968791959777593,-0.10329690954084365
1.6166832180000001,-0.9945118738797515,-0.03002290536922456,-0.1002235394773895
1.816683218,-0.9948439831317184,-0.01601360578188132,-0.10014496321073688
2.016683218,-0.9945383665437334,-0.024898566450082562,-0.10135826982172438
2.216683218,-0.9944530310432595,-0.024236678643650283,-0.10235112338024614
2.416683218,-0.9943830937746656,-0.027416459408167105,-0.10222817893636398
2.616683218,-0.9948612848156262,-0.03047966456867702,-0.09655057753728036
2.816683218,-0.9953760730390211,-0.035382989907171515,-0.08930015255667785
3.016683218,-0.9958863112003508,-0.03813099655730397,-0.0821978239694048
3.216683218,-0.9960125428898199,-0.03972782922695657,-0.0798793714989577
3.416683218,-0.9959662982439158,-0.04198089115306648,-0.07930156076841301
3.616683218,-0.9961734315830233,-0.04292903861959601,-0.07612878464353025
3.816683218,-0.9963618818303464,-0.0428160164593693,-0.07368710314595099
4.016683218,-0.9963748622540414,-0.043481555523818154,-0.07311968406297485
4.216683218,-0.9962693755821547,-0.04336505136712767,-0.07461101525291247
4.416683218,-0.9963755636785159,-0.04347511040701816,-0.07311395817090936
4.616683218,-0.9962680202190859,-0.04293666393692242,-0.07487639667285963
4.8166832180000005,-0.9960871823666134,-0.04323047858438809,-0.07708080724996375
5.016683218,-0.9959539188907695,-0.0463494447272195,-0.07699039173557244
5.216683218,-0.9961363767656053,-0.04961510978600603,-0.07246143640043708
5.416683218,-0.9961390183915704,-0.053196162719331246,-0.06983712701577302
5.616683218,-0.995687087939328,-0.05831161982513119,-0.07215939234964505
5.8166832180000005,-0.9945660303559618,-0.05758967665397471,-0.08672854434887405
6.016683218,-0.9930690568275022,-0.060182379923475006,-0.10095508663995745
6.216683218,-0.9911932652210004,-0.05927529206502596,-0.11841600707310775
6.416683218,-0.9893807644213952,-0.05598524919953256,-0.1341318562646552
6.616683218,-0.9876649987897176,-0.055450339649240746,-0.14643466119225734
6.8166832180000005,-0.9868622042702115,-0.06388617829936401,-0.14839658353628313
7.016683218,-0.9880505875711714,-0.05673898046983338,-0.1433064007485611
7.216683218,-0.9888719772016087,-0.030674292702199228,-0.14557232042047336
7.416683218,-0.9886886229059209,-0.006442348552593118,-0.14984426275810883
7.616683218,-0.9778427272156582,0.035165682099735064,-0.2063661203635529
7.8166832180000005,-0.9567753844967617,0.05585932906507634,-0.2854130322488341
8.016683218,-0.946300809324493,0.026119216522245855,-0.3222306081055527
8.216683218000002,-0.9526980943917329,0.014738571302428397,-0.3035607277931781
8.416683218000001,-0.961657913702096,0.024729022540912433,-0.27313464162991763
8.616683218,-0.9686674148870839,0.03051008983228929,-0.2464803719455166
8.816683218000001,-0.9741072281282928,0.10891557094632819,-0.1981224533303842
9.016683218,-0.9707973217717647,0.13680619083182463,-0.19707010476187253
9.216683218000002,-0.9737868261164897,0.1341397125016664,-0.1837001764069478
9.416683218000001,-0.9767631994942204,0.13019349724423399,-0.17024483953744382
9.616683218000002,-0.980943035926527,0.12877337311546555,-0.14549288176303668
9.816683218000001,-0.9832223230570051,0.12218463043558989,-0.13544290135590306
10.016683218,-0.9836003012291145,0.11783862740523274,-0.1365448838779619
10.216683218000002,-0.9837227813413676,0.1148553122412899,-0.13819459728933148
10.416683218000001,-0.9848032521835111,0.11457222924539842,-0.13052110470924058
10.616683218000002,-0.986451313872015,0.12655762729451536,-0.10438856419052071
10.816683218000001,-0.9845155802212813,0.14537357064084624,-0.09795711949973228
11.016683218,-0.992241756515319,0.06554794585225819,-0.10563978143646215
11.216683218000002,-0.9892372500545923,-0.09128479910613745,-0.11435361190876447
11.416683218000001,-0.9891481641028996,-0.08894243762272488,-0.1169408065714921
11.616683218000002,-0.9900298609149036,-0.07417397484864154,-0.11974596424084566
11.816683218000001,-0.9892766294157753,-0.08159172740974685,-0.12113851786304895
12.016683218,-0.9886402903177504,-0.06738423679704808,-0.13434932449295564
12.216683218000002,-0.9876202248203787,-0.06147855818512797,-0.14431451212273488
12.416683218000001,-0.9871361700111696,-0.06060745308321266,-0.1479490401673686
12.616683218000002,-0.9870903152040326,-0.06110206001717762,-0.1480515041870933
12.816683218000001,-0.9870940242479753,-0.060824757868004044,-0.14814093331768913
13.016683218,-0.9864982967081812,-0.06128739674080565,-0.15187154306384262
13.216683218000002,-0.9857450468463812,-0.06103858253709786,-0.15678327098159425
13.416683218000001,-0.9853948388991056,-0.060972021753621326,-0.1589950440557242
13.616683218000002,-0.9852285160475203,-0.060346155082373315,-0.16025951682685036
13.816683218000001,-0.9845029377110956,-0.06029182240959528,-0.1646780549701525
14.016683218,-0.9838204810377457,-0.06030102447232629,-0.16870402347972235
14.216683218000002,-0.9833945709188705,-0.06364793423478031,-0.1699531063409437
14.416683218000001,-0.9835246555600674,-0.06909841859674848,-0.16704688100314663
14.616683218000002,-0.9835978758877331,-0.07260993134519861,-0.16511516108215335
14.816683218000001,-0.9828332915207889,-0.08686603321990684,-0.16276674522472392
15.016683218,-0.9819731237104823,-0.10070729853781993,-0.15995882073675313
15.216683218000002,-0.9811535685838684,-0.11518305702689695,-0.1551468279697621
15.416683218000001,-0.979996278738633,-0.1275266991775255,-0.15278820195066214
15.616683218000002,-0.9798374566448349,-0.1256868434009912,-0.1553105790076
15.816683218000001,-0.9792015385520989,-0.12601616344835112,-0.15901029352517218
16.016683218,-0.9795685278569394,-0.12419105616276258,-0.15818369322204606
16.216683218,-0.9797353045901063,-0.12270949522865233,-0.15830702043959138
16.416683218000003,-0.9793919920836718,-0.12301312041811785,-0.16018457493583843
16.616683218000002,-0.979079724431065,-0.12292817019629862,-0.16214671806786443
16.816683218,-0.9796224487604377,-0.12283288054298627,-0.15890859429910026
17.016683218,-0.9806699481723111,-0.12070622940019993,-0.1540014900437757
17.216683218,-0.9833594509255839,-0.10575991410214262,-0.14771266311471734
17.416683218000003,-0.9883502656319133,-0.055660853777276816,-0.14165317427474555
17.616683218000002,-0.9900722116804038,-0.00530818662886942,-0.1404593849231387
17.816683218,-0.9897591432139364,0.03299588328061616,-0.13888164065472147
18.016683218,-0.9881747201550879,0.0731844483669665,-0.134739596866092
18.216683218,-0.9884981050476419,0.07640140261849321,-0.1305156005814939
18.416683218000003,-0.9927288875385221,-0.0033665597402102675,-0.12032465301027925
18.616683218000002,-0.9845445200180789,-0.13141842715671548,-0.11576391970742078
18.816683218,-0.9807205289355145,-0.16359120938586172,-0.10688854165024504
19.016683218,-0.9793044573721265,-0.17046208212995995,-0.10911213647896491
19.216683218000004,-0.9782295261744273,-0.1774266623330909,-0.10764187667397396
19.416683218000003,-0.9795811696898563,-0.1728791998997419,-0.10263291007799866
19.616683218000002,-0.9807075617582784,-0.1701429463042534,-0.09624996692488075
19.816683218,-0.9804761666892524,-0.17075541622510287,-0.09751448294556876
20.016683218,-0.9795223271745169,-0.1740468043646287,-0.1012112664532948
20.216683218000004,-0.9783200583921906,-0.18130645363988668,-0.10008912636259981
20.416683218000003,-0.976721096008194,-0.19161467303407603,-0.0964350438927488
20.616683218000002,-0.9756497201663142,-0.19967653364815185,-0.09075739887001891
20.816683218,-0.9741346404458181,-0.2090342155332072,-0.08582772873561169
21.016683218,-0.9718383931530591,-0.2216319216885559,-0.08005890882542935
21.216683218000004,-0.968173781244857,-0.23778332035825792,-0.07809367368383936
21.416683218000003,-0.9438265791082157,-0.322495670712427,-0.07202729302580582
21.616683218000002,-0.8504600548823936,-0.5230503915158806,-0.05599984807586904
21.816683218,-0.7860164762526993,-0.6153857225663502,-0.05897890742275022
22.016683218,-0.8087237422141328,-0.5837244430930641,-0.07233037615595046
22.216683218000004,-0.861764262586542,-0.49800586722729606,-0.09670838606792369
22.416683218000003,-0.897024508121414,-0.41504605051563215,-0.15193356370766514
22.616683218000002,-0.9360537731188481,-0.29213483960694847,-0.19611366428117818
22.816683218,-0.9573541986173182,-0.21028275532582255,-0.19812647779227624
23.016683218,-0.959974897611078,-0.19494764362620595,-0.20110597256469143
23.216683218000004,-0.9641593101376342,-0.18213932985632814,-0.1929302702906142
23.416683218000003,-0.9654052299281937,-0.17683913832122308,-0.1916263582733318
23.616683218000002,-0.9667587711741379,-0.17353926009549728,-0.1877807326734517
23.816683218,-0.9688458409839811,-0.16631734500099696,-0.18351097285955947
24.016683218,-0.9700545708656028,-0.15865410335710986,-0.18391031790169565
24.216683218000004,-0.9703915864565922,-0.15488405876645608,-0.18534049011019416
24.416683218000003,-0.9718677680672891,-0.14758555350675293,-0.18355256954892193
24.616683218000002,-0.9735890086809229,-0.13999101756393237,-0.18035231403315177
24.816683218,-0.9754424208754111,-0.1274437160053447,-0.1796390347543281
25.016683218,-0.9757118875218163,-0.12479943803846207,-0.18003169946956304
25.216683218000004,-0.9760508120120319,-0.12001285621556992,-0.18144345321238348
25.416683218000003,-0.9766925601488287,-0.11449455410795098,-0.18155616219106582
25.616683218000002,-0.9768029562063992,-0.10888596064169927,-0.18439043446332581
25.816683218,-0.9770091012163489,-0.10042776583183026,-0.18806243641527715
26.016683218,-0.9774191774388076,-0.0938325472837222,-0.18933358034192727
26.216683218000004,-0.9780372970443587,-0.09172949851093735,-0.1871596769955994
26.416683218000003,-0.9784221811424092,-0.08703709170496543,-0.18738884736310304
26.616683218000002,-0.978438573950894,-0.08325881961330582,-0.18901303119504728
26.816683218,-0.9788722904896466,-0.07864287618453596,-0.18874410437673747
27.016683218,-0.9799889725579278,-0.0763984139828701,-0.18380668106942935
27.216683218000004,-0.9808125679013145,-0.07323052108073522,-0.18067649938238498
27.416683218000003,-0.981152462608364,-0.07018671930661076,-0.18003796696952068
27.616683218000002,-0.9831581794428983,-0.06327341372504025,-0.17145398598488687
27.816683218,-0.9862879882687068,-0.046225254862321874,-0.1584273650913263
28.016683218,-0.9883175118975158,-0.01528016918416139,-0.1516410633911788
28.216683218000004,-0.9880615353125116,-0.00879191653149594,-0.15380866243350966
28.416683218000003,-0.988204955394911,0.00981940470456718,-0.15282194025790408
28.616683218000002,-0.9885815359097886,0.04792744332543295,-0.14286184597201376
28.816683218,-0.98540487913581,0.08456766506828252,-0.1477346750097544
29.016683218,-0.9679435289062516,0.19348902426477385,-0.16014781402684933
29.216683218000004,-0.9581132476757042,0.22867651074402717,-0.17241246492713966
29.416683218000003,-0.954126419495894,0.24535768850905415,-0.17158782098225864
29.616683218000002,-0.9518793918141201,0.25670719503856587,-0.167412781635731
29.816683218,-0.953552890402434,0.24696592709812534,-0.17246656504298985
30.013823854998805,-0.9580352614162224,0.21693085023885084,-0.18737514268920472
