0.039999989149305554,-0.9994308008837083,0.013846795588052201,-0.030762647754901586
0.23999998914930556,-0.9984744782117938,0.04713276971427673,-0.028761404325014856
0.4399999891493056,-0.99728348208055,0.06986399996254183,-0.023338334956200142
0.6399999891493057,-0.9939295117363253,0.10906277721520197,0.014471915066666834
0.8399999891493056,-0.9913823789130317,0.11637660949518912,0.06014535346261141
1.0399999891493055,-0.9904687139613423,0.10483568222081023,0.08933759789171446
1.2399999891493056,-0.9934836084633505,0.06096812831208366,0.09629749241159347
1.4399999891493056,-0.9921240471977884,0.04383330981183142,0.11733931959416245
1.6399999891493056,-0.9907738756135017,0.01165892032621183,0.13502294982197677
1.8399999891493055,-0.9640774076189076,-0.21637852815029152,0.15406195076760854
2.0399999891493055,-0.8879213079791994,-0.4290787579081929,0.1657925521501805
2.2399999891493056,-0.8619830891230639,-0.4739207924256151,0.179956207374287
2.439999989149306,-0.8726970236243703,-0.4524103135011947,0.18364316811391823
2.6399999891493056,-0.8840637498026198,-0.42961556675749807,0.18401562728356735
2.8399999891493057,-0.9068941033917705,-0.37792736676448574,0.18631690928012667
3.0399999891493055,-0.9300574544562304,-0.3131640921168497,0.19214937631703694
3.2399999891493056,-0.9526900888358962,-0.23006292119277863,0.19862690383253323
3.439999989149306,-0.9678309857472518,-0.15779560195708187,0.19596869910908207
3.6399999891493056,-0.9727118279478095,-0.12308935400963683,0.1966741231070359
3.8399999891493057,-0.9788317861163887,-0.08220976513753003,0.18742969082894084
4.0399999891493055,-0.9857669762213346,0.0028099284201928685,0.1680939406811574
4.239999989149306,-0.98566866644956,0.049786293248833074,0.161178798184152
4.439999989149306,-0.9864180430088397,0.054778252924649495,0.15485085544850807
4.639999989149306,-0.9867924383238443,0.054003616562954576,0.15272292907420018
4.839999989149306,-0.9869767747669965,0.0512797565046406,0.15247043202982782
5.0399999891493055,-0.9874961263130022,0.0462725406081043,0.15069921201680533
5.239999989149306,-0.9875038807844928,0.047534026867164896,0.1502551221268622
5.439999989149306,-0.9876184137865119,0.04774224747188819,0.14943408766458374
5.639999989149306,-0.9890198441607457,0.041258201709377836,0.14190668993378103
5.839999989149306,-0.9888147151130501,0.04077907207599321,0.143466116057132
6.0399999891493055,-0.9884238810960982,0.03700055841045444,0.14713663702912713
6.239999989149306,-0.9888569162928569,0.03513215128945836,0.14466420098129512
6.439999989149306,-0.9897476371166922,-0.023020262921361057,0.14095986065882896
6.639999989149306,-0.6453436269737947,-0.743969707933476,0.1733224647923242
6.839999989149306,0.06673057502900015,-0.9905661814283951,0.11968989333551436
7.0399999891493055,0.3699945338754354,-0.9251410186400136,0.08495964060668722
7.239999989149306,0.6128576083889465,-0.7858859611962313,0.08239422209388637
7.439999989149306,0.8353746781784758,-0.5317144959383923,0.13938738058802136
7.639999989149306,0.9354066308204553,-0.24850062661544547,0.251519131655736
7.839999989149306,0.9481631903510569,-0.10151506080097303,0.3011332875885364
8.039999989149306,0.9254904422022132,-0.08891539996125312,0.3681867638062001
8.239999989149307,0.8523181608888721,-0.3581463217353133,0.3811626488081913
8.439999989149307,0.4676556461749213,-0.8211686153391727,0.3270784336862683
8.639999989149306,-0.011265278086287966,-0.9672486573730489,0.25358061503133894
8.839999989149307,-0.6638581582069853,-0.723511065617735,0.18927251176734256
9.039999989149306,-0.9271129601558981,-0.3184030541144835,0.19768928711879477
9.239999989149307,-0.9849970393750965,-0.035314849557843114,0.16891919317532225
9.439999989149307,-0.9797570165594954,0.10388824941825607,0.17112399053098054
9.639999989149308,-0.9683382215668095,0.14443703081458992,0.20361491296634984
9.839999989149307,-0.9601005228978017,0.14204960082119508,0.24089187789941766
10.039999989149306,-0.9630516407653273,0.15742398248168096,0.2185159649975684
10.239999989149307,-0.9194006984462608,0.34247843602712336,0.19341891467212707
10.439999989149307,-0.6705149032836841,0.7274580242834296,0.14565228244047765
10.639999989149308,-0.19415506262682236,0.9747375698975643,0.11041051347840883
10.839999989149307,0.2368453253687683,0.9700424606990732,0.05405475272211853
11.039999989149306,0.4297926358251956,0.9016161968155211,0.048646930328097596
11.239999989149307,0.5102223359060936,0.8558569727954023,0.08474674070440709
11.439999989149307,0.3650193372277767,0.9222625323068923,0.127250559734222
11.639999989149308,-0.018542066689023806,0.9865046036514153,0.16268023462444292
11.839999989149307,-0.43887271475833073,0.8844812432402938,0.15837825165330438
12.039999989149306,-0.7681103398845772,0.6182112041278766,0.1667975205246186
12.239999989149307,-0.9288753250646332,0.329559758600595,0.1690591494039593
12.439999989149307,-0.9755224420443231,0.14117939814764538,0.16859520339128492
12.639999989149308,-0.9842510987757179,0.06257724646001753,0.16532955810826658
12.839999989149307,-0.985285352476132,0.056103883775009834,0.16144698331447355
13.039999989149306,-0.9859831126342645,0.053789719328428236,0.15793659390596024
13.239999989149307,-0.9865935075950969,0.06157886462700376,0.15113336561611088
13.439999989149307,-0.9859456845923773,0.07986883122959687,0.14673812330708885
13.639999989149308,-0.9858708589586185,0.08902765500384163,0.14188983790501922
13.839999989149307,-0.9871302014954471,0.0872634815659457,0.13401138041430619
14.039999989149306,-0.9875033458274878,0.08691233970623775,0.13146629676957175
14.239999989149307,-0.9895739797148607,0.06904124554128196,0.1263987542873776
14.439999989149307,-0.9891246663446835,0.06723951966663401,0.1308099439015213
14.639999989149308,-0.984695126631524,0.07292303437680425,0.15829636333601188
14.839999989149307,-0.9828434861658135,0.05917498165263888,0.1746911653399798
15.039999989149306,-0.9831815731108984,0.05803977844681051,0.17316286672674572
15.239999989149307,-0.9821124321935275,0.0691380375199405,0.17514309092512023
15.439999989149307,-0.9814205258171785,0.08225350372193609,0.17334391431543958
15.639999989149308,-0.9788696015440513,0.10151422509443049,0.17750821185643015
15.839999989149307,-0.9714452575372257,0.14584419903777848,0.1871458821760777
16.039999989149305,-0.9164988867458974,0.34012609432667984,0.21058022355294836
16.239999989149304,-0.7370957079909725,0.6364357283524829,0.22724321978385126
16.439999989149307,-0.45461736128593766,0.864251956735727,0.21538711682892764
16.639999989149306,-0.28172939331534097,0.9373566799260593,0.20491706502916163
16.839999989149305,-0.223286782014891,0.9562948714547862,0.18879388710100894
17.039999989149305,-0.22406128393540042,0.9566130127034461,0.18624737573361105
17.239999989149304,-0.23822929556571543,0.9534152436189975,0.18505722349908457
17.439999989149307,-0.26498446830895583,0.9458564069454904,0.18745369827023126
17.639999989149306,-0.2745588658299559,0.9419904814751464,0.19305792396167024
17.839999989149305,-0.2865618373191115,0.938318095603302,0.19349797119269166
18.039999989149305,-0.31385979584874757,0.9298721285580842,0.19191105512877735
18.239999989149304,-0.3273485476135835,0.9286319654601884,0.17460126317076102
18.439999989149307,-0.33951413713398626,0.92562614141956,0.167171758999243
18.639999989149306,-0.351784425685252,0.9224343973745863,0.15925608429658586
18.839999989149305,-0.3541583468314887,0.9222372938328758,0.1550813955102324
19.039999989149305,-0.3496750922585661,0.9238982827317361,0.15536824971438723
19.239999989149307,-0.3375309519768743,0.9277439240357006,0.1592610054985999
19.439999989149307,-0.3228267299549446,0.932874142053639,0.1597771495373602
19.639999989149306,-0.32061715520514167,0.9340786838119343,0.15716759283111434
19.839999989149305,-0.3182985045251261,0.9353202805459832,0.1544734113575935
20.039999989149305,-0.31499067424452004,0.936140939669854,0.15627225029743907
20.239999989149307,-0.30983008557576885,0.9379793826744215,0.15556347820045402
20.439999989149307,-0.30643869973086946,0.9389065237991994,0.1566839585744438
20.639999989149306,-0.30564918637857486,0.9388863608342685,0.15833817071540196
20.839999989149305,-0.30844699822614874,0.9377546221124368,0.15961427878495
21.039999989149305,-0.31267410280302976,0.9366879619246621,0.15764062744655474
21.239999989149307,-0.30734045233163365,0.9384295561660072,0.15777139941908908
21.439999989149307,-0.30797677425551906,0.9382576857411199,0.15755259968303534
21.639999989149306,-0.3062588417435103,0.9389005792044066,0.15707076183540136
21.839999989149305,-0.3125315490384266,0.9373640841274975,0.15385904147452575
22.039999989149305,-0.3214745802842939,0.9344618533763567,0.15308539713330502
22.239999989149307,-0.34459703702875577,0.9260475826800378,0.15391152225697954
22.439999989149307,-0.3618900714114693,0.9197311161061801,0.1520863250916467
22.639999989149306,-0.37317768218661407,0.9157416965426625,0.14884744784843834
22.839999989149305,-0.383913355465708,0.9108055737335833,0.15180165463821305
23.039999989149305,-0.40113191993638264,0.9028725408065743,0.15464267802140794
23.239999989149307,-0.4063463540311935,0.9028417302532061,0.14056831321088287
23.439999989149307,-0.414291300483737,0.8976053311614491,0.15055692549344807
23.639999989149306,-0.45410699655741027,0.8792326646818623,0.1440026285664265
23.839999989149305,-0.4636842265507844,0.8708247396405923,0.16328261045774417
24.039999989149305,-0.7469446891241142,0.6380580380356973,0.18696409143821444
24.239999989149307,-0.8836876651866407,0.4336064206667368,0.17629969470638593
24.439999989149307,-0.8751937648848689,0.45023581284346414,0.17698470764400656
24.639999989149306,-0.8668107517862095,0.4678671557166197,0.172451283525135
24.839999989149305,-0.8701038516420763,0.4657624250812621,0.16119755190462906
25.039999989149305,-0.8688710032048031,0.47016316510448,0.15495088889327746
25.239999989149307,-0.7285008823841058,0.6677423453909355,0.15299223685335137
25.439999989149307,-0.4745557711117457,0.8671131412801237,0.1513658492654555
25.639999989149306,-0.37742671887869395,0.913729913176938,0.15048826413421287
25.839999989149305,-0.36453658756776414,0.9201700563471846,0.1428290717132509
26.039999989149305,-0.3634258712543738,0.920518054781074,0.14341599257079818
26.239999989149307,-0.3558880383240104,0.923995972307315,0.13991121233749246
26.439999989149307,-0.35936408900683703,0.9235122775417456,0.13409893646835705
26.639999989149306,-0.36951524173623296,0.9205622717997742,0.12658431918469332
26.839999989149305,-0.3667186074397827,0.9221674848001339,0.12298208379606294
27.039999989149305,-0.3634066669681385,0.9236581529073339,0.12161912255447668
27.239999989149307,-0.3644283973012977,0.9232548416196301,0.12162417796770414
27.439999989149307,-0.3681108762679905,0.9222874474298359,0.11781446043066886
27.639999989149306,-0.3675417557623709,0.9231489022303853,0.11273491953227689
27.839999989149305,-0.37475718983109085,0.9207787930290976,0.10827494159676217
28.039999989149305,-0.38126172747671333,0.917933758762425,0.1097137625175547
28.239999989149307,-0.38020931128187907,0.9182299021377374,0.11088158744661379
28.439999989149307,-0.38132479774304195,0.9177332121553814,0.11116271827008145
28.639999989149306,-0.3718237630010653,0.922086383656309,0.10725572405870921
28.839999989149305,-0.36129711022793043,0.9271807466830934,0.09899626821819633
29.039999989149305,-0.3391004588756218,0.9365759093051639,0.08852369682491007
29.239999989149307,-0.2538043916112919,0.9648597664268964,0.06803647499288436
29.439999989149307,-0.23547747557045778,0.9701069364016933,0.0586761488535672
29.639999989149306,-0.24391758713481115,0.9681135357388091,0.05709984768485282
29.839999989149305,-0.2435408320060966,0.9684881113803653,0.052140591295758244
30.039999989149305,-0.24548886834829786,0.9681498577776986,0.04920435348721422
30.239999989149307,-0.25114907197237596,0.9666361055297077,0.05038633876135468
30.439999989149307,-0.2527121261643063,0.9663409812435175,0.04818391078806141
30.639999989149306,-0.26220429032581677,0.963964769392007,0.04495368178192021
30.839999989149305,-0.268231214705763,0.9621526383316972,0.0481073384092843
31.039999989149305,-0.2693673733448117,0.961451048398894,0.055254861414947336
31.239999989149307,-0.2736381036526367,0.9596385376573189,0.06493123495138135
31.439999989149307,-0.2872624817223698,0.9555776312981168,0.06596709147283673
31.639999989149306,-0.30568325221992293,0.9501941004080423,0.06073648707327632
31.839999989149305,-0.31962382279806206,0.9458449367696143,0.0567271318439206
32.03999998914931,-0.3263079287307969,0.94335392183724,0.06005425714898339
32.23999998914931,-0.3244706257670853,0.9436637920475681,0.06494197866342191
32.43999998914931,-0.32142263899556844,0.9444149090392444,0.06905046506375284
32.63999998914931,-0.3177930475362535,0.9455125723000158,0.0708064584640994
32.83999998914931,-0.32458301057421024,0.9430045377452753,0.07340511588712453
33.03999998914931,-0.32699147563630937,0.9421604667183013,0.0735542644198214
33.23999998914931,-0.3367408527686608,0.9389756530573646,0.07021624485922795
33.43999998914931,-0.34674341197200836,0.9355270213106006,0.06751443291419283
33.63999998914931,-0.34781672491941085,0.9352668886889794,0.06556960262477743
33.83999998914931,-0.34460602223165643,0.9362312920793736,0.0686852034506844
34.03999998914931,-0.33919673302983344,0.937955783129897,0.07200364709560908
34.23999998914931,-0.3401079468121149,0.9376865905928025,0.07120703854039695
34.43999998914931,-0.34175439451587103,0.9370024808811728,0.07232070693527413
34.63999998914931,-0.3397011129370594,0.9375623876275258,0.07469888336177567
34.83999998914931,-0.3304386074146679,0.9406824699603442,0.07698582622250076
35.03999998914931,-0.3203965323900055,0.9441947283000913,0.07643544389075506
35.23999998914931,-0.322160691863555,0.9438480253850453,0.07323519368955507
35.43999998914931,-0.3253388165343556,0.9428806196368871,0.07162954396884558
35.63999998914931,-0.32929158893818233,0.9413994366038356,0.07303526693692886
35.83999998914931,-0.3331353141811322,0.9400579803115791,0.07288248142011541
36.03999998914931,-0.334842936286598,0.9395689062639209,0.07134758861369843
36.23999998914931,-0.33407850729031136,0.9399216267191066,0.07027721246880796
36.43999998914931,-0.3277387472751966,0.9415487161204031,0.0779315642503458
36.63999998914931,-0.33319251690349605,0.9394851661762149,0.07968920387582983
36.83999998914931,-0.33405434933900546,0.9390302399378206,0.08142419892152786
37.03999998914931,-0.3344112402980296,0.9387259822354642,0.08344251097849673
37.23999998914931,-0.33511590441382816,0.9386519376187283,0.08142401742427628
37.43999998914931,-0.3324417643646652,0.9389527952257721,0.08860091220646298
37.63999998914931,-0.3312773233699824,0.9389458423889588,0.09293029689669971
37.83999998914931,-0.3349064836500076,0.9379618421425494,0.08980662499917527
38.03999998914931,-0.33680510883287273,0.937684638345072,0.08549758871306244
38.23999998914931,-0.34052337720374154,0.9366798899053933,0.08169830735443091
38.439999989149314,-0.35017567727275617,0.9330965313855444,0.08190151502159765
38.63999998914931,-0.34655627358371827,0.9339199864541975,0.08770523439999628
38.83999998914931,-0.3421096543698093,0.9353553626898743,0.08984058033129162
39.03999998914931,-0.3374349232488808,0.9368464364096918,0.0919588340426499
39.23999998914931,-0.3373994273039327,0.9369027658537894,0.09151411798459178
39.439999989149314,-0.33758183360138516,0.936520716169464,0.09469664095289322
39.63999998914931,-0.33791249620774105,0.9363187875429687,0.09551059103952238
39.83999998914931,-0.33842827501746037,0.9362000908488626,0.09484562490325045
40.03999998914931,-0.3373920620487258,0.9367730558204398,0.09285923947213916
40.23999998914931,-0.33659036110307367,0.9369173272911312,0.09430191214469692
40.439999989149314,-0.33733588948176263,0.9366799665949777,0.09399541396887365
40.63999998914931,-0.3385942292137968,0.9363136365310786,0.09311671165297114
40.83999998914931,-0.337933350207576,0.9363105789664433,0.0955172787144175
40.95998888888889,-0.3387649065233884,0.9360404702605502,0.09521857036633155
