0.01999981,-0.9782813005960849,-0.12111723688175936,0.16821507612030692
0.21999981000000002,-0.9815384310635722,-0.11807806788562784,0.1504655383456897
0.41999981000000003,-0.9838167244061546,-0.10073719620137656,0.14817783262090642
0.61999981,-0.9847978483546168,-0.10394942045139699,0.13916794122187812
0.81999981,-0.9874336418236345,-0.09974180853556172,0.1225821138052756
1.01999981,-0.9919263921361787,-0.09875024649852415,0.07956394535331114
1.2199998100000002,-0.9924341162890817,-0.10868198675036754,0.057120491782742526
1.4199998100000002,-0.9939320132380571,-0.10085143336551475,0.04391060747318073
1.6199998100000002,-0.999482514166042,0.029105109833039246,0.013696585630556611
1.81999981,-0.9839344745423094,0.17824222545134094,-0.010132071520808595
2.01999981,-0.9721377683991017,0.23436357768690713,-0.0046768264675871715
2.21999981,-0.9574602279285616,0.28848869863952786,-0.006647006262921257
2.41999981,-0.9204723348572736,0.3899011127920409,-0.026604567388469502
2.61999981,-0.86286089313602,0.505426924986034,-0.003834396389486995
2.81999981,-0.804692135947446,0.5936747028750932,0.004573129181039807
3.01999981,-0.7605503690700803,0.6492244919482549,0.008408041501748932
3.21999981,-0.700014608720569,0.7139693702623197,0.015076004278826211
3.41999981,-0.6319303715695913,0.7747545224448753,0.02048012302530725
3.61999981,-0.5710898085329112,0.8202113733621558,0.03331266421661205
3.81999981,-0.5045031008049967,0.8626004440185284,0.037377737454012454
4.01999981,-0.4240935728422673,0.9053887697743332,0.02039159239490257
4.21999981,-0.34408980162130237,0.9388300695581482,-0.014153053156677666
4.41999981,-0.2703342297452429,0.9626584109334074,-0.014428724379302049
4.61999981,-0.20187309139833348,0.9794028336365944,0.00416466491929382
4.8199998100000006,-0.13612915604242326,0.9906178876726272,0.012043815765783818
5.01999981,-0.08382445944885597,0.9964473647121962,0.00813076602951836
5.21999981,-0.042995051863245315,0.9983964939760442,-0.036822090266847136
5.41999981,-0.05165200465143882,0.9973297937273307,-0.05162705646545731
5.61999981,-0.11958078879517814,0.9922004806873044,-0.03519433299561103
5.8199998100000006,-0.20013667825027415,0.9795853042066371,-0.01891934991844395
6.01999981,-0.27267288455379624,0.9620985396483249,0.003987234088097212
6.21999981,-0.31847745210180645,0.9479185474781667,0.004747615151223223
6.41999981,-0.3749526647047896,0.9267046775919424,-0.025078671416001008
6.61999981,-0.41843784145241897,0.9063129424951598,-0.059216746840782146
6.8199998100000006,-0.47043387745207854,0.8616847244418222,-0.1902403811208953
7.01999981,-0.54626981623271,0.7776261727774678,-0.3112664827515942
7.21999981,-0.6292405403086572,0.6745618957134991,-0.3860344431310239
7.41999981,-0.7181294741744358,0.5280469990002236,-0.4532730139428186
7.61999981,-0.7607979358559119,0.4535815943529876,-0.4641661750511192
7.8199998100000006,-0.8248223920318335,0.32537012785777114,-0.4623876095882136
8.01999981,-0.9013202832068286,0.16828436515124434,-0.3991266960823403
8.219999810000001,-0.9526287089485366,0.06535445158393259,-0.29703087136728473
8.41999981,-0.9739020056448261,0.11119157376406236,-0.19786691821741265
8.61999981,-0.9697840516911486,0.22522125257870718,-0.09377782505676795
8.81999981,-0.8737789242622087,0.4644004587560896,0.14436968318283194
9.01999981,-0.7554469187981526,0.5715763062963474,0.32031309520374235
9.219999810000001,-0.7152400965783648,0.5727462294224243,0.4004913993195949
9.41999981,-0.6720425669811404,0.569807527337199,0.47294626539942897
9.619999810000001,-0.6098087730711781,0.5778599942387964,0.542412285391622
9.81999981,-0.5528606689746258,0.5622632261903725,0.6149838576539415
10.01999981,-0.5280894132517034,0.5283984782242678,0.664768094768205
10.219999810000001,-0.5625052301807507,0.4935350800008998,0.6633332426675193
10.41999981,-0.6312327801050766,0.4460911729367384,0.6344665812702365
10.619999810000001,-0.7779269062597909,0.3145132027990551,0.5439771813064878
10.81999981,-0.8662833303975429,0.1679792614922806,0.4704637703201493
11.01999981,-0.9396300625609558,-0.05621693198828348,0.3375425930005277
11.219999810000001,-0.9060710872128476,-0.3641853041969845,0.21541645509078106
11.41999981,-0.8468924575680605,-0.5157674605193334,0.12944918687952037
11.619999810000001,-0.780413477596133,-0.6227368371422235,0.056157240427306236
11.81999981,-0.7131614208223699,-0.7009900139191554,0.003713251437870085
12.01999981,-0.67587529757,-0.7367203631711308,-0.02087315557507838
12.219999810000001,-0.6424720032201623,-0.7632022557036287,-0.06893505615552038
12.41999981,-0.6600452096833835,-0.7198555636207423,-0.21482152754852493
12.619999810000001,-0.6663362098555261,-0.6760684711551238,-0.31452738790977475
12.81999981,-0.7503819739545329,-0.5606174280975081,-0.3501927932973977
13.01999981,-0.853443863860078,-0.33615304730433265,-0.39828971870686364
13.219999810000001,-0.9142093414675343,-0.08873669843913477,-0.395407483899355
13.41999981,-0.926293931008945,0.13679788125730333,-0.35109242808626495
13.619999810000001,-0.8682341383783649,0.21042496419040213,-0.44932261839333887
13.81999981,-0.8368245582796868,0.21929768744125153,-0.5016305243333252
14.01999981,-0.7925862384772915,0.20842465579308003,-0.5730324750255905
14.219999810000001,-0.7674823207417703,0.11839569989511438,-0.6300423363514337
14.41999981,-0.7675226208856568,-0.00622326733053089,-0.6409916515622845
14.619999810000001,-0.7550495795630763,-0.07214666368508015,-0.6516862675557414
14.81999981,-0.7219182164408026,-0.14263531269512184,-0.677118347368682
15.01999981,-0.6999285106012605,-0.19028284784590496,-0.6883985167496757
15.219999810000001,-0.6991621581251151,-0.18972133891560056,-0.6893316257113871
15.41999981,-0.7075146778406075,-0.18608218958872785,-0.6817597812704751
15.619999810000001,-0.7879626149617882,-0.17333147507715105,-0.59082240747128
15.81999981,-0.885600104303044,-0.18677428519158096,-0.42523854675888895
16.01999981,-0.9358572015026054,-0.1856296091690012,-0.299521195569655
16.21999981,-0.9691604827551484,-0.17206433933849302,-0.17641378005647868
16.419999810000004,-0.9850843591196006,-0.16911840730563418,-0.03174538908772401
16.619999810000003,-0.9848672263677423,-0.10153818323680659,0.14045121491706353
16.819999810000002,-0.95891549585642,-0.062299971611766765,0.2767666622691577
17.01999981,-0.9431634064478304,-0.0234451074325168,0.33150130569155023
17.21999981,-0.9165223985266853,0.0179104780516562,0.3995821664875115
17.419999810000004,-0.871103487487496,0.10200299916455771,0.4803895317849434
17.619999810000003,-0.834557773997565,0.14508055698575165,0.5314743209647413
17.819999810000002,-0.8266928874450599,0.15560804381829674,0.5407078754251624
18.01999981,-0.8192296512883548,0.24399028047840743,0.5189715998800211
18.21999981,-0.7737184986435208,0.3814499307041349,0.5058217425364656
18.419999810000004,-0.7094688135203421,0.5011745656515098,0.49545742237457624
18.619999810000003,-0.6437575399003606,0.5953372554479398,0.48078038863617334
18.819999810000002,-0.6113221609487167,0.6324012664803489,0.4757665958083247
19.01999981,-0.6217508859319569,0.6220850150579614,0.47585299188211766
19.219999810000004,-0.6286394703379655,0.6224144173605539,0.4662753579108858
19.419999810000004,-0.6275544176356539,0.6342485872344379,0.4515575074086299
19.619999810000003,-0.6226567226316869,0.666483227107437,0.40999843139458847
19.819999810000002,-0.6038821598971899,0.7200028965242043,0.3419388336452306
20.01999981,-0.5804738409934207,0.7644659796573293,0.28043160640146314
20.219999810000004,-0.521250621403643,0.8121655931662428,0.26207792536427243
20.419999810000004,-0.4308904938658676,0.871245823707907,0.23508317031969542
20.619999810000003,-0.3792351458375568,0.8970147100085685,0.22703593149501874
20.819999810000002,-0.3270201465985045,0.915977682844605,0.2324708761314436
21.01999981,-0.24456131740748904,0.9426901924615481,0.22699110789791466
21.219999810000004,-0.14389115208988157,0.9613558239764156,0.23471326348733149
21.419999810000004,-0.024088953707796235,0.9665880743459683,0.25520034647589424
21.619999810000003,0.08627138180550947,0.9638304936017054,0.25216666767211865
21.819999810000002,0.17419696529697026,0.9530966706250498,0.24751192642935763
22.01999981,0.2665003310204417,0.9301708989199733,0.25250677687619333
22.219999810000004,0.43568937975521477,0.8552836974642034,0.2804720328668747
22.419999810000004,0.5520796410168487,0.7617266342760274,0.33908790100683706
22.619999810000003,0.6181372046148834,0.6887059467486992,0.3789333914870479
22.819999810000002,0.7069722365794529,0.6036398221112816,0.3685230275943504
23.01999981,0.754447171532979,0.5405102000878526,0.3723683511885478
23.219999810000004,0.7936379453167413,0.4870196776017678,0.3646239780679436
23.419999810000004,0.8608269622316532,0.3816648010912434,0.3366139045004012
23.619999810000003,0.9076083869866872,0.26443809502469473,0.32606672594905234
23.819999810000002,0.9242468567018881,0.21701328057777983,0.31412256195560034
24.01999981,0.9284237893348709,0.21973552048059247,0.29957564726826946
24.219999810000004,0.9241816262469064,0.23768611164300713,0.29898768208682347
24.419999810000004,0.9266373492560799,0.23239104840286617,0.2955293954683405
24.619999810000003,0.92320496609217,0.23855885012888653,0.30130095520581807
24.819999810000002,0.9183030433058779,0.2503186768767329,0.3066921594397954
25.01999981,0.9159265175312833,0.26058569160554007,0.3052436925040034
25.219999810000004,0.9164607886182397,0.26245362597425037,0.30202270963985844
25.419999810000004,0.9152886567595685,0.2715028700447339,0.29754473002346593
25.619999810000003,0.9042148867471239,0.30246370656279276,0.30151475054660726
25.819999810000002,0.8965441508731548,0.34108151454556696,0.2826163229016262
26.01999981,0.8829055814065628,0.4600901782688432,0.09378039337560887
26.219999810000004,0.84091180383756,0.5411560254759625,-0.004182613742720949
26.419999810000004,0.7865014189295543,0.6175638729239209,0.0055118854310596925
26.619999810000003,0.6535136454808379,0.7545699646819503,0.05953220615957302
26.819999810000002,0.4239613465809241,0.8572483142446791,0.2922021634587016
27.01999981,0.24537138535230557,0.8161778212789116,0.5231124614293751
27.219999810000004,0.08382506643600951,0.7905354345183606,0.6066523592700069
27.419999810000004,-0.030327917433959573,0.7613214015964445,0.6476649912534603
27.619999810000003,-0.09278587868933205,0.748112493327379,0.6570528730957204
27.819999810000002,-0.1457600061868109,0.742088219700057,0.6542622522955307
28.01999981,-0.1668712402965039,0.7273773740272678,0.6656396509486967
