0.04,-0.9987547285638185,0.005477190019074334,0.04958823006428166
0.24000000000000002,-0.9766954052827447,0.03360586698478065,-0.21198285544773757
0.44,-0.9622882844915059,0.014457637025297105,-0.27164726072986606
0.6400000000000001,-0.6724102823794506,0.05597914937386324,-0.7380587693305776
0.8400000000000001,-0.3955121428667821,-0.026835405220199383,-0.9180686280837582
1.04,-0.21714112511008815,-0.05135729458714322,-0.9747882642290142
1.2400000000000002,-0.12037419105461325,-0.013313779500533156,-0.9926393088143141
1.4400000000000002,-0.06645396398751549,-0.005612912366044588,-0.9977737047472823
1.6400000000000001,-0.4597824256919157,0.1085508735310044,-0.8813721284908625
1.84,-0.4411755100572112,0.12667952144627598,-0.8884348418268515
2.04,-0.4228375626199277,-0.05519028354405597,-0.9045233154761495
2.24,-0.46013446695409205,0.04210772784748956,-0.8868501629792913
2.4400000000000004,-0.04399379527288126,-0.1773663770398674,-0.983161082566453
2.64,-0.0210339482741156,-0.1338732119160288,-0.9907752197906894
2.8400000000000003,0.3031014099209372,-0.27782447158878437,-0.9115608033973117
3.04,0.4014237825766249,-0.11770334880006152,-0.9082977862260403
3.24,0.40612981571949414,0.030507454528285682,-0.9133060100546007
3.4400000000000004,0.4468168568304477,-0.5218293740571333,-0.726669664168871
3.64,0.42046021445467074,-0.5485219967189464,-0.7227287369242987
3.8400000000000003,0.3242620099491247,-0.7327477418941272,-0.5982766046343544
4.04,0.19970461371700393,-0.8214292961376554,-0.5342021889761768
4.24,0.2411846914152942,-0.8393023818170506,-0.48723860325628426
4.44,0.280526440991411,-0.877211964306475,-0.3896204378395309
4.640000000000001,0.3982303097729264,-0.915185685900783,-0.062030482026763666
4.840000000000001,0.6020914828383481,-0.7878321206898914,0.1296394843509776
5.04,0.5548804399103007,-0.8095382266916419,0.1917173881782847
5.24,0.4997336292149148,-0.8339607522877602,0.2340422258382515
5.44,0.019566538621572982,-0.9985289577332416,0.05056749088630463
5.640000000000001,-0.13328186110930967,-0.98493908627914,-0.11014055483268424
5.840000000000001,-0.1641663235284459,-0.9693193545881362,-0.18294645949018226
6.04,0.8261604461930542,-0.5603902583524045,-0.058495089450471896
6.24,0.9606819801869881,-0.26913036058523226,-0.0682567356036763
6.44,0.9702746276140843,-0.22190027112556088,-0.09657855187748761
6.640000000000001,0.9791140265759953,-0.1990745866219806,0.04129203220270069
6.840000000000001,0.981965869291929,-0.18621464608060323,0.03266706492512095
7.04,0.893262107873888,-0.445419342605998,0.060699389363804535
7.24,0.5951244483721418,-0.7988568533247259,0.08749067862276164
7.44,0.6011619822367817,-0.7990694763097523,0.009604329398836505
7.640000000000001,0.600778778614406,-0.7982573130770253,-0.0430130362289227
7.840000000000001,0.9758514934544074,-0.2144028878777498,-0.04177636164727641
8.04,0.9783375424074967,-0.2027597500921357,-0.04176286458845992
8.24,0.9778943868210925,0.19642404576598319,-0.07169492638061589
8.44,0.9205568619671104,0.3803749010213322,-0.08882566384935153
8.639999999999999,0.8651391144108458,0.49231086127252655,-0.09573049978726877
8.84,0.6121066748107046,0.7826268616950743,-0.11322815023439083
9.04,0.3591430158898533,0.9250981532173934,0.12332761674219182
9.24,0.37986544773054637,0.9198000559474765,0.09833665999763735
9.44,0.4015590149903762,0.9128148787931626,0.07429235851541674
9.64,0.35183467106313643,0.9331526899122048,0.0737456544313717
9.84,0.3805428265275178,0.8888004014864764,-0.2553840314035433
10.04,-0.11466327001845977,0.9509812139391457,-0.2872056149233545
10.24,-0.19825398731890254,0.9247640381490865,-0.32481814952116145
10.44,-0.5656060521718762,0.7194136238747194,-0.40315484807948027
10.64,-0.6342552988778863,0.5855439744100399,-0.5048350917650415
10.84,-0.9379307649945936,0.24710216400061513,-0.2433647481104641
11.04,-0.9699619492247734,0.047713488582842536,-0.23853142363917848
11.24,-0.9540300205470642,-0.2380791387811521,-0.18205780283248837
11.44,-0.969763463082835,-0.2313681772532753,-0.07763756966883949
11.64,-0.9610859984266384,-0.2548047139455104,-0.10671579723460767
11.84,-0.9709877964976199,-0.2147058722634535,-0.10528099291081197
12.04,-0.9826944140170961,-0.14974616699337173,-0.1090310695645474
12.24,-0.9759016287914237,0.08187444394144448,-0.20226859951936596
12.44,-0.9634669428034082,-0.17215768745862656,0.20516622717677488
12.64,-0.9418532899024431,-0.2288509187866223,0.2460480385422
12.84,-0.9214481348272028,-0.21077272153217383,0.3263559325052786
13.04,-0.8829706420089282,0.39144010195683315,0.2591090348296735
13.24,-0.8958032578051098,0.38412470133933607,0.22357266632287082
13.44,-0.9257959856721845,0.31643085762999307,0.2068170816272566
13.64,-0.9112786661908766,0.3548879856600534,0.20886768581934043
13.84,-0.9245233493736456,0.3316124982602565,0.18785560268602022
14.04,-0.9438337034145207,0.30192117769320836,0.13424433976588002
14.24,-0.9335356377324402,0.34917544710876813,0.08116477203737088
14.44,-0.39998866961587,0.8918252594078456,0.21132148698382713
14.64,-0.3159792767096084,0.9232330818088044,0.21862701878745372
14.84,-0.06560932553421353,-0.043121411099613184,0.9969132160362426
15.04,-0.09694026427810115,0.6740320947410361,0.7323136762485749
15.24,-0.04618366380426944,0.6117576205533028,0.7896959433177906
15.44,0.030577291857978584,0.5554677564206412,0.8309756920630422
15.64,-0.0513987464724375,0.3033736892461917,0.9514844053026916
15.84,-0.41121659036813185,0.24056195468255667,0.8792217364040288
16.04,-0.6490306673927044,0.058262476486100015,0.7585279669316665
16.24,-0.8184251887758058,-0.31859925280691676,0.478199463078077
16.44,-0.806155077778918,-0.5799399298996462,0.11740386824658101
16.64,-0.7102706739672241,-0.7023375086964797,-0.04730320898382534
16.84,-0.6391995080227675,-0.7657689727587457,-0.07086514872253742
17.04,-0.39697251425052815,-0.8966678292709871,0.19595822738550825
17.24,-0.43978597384509877,-0.8961622702735413,0.05900408924210984
17.44,-0.44482427416180004,-0.895352866503602,0.021785535573183898
17.64,-0.38097925079779194,-0.867353456140816,-0.3202386494196701
17.84,-0.4255467750377182,-0.861623392522335,-0.2766135783241661
18.04,-0.5335421260429043,-0.7878232608876574,-0.3076805313014715
18.24,-0.7557536360413699,-0.03349055709626185,-0.6539991010663782
18.44,-0.9930070151395568,-0.11803122557574652,0.0023869798314866313
18.64,-0.8996623304402118,0.24252835007770293,-0.3630257437090018
18.84,-0.8969168387507528,0.27210751914225473,-0.3485651766766209
19.04,-0.9534532042468723,0.05066802793973406,-0.29725365978583085
19.240000000000002,-0.8216221159407395,0.015468389568481206,0.5698226281231904
19.44,-0.8114483188750842,-0.008896694482677941,0.5843564619494521
19.64,-0.7627891744615932,-0.08604013711673825,0.6408976284315099
19.84,-0.9346699975065884,0.028658378852208424,-0.35435955339541486
20.04,-0.9310849740320654,0.00032468497144724784,-0.3648022282160261
20.240000000000002,-0.931727418895959,-0.0500553718128445,-0.35969219706598066
20.44,-0.9769997982126253,0.08058323411937672,-0.19742780116121425
20.64,-0.9635666845181615,0.11403642397749439,-0.24193994811337666
20.84,-0.9725291936711367,0.0636719486915481,-0.22390366322860733
21.04,-0.9599618319746682,-0.004120826782539522,-0.2801005175619408
21.240000000000002,-0.9779403656013463,-0.18536024576236743,-0.0963027549887307
21.44,-0.9694094081444784,-0.21503416939031086,-0.11834570290294393
21.64,-0.9642064500021439,-0.24007043931626115,-0.11257044878990594
21.84,-0.9711453650181363,-0.13178999665821864,-0.1987663874618088
22.04,-0.9706698835534873,-0.13363095181726745,-0.19985681344070116
22.240000000000002,-0.9709343517248596,-0.13296686523174434,-0.19901330958272503
22.44,-0.9210223315965463,-0.36944398270078627,-0.12340586836387714
22.64,-0.928171689463498,-0.36115989450101343,-0.08978221139230648
22.84,-0.926877695665054,-0.3496443696369901,-0.13655237844794713
23.04,-0.9203175506862149,-0.3603660624789385,-0.15215750692079777
23.240000000000002,-0.9600022800010493,-0.22255408099536897,-0.1698979206026192
23.44,-0.9503561853121639,0.025846417552509056,-0.3100888320120769
23.64,-0.9900209374168184,0.06048345477243472,-0.12728038016566187
23.84,-0.9571452496682433,0.25503609944109673,-0.1372208403245942
24.04,-0.9744651050116973,0.12082629708760839,-0.18925846096446794
24.240000000000002,-0.861819501021766,0.4042590904723537,-0.3063359845481101
24.44,-0.8528913013680476,0.4383716021607372,-0.28356086907354877
24.64,-0.9074479860635736,0.2935421686410276,-0.30061794327466107
24.84,-0.28328041244111013,0.7529674818489489,-0.593963112663781
25.04,-0.3756465923019647,0.9104373206061465,-0.1731863820842239
25.240000000000002,0.17678013058684727,0.9698866445521662,-0.16753710678245828
25.44,0.2598399268476946,0.9499859984253904,-0.1732334125147308
25.64,0.4966614156500725,0.8671954317346441,-0.036048874920449496
25.84,0.56544948144079,0.8238573406710875,0.03906361684106541
26.04,0.4588124572954236,0.8796518168160545,0.12531484430325843
26.240000000000002,0.44919993985934337,0.8697997737092165,-0.2041268421490869
26.44,0.4851657914845705,0.8402712429389496,-0.2419884151420956
26.64,0.42505046443767286,0.8663624649357605,-0.2621987452901943
26.84,0.3958990202292054,0.8724249029257304,-0.2865985947917142
27.04,0.35800509841690603,0.7400666888130989,-0.5693273624345815
27.240000000000002,0.34818389150637974,0.7043200344774877,-0.6186285369501672
27.44,0.3579737886102197,0.7083175491530125,-0.6083921566143956
27.64,0.40893253918853456,0.746471997724916,-0.5249321241888236
27.84,0.3755395200113934,0.7290081187111803,-0.5722912123760052
28.04,0.5067501709588222,0.8599354773920876,-0.06095276003305279
28.240000000000002,0.4774687628133182,0.8501256370791082,-0.22205850967337465
28.44,0.430585020081815,0.7344709139397216,-0.5245464870320772
28.64,0.44102065016669756,0.6928849631235966,-0.5704482570783749
28.84,0.8300208833454512,0.47264646752233613,-0.2960922997125969
29.04,0.9487301781235773,0.06726919546807711,-0.3088460853866916
29.240000000000002,0.9729517308302524,-0.12219200106682196,-0.19604602610025482
29.44,0.9653489563054527,-0.16334164852178346,-0.203521248075377
29.64,0.7852198805074022,-0.5678457637731361,-0.24694316718800888
29.84,0.8115321141120004,-0.5474465716102153,-0.20424955078807153
30.04,0.6624846314210515,-0.7071216113476838,-0.24717026499150044
30.240000000000002,0.5489505140607859,-0.7870996435722792,-0.2812960792488764
30.44,0.2655566968017114,-0.8475311653600316,-0.4595329852439655
30.64,0.0677249130929447,-0.811524491304689,-0.5803803375022443
30.84,0.21269729592021516,-0.5890956433736165,-0.7795679465360625
31.04,0.2704686966478952,-0.6230401475017537,-0.7339398195591939
31.240000000000002,-0.04171125667306669,-0.699944160796674,-0.7129785009615603
31.44,0.33876417132098824,-0.9052915141548492,-0.25629301712771085
31.64,0.32332356416458047,-0.946152648363714,0.01603243120185964
31.8,0.3371092192654359,-0.9202755950249485,0.19862075291299486
