0.03333333333333333,-0.9997520685627398,0.0016275711251758987,0.022207035298656228
0.23333333333333334,-0.999849360329502,-0.00471736812541526,0.016703385484847934
0.43333333333333335,-0.9968820845984816,0.0772432261166373,0.016111903229594274
0.6333333333333334,-0.9887542645925521,0.14807766061671487,0.02092870460211339
0.8333333333333334,-0.9880684103430398,0.14510647237527213,0.05162294215736256
1.0333333333333334,-0.9361258079361403,0.21875687987526188,0.2753432389276137
1.2333333333333336,-0.8685273000012366,0.3477770469478846,0.35314509025154406
1.4333333333333336,-0.7725537640189719,0.40425741869489173,0.48962906483404545
1.6333333333333335,-0.7478249737427906,0.4114403303953471,0.5210323053043475
1.8333333333333335,-0.7372026103204745,0.41254607553805517,0.5351056408736767
2.033333333333333,-0.7393537835637973,0.3986931693786755,0.5425861585229435
2.2333333333333334,-0.75529407488873,0.3794770218684304,0.5343482481601719
2.4333333333333336,-0.7756689062170359,0.3697481809084108,0.5114919653748125
2.6333333333333333,-0.8055123984395518,0.3535889839799102,0.47552561063334475
2.8333333333333335,-0.8429632864327403,0.29912920821151284,0.44714048633652903
3.033333333333333,-0.8668924603510656,0.24747933623077253,0.43272559471939315
3.2333333333333334,-0.8948690037491525,0.17462096997132867,0.4107517291202457
3.4333333333333336,-0.9328682592696826,0.04969402177570307,0.35677347862041
3.6333333333333333,-0.9614832021589166,-0.12141938492718467,0.2465915345873416
3.8333333333333335,-0.9676464598702426,-0.14438258276348964,0.2069154380299618
4.033333333333333,-0.9766532246848582,0.015054623638995677,0.21429381003602668
4.233333333333333,-0.9695504626544298,0.14093662109044325,0.20027173840107867
4.433333333333334,-0.9364893223831234,0.29511927316273173,0.18945280063989497
4.633333333333334,-0.8758462471779918,0.4470786647315569,0.18169760275269517
4.833333333333334,-0.6958141311470025,0.6926699591110042,0.189871068468322
5.033333333333333,-0.3565627684255257,0.9162243185182519,0.18274569852253655
5.233333333333333,-0.0490932712130947,0.9849582452144403,0.1656716810613324
5.433333333333334,0.2610735404570192,0.9502786198661428,0.16973847854430807
5.633333333333334,0.5050015355864755,0.8466018754290453,0.16804378469709924
5.833333333333334,0.6854958457023262,0.7049886369851469,0.18189685881476203
6.033333333333333,0.8336230701344454,0.5251096683979309,0.1712670811762648
6.233333333333333,0.9236910299205846,0.36343736517560543,0.12127721483635347
6.433333333333334,0.9579171305556383,0.2670115231692034,0.1053547221671346
6.633333333333334,0.9639973139511503,0.24395025348437918,0.10581801604582543
6.833333333333334,0.9473725837541596,0.2998498883410602,0.1121393419492997
7.033333333333333,0.8834040470922209,0.4536552328830241,0.11744879419957482
7.233333333333333,0.7054873810635871,0.6972000960103691,0.1272775757279092
7.433333333333334,0.4173827744307346,0.9005112258101337,0.12194733206771288
7.633333333333334,0.015589887006783543,0.9959475554257231,0.08857438831085426
7.833333333333334,-0.22281140071001504,0.9715197158189192,0.08065061369120204
8.033333333333333,-0.3674645101448134,0.9274028180874735,0.06995603467497015
8.233333333333334,-0.49789863655080446,0.862572635026734,0.0898075554944421
8.433333333333334,-0.5983025888838509,0.7942212017426534,0.10605043534723121
8.633333333333333,-0.6057246193862212,0.73101804839035,0.31418195109996666
8.833333333333334,-0.6489459147810853,0.6661085815732672,0.36765276721845935
9.033333333333333,-0.6727759052376591,0.6630204825439374,0.32829319374433036
9.233333333333334,-0.738760122098518,0.6099399489363864,0.2867171789210771
9.433333333333334,-0.7752242954150874,0.5784487787129119,0.25381942834172927
9.633333333333335,-0.8215092123373512,0.5133029946021008,0.24827937847791695
9.833333333333334,-0.9219273367364185,0.32483969903530796,0.21101932543903507
10.033333333333333,-0.944802103514961,0.2801005604965042,0.16997841393320945
10.233333333333334,-0.9825550144438455,0.1465187358894196,0.11453341706515739
10.433333333333334,-0.9920043377520247,0.04520890658388809,0.11782847129050326
10.633333333333335,-0.9938174917904271,-0.0387432558598119,0.10404687951479254
10.833333333333334,-0.98729122150187,-0.10904191841708863,0.11561100282095434
11.033333333333333,-0.9733322993771767,-0.15752395895449559,0.16676461658409727
11.233333333333334,-0.9626145496998753,-0.13391384315111884,0.23545766353763994
11.433333333333334,-0.9356116715422179,-0.008743528290380782,0.3529225846938844
11.633333333333335,-0.900707036209506,0.08819479312110153,0.42538043371670753
11.833333333333334,-0.8865018041238303,0.0839761207262191,0.45504127552670387
12.033333333333333,-0.882680567191008,0.06338957314319621,0.4656788360233732
12.233333333333334,-0.8784149665262969,0.04382045903327491,0.4758854000205492
12.433333333333334,-0.858619866012551,0.07997431573024359,0.5063358909973382
12.633333333333335,-0.8232554024771014,0.1087107876760597,0.5571647035977034
12.833333333333334,-0.7808144357238865,0.09346232568716482,0.6177326368602638
13.033333333333333,-0.7714113439490723,0.05385266316559977,0.6340539638679498
13.233333333333334,-0.7755427698463333,0.027567732611946782,0.6306928192533299
13.433333333333334,-0.800271281196698,-0.016708797096753047,0.5994052824186445
13.633333333333335,-0.8290699054880549,-0.1094621621137448,0.5483257488750755
13.833333333333334,-0.8484003184604776,-0.18296707102839327,0.4967292527679958
14.033333333333333,-0.8845035393477458,-0.3407013886194325,0.31870998207477164
14.233333333333334,-0.8050429384308804,-0.5687018851140659,0.1687721338085213
14.433333333333334,-0.7591730694748325,-0.6381361678052934,0.12821264338174906
14.633333333333335,-0.7130610341772805,-0.6958772462234682,0.08543313014556979
14.833333333333334,-0.733820391807049,-0.6736597714330053,0.08769347137033576
15.033333333333333,-0.8223256594873655,-0.5609065174216231,0.09573081250368706
15.233333333333334,-0.9006060609689323,-0.4195569417414405,0.11349315213964946
15.433333333333334,-0.9748030740916762,-0.11613331744822301,0.1904521444349957
15.633333333333335,-0.9608732860144226,0.0655601556006729,0.2691178073288
15.833333333333334,-0.921089989848156,0.19568674000556804,0.3366005501889697
16.033333333333335,-0.8326333191446463,0.282070244383236,0.4766110920695734
16.233333333333334,-0.7620529890577808,0.3123363155771256,0.5672047847469271
16.433333333333337,-0.7420107997823635,0.30613086691737323,0.5964091425579887
16.633333333333336,-0.7282809152790062,0.3190702637754246,0.6064660544619576
16.833333333333336,-0.7115172397300307,0.3399343987202149,0.6149697733496212
17.033333333333335,-0.7326565070820524,0.33485721714848227,0.5925243343137065
17.233333333333334,-0.7468296412480078,0.34239577546606437,0.5700970267387513
17.433333333333337,-0.73965173145466,0.3438950416182376,0.5784907229217374
17.633333333333336,-0.7478104266859594,0.3261058997027713,0.578303128055529
17.833333333333336,-0.754238569468416,0.32445223056780753,0.5708370436523993
18.033333333333335,-0.7488903241336284,0.3338133667651226,0.5724787494640855
18.233333333333334,-0.7424979820872459,0.34669979295061126,0.5731457058762383
18.433333333333337,-0.7611674090843138,0.35268195003612907,0.5442789886322883
18.633333333333336,-0.7849339147643527,0.34698204799652127,0.5133051800058597
18.833333333333336,-0.7974784432535175,0.3314458420982696,0.5041545262136552
19.033333333333335,-0.8028315901852352,0.33428195810037387,0.49367703034395516
19.233333333333338,-0.8120737624876244,0.3343765002006027,0.4782557478931016
19.433333333333337,-0.8296455011782182,0.297870752477513,0.47218784100527583
19.633333333333336,-0.8765672084521614,0.1268776405635213,0.4642542335740394
19.833333333333336,-0.8804656775513362,0.04984563009121788,0.47148234729931954
20.033333333333335,-0.8861322355076668,-0.01286403721115597,0.4632539020243813
20.233333333333338,-0.8880340841731197,-0.01119790071745122,0.4596412431085042
20.433333333333337,-0.8765915846301621,0.030139465032154145,0.48029033552962175
20.633333333333336,-0.8803163081808966,0.053284941089389054,0.4713851001080296
20.833333333333336,-0.8927339099107823,0.023510277264657153,0.4499704800965795
21.033333333333335,-0.9164507981518772,-0.02937760617806678,0.3990675266443432
21.233333333333338,-0.9206853736314395,-0.026394181780160217,0.3894121081184981
21.433333333333337,-0.9250795956239737,-0.02115110872948316,0.3791838239689281
21.633333333333336,-0.9267268226247384,-0.009864771875318323,0.3756062865604151
21.833333333333336,-0.9310403901291011,-0.004442447241557798,0.3648891017977346
22.033333333333335,-0.9376143349056365,-0.007974526840487122,0.34758562384127945
22.233333333333338,-0.9453576726620015,-0.0247986507468158,0.3250905991569447
22.433333333333337,-0.9541838611817733,-0.05200198772109539,0.2946675284677583
22.633333333333336,-0.9690114483124914,-0.047020423399776745,0.24249926355070447
22.833333333333336,-0.978648205993015,-0.006038422152015636,0.2054537085685419
23.033333333333335,-0.978012415983519,0.05922617335858058,0.19995993241492116
23.233333333333338,-0.9685080693330952,0.09991097591607535,0.2280568274097003
23.433333333333337,-0.9616145569485042,0.14038956850181517,0.2357715269505766
23.633333333333336,-0.9542262975369977,0.16814779659328888,0.24734286241906328
23.833333333333336,-0.9475277787402108,0.19734576715034827,0.25148709053047474
24.033333333333335,-0.938746510686838,0.21640484616931124,0.2681863740530502
24.233333333333338,-0.9370343458003744,0.23263802835984018,0.26047299773932575
24.433333333333337,-0.9227108548207035,0.2847967244069334,0.25979896874916225
24.633333333333336,-0.9161854146454825,0.30333764834461013,0.2618979898503366
