0.03333333333333333,-0.9999040048079141,0.01381150632787987,0.0011061021879050302
0.23333333333333334,-0.9999033499300848,0.013881317090910948,0.0007744897781448997
0.43333333333333335,-0.9998773335387678,0.015434442491380308,-0.0026638056205127974
0.6333333333333334,-0.9998114447589261,0.017562906093255892,-0.008283674222753789
0.8333333333333334,-0.9997999058223525,0.01866240172020015,-0.007201602575039529
1.0333333333333334,-0.9994830456938051,0.005658400151640717,-0.031648441957847835
1.2333333333333336,-0.9970642071302578,-0.03467247535895625,-0.06826995175180052
1.4333333333333336,-0.9973002350365763,-0.035116370303046665,-0.06449094302868767
1.6333333333333335,-0.998375618099039,0.016352446540138624,-0.05457767563311778
1.8333333333333335,-0.9897545489256077,0.1111651112075228,-0.08960050742761543
2.033333333333333,-0.9617474980564876,0.23425968249088147,-0.14200053218688138
2.2333333333333334,-0.9472332658368637,0.26818939898007405,-0.17556647278662466
2.4333333333333336,-0.9458501775735677,0.24902804253279626,-0.20821257314661443
2.6333333333333333,-0.9507998124631426,0.22793982982467875,-0.20981694545376914
2.8333333333333335,-0.9548988993289138,0.22767159219954544,-0.19061410799243875
3.033333333333333,-0.9539577376441415,0.2352215313033394,-0.18610606115917658
3.2333333333333334,-0.9519542019285482,0.2517191975723968,-0.17441514556967222
3.4333333333333336,-0.9510593812350563,0.2616326649314938,-0.16442141589718995
3.6333333333333333,-0.945432750347857,0.28580971849820286,-0.15642800063180742
3.8333333333333335,-0.9005786199497716,0.40070669427282696,-0.16850013191184285
4.033333333333333,-0.7436509398654282,0.6320100797286391,-0.21805168827290605
4.233333333333333,-0.613667424675762,0.7428878873102858,-0.2674507034566895
4.433333333333334,-0.6236012527791159,0.7372892230474446,-0.25985780555991106
4.633333333333334,-0.6355173350638955,0.731758900507497,-0.2462653616758626
4.833333333333334,-0.6383832020690414,0.7271007103137446,-0.2525696822212158
5.033333333333333,-0.6508129236016428,0.7161215801426699,-0.25221502914586186
5.233333333333333,-0.6586303954691767,0.7132853448643267,-0.239645611196813
5.433333333333334,-0.6560180627994183,0.7172330559771154,-0.23498307320874537
5.633333333333334,-0.660362787795711,0.7163144863218146,-0.2254208179831491
5.833333333333334,-0.6756098043408472,0.7046022618330139,-0.21699549511066635
6.033333333333333,-0.6881727464826688,0.6927367682343821,-0.21571750261553765
6.233333333333333,-0.7665976585741939,0.6097217876616932,-0.20141343430663336
6.433333333333334,-0.8726345669357924,0.4519321818148424,-0.18511136007511364
6.633333333333334,-0.9374593232007318,0.3114762991220694,-0.1554108504231445
6.833333333333334,-0.9447112707462394,0.2796096625966367,-0.1712864603744854
7.033333333333333,-0.9400435925909417,0.2840193966697545,-0.1888147937637962
7.233333333333333,-0.9341159542473654,0.29993640089260265,-0.19356017007671314
7.433333333333334,-0.9342970526298977,0.29772968799078825,-0.19607664403491393
7.633333333333334,-0.9357762576776175,0.2941401999419788,-0.19443337765148716
7.833333333333334,-0.9406040827403267,0.28538948535372366,-0.18389345062227086
8.033333333333333,-0.9611068936100843,0.23268255177579147,-0.14876951688528361
8.233333333333334,-0.9841262345553679,0.12495871794698458,-0.1260193368849362
8.433333333333334,-0.9905179348142678,-0.06816301923399125,-0.11928127942047123
8.633333333333333,-0.9240926426604048,-0.35429359773443186,-0.14327886929098246
8.833333333333334,-0.8878817086546501,-0.43694265249774256,-0.14403884845671544
9.033333333333333,-0.8956261335802574,-0.42482702883098045,-0.13181739044117047
9.233333333333334,-0.8982265195120681,-0.41926286838500076,-0.13193849642472805
9.433333333333334,-0.9110713534095044,-0.3929846183512558,-0.12454749590373698
9.633333333333335,-0.9199904214439151,-0.37195492483563786,-0.12356034291779298
9.833333333333334,-0.9248358385375102,-0.36086915996026514,-0.12021697528299807
10.033333333333333,-0.9335885723190768,-0.3395333709529933,-0.11458388911415503
10.233333333333334,-0.9381111052177964,-0.32665976063475544,-0.11506934886879822
10.433333333333334,-0.9450705248826412,-0.3026764624219746,-0.12340446545311053
10.633333333333335,-0.9519503377029124,-0.2786517352124959,-0.12705811666468325
10.833333333333334,-0.9732764928883662,-0.18306929367663227,-0.13863081224482948
11.033333333333333,-0.9865805467814104,-0.09031773579216022,-0.1360203341926156
11.233333333333334,-0.988568644295279,-0.07073372680159032,-0.1331494476479446
11.433333333333334,-0.988479654127531,-0.052801110575594515,-0.14184504255666017
11.633333333333335,-0.9792861388080275,0.04349920682085744,-0.1977535773239548
11.833333333333334,-0.9672481846127596,0.10020050617458809,-0.23321836961456913
12.033333333333333,-0.9745126555869821,0.08375709330540775,-0.20811014733029481
12.233333333333334,-0.9780222714873945,0.10768728644329131,-0.17853818866874982
12.433333333333334,-0.9762764387994318,0.14737546806165483,-0.15863412766081295
12.633333333333335,-0.9807688423177923,0.14661830244775473,-0.12882372190693936
12.833333333333334,-0.9836817388319541,0.13463161750384767,-0.1193505938688229
13.033333333333333,-0.9877186451846147,0.11329369037622174,-0.10759376225230527
13.233333333333334,-0.9913937528582086,0.029291683640470665,-0.12759476503063724
13.433333333333334,-0.9740702863825521,-0.17778497606268057,-0.1399270505406492
13.633333333333335,-0.9383759744128027,-0.30764479970340497,-0.15749669158517318
13.833333333333334,-0.8635701971418381,-0.4557064270790288,-0.2158197556464016
14.033333333333333,-0.8311303478146189,-0.5130888140508068,-0.2143879983522575
14.233333333333334,-0.836929116271715,-0.5006265950815834,-0.22118468896753843
14.433333333333334,-0.8333024965828241,-0.5018599975068387,-0.23182642664560144
14.633333333333335,-0.8374020115213859,-0.5056643001936878,-0.20751261795265588
14.833333333333334,-0.8441735395626486,-0.5000313391537079,-0.1932348182042229
15.033333333333333,-0.8655436498843025,-0.46570888079910994,-0.1842537068549789
15.233333333333334,-0.9032910334748496,-0.38501860143044386,-0.18927753537195932
15.433333333333334,-0.968943580872959,-0.17379289875696352,-0.17591010609609503
15.633333333333335,-0.9797288406157274,0.07032007593942667,-0.18758061143315444
15.833333333333334,-0.9737526881700883,0.11810201553933099,-0.19457033742858906
16.033333333333335,-0.966235130849748,0.1531985364453112,-0.20717113781312643
16.233333333333334,-0.9579046066591724,0.16727357423098188,-0.23332020037949563
16.433333333333337,-0.9537396506131539,0.1628264056475431,-0.2527216660126331
16.633333333333336,-0.9532186099444149,0.16189860980580223,-0.2552706833903693
16.833333333333336,-0.9503231782612245,0.18609061717319486,-0.2495118014435074
17.033333333333335,-0.9407856387455664,0.25349763339276826,-0.22508072284041342
17.233333333333334,-0.9308152177742282,0.2990020134887861,-0.2101923554498791
17.433333333333337,-0.9238787812121617,0.32858542682923164,-0.19616221578423937
17.633333333333336,-0.9058371763585553,0.3820513847530742,-0.18301843987701957
17.833333333333336,-0.8424050572263169,0.49889907190852123,-0.2036011679935607
18.033333333333335,-0.760824471804085,0.6052167419921151,-0.23421959421979324
18.233333333333334,-0.7367902195826701,0.6320270004567071,-0.2401708621398914
18.433333333333337,-0.7168909960621934,0.6482919831195695,-0.2564854857255124
18.633333333333336,-0.7145166468473779,0.6432716389939559,-0.2750773706505302
18.833333333333336,-0.7111845090823623,0.6469322507900738,-0.27512771021648924
19.033333333333335,-0.6867520567044691,0.6817449884739734,-0.2521812508946762
19.233333333333338,-0.5267725385920234,0.8218371209197539,-0.21701253250364344
19.433333333333337,-0.12629082651273055,0.9811481506520164,-0.14628374349482437
19.633333333333336,0.22646147853647203,0.9718257635055978,-0.06534435037428653
19.833333333333336,0.4774194133931897,0.8777122727000091,0.04113234818348396
20.033333333333335,0.6211590891868578,0.7580340332267244,0.19886123400647726
20.233333333333338,0.6932647618096498,0.6437172282171649,0.32405570528756367
20.433333333333337,0.7590324447107151,0.5470214148155492,0.35304011048274697
20.633333333333336,0.8005755177455489,0.48017196048748956,0.3584881152117138
20.833333333333336,0.8473318182185058,0.3992233535469515,0.3502135117571094
21.033333333333335,0.8842016387288969,0.3422782300211396,0.3178570045204752
21.233333333333338,0.9444034254880468,0.20071560060469756,-0.26041393511165833
21.433333333333337,0.9622043574520859,0.14237141508919263,-0.23214899238575176
21.633333333333336,0.9824625780230608,0.05191224450064695,-0.17908769264018734
21.833333333333336,0.9885405743294561,0.005894368074440871,-0.1508402775434743
22.033333333333335,0.9910652909998661,-0.006510240520491747,-0.133218638875031
22.233333333333338,0.9930715210733622,0.014085804291843647,-0.1166642368101335
22.433333333333337,0.9757355743162496,0.17689257576302334,-0.12903141343743443
22.633333333333336,0.9256129200606078,0.3549876487036348,0.13124211018091503
22.833333333333336,0.8587878567636665,0.5115875676968505,0.02759669641984047
23.033333333333335,0.7453971297817461,0.6663597365716848,-0.018649943411440804
23.233333333333338,0.5952755622898809,0.8023766372410296,-0.04288049615201757
23.433333333333337,0.4036741670966266,0.9110126473099628,-0.08428002883327905
23.633333333333336,0.15283727088074633,0.9843858219953274,-0.08732309021277963
23.833333333333336,0.005153155103529816,0.9928866300142769,-0.11895202785733315
24.033333333333335,-0.05502962549682677,0.9871724890492565,-0.14987400435691012
24.233333333333338,-0.049988549630704815,0.9930887285240074,-0.10618814521588034
24.433333333333337,-0.1103051207421189,0.9928342484300448,-0.04596667795713774
24.633333333333336,-0.41950217747075463,0.9054927086557546,-0.06403809544763274
24.833333333333336,-0.8755089831748973,0.4765972611369997,-0.07961828343269069
25.033333333333335,-0.9914754161385531,0.06916320169799646,-0.11042169498683432
25.233333333333338,-0.984766536524412,0.005970409397288005,-0.17377923567947529
25.433333333333337,-0.9383000931662837,0.14345215928779573,-0.31466555763192844
25.633333333333336,-0.8977698660219544,0.18394878510485313,-0.4002150823262044
25.833333333333336,-0.9075559788367069,0.19989395736583349,-0.3693027905206968
26.033333333333335,-0.9276073253141414,0.23329778043883667,-0.2917478288965615
26.233333333333338,-0.9340811742137541,0.2984512542657661,-0.19600818556031135
26.433333333333337,-0.9184393609229554,0.3656653464758656,-0.15085753111501765
26.633333333333336,-0.899030448374848,0.40846868593103647,-0.15778968758664857
26.833333333333336,-0.8393212753817629,0.5055793254203784,-0.19982327792078228
27.033333333333335,-0.7277898774104784,0.641280245994818,-0.2430669464070893
27.233333333333338,-0.6924340999792867,0.6739594669802266,-0.25751437640179237
27.433333333333337,-0.7020489469587665,0.6658090607776809,-0.2526372313425507
27.633333333333336,-0.6871613480346905,0.68032019731056,-0.2548994132956526
27.833333333333336,-0.6775520919474283,0.685339228234187,-0.2668956817579342
28.033333333333335,-0.6797104984224863,0.68345453119609,-0.2662396328907255
28.233333333333338,-0.6640290813085759,0.7049306815120769,-0.24927517613955769
28.433333333333337,-0.615356904404916,0.7508392556076458,-0.23995060416626476
28.633333333333336,-0.5774529380701199,0.7768996962095617,-0.25094813476827693
28.833333333333336,-0.5867239771669243,0.7702792001525302,-0.24984981174658777
29.033333333333335,-0.6106455102091053,0.754551926151517,-0.2403402829375407
29.233333333333338,-0.624822868949838,0.7433789258458267,-0.23871354181444934
29.433333333333337,-0.6640339414583354,0.7144697523316325,-0.2204356994556106
29.633333333333336,-0.6678336575690184,0.708746514642606,-0.22732484202116074
29.833333333333336,-0.727560218458775,0.6447186279890231,-0.234508036621715
30.033333333333335,-0.8938426871848633,0.3918554533396014,-0.21793245342114126
30.233333333333338,-0.9535505694874521,0.21804837212048067,-0.20783700066582075
30.433333333333337,-0.9502428608739443,0.21772834429547686,-0.22278436535908974
30.633333333333336,-0.9408386807286071,0.22022769293755876,-0.25753124103350056
30.833333333333336,-0.9209515334481968,0.19507176035895227,-0.3373355619407402
31.033333333333335,-0.9243048035709021,0.163900986713361,-0.34466954703040237
31.233333333333338,-0.9515562895830122,0.09959899021496246,-0.29089631985154124
31.433333333333337,-0.9802123916447494,0.04438032519168052,-0.19290944508230112
31.633333333333336,-0.9915433328233494,0.025139600491257134,-0.12731778988305129
31.833333333333336,-0.9928986676584132,0.005967722660947994,-0.11881339170476708
32.03333333333333,-0.9916342594488992,-0.03240441423888815,-0.12494578594361692
32.233333333333334,-0.9756177554690398,-0.16260840417124342,-0.14740590933349526
32.43333333333333,-0.9566466641786269,-0.24504915855416606,-0.15741051365077371
32.63333333333333,-0.9597877853474919,-0.2329886848734909,-0.1566003825623611
32.833333333333336,-0.9588505919731458,-0.2355630227894874,-0.1584790351025228
33.03333333333333,-0.9558197940934003,-0.24233239663395284,-0.16638368538079185
33.233333333333334,-0.9604012895768248,-0.22665111265312643,-0.1620451668895812
33.43333333333333,-0.9649232229634244,-0.21161606294453864,-0.15537636786117529
33.63333333333333,-0.9713671909894643,-0.1879462368497242,-0.14533407144666843
33.833333333333336,-0.9854768063399509,-0.10560645557388641,-0.13297646674179356
34.03333333333333,-0.9927811607668651,-0.002887313898360011,-0.11990508848605277
34.233333333333334,-0.9838472162598019,0.11903013795448912,-0.13370295926558456
34.43333333333333,-0.9776627059409965,0.15364628906461386,-0.14341705361916277
34.63333333333333,-0.9793154980996885,0.1407092078667341,-0.14540314303093915
34.833333333333336,-0.972575341803556,0.16113728009455086,-0.16772591177103935
35.03333333333333,-0.9622692341460057,0.18101162565110512,-0.203156866473186
35.233333333333334,-0.9647232693524179,0.17108549866089273,-0.20009689082525897
35.43333333333333,-0.9694186330562418,0.15359921959478684,-0.19140217768677859
35.63333333333333,-0.9753572320377656,0.13411665218667118,-0.17518845143977868
35.833333333333336,-0.9813883345715586,0.11138768955857761,-0.15642800063180706
36.03333333333333,-0.9838182872257362,0.07574156999771646,-0.16237238772186774
36.233333333333334,-0.9836489772420625,-0.06905314628527942,-0.16633205511490712
36.43333333333333,-0.9693677967514851,-0.18221146617313813,-0.16469686158578278
36.63333333333333,-0.9646740739483044,-0.2060446150251957,-0.1641631739188194
36.833333333333336,-0.9631539639735408,-0.21168618130733677,-0.1659017851789801
37.03333333333333,-0.9470600429349052,-0.2552639383006346,-0.1947244126435777
37.233333333333334,-0.9412829313712184,-0.26351292601848214,-0.21106250479510605
37.43333333333333,-0.946961027411612,-0.25180108590980466,-0.19965226194107452
37.63333333333333,-0.9474878099365622,-0.25465211172978297,-0.1934403060718716
37.833333333333336,-0.9420554868397479,-0.2813337339519332,-0.18270957789833825
38.03333333333333,-0.9380502580927526,-0.30587076422471743,-0.16280291423898982
38.233333333333334,-0.9378394086949142,-0.3083573958194883,-0.15928891970942952
38.43333333333334,-0.9375113697253774,-0.31019081031490053,-0.15765180884414873
38.63333333333333,-0.9352071838636941,-0.31621606809925357,-0.15935784111736492
38.833333333333336,-0.9334020525156297,-0.31969568721692876,-0.16295789620176573
39.03333333333333,-0.9312096765930291,-0.32673703928768627,-0.1615284661507795
39.233333333333334,-0.9283048605638411,-0.334917554107552,-0.16149401785875214
39.43333333333334,-0.9229834976155152,-0.3488516993552248,-0.16249293826625955
39.63333333333333,-0.9130354066338527,-0.37055281102771664,-0.17046102332325871
39.833333333333336,-0.9058019609634593,-0.3856779339649366,-0.17542901347066342
40.03333333333333,-0.9066911212691505,-0.3831809841941334,-0.17630525790147708
40.233333333333334,-0.9111094696102848,-0.3748558598169289,-0.1713552413770197
40.43333333333334,-0.9137297938155439,-0.36931241234866014,-0.16942905883884635
40.63333333333333,-0.9153754683246312,-0.36580226337298094,-0.16815604687511723
40.833333333333336,-0.9259132463921822,-0.34430051476255313,-0.15537636786117512
41.03333333333333,-0.9395046413890612,-0.3142742393391552,-0.1362451147608852
41.233333333333334,-0.9700542966535313,-0.20655655254599928,-0.12778517967407124
41.43333333333334,-0.9885165412113542,-0.0407161926601605,-0.14552401659795505
41.63333333333333,-0.9881250319540951,0.03416708044922046,-0.14980497935414278
41.833333333333336,-0.9877700302010126,0.04928413800588054,-0.1479237681297625
42.03333333333333,-0.9873689208222971,0.0472776112233284,-0.15121984549399803
42.233333333333334,-0.9870472313632399,0.046709687588982904,-0.15347953656270413
42.43333333333334,-0.987537260448681,0.037615724889947265,-0.15282413574602044
42.63333333333333,-0.9878955441601166,0.02547844705510861,-0.15301386396090905
42.833333333333336,-0.989763774263865,0.024074649075157835,-0.1406701191684175
43.03333333333333,-0.9919171441421677,0.013424137852072294,-0.12617516268971068
43.233333333333334,-0.992021414311198,-0.017673155661481327,-0.12482456936427072
43.43333333333334,-0.9880606968150634,-0.09765735566260327,-0.11915997773715403
43.63333333333333,-0.9699006119249727,-0.21143056549189715,-0.12078873690597298
43.833333333333336,-0.9411224701449069,-0.3125158848765914,-0.1289275683791115
44.03333333333333,-0.9318778034963902,-0.3394821832465054,-0.12788904022209602
44.233333333333334,-0.931831329709473,-0.33769782585746727,-0.13285537769701072
44.43333333333334,-0.9338657661782092,-0.33093096250748294,-0.13557075206052824
44.63333333333333,-0.9365914371388273,-0.3238778553247163,-0.1337894416928642
44.833333333333336,-0.9426533242732311,-0.30658920952605073,-0.13193849642472819
45.03333333333333,-0.9458651482088626,-0.2970985921411508,-0.13065813388983025
45.233333333333334,-0.9614951220339714,-0.24291418734965178,-0.1285294825677643
45.43333333333334,-0.9872561327474401,-0.07512693956736533,-0.14028995439378786
45.63333333333333,-0.9851954960394939,0.05141408501615781,-0.16354334729804032
45.833333333333336,-0.9800517951507137,0.10505508565003534,-0.1687065730815711
46.03333333333333,-0.980876273241748,0.10765500445553647,-0.1621485017108022
46.233333333333334,-0.975740634050942,0.11557918951471631,-0.18593457454972678
46.43333333333334,-0.9664304847280362,0.12423751611834156,-0.22489365881918064
46.63333333333333,-0.9696981079398161,0.11273590293741,-0.2167399262868453
46.833333333333336,-0.9699529087812417,0.1030993417733225,-0.22036760304708167
47.03333333333333,-0.9706119304632824,0.07373655890862237,-0.22907509756116148
47.233333333333334,-0.9764319882220885,-0.03204411947342859,-0.21343323729876731
47.43333333333334,-0.9658802070162278,-0.1702869854400945,-0.19513525638390994
47.63333333333333,-0.933929323165028,-0.2997194517166396,-0.19479288897490468
47.833333333333336,-0.8917819997412287,-0.4119220030760064,-0.18720344099237607
48.03333333333333,-0.8068761766711268,-0.5592209353053911,-0.19032283372404069
48.233333333333334,-0.7319211972544148,-0.6583689485085534,-0.17561801914782385
48.43333333333334,-0.7401414840668727,-0.6517568422162884,-0.16554033402026047
48.63333333333333,-0.7500548495243888,-0.6414598628075652,-0.161080623017934
48.833333333333336,-0.7542601780174512,-0.6359256618187615,-0.1633711617680829
49.03333333333333,-0.7500289093850045,-0.6397397180685481,-0.1678979696491741
49.233333333333334,-0.7507043870338799,-0.638620170339353,-0.1691366350730162
49.43333333333334,-0.7527714299667793,-0.6367637607972145,-0.16693437980583345
49.63333333333333,-0.754978545931734,-0.6347524590372101,-0.16461078618675046
49.833333333333336,-0.7579435100509764,-0.6314865074775217,-0.16354334729804026
50.03333333333333,-0.7631626636526654,-0.6256125409073374,-0.1618384919172001
50.233333333333334,-0.7690037246159583,-0.6195473513982412,-0.1574622205553056
50.43333333333334,-0.7797841048857891,-0.6077589705076282,-0.15021911840700133
50.63333333333333,-0.8286097441371406,-0.5443493844362423,-0.13072734826679033
50.833333333333336,-0.9213216753909731,-0.370885192888958,-0.11666423681013344
51.03333333333333,-0.9737080594766521,-0.18799368978658326,-0.1286506413145264
51.233333333333334,-0.99078810174313,-0.060575474839565276,-0.1211179148276843
51.43333333333334,-0.9715215236883484,0.2105184138762636,-0.1087562707584819
51.63333333333333,-0.8463555359900972,0.5141344145485393,-0.13909748551194817
51.833333333333336,-0.6768707428114108,0.7211564143767469,-0.14757853342950306
52.03333333333333,-0.4529103776438285,0.8772485731593953,-0.15908215082883762
52.233333333333334,-0.37812864147014646,0.9058264312168677,-0.19104242201368407
52.43333333333334,-0.38817802835119714,0.9023954841766697,-0.18708342642503334
52.63333333333333,-0.3885114010702816,0.903127050136798,-0.18281253389637203
52.833333333333336,-0.4031581107034597,0.8974598453831598,-0.17896749341389326
53.03333333333333,-0.40903203933703647,0.8935009670323032,-0.18533432684779177
53.233333333333334,-0.4106282607153319,0.8900010299071441,-0.19819838108855553
53.43333333333334,-0.40398973916912756,0.8930073965899787,-0.1983181289787924
53.63333333333333,-0.40725011259127963,0.8931894963214504,-0.19068264067666088
53.833333333333336,-0.4257154914017238,0.8895472399275853,-0.16574688026567275
54.03333333333333,-0.46572948812434445,0.8723205426277891,-0.14883855280469407
54.233333333333334,-0.5532497479047629,0.8229614880355304,-0.12903141343743432
54.43333333333334,-0.7263674893306817,0.6780450136446745,-0.11245101117835894
54.63333333333333,-0.8643342737565127,0.49371491676162177,-0.0957697456239032
54.833333333333336,-0.96574314102301,0.24100822348764525,-0.09620406321117872
55.03333333333333,-0.9918096784175375,-0.02400778794758497,-0.12544794902733647
55.233333333333334,-0.9774573709199149,-0.0949558783095327,-0.18857483715700982
55.43333333333334,-0.9803530607454858,-0.08036944295679037,-0.18013502970209055
55.63333333333333,-0.9592175239833608,-0.24899296884455135,-0.13380673805607762
55.833333333333336,-0.8626907287845277,-0.5052198702860969,-0.022750585428075495
56.03333333333333,-0.8175763675972295,-0.5753835842369021,-0.02241905745600375
56.233333333333334,-0.8109403676106051,-0.5841940283799901,-0.03306141837151455
56.43333333333334,-0.7794406682941795,-0.625648542579752,-0.032189218334022836
56.63333333333333,-0.7553295571792238,-0.6541862334494629,-0.03895679679648852
56.833333333333336,-0.7619493393084,-0.6453490296719753,-0.05438597456084421
57.03333333333333,-0.8137685582460741,-0.5772392455157686,-0.06764308572568718
57.233333333333334,-0.856087724007174,-0.5109107371800775,-0.07800017588651309
57.43333333333334,-0.8764216334466107,-0.4766830302451528,-0.06825253916942083
57.63333333333333,-0.9128486938861796,-0.4028356651285137,-0.06656342066603609
57.833333333333336,-0.9379006639902108,-0.3399899662664299,-0.06891420263540851
58.03333333333333,-0.9508741920795076,-0.3006423042789047,-0.07384088105524252
58.233333333333334,-0.9839209947359459,-0.1580501277993464,-0.08318433278230525
58.43333333333334,-0.9899839711433396,0.08881293914112241,-0.10974515351658437
58.63333333333333,-0.9768233752004984,0.16234912779425362,-0.1394949976391673
58.833333333333336,-0.9754240463331365,0.11186622217979951,-0.1898259154338812
59.03333333333333,-0.9568328980972511,0.044443035574223376,-0.2872205105972827
59.233333333333334,-0.9651458976065141,0.02280166666717165,-0.26071724210438296
59.43333333333334,-0.9749271647771652,0.014215346677401146,-0.22206969018395925
59.63333333333333,-0.9802761038738524,0.024888171163170908,-0.19605952950584263
59.833333333333336,-0.9768050308145142,0.035107094556674844,-0.21123310272597992
60.0,-0.9764391575676795,0.015669263498020534,-0.21522324630473877
