0.0,-0.9843185198245933,-0.025245277242954906,-0.1745844423402277
0.2,-0.9847018204876637,-0.024274816646849218,-0.17254871197735025
0.4,-0.9927315687485245,-0.042109986943742794,-0.11274210131841299
0.6000000000000001,-0.9938489888293051,-0.10765465462271483,0.025974270750728796
0.8,-0.9896354880555984,-0.11956296404238774,0.07953803122001728
1.0,-0.9829962293975069,-0.04072086388626902,0.1790536909271622
1.2000000000000002,-0.95114874097323,0.14056073174724115,0.27487952494814893
1.4000000000000001,-0.9380118830929485,0.18716920537333964,0.2917214351677525
1.6,-0.9360553236913653,0.18229589360491966,0.30094623799582126
1.8,-0.9416231534041724,0.17342778736198805,0.28856305990876163
2.0,-0.9479671795288582,0.1540615378013782,0.27860952802511213
2.2,-0.9509141511681851,0.14852396626852396,0.27148279605152975
2.4000000000000004,-0.9522788162945934,0.14515611898776498,0.268504668780597
2.6,-0.9542784704493045,0.14259306211172504,0.26271623374762637
2.8000000000000003,-0.9553525784840458,0.1380793448386337,0.2612193432975788
3.0,-0.9571811658319345,0.13426860864243792,0.256468626755482
3.2,-0.958810297631247,0.13286332870885775,0.2510580591032307
3.4000000000000004,-0.9602724988665984,0.1346374362984108,0.24443708529494906
3.6,-0.9608480966101606,0.13602339806653474,0.24138883656678148
3.8000000000000003,-0.9613736078878076,0.1352380640932977,0.23973204224107753
4.0,-0.9609541677893451,0.13588925697743282,0.24104189935861617
4.2,-0.9612008418809285,0.1359237491256138,0.24003682215658467
4.4,-0.9612367342391915,0.1367643913059155,0.2394147907291777
4.6000000000000005,-0.9612152096563487,0.13641315539470028,0.23970142210792741
4.800000000000001,-0.9650800432182916,0.1197469334568513,0.23298322280683872
5.0,-0.9785110744516103,0.018203273274434086,0.20538918671062373
5.2,-0.9790127439061183,-0.09102919188516825,0.18233961032684845
5.4,-0.9754002222791084,-0.14750805594736008,0.16381629897081648
5.6000000000000005,-0.9694625000882638,-0.2174104714280145,0.11346870862075553
5.800000000000001,-0.93939452965205,-0.3422189187503738,0.020594399945848364
6.0,-0.8442250218479993,-0.5173700861684354,-0.14004394461671926
6.2,-0.7809148298185362,-0.5248538838232056,-0.33867451809249494
6.4,-0.8166029608620424,-0.36504948971105133,-0.4471000719895345
6.6000000000000005,-0.8133195576404428,-0.24707239533084652,-0.526750917061406
6.800000000000001,-0.6902472518677693,-0.15705962037816965,-0.7063221693644175
7.0,-0.5985588326894955,-0.10977224765697104,-0.7935221341926926
7.2,-0.5317503750372354,-0.08338814076884865,-0.8427858308175774
7.4,-0.46269987530025153,-0.026495169166734774,-0.8861189713621743
7.6000000000000005,-0.37135853268547897,0.040814105762561795,-0.927592070348001
7.800000000000001,-0.30528637522403507,0.036868392417828244,-0.9515466098636969
8.0,-0.2676883221886759,0.03768362910789995,-0.9627683554526864
8.200000000000001,-0.21768514782345677,0.020972824796156215,-0.9757936856923956
8.4,-0.1591180656656604,-0.03609377286886756,-0.9865995543982927
8.6,-0.1552706083575312,-0.059429062411644855,-0.9860827676828933
8.8,-0.23575574094434074,-0.11684788327860814,-0.9647620446437007
9.0,-0.3499571344379537,-0.17743966257515417,-0.9198071375028524
9.200000000000001,-0.4666545550426817,-0.2810502743906613,-0.8385966071496183
9.4,-0.6085573436981704,-0.5493303214954598,-0.5726204304045761
9.600000000000001,-0.5485968818706424,-0.7912470282029482,-0.2701288610308265
9.8,-0.3984628334124627,-0.8994555575756904,-0.17946328408651163
10.0,-0.2870518650637846,-0.9468334696383055,-0.14528457432257327
10.200000000000001,-0.0039540641771115825,-0.9890122833418936,-0.14778047494624422
10.4,0.39648324076264674,-0.8959104329381604,-0.20036350951934184
10.600000000000001,0.6086974016684095,-0.7556260046841957,-0.24190248912966353
10.8,0.7397935960726422,-0.6280441808597542,-0.24138339234112421
11.0,0.8523286837908435,-0.47660786658852994,-0.21536191932024282
11.200000000000001,0.9159984985640064,-0.3615332223060635,-0.17389790049762105
11.4,0.9623430268610434,-0.21212370031164332,-0.16999833651545584
11.600000000000001,0.9867830836373043,-0.005320349248295445,-0.1619593767928514
11.8,0.9633647961253913,0.2242617756210819,-0.14708815581671703
12.0,0.9280718219383092,0.332458507276246,-0.16779163943342892
12.200000000000001,0.8988421841824683,0.40510153015820843,-0.16725871635752765
12.4,0.8381513313788145,0.5296542797923072,-0.1302639228858593
12.600000000000001,0.8036600179250816,0.5879424024060681,-0.0919473057878197
12.8,0.841189606851845,0.5321915692099232,-0.0957714935997034
13.0,0.8698366901811099,0.4837178191426885,-0.09695980537631536
13.200000000000001,0.9411088486231853,0.3251038399755645,-0.09285272358033071
13.4,0.9952956101912797,0.05308471798655836,-0.08104727663688763
13.600000000000001,0.9825675149832,-0.17887142818339827,-0.050656595615679395
13.8,0.9740438947090464,-0.22180159847767023,0.04519449184118148
14.0,0.9559445154275479,-0.16601727217647774,0.24209161233523024
14.200000000000001,0.9268264860240604,-0.19931744825597453,0.3182219659687548
14.4,0.8634803045865199,-0.2560873773521148,0.4345354056369704
14.600000000000001,0.7898480252947286,-0.2406997819888107,0.5640954811807632
14.8,0.7319560233954187,-0.26053251803096433,0.6295738136736713
15.0,0.7063113093201396,-0.3322963164731141,0.625062790753753
15.200000000000001,0.6849304472851324,-0.39753154069802343,0.610605401656458
15.4,0.6914285407240104,-0.43039372383164004,0.5802480638128833
15.600000000000001,0.6694312639062772,-0.5526771059349087,0.4963968165492788
15.8,0.5640113285695367,-0.7571861024357034,0.32948509453912345
16.0,0.4070476836682709,-0.8868875945803592,0.21850075011258036
16.2,0.17466428694598707,-0.9781337270463546,0.11290172221918121
16.400000000000002,-0.1939703809761011,-0.9809382853974097,-0.011643519466918228
16.6,-0.5000953841888299,-0.8648870427940305,-0.04330138473564327
16.8,-0.682416251701939,-0.7256444949856682,-0.0880234418213177
17.0,-0.7959529478683954,-0.5987338320836469,-0.08931239050681823
17.2,-0.8759289643108017,-0.47931695671035923,-0.05480606254171743
17.400000000000002,-0.931935164089423,-0.3516141510834878,0.08868110673338862
17.6,-0.9580686001561453,-0.25111863487458974,0.13799995874480006
17.8,-0.9688260911885999,-0.20253357959534973,0.14267499489578805
18.0,-0.9751199658175727,-0.1717860345297893,0.14010928093622618
18.2,-0.9805492018901382,-0.14429790646958107,0.13304652141679235
18.400000000000002,-0.9901337618827541,-0.08635302158411122,0.11035528643068963
18.6,-0.9973472009495077,0.015220035455807433,0.07118223991212341
18.8,-0.979119941913863,0.2019760621840726,0.023017594383611947
19.0,-0.9047439513759604,0.42523685193214084,-0.024738678369237075
19.200000000000003,-0.8272911514089845,0.5592492404911278,-0.053194340023107155
19.400000000000002,-0.7625205495956593,0.6436967763332047,-0.06493744360978582
19.6,-0.7170158320525255,0.6935641899609181,-0.06969225918192155
19.8,-0.6331835935363153,0.7712688950756312,-0.06498329297021918
