0.0,0.9945822348763641,-0.05392911283110116,-0.0888697297035807
0.2,0.9938115528485719,-0.06198613021587207,-0.09217546900109151
0.4,0.992894352687659,-0.07020674395287602,-0.09608234751758758
0.6000000000000001,0.9900205231761883,-0.08866632833150605,-0.1095337660730976
0.8,0.9845769733070171,-0.12658539397735039,-0.12076556489824447
1.0,0.9709863151713164,-0.19975180829692038,-0.13147163508582263
1.2000000000000002,0.9332631905743333,-0.3113906442949977,-0.1790410114039849
1.4000000000000001,0.8454905346696396,-0.4617682134130562,-0.2681713498220146
1.6,0.7355914445950483,-0.5953199354745455,-0.3232636711187227
1.8,0.687607913530593,-0.6430907591136662,-0.3370899476292835
2.0,0.7167697258726254,-0.6160697593934826,-0.3266484526724987
2.2,0.8377793321874794,-0.4596819577017783,-0.29464943292489415
2.4000000000000004,0.925587443053574,-0.286188906095109,-0.24775753326514915
2.6,0.9687393151271115,-0.13906676346336877,-0.20543752000761387
2.8000000000000003,0.983031213494266,-0.02825469206662989,-0.18124929150816127
3.0,0.9841310667105825,0.052716190725154884,-0.1694315400700843
3.2,0.9814277167897425,0.09492147281555201,-0.16670198173806944
3.4000000000000004,0.9663844438750666,0.19215801498477147,-0.17081101812643762
3.6,0.944408953264635,0.273835166964022,-0.18195062607032308
3.8000000000000003,0.9161160121022467,0.35334103711887505,-0.189424295848325
4.0,0.8819846276198219,0.43434604765054424,-0.18288419158767033
4.2,0.8384903097505307,0.5208881485316319,-0.16002980089267113
4.4,0.771237111015272,0.623829133839569,-0.12661173075900276
4.6000000000000005,0.7019719766852883,0.7022069336025174,-0.11891495427026533
4.800000000000001,0.6919826894137123,0.7139273669908289,-0.10708721778675527
5.0,0.69590090381095,0.7125041730213052,-0.08977602966454348
5.2,0.6910433381809966,0.7161672769469407,-0.09779333405743498
5.4,0.6825454181467109,0.7243602898896513,-0.09712838204104667
5.6000000000000005,0.6215809152709806,0.7793444307553584,-0.07911652179852639
5.800000000000001,0.4618353263591588,0.8848147760817554,-0.06173283853932497
6.0,0.3359906672052773,0.9380501432974103,-0.08468884348402186
6.2,0.29288236193487077,0.9347667180957083,-0.20107487363673668
6.4,0.27480098390928703,0.9219961222822809,-0.27277750959147073
6.6000000000000005,0.29101019145145796,0.9209372404690348,-0.2592058401901181
6.800000000000001,0.3142492733848366,0.9350848910881683,-0.1639013137095942
7.0,0.30739696715914144,0.950081107467731,0.05341342353989118
7.2,0.302051325956612,0.9267593752654522,0.22334291313010493
7.4,0.31176958765443785,0.8803006753029379,0.357589772329934
7.6000000000000005,0.3534074409091465,0.7987414409337636,0.4869448544189613
7.800000000000001,0.4041647522506484,0.6858024539354881,0.6052485829923395
8.0,0.45047364362747827,0.5537626767877947,0.7003002171881716
8.200000000000001,0.46075845142400346,0.42082777195924503,0.7814125899863475
8.4,0.4640987813617151,0.29990771163767754,0.833467267286978
8.6,0.4608965604356143,0.20624021007945678,0.8631566117020721
8.8,0.4601536099664498,0.186520556286229,0.8680257699616526
9.0,0.4515624463992005,0.17578614193644243,0.8747517300954998
9.200000000000001,0.44655212084049484,0.14409173807030753,0.8830791439008931
9.4,0.4581278814998488,0.10908334638977189,0.8821675961702912
9.600000000000001,0.4747531779183542,0.11835934660055993,0.8721241225471935
9.8,0.5619661208397558,0.12231483680479469,0.8180667208276681
10.0,0.7722436930063811,0.015138939038029695,0.635146039219855
10.200000000000001,0.9033711429936268,-0.15631761864620403,0.399356207047253
10.4,0.9305064152298351,-0.262552924332273,0.2553894538556622
10.600000000000001,0.9312616727488713,-0.32737454441924035,0.15992999885971748
10.8,0.9016902729978818,-0.41859998806335197,0.10829913007206772
11.0,0.8466993035795791,-0.5252768029027621,0.08476184076640292
11.200000000000001,0.7751287228930767,-0.6288369429887196,0.06115195891179393
11.4,0.7049568111736131,-0.7087475712039679,0.02669784059445451
11.600000000000001,0.5678374432275559,-0.82313464384562,0.0031616720159038476
11.8,0.4429638559573392,-0.8960487977441498,-0.029657619200962014
12.0,0.32330239639522645,-0.9450330114655701,-0.04886888299745935
12.200000000000001,0.20262609673813392,-0.9776097315909861,-0.05676158577126292
12.4,0.08334161863327327,-0.9943916464345008,-0.0651108908314831
12.600000000000001,-0.023951128836801172,-0.9971945501294317,-0.07091806976788734
12.8,-0.11302543169157758,-0.9907535563899871,-0.0750509313168416
13.0,-0.20059196274195018,-0.977248133020489,-0.06891263303126016
13.200000000000001,-0.2823339236434602,-0.9568614624966694,-0.06858350493248407
13.4,-0.3686267215304024,-0.9279570392662465,-0.05486413628198914
13.600000000000001,-0.47746737378337245,-0.8783271613889452,-0.023797154007290763
13.8,-0.5812837840674416,-0.8134637773819687,-0.019642944476205397
14.0,-0.6926742598279627,-0.7211256533813071,-0.013422436707517586
14.200000000000001,-0.7773768424540659,-0.6290326948463715,0.0017645482305417726
14.4,-0.8061189321957065,-0.5916371255728239,0.011737921433598555
14.600000000000001,-0.8123777219747179,-0.5827442127233172,0.02125133823195701
14.8,-0.855681082671133,-0.5143714813808874,0.056849484613228175
15.0,-0.9075707630338121,-0.40347165168259164,0.11630105921592412
15.200000000000001,-0.9354591721803006,-0.3209262517514691,0.14806241292272568
15.4,-0.9476336244887406,-0.265055442494387,0.17814636157507618
15.600000000000001,-0.9405468248360425,-0.2553637508718197,0.22396657123667876
15.8,-0.9418574462306772,-0.23791393571879227,0.2372793926379231
16.0,-0.9514191013795721,-0.22368069664430584,0.21158600964810004
16.2,-0.9618010795165988,-0.21966149995203663,0.16336311970431652
16.400000000000002,-0.9655480449209957,-0.21965871813781698,0.13952426489788206
16.6,-0.9634693794312222,-0.22573087331297206,0.14412608276012698
16.8,-0.9563509870447793,-0.24697143696267634,0.15619826792595287
17.0,-0.9510569775406921,-0.26363295460222474,0.1612088419376079
17.2,-0.9416658201745665,-0.29809307322588585,0.15622420686214974
17.400000000000002,-0.9310487309329756,-0.33244226714239933,0.15043403752248735
17.6,-0.9200806312390556,-0.3613353668812364,0.15128907647131437
17.8,-0.916812472881779,-0.3682278256517602,0.15447704678745566
18.0,-0.9188702002517868,-0.3637518095935848,0.15284690414474691
18.2,-0.9198729189686843,-0.36306776655599476,0.1483765811577891
18.400000000000002,-0.9157356563714513,-0.37426256275442793,0.14613603857514185
18.6,-0.9106729829299682,-0.3871295693880154,0.1442408217769295
18.8,-0.9098974962701714,-0.3896743673123551,0.1422688783289928
19.0,-0.9188543555201462,-0.3716207483107489,0.13268267696506608
19.200000000000003,-0.9592024294365769,-0.2693331102558125,0.08596729077329064
19.400000000000002,-0.9913020846058734,-0.13140047476967576,0.007354745838845005
19.6,-0.9971409206686636,-0.021198214199868812,-0.07253013196449001
19.8,-0.9894765576664031,0.07061449856212135,-0.12629225796328777
