0.0,-0.9998000210953326,0.019997935512364003,1.9824631315092012e-05
0.2,-0.9997643695405375,0.021701340018850882,0.0005071869455544869
0.4,-0.9989423180350194,0.008957243299736625,0.04510003360632757
0.6000000000000001,-0.9766088765278678,-0.07424074124977656,0.20180043266965414
0.8,-0.9463511347250152,-0.12729388030454225,0.2970114439574498
1.0,-0.9119493339531035,-0.1492105905978062,0.38221016725872814
1.2000000000000002,-0.8964962348512105,-0.14135348336016718,0.4198972417622561
1.4000000000000001,-0.8793784629532995,-0.022413364888146495,0.4755955844709692
1.6,-0.8375220788158872,0.17836978141558713,0.5164697363579697
1.8,-0.8093157965063544,0.27282631381528744,0.5201670347256225
2.0,-0.8052818042123224,0.26576004005280196,0.5299932234620366
2.2,-0.8062595546828057,0.26682702739163033,0.5279667299518315
2.4000000000000004,-0.8021540991221654,0.2726890816981981,0.5312150844847124
2.6,-0.8054292679051385,0.23464739927477132,0.5442649101452148
2.8000000000000003,-0.8232883889195656,0.15256081520393938,0.546737072398183
3.0,-0.8255679431504259,0.14498805309384188,0.5453586303547724
3.2,-0.8317813851542717,0.14045663560652016,0.537039719969518
3.4000000000000004,-0.8383293191122855,0.13130149344866937,0.5291161219759625
3.6,-0.8416075068603529,0.20398944473073213,0.5000851035921277
3.8000000000000003,-0.8625186972642915,0.19423709776454026,0.4672616469618681
4.0,-0.9129380104769965,-0.10584279095660125,0.39413385115823396
4.2,-0.7994108130768278,-0.5403208596488166,0.26267036483815404
4.4,-0.6358325661288805,-0.7422274393503118,0.21169642445124712
4.6000000000000005,-0.4394502964865098,-0.8800335714069698,0.1800676265035242
4.800000000000001,-0.07795436497325059,-0.9846922488430335,0.1558983388303626
5.0,0.34660552258838806,-0.9295522084107127,0.12568732453989728
5.2,0.6132040403010505,-0.7852819997678222,0.08551599732867352
5.4,0.8056246632438888,-0.5891898262520273,0.06184052566300567
5.6000000000000005,0.9486006869171222,-0.3121691069949586,0.05203062000720535
5.800000000000001,0.9985317051157018,-0.04196640576191661,0.03425280523045354
6.0,0.9934785359575633,0.11031249738358355,0.028836634904463462
6.2,0.9483155316323717,0.3161557528868912,0.02726155500582638
6.4,0.8590781274463798,0.5113092136870796,0.023402114048137402
6.6000000000000005,0.774875254677817,0.6312414453396681,0.03320508053709477
6.800000000000001,0.684045962932126,0.7285427930432272,0.03614580613341153
7.0,0.627640353651044,0.7777009181128275,0.03533933269401169
7.2,0.6011756894094944,0.7980706495986859,0.040878218064769996
7.4,0.6060965741733508,0.7943263884771785,0.04114038580434619
7.6000000000000005,0.6279311619317323,0.7771639140478316,0.0414572861740794
7.800000000000001,0.6427408330654578,0.7650326666554114,0.040115339465492825
8.0,0.6459902892936018,0.7624828688754153,0.036282513830836256
8.200000000000001,0.6450494899791537,0.763116528023159,0.03955148714666473
8.4,0.6483047050384635,0.7600144492815778,0.04559656026731178
8.6,0.6519042620626243,0.7567187171128743,0.048965460026746926
8.8,0.6554861467305683,0.7534296184937784,0.051785339823464435
9.0,0.659472861586416,0.7498413773549574,0.05323019479059039
9.200000000000001,0.6637528504775245,0.7460310231798113,0.05357112968983163
9.4,0.6709155108291732,0.7394129165782781,0.05604387679339965
9.600000000000001,0.6913125390609413,0.7201439032984315,0.05898925223474565
9.8,0.7309602108577786,0.6796050498247705,0.06192048445727511
10.0,0.7868296975547336,0.6141254902244337,0.06122833741434861
10.200000000000001,0.8563028679073045,0.5133723448633912,0.05651755429235102
10.4,0.9117112702065129,0.4072628654991671,0.05403256577133998
10.600000000000001,0.9552684446683565,0.2912848336500082,0.05114043709616115
10.8,0.9887231651339234,0.14205305762868262,0.04740708328824618
11.0,0.9987801487515545,-0.018328504808940733,0.045850631089348136
11.200000000000001,0.9832764269932867,-0.17701934572923225,0.042797422316199006
11.4,0.9479361557673068,-0.31643440504038906,0.0358651905869077
11.600000000000001,0.9168940746774191,-0.3963596480842149,0.04694981567585735
11.8,0.8959690251810649,-0.43330139382290905,0.09741359262041782
12.0,0.8857948572590123,-0.44960833120287685,0.11497747329999007
12.200000000000001,0.8544723205270492,-0.513849350012684,0.07639305560495452
12.4,0.7379773693978118,-0.6720866245922981,0.06073690229850113
12.600000000000001,0.38155302412231834,-0.923104193653036,0.04791594143175966
12.8,0.030654660039941883,-0.9973169104324016,0.06647760512687695
13.0,-0.13940652227950429,-0.9882606266814185,0.06250404224675575
13.200000000000001,-0.12891512524004028,-0.9905994509304047,0.04575607392166917
13.4,-0.0076645399407490045,-0.9993571614824422,0.03502168786984258
13.600000000000001,0.38786448466723966,-0.9216962296680673,-0.0060993236908921025
13.8,0.8223314707488268,-0.5686200846357038,-0.02102740033756931
14.0,0.9389610180932518,-0.34336996547277976,-0.021196068326613488
14.200000000000001,0.9989927791646328,-0.04469246405365525,-0.004001353987847676
14.4,0.9679562577170735,0.24997149476249234,-0.02397780124540432
14.600000000000001,0.8638116738471031,0.5024398137174544,-0.037197119741125426
14.8,0.7141408911843306,0.6986239817062122,-0.04390124967933879
15.0,0.5879713466609573,0.8080256166779238,-0.03720615940891697
15.200000000000001,0.5558217524723308,0.8306071734187148,-0.033969146941892715
15.4,0.5872377116851588,0.8082278826527921,-0.04381277984062079
15.600000000000001,0.8670338523006694,0.4982264588394114,-0.0047638930509935114
15.8,0.9068998873266447,-0.4212713890596786,-0.007937954815199154
16.0,0.15405012975623206,-0.987212442074012,0.040989654016024696
16.2,-0.5584863380983881,-0.8209040299266832,0.1192039588586913
16.400000000000002,-0.8533444792916455,-0.5034996254349535,0.13524543189820795
16.6,-0.9165692410979792,-0.3489915221505353,0.19520692544099705
16.8,-0.9242241353497624,-0.2777169794808347,0.2620744683196473
17.0,-0.9267776722135167,-0.24479398255308124,0.2848842789490099
17.2,-0.9317030392852679,-0.21329174548908159,0.2940001324707442
17.400000000000002,-0.9328298926300324,-0.20526931515225183,0.2961298696058332
17.6,-0.9333846535027552,-0.2042466624163057,0.29508708798817507
17.8,-0.9425126783812376,-0.19234061468417796,0.2732671568877947
18.0,-0.9526011890141852,-0.1577562484011872,0.2601229339738119
18.2,-0.9623724708455591,-0.10643763350062561,0.25002051422513394
18.400000000000002,-0.9681841456987287,-0.036228518900791415,0.24760241201546876
18.6,-0.9664589179752476,0.010472459413108691,0.2566076527696593
18.8,-0.9631155294912445,0.00723938756172279,0.2689908327815866
19.0,-0.9610310501739501,-0.013065741070881026,0.27613150311368584
19.200000000000003,-0.9604952880003416,-0.032470929499951395,0.27639544219568873
19.400000000000002,-0.9595435105793214,-0.052081168848576116,0.276701650079066
19.6,-0.957150211849824,-0.09552901444439173,0.27338192945972234
19.8,-0.9504490443702854,-0.1650210699231198,0.2634666212958284
