0.03999998759920635,-0.99657118583124,-0.05163140230071375,0.06465345982527372
0.23999998759920638,-0.9986824717237578,-0.0185225036003211,0.0478564262362149
0.4399999875992064,-0.9998873395504682,-0.014644810961245421,0.003292069044891228
0.6399999875992064,-0.973120203954788,0.22703855397638778,-0.038607818680965696
0.8399999875992064,-0.7681808463258489,0.6385571177227343,-0.04629249122413182
1.0399999875992063,-0.35451569677041855,0.9292312676164398,-0.1041531181834212
1.2399999875992065,-0.05432631533360033,0.9897518197189311,-0.13206054227262182
1.4399999875992064,-0.018904642746948253,0.9857532840276018,-0.1671319164953502
1.6399999875992064,0.027627765537950044,0.9874564852930134,-0.1554554477146075
1.8399999875992064,0.052930088551763566,0.9876221600228869,-0.14765119287574244
2.0399999875992063,0.030428353916813977,0.9866141152840724,-0.16020831064629643
2.2399999875992065,-0.03511509304627247,0.9872492515394783,-0.1552605731507246
2.4399999875992067,-0.08337278914382906,0.9821354351494616,-0.16869785136200385
2.6399999875992064,-0.14873892737784034,0.9731999130168065,-0.1753814721872579
2.8399999875992066,-0.22421147894939003,0.961912039683759,-0.1563791565994577
3.0399999875992063,-0.303542941348319,0.9416395208521281,-0.14552214789160114
3.2399999875992065,-0.3354972079571522,0.9291304056675899,-0.15542944610637605
3.4399999875992067,-0.36590575634996486,0.9155559517138601,-0.16694393295741
3.6399999875992064,-0.36262952996876535,0.9183924999996551,-0.1582878388854158
3.8399999875992066,-0.3589119997611457,0.9209804903329654,-0.1515820334126237
4.039999987599207,-0.43720956687192186,0.8958204977872847,-0.07970840846365292
4.239999987599207,-0.4669638389295194,0.8829921841553723,-0.04764006562476455
4.439999987599207,-0.5079138933795937,0.8612587109875345,-0.016028401669320725
4.639999987599207,-0.5033549836786122,0.864078465780615,0.0014715230622862183
4.8399999875992075,-0.4038174462465956,0.9146633577771436,0.017955836007239413
5.039999987599207,-0.341925725976251,0.939575461667556,0.01687452955826759
5.239999987599207,-0.3688991152018604,0.9294687399659792,-0.0011420286072328853
5.439999987599207,-0.4039881487429624,0.9124056959622826,-0.06564618534855379
5.639999987599207,-0.41031436693452983,0.8992826961398752,-0.15143563883879402
5.8399999875992075,-0.4091555460610419,0.8938902518165263,-0.18317193244293087
6.039999987599207,-0.41194494294947054,0.89198817567667,-0.186167823297593
6.239999987599207,-0.4140365554856731,0.8913280972312466,-0.18468338801225404
6.439999987599207,-0.4250000285515844,0.8890107592074485,-0.17039614357299496
6.639999987599207,-0.4323549613819954,0.8882674464676257,-0.15508104627663902
6.8399999875992075,-0.4390791168062817,0.8862358125791827,-0.14763337592404746
7.039999987599207,-0.44230682985550923,0.8852046722839756,-0.1441435271865832
7.239999987599207,-0.44171289469594543,0.8854876747091845,-0.14422654609138222
7.439999987599207,-0.4396399476694517,0.8863891260909056,-0.14502080389034622
7.639999987599207,-0.43744900273680487,0.8869557245816653,-0.14814827922182744
7.8399999875992075,-0.4387258963027845,0.886138914334966,-0.1492561972400686
8.039999987599206,-0.43309155923430637,0.8888014990464744,-0.14987860625431948
8.239999987599207,-0.43270133653994447,0.8891989791229079,-0.14864295773202485
8.439999987599206,-0.4339156135125174,0.88822680408753,-0.1508985912807276
8.639999987599206,-0.4209196551877752,0.8948005551997846,-0.1488576846883005
8.839999987599207,-0.3694296370905015,0.9196319480754692,-0.13341223076651618
9.039999987599206,-0.41928848297674076,0.8980735017802803,-0.13289527246357796
9.239999987599207,-0.4620419546383606,0.8776272647365136,-0.12762294599745375
9.439999987599206,-0.6145799008394346,0.7823852198250769,-0.10082119461431133
9.639999987599207,-0.7307362866124061,0.6781500104711379,-0.07833927958507035
9.839999987599207,-0.8104584610443032,0.5828246410165888,-0.058928098099157555
10.039999987599206,-0.9259370812438876,0.37755824662587634,-0.009502209340158375
10.239999987599207,-0.9908811517982792,0.12650445841359959,0.046380653427885485
10.439999987599206,-0.999128029216393,0.0073633750886004734,0.041096982145545795
10.639999987599207,-0.9965174085631423,-0.08221114132750952,0.013942118641991451
10.839999987599207,-0.9842786989555115,-0.1766222943171855,-8.906502936040282e-05
11.039999987599206,-0.9516462718733834,-0.30719585428511975,0.00028344228021911816
11.239999987599207,-0.8915882968188898,-0.4527134305143442,0.010993580286953958
11.439999987599206,-0.7675138473586836,-0.6409671611462108,0.009142890398505002
11.639999987599207,-0.5663300314909407,-0.8239473543369896,0.019520571522007646
11.839999987599207,-0.3087401722424567,-0.9511219603953615,0.006820740237152769
12.039999987599206,-0.12437232897296607,-0.9922119086424694,-0.006859455802635785
12.239999987599207,0.042460434195429886,-0.9990951025745172,0.0024672939734144694
12.439999987599206,0.18372998127847567,-0.9828961747184726,0.012585853296658792
12.639999987599207,0.2582492548470179,-0.9660352594117018,-0.009121400348980855
12.839999987599207,0.38271735418557085,-0.9236661428390653,-0.01919071072159552
13.039999987599206,0.543395432363764,-0.8385283364037737,-0.0398952770903756
13.239999987599207,0.7380374155991559,-0.6725814993188514,-0.05417471688642947
13.439999987599206,0.889806282482164,-0.4517790057147705,-0.06434679207734473
13.639999987599207,0.9804211953129678,-0.1909277510238136,-0.04817544675537993
13.839999987599207,0.9982368692212956,0.042238532168047856,-0.04170203025699141
14.039999987599206,0.9388722671770205,0.3440362361030747,-0.012567186395961284
14.239999987599207,0.777698772004818,0.6283405023946667,-0.019308885846062527
14.439999987599206,0.7315721510322131,0.6812796456466979,-0.0256949851451806
14.639999987599207,0.7320814478976554,0.6810268995099058,-0.01609707389549334
14.839999987599207,0.7660377448553075,0.617310348874626,0.17920409211087407
15.039999987599206,0.7958365599242615,0.5449714283701101,0.2639134557921584
15.239999987599207,0.8306561038724948,0.47807397354780246,0.285404472486999
15.439999987599206,0.9370101097765413,0.24523683108601596,0.24873872005669523
15.639999987599207,0.9580902166676557,-0.21860764038906844,0.18513194291976917
15.839999987599207,0.6827036100912866,-0.7276664604451653,0.06646279494220476
16.039999987599206,0.14987636299653512,-0.9763530576930598,-0.15579403887294113
16.239999987599205,-0.4016571796598744,-0.8842025829028831,-0.2384476932485313
16.439999987599208,-0.8807582550609896,-0.37134292367442295,-0.2938865923768083
16.639999987599207,-0.9478647426837409,0.03245730971945482,-0.31701569775464006
16.839999987599207,-0.8506816852194522,0.42031340980670756,-0.3157171328402241
17.039999987599206,-0.6449799573180897,0.6959440946467799,-0.31569395272039885
17.239999987599205,-0.46682605826460544,0.8217135481174298,-0.3268949007944226
17.439999987599208,-0.3911178149491001,0.8737624762064402,-0.2890778268962039
17.639999987599207,-0.38695828168963264,0.8847276509337717,-0.2598466315060042
17.839999987599207,-0.4481653500205286,0.8622498975923614,-0.23595112447907432
18.039999987599206,-0.5791301369593835,0.7901717176424039,-0.20059147814266437
18.239999987599205,-0.9083445850035943,0.4160667896651805,-0.04240921400307893
18.439999987599208,-0.9863584501583715,-0.16060489897236999,0.036098119442013285
18.639999987599207,-0.9087359822654045,-0.4160554416907942,0.03311772902250913
18.839999987599207,-0.8668948127898367,-0.49662661202267994,0.04307425900638279
19.039999987599206,-0.8876918610450352,-0.4596380182731103,0.027130278147669797
19.23999998759921,-0.9041446148878781,-0.4269038288267009,0.016602298104575416
19.439999987599208,-0.9026391738743412,-0.43009029552551686,0.01627450405452231
19.639999987599207,-0.8860486491087003,-0.4631722414175368,0.01972983002720485
19.839999987599207,-0.8722202366075499,-0.48865684417963307,0.021126937512855243
20.039999987599206,-0.8602665847895679,-0.5095293492568328,0.017923318342374654
20.23999998759921,-0.8496851713781401,-0.5271160521201526,0.013556442651581024
20.439999987599208,-0.824031472696214,-0.5662386399644138,0.01859931765845211
20.639999987599207,-0.7518972913688446,-0.6590240695031653,0.01837767797307675
20.839999987599207,-0.6448084992957668,-0.7641818516671571,0.015751089438399434
21.039999987599206,-0.48084117523886893,-0.8767206441231606,-0.012356227708086281
21.23999998759921,-0.4989771370471459,-0.8660773800287289,-0.030525211003469964
21.439999987599208,-0.5942542367634023,-0.8041297771052742,-0.01540141751164373
21.639999987599207,-0.6923220678036155,-0.720780704906175,-0.034136928202218135
21.839999987599207,-0.7465152695626044,-0.6644096051880061,-0.03570474539595511
22.039999987599206,-0.7586674178705419,-0.6514583953757668,0.005070321101774692
22.23999998759921,-0.7857348611160643,-0.6177054856533628,0.03256779115417787
22.439999987599208,-0.8218707818067164,-0.5691508501061021,0.024407536457377244
22.639999987599207,-0.8187879445933651,-0.5736519261686124,0.02257807324847306
22.839999987599207,-0.7926255915194831,-0.6095827219654537,0.012392608667192525
23.039999987599206,-0.769160644107932,-0.6387977332270182,0.01814826656998121
23.23999998759921,-0.7674076912875051,-0.6411177655482544,-0.007310680624623644
23.439999987599208,-0.7836405541777139,-0.6207797542513456,-0.02323743875052192
23.639999987599207,-0.7890481795730362,-0.6134076456622287,-0.033675370162763625
23.839999987599207,-0.7870930457173378,-0.6154709394075887,-0.04098853654554692
24.039999987599206,-0.7841282334429418,-0.6187850730198755,-0.047412518657408025
24.23999998759921,-0.7812139029868685,-0.622521988262794,-0.04659626497221675
24.439999987599208,-0.7740597714318994,-0.6323489880909761,-0.031084200345421743
24.639999987599207,-0.765282458916683,-0.6435726521979598,-0.0125299408346299
24.839999987599207,-0.7591199975552141,-0.650748133104274,-0.016238736806587318
25.039999987599206,-0.7607914773229466,-0.6488718729102335,-0.012713008248825309
25.23999998759921,-0.7688893154978615,-0.6391900212137577,-0.015663246597881566
25.439999987599208,-0.7731762909943374,-0.634005357312239,-0.015350242461271165
25.639999987599207,-0.7738517539963921,-0.6331633947457126,-0.016049248916781753
25.839999987599207,-0.7720007852496408,-0.6354264925159469,-0.01574675150054918
26.039999987599206,-0.7773544394439258,-0.6286582301708852,-0.022558925400617734
26.23999998759921,-0.7833874719878905,-0.6209027767281385,-0.027996617361919295
26.439999987599208,-0.7893694684969824,-0.6131049172602719,-0.0315943450013857
26.639999987599207,-0.7957038195576049,-0.6041280816905159,-0.04341304474896865
26.839999987599207,-0.80180402638077,-0.5950471044901837,-0.05503859298196336
27.039999987599206,-0.7974308534596104,-0.6000430896069784,-0.06365787119900412
27.23999998759921,-0.7815552185815786,-0.6195761451266536,-0.0727793974823673
27.439999987599208,-0.7585327827991146,-0.6468004672488481,-0.07922861216570058
27.639999987599207,-0.7518379803338255,-0.6539091256301224,-0.08451335246695178
27.839999987599207,-0.7551934143961024,-0.6504619216740665,-0.08113072971961663
28.039999987599206,-0.763762877671071,-0.6414037255379836,-0.07257773458575299
28.23999998759921,-0.7602551954260619,-0.6456201291313757,-0.07201865513925558
28.439999987599208,-0.7571716006693865,-0.6489126913679841,-0.07485643673939488
28.639999987599207,-0.7619266772123797,-0.6431227847300215,-0.07655600768852228
28.839999987599207,-0.7690162923564298,-0.6347166631636866,-0.07582017932401397
29.039999987599206,-0.7760328496889148,-0.6263639842469347,-0.07376432363960085
29.23999998759921,-0.7826717680548613,-0.6182696098198538,-0.07188597264475909
29.439999987599208,-0.7860778096745524,-0.6140281297386109,-0.07107132352054572
29.639999987599207,-0.7870494414315532,-0.6126266988538567,-0.07239961735883683
29.839999987599207,-0.7875826886234717,-0.6117871426936651,-0.07368853788307347
30.039999987599206,-0.7843089126383294,-0.6162859716009286,-0.07107130760005045
30.23999998759921,-0.761143228232865,-0.6458799890143091,-0.059161016777340966
30.439999987599208,-0.7347928399481269,-0.6779076887473527,-0.022817710187239815
30.639999987599207,-0.7263159318483118,-0.687359528296356,-0.0014303857974754238
30.839999987599207,-0.7388383996321272,-0.67387808286987,0.0024796484965056848
31.039999987599206,-0.7461626864299948,-0.6657634864515396,-0.0004748552032509965
31.23999998759921,-0.7515200407360273,-0.6596706585971099,-0.007228454757099513
31.439999987599208,-0.7533292372573532,-0.6574384720709148,-0.01642302451790038
31.639999987599207,-0.756380939361277,-0.6536659165404914,-0.024672740509139618
31.839999987599207,-0.7593039831099485,-0.6495361931731676,-0.0394993036834409
32.03999998759921,-0.766988819679153,-0.6316360335768082,-0.1129781907030615
32.23999998759921,-0.7561996584996618,-0.6263795548490558,-0.18923723141098317
32.43999998759921,-0.7535932773139109,-0.6277587966374819,-0.19497709001710928
32.63999998759921,-0.7572909850296499,-0.6239640349678824,-0.19281920822216286
32.839999987599214,-0.7674706339694761,-0.6246667021746252,-0.14415386636774066
33.03999998759921,-0.7723548862501589,-0.6240723598762433,-0.11832843835697777
33.23999998759921,-0.7703908480851155,-0.6292476974488663,-0.10269019642593262
33.43999998759921,-0.7643990049785923,-0.6373962775986737,-0.09705743913319173
33.63999998759921,-0.7574418621678791,-0.6467536281060532,-0.08939558136347003
33.839999987599214,-0.7390823267221387,-0.6678755679544421,-0.08774702306358498
34.03999998759921,-0.6739793308514073,-0.7345040406401832,-0.0790928307012314
34.23999998759921,-0.6318933754141673,-0.7723773523248277,-0.06437381240364264
34.43999998759921,-0.6149653181559475,-0.7861398401342787,-0.061658812987321995
34.63999998759921,-0.6141743833135246,-0.7871052718669002,-0.057053640381531504
34.839999987599214,-0.6207031865737835,-0.7824888189675984,-0.04938423197585049
35.03999998759921,-0.6277859043679652,-0.7770604539423783,-0.04540825030499364
35.23999998759921,-0.6306691702547058,-0.775155915223982,-0.03727874439291368
35.43999998759921,-0.6322688681647526,-0.7739024803710163,-0.03620813755568792
35.63999998759921,-0.6343107584366474,-0.7721523690168544,-0.03782301882695279
35.83998888888889,-0.6380777625212091,-0.7689967071017692,-0.038740591665114905
