0.03999998036906164,-0.9944585754602521,0.004272659993590279,0.10504230609685482
0.23999998036906164,-0.9939841466475455,0.034053165871823665,0.10409562002052283
0.4399999803690617,-0.9984698863709468,0.0029302515601155343,0.05522046392582369
0.6399999803690617,-0.9737737539921598,-0.06185201854553956,-0.21894977469241544
0.8399999803690616,-0.9534853894402759,-0.1223728450420436,-0.2754823023721154
1.0399999803690616,-0.9268059638306128,-0.1538548182285038,-0.3425775829149991
1.2399999803690618,-0.8913227005796505,-0.2055446121998475,-0.40409807698999667
1.4399999803690617,-0.8512604609309079,-0.2821714562024988,-0.4424193677499434
1.6399999803690617,-0.8237750446331842,-0.3375415262093932,-0.4554782035661306
1.8399999803690616,-0.8156834000855309,-0.3512180740853826,-0.4596808188957443
2.039999980369062,-0.8244645187440811,-0.343789855014833,-0.4495184010927377
2.239999980369062,-0.8310464230397969,-0.3524577444697416,-0.4302736119216021
2.439999980369062,-0.8300239268890803,-0.3744464841096017,-0.41334018837948566
2.639999980369062,-0.807505939019372,-0.4022245172235179,-0.4314505721316754
2.839999980369062,-0.8021805610429046,-0.4312343555710389,-0.4129688584628645
3.039999980369062,-0.8070592559057738,-0.4398962736474954,-0.39388656474658584
3.239999980369062,-0.829207780112532,-0.4244721395636851,-0.36364523939558796
3.439999980369062,-0.8618007188551109,-0.3948697323793512,-0.3183982026197291
3.639999980369062,-0.8888970130872826,-0.361948938015014,-0.2808114427766623
3.839999980369062,-0.9111332950614057,-0.3318924846129801,-0.24430206157126258
4.039999980369061,-0.9227480866894077,-0.3095328876744135,-0.22962003387983543
4.239999980369062,-0.9605440990184517,-0.20003709982071474,-0.19323610567424637
4.439999980369062,-0.9815951346191158,0.015087305821240364,-0.19037690221015963
4.639999980369062,-0.9745470314586423,0.1662214720636802,-0.15042774245507792
4.839999980369062,-0.9072014767296132,0.40925227429572736,-0.09745797352389339
5.039999980369061,-0.7606426648329538,0.6452934083673215,-0.07084598473808051
5.239999980369062,-0.6593070392259385,0.7508900852933059,-0.038448768970393066
5.439999980369062,-0.5362911620461218,0.8432519867004745,-0.036302567910876105
5.639999980369062,-0.45594441857539836,0.8894116088916668,-0.03258338746477238
5.839999980369062,-0.6378625298964615,0.7698750802060846,0.02058528192083879
6.039999980369061,-0.8558456395871166,0.5049755844116044,0.11192810347664103
6.239999980369062,-0.943107125671409,0.26943840260388496,0.19481246548945655
6.439999980369062,-0.9727771798392282,0.03149552630774912,0.22959222592813627
6.639999980369062,-0.9536897139268823,-0.09539403260902168,0.285264628183465
6.839999980369062,-0.9538867032218854,-0.1677518841451981,0.24891657795779476
7.039999980369061,-0.9749970065553624,-0.1964775328607642,0.10381433566242093
7.239999980369062,-0.967330717853221,-0.2535163699389147,-0.000855844943368693
7.439999980369062,-0.9394557597836073,-0.3414640277022841,0.028726176124548208
7.639999980369062,-0.9147257689219883,-0.39678457568457515,0.07641183264972254
7.839999980369062,-0.9112771655811975,-0.40109552066511833,0.09325401220685416
8.039999980369062,-0.9116734357265314,-0.39665592719171794,0.1073108662450387
8.239999980369063,-0.8606384093192991,-0.4970365738663742,0.11070759975504312
8.439999980369063,-0.7100087601882812,-0.6973509482223217,0.09792453966870966
8.639999980369062,-0.5031287855854261,-0.8579131840332369,0.10414602141842667
8.839999980369063,-0.35724363783122104,-0.929964643612548,0.08684897730947716
9.039999980369062,-0.25472168162679576,-0.9623104535828372,0.09526518689642796
9.239999980369063,-0.14723652501765822,-0.9863186544745552,0.07414119999182472
9.439999980369063,-0.0639284073808064,-0.9975942110958352,0.026813219087457516
9.639999980369064,-0.019505973228761353,-0.9992003421189936,0.0349026262290556
9.839999980369063,0.018073019305729243,-0.9989001004501472,0.04326609866697828
10.039999980369062,0.039403067691547944,-0.9986072935551324,0.035083778516415046
10.239999980369063,0.03387052179456629,-0.9992702818882943,0.017654786553603495
10.439999980369063,0.011166566777977505,-0.9998740059828997,0.011281841432214012
10.639999980369064,-0.022671489892797714,-0.9997289266191989,0.005298757105730259
10.839999980369063,-0.01945492321387493,-0.9997418728661716,0.011734291660857363
11.039999980369062,-0.02189879647749865,-0.9997058958353742,0.010419431118330684
11.239999980369063,-0.03668974588631485,-0.9989318045750109,0.02809114371665486
11.439999980369063,-0.045484961885689124,-0.9982266031864577,0.03840269434667652
11.639999980369064,-0.026999627934443438,-0.9989474566577,0.0370809779875699
11.839999980369063,0.15557044655735774,-0.9869234181009693,-0.042190081320653924
12.039999980369062,0.2710382044106209,-0.9296035358337684,-0.2497509918202977
12.239999980369063,0.3127594146207267,-0.897196506477351,-0.3118011823757848
12.439999980369063,0.35776782521886275,-0.86274967726906,-0.35730264148239665
12.639999980369064,0.3197392050210791,-0.8707976933363878,-0.3734678273325753
12.839999980369063,0.2566968865789113,-0.8850465617941753,-0.3883288450231361
13.039999980369062,0.1213836659971162,-0.915415924423238,-0.3837703622499388
13.239999980369063,0.0351484044818029,-0.9262198617483737,-0.3753416541835014
13.439999980369063,-0.04288086399477137,-0.9390036628995355,-0.34122331773241577
13.639999980369064,-0.10709319822382185,-0.9432366492238123,-0.31438140920739543
13.839999980369063,-0.1064067342715056,-0.9501673067481452,-0.293018252142507
14.039999980369062,-0.06904310770546362,-0.9597157614017006,-0.2723576813595052
14.239999980369063,-0.026548016791537954,-0.9717833581203172,-0.23437642305666317
14.439999980369063,-0.02468336534568627,-0.9784480018419109,-0.2050127780573275
14.639999980369064,-0.003371021378551442,-0.9793258037691398,-0.20226123278274036
14.839999980369063,0.06758495738572873,-0.9789043207643446,-0.1928175415362058
15.039999980369062,0.1480028229035099,-0.9725434971840891,-0.17959485097723224
15.239999980369063,0.22024445533214737,-0.9614981164655189,-0.16435860771102043
15.439999980369063,0.2103548609660923,-0.9643245143772278,-0.1607142291119854
15.639999980369064,0.19258835566100296,-0.9732341187865943,-0.1253996622542203
15.839999980369063,0.22908195989260155,-0.9620820660004614,-0.14805253774268104
16.03999998036906,0.43086500681826534,-0.880250740496248,-0.1987812359235728
16.23999998036906,0.5819451307856088,-0.7837549602460412,-0.2169516698360422
16.439999980369063,0.7185726102693071,-0.6635398802775955,-0.2082504046861576
16.639999980369062,0.8671621120634606,-0.47641075745218475,-0.14512980943098486
16.83999998036906,0.9441495183716473,-0.3083022279280424,-0.11632464576860552
17.03999998036906,0.9822352541616632,-0.16936879707310265,-0.08079675773187424
17.23999998036906,0.996477806539747,-0.05776656958215482,-0.060786548778853734
17.439999980369063,0.9963534557719212,-0.06360678797902558,0.0568679847923391
17.639999980369062,0.9443774038804785,-0.18908264614375536,0.26907075643265904
17.83999998036906,0.8985453794295222,-0.2869985208899282,0.33203621807394684
18.03999998036906,0.8550869182970664,-0.3808375244604567,0.35183681177508624
18.23999998036906,0.7824539019554174,-0.506694179141397,0.361976380636869
18.439999980369063,0.5287938024949186,-0.7812310518929297,0.33174562242964367
18.639999980369062,0.3139215468813602,-0.9122260233053895,0.26324312870054056
18.83999998036906,0.09261518915278083,-0.9818286398604426,0.16563498630418907
19.03999998036906,-0.04908460827804112,-0.9955418108903566,0.08054318096114971
19.239999980369063,-0.23222795799804097,-0.9673774629276262,-0.10124731968684264
19.439999980369063,-0.48446438054019164,-0.8230134393942226,-0.2965520908108735
19.639999980369062,-0.573293498592695,-0.7251899023844002,-0.38135832225225114
19.83999998036906,-0.5702187291017743,-0.7053235906200525,-0.4211522687774514
20.03999998036906,-0.5546170462596374,-0.7002866983180144,-0.44944240137874125
20.239999980369063,-0.5099619277162495,-0.7000090157377383,-0.49992620472006627
20.439999980369063,-0.44634110378528835,-0.7271758396502325,-0.5215313195779423
20.639999980369062,-0.3492459145871041,-0.797545391470075,-0.49188274994053405
20.83999998036906,-0.22218684203700007,-0.8631782247157804,-0.4533832370105215
21.03999998036906,-0.11078712685379621,-0.9225595723750079,-0.36960796520465256
21.239999980369063,0.034564120825441136,-0.9745030460771227,-0.22169604132228868
21.439999980369063,0.23608208072040038,-0.9698386936071789,-0.0606478321545575
21.639999980369062,0.4031885605953489,-0.9090366211443851,0.10531574442337727
21.83999998036906,0.5637897280315562,-0.7887625436915573,0.2449383437425189
22.03999998036906,0.7032529979798691,-0.6639443996785602,0.25419098128730383
22.239999980369063,0.7866998106131684,-0.5542378854734209,0.27188926842955075
22.439999980369063,0.9025305728179029,-0.3457283424021926,0.2567303612524636
22.639988888888887,0.9831467576856734,-0.032946563831388095,0.1798248502956489
