0.020854076,-0.9008166777306423,0.08423819758199917,0.425949808299598
0.220854076,-0.9138513186849567,0.08326339822256586,0.39742039939363477
0.420854076,-0.9251554839092213,0.07774439605193678,0.3715415716648879
0.6208540760000001,-0.9466755748232213,0.10241381258674916,0.30547793214006447
0.820854076,-0.9795159246112777,0.13078352397606952,0.1531150655203958
1.020854076,-0.992677769650395,0.11691973531379425,0.03034173917344972
1.2208540760000002,-0.9806017285130282,0.19267687973591993,-0.035998195128240595
1.4208540760000001,-0.9467006546849045,0.31363991711017264,-0.07340213085665531
1.620854076,-0.8595095612437912,0.5078051125163563,-0.058114385764255524
1.820854076,-0.6142980991103077,0.788817449550443,-0.020121548503942384
2.020854076,-0.5258178864070475,0.8502778656424183,-0.023304538892647452
2.220854076,-0.4631261847616676,0.8862132552849056,-0.011840740915679559
2.4208540760000004,-0.3123806757473231,0.9497296200711012,0.02078369984500658
2.620854076,-0.30410010022884487,0.9521917155497548,0.029224405540946435
2.8208540760000003,-0.36100986476766783,0.9318307987990886,0.03692207943606082
3.020854076,-0.44765287114748203,0.8937640062409333,0.02815684821802734
3.220854076,-0.5339889582043922,0.8451471919462316,0.024125017330310056
3.4208540760000004,-0.6147000890807292,0.7883586064641843,0.025189444177936376
3.620854076,-0.6465441092444154,0.7625721649413753,0.021550128954819184
3.8208540760000003,-0.6978027539589555,0.7160972196894719,-0.016615911660411185
4.020854076,-0.7534345007370451,0.6547719707158699,-0.06008426968829129
4.220854076,-0.7727006320300437,0.6298098346218658,-0.07920420111300445
4.420854076,-0.7778886214409972,0.6232410592066724,-0.08037334602696317
4.6208540760000005,-0.7745189819727787,0.6272805038370987,-0.08148322569539476
4.820854076000001,-0.7699787282876199,0.6328837592944468,-0.08118439016158652
5.020854076,-0.7564471312395132,0.6476723684028786,-0.09114955209389063
5.220854076,-0.7507598802286708,0.6530027667373185,-0.09973459215557902
5.420854076,-0.7464087606957398,0.6583941365985986,-0.09690780592519618
5.6208540760000005,-0.7302575155895109,0.6774831663061355,-0.08798022673788067
5.820854076000001,-0.7240150990860375,0.684304898235336,-0.08676947934937529
6.020854076,-0.723844308213234,0.684479002665293,-0.08682115167187407
6.220854076,-0.7204121828779074,0.6883996648466483,-0.08433379038150325
6.420854076,-0.7225840903825042,0.687516960859295,-0.0720601197396185
6.6208540760000005,-0.6955348393354974,0.7169637035319574,-0.04684373051203312
6.820854076000001,-0.6985783075383689,0.7139864573501847,-0.0470285759656914
7.020854076,-0.7120945817099158,0.6995588806780009,-0.0594867982322336
7.220854076,-0.698268861714634,0.712266536365285,-0.07139312245552305
7.420854076,-0.6812774637431624,0.7284468593932408,-0.07229239542170462
7.6208540760000005,-0.6917030520546769,0.7196060752530978,-0.06094246661465161
7.820854076000001,-0.6963630349898963,0.7161002143976192,-0.047738940492477976
8.020854075999999,-0.707750943853509,0.7057830242837554,-0.030966499759308465
8.220854076000002,-0.725000976606892,0.6886286394463165,-0.012813307666952298
8.420854076000001,-0.7895120870967685,0.6129614330815718,0.03080496522787464
8.620854076,-0.9125671610924324,0.4068810449747648,0.04085329528866039
8.820854076,-0.9597518758109415,0.28011098046642346,0.020351302157811283
9.020854075999999,-0.9473992596152199,0.31656058439226586,0.04715972105261829
9.220854076000002,-0.9344651764510857,0.3424575136415949,0.09745606882415438
9.420854076000001,-0.9365907450330133,0.34007059704418463,0.08455628506809436
9.620854076,-0.930259994387142,0.35980992024678743,0.07178554265891643
9.820854076,-0.9161946507047458,0.39576638301431105,0.06289938072650718
10.020854075999999,-0.9017550551270905,0.4277674507510243,0.06207115780060794
10.220854076000002,-0.8852569930020016,0.45862403341891084,0.0773566565437249
10.420854076000001,-0.865548280658255,0.4935096676151654,0.08528998663329353
10.620854076,-0.8498823936465077,0.5192554147954737,0.08985394357101545
10.820854076,-0.8378859734297224,0.5380167929027827,0.09211420131733872
11.020854075999999,-0.8346020993265797,0.5422421927281688,0.09701927759478247
11.220854076000002,-0.8320136718201478,0.5440591638491762,0.10841068275816072
11.420854076000001,-0.829552117032807,0.5444991031639337,0.1239516509775488
11.620854076,-0.8209769863385403,0.5537354570558175,0.13918991163756655
11.820854076,-0.80861358382863,0.569920895069625,0.14606247091863564
12.020854075999999,-0.7982194733623748,0.5840967569060738,0.14722992534433876
12.220854076000002,-0.7933105931324673,0.5887017588632318,0.1552048386331752
12.420854076000001,-0.7801229988786034,0.6040163470776756,0.16301030361175384
12.620854076,-0.7823492597656768,0.6008001923790641,0.16422169339456294
12.820854076,-0.7639654139319939,0.6241383009836192,0.16373218242299953
13.020854075999999,-0.7680671607912898,0.6236622722619707,0.14532104689632191
13.220854076000002,-0.7615097075590846,0.6291520406921887,0.155790484260535
13.420854076000001,-0.7569593471991317,0.6306306360137782,0.17122367712650544
13.620854076,-0.7622670271117878,0.6294337334589114,0.1508713178908872
13.820854076,-0.7502519335927111,0.6372590323189119,0.17613336387057016
14.020854075999999,-0.7439313703639727,0.6427860059242768,0.1827355104414503
14.220854076000002,-0.7462223933403983,0.6387281176292663,0.18755940772753152
14.420854076000001,-0.7413468006242268,0.6408133440842235,0.19940706920221676
14.620854076,-0.728866881550522,0.6551785394946139,0.19873135224347893
14.820854076,-0.7040006557470321,0.6816314140909143,0.1994033400727518
15.020854075999999,-0.6861518779079002,0.6978028278814894,0.20558894387602294
15.220854076000002,-0.6827424955154562,0.7030916089957029,0.1988086370788793
15.420854076000001,-0.6713048978521624,0.7152660841628536,0.19427857052705297
15.620854076,-0.6753331546222064,0.7124788248926304,0.19052310712256249
15.820854076,-0.682297426153955,0.7060324001159267,0.18970627888984656
16.020854076,-0.6756698644064312,0.7102760850748941,0.19742876513739535
16.220854076,-0.677885755979239,0.7067649555854966,0.20237143918222997
16.420854076,-0.6940759079845951,0.6895841969056001,0.2067178495762242
16.620854076,-0.6969435340722884,0.6890523261478531,0.1986871967316017
16.820854076,-0.7064908549993665,0.684667654567881,0.17916716939992447
17.020854076,-0.7124684170988956,0.6817727412229849,0.1660562674574222
17.220854076,-0.7124814480101778,0.6823605019891331,0.16356751378699522
17.420854076,-0.6950471892369675,0.6991544871482368,0.16760789908079224
17.620854076,-0.6860112014540385,0.7057593663196484,0.17689643391452262
17.820854076,-0.6874651654777307,0.7043991691150696,0.1766733052973085
18.020854076,-0.692576175865508,0.7014343290891878,0.1683096034060755
18.220854076,-0.7019593478789345,0.6932201526482585,0.16339796169997486
18.420854076,-0.7074363394851394,0.6882668576112942,0.16069398958810033
18.620854076,-0.7049208611320774,0.6926275168233825,0.15281918230341782
18.820854076,-0.7065656114641468,0.6905531270724389,0.15460082595760086
19.020854076,-0.7108610278268689,0.6857241878507578,0.15639353347675933
19.220854076000002,-0.7118669162891784,0.6807160576258158,0.17283270056127395
19.420854076,-0.7145098084243849,0.6747446885684261,0.18491981752653408
19.620854076,-0.7160496703054783,0.6703934080739978,0.1945393226737102
19.820854076,-0.7167226186178703,0.6685313099745295,0.19843027880160463
20.020854076,-0.7173365424895025,0.6668467857579136,0.201850561390218
20.220854076000002,-0.7180125021881799,0.6643570516566112,0.2075759008546117
20.420854076,-0.7202586279876179,0.6588447579904674,0.2171430258559479
20.620854076,-0.7212671344420989,0.6500811237763886,0.2390988358050099
20.820854076,-0.7160556096007229,0.641549204609214,0.2750981316269203
21.020854076,-0.6880774078242965,0.6571094209670537,0.3078257457038651
21.220854076000002,-0.6946271079302567,0.6603437661820108,0.2853757021769816
21.420854076,-0.6902817894749133,0.6703131655659013,0.2723808201550401
21.620854076,-0.6808797039354912,0.6834041208620661,0.2633659741831979
21.820854076,-0.6704886605543405,0.6955390754828642,0.25820602344734156
22.020854076,-0.6662233660316264,0.7006174308318837,0.255502724384733
22.220854076000002,-0.6736035465005554,0.6941415163511637,0.2538224131545155
22.420854076,-0.6838372486760994,0.6845268215909033,0.2525661256894093
22.620854076,-0.6954783569634337,0.6721280133034864,0.2540743763706825
22.820854076,-0.7093425235293694,0.6490328693804196,0.27493548111657984
23.020854076,-0.7141639344876352,0.6461522439415447,0.2691786624650019
23.220854076000002,-0.7309204068933508,0.6448350235534219,0.2234796437837609
23.420854076,-0.7837500820634703,0.6128277219974736,0.10088603479615317
23.620854076,-0.841080979767206,0.5407883393335502,0.011434925216117579
23.820854076,-0.8339033594194913,0.5519098649818238,-0.0008295086688090345
24.020854076,-0.8110479892564993,0.5843224881577282,0.027719829655875255
24.220854076000002,-0.7876710567110398,0.6133744796374756,0.05784508751112919
24.420854076,-0.779782260522704,0.6191727018049747,0.09254615882698485
24.620854076,-0.7757207933931671,0.6213789247562854,0.1102065450243241
24.820854076,-0.7733383800940208,0.6216292496997443,0.12459865886633212
25.020854076,-0.7772096068786976,0.6155366711805659,0.13061329720747678
25.220854076000002,-0.7759533616472654,0.6164667503622931,0.1336604887244628
25.420854076,-0.7753651215407783,0.6177781800762611,0.13099255139020974
25.620854076,-0.7744128380517398,0.6183350065859591,0.13396483079895322
25.820854076,-0.7740613601690502,0.619117615948448,0.13237215838517621
26.020854076,-0.7752617348564165,0.6184695519972523,0.12831467460792204
26.220854076000002,-0.7739925314866065,0.6239190832741532,0.10798397440960854
26.420854076,-0.7754615713951472,0.6258531358700413,0.08346977663205338
26.620854076,-0.7740236844188086,0.6288930852181669,0.07335409547876622
26.820854076,-0.7662510397436713,0.6367389005082753,0.08615635015049924
27.020854076,-0.7524387509590461,0.6503389982354594,0.10437966003628037
27.220854076000002,-0.7248017636904727,0.6734849288178625,0.14519109479020761
27.420854076,-0.6935817559557408,0.6986868912985349,0.17544507896473222
27.620854076,-0.6793279355792776,0.7091212664408025,0.18884010544105498
27.820854076,-0.6857075312889818,0.6998834961040118,0.19992066780299628
28.020854076,-0.6871078960174455,0.6963788651253536,0.20721779710537466
28.220854076000002,-0.6860558764861908,0.6958403870021519,0.2124464406749625
28.420854076,-0.6864803231330557,0.6960364935127263,0.21042330110908314
28.620854076,-0.6792756750265339,0.7074971663355005,0.19501876049366015
28.820854076,-0.6729203535388071,0.7152775417758162,0.18856361267315674
29.020854076,-0.6706748588501454,0.7180448943171067,0.18602893175920918
29.220854076000002,-0.6687481428883851,0.7199370467126068,0.18565174427962117
29.420854076,-0.6571578990562511,0.7312212987247776,0.1829177629406826
29.620854076,-0.644219309182644,0.7419712832578027,0.18563430851274995
29.820854076,-0.6418651987791302,0.7422979010697285,0.19236135959101341
30.020854076,-0.6344718329421335,0.7471789849728054,0.1979117419913687
30.220854076000002,-0.6219646110794737,0.7656510361569353,0.16412956283549504
30.420854076,-0.6334100218145186,0.7698593183464243,0.07815608882301171
30.620854076,-0.7047509914600205,0.7094436516478051,0.003968018743149851
30.820854076,-0.749547348922258,0.6605684952550457,-0.04275552362092588
31.01043724299956,-0.7560320702149831,0.6529023970897379,-0.04619489886255475
