0.041666647802301456,-0.9963447669624632,0.014599248929594843,0.08416630725656574
0.24166664780230146,-0.9952491298717695,0.027667306131775576,0.09334714597081253
0.44166664780230147,-0.9899660889759828,0.0648054800058811,0.12556827799569303
0.6416666478023015,-0.984505458768555,0.06125131560152955,0.1643084842362046
0.8416666478023015,-0.9806082410363904,0.03656790187390877,0.1925364021790596
1.0416666478023016,-0.9855905818470728,0.022040213338257352,0.16770639215710703
1.2416666478023017,-0.9952868991063986,0.08838896784747326,0.039892089817766346
1.4416666478023017,-0.9711584534539719,0.1670811678007484,-0.17010332639671633
1.6416666478023016,-0.9036627513772684,0.24357318040412493,-0.3522296659298941
1.8416666478023016,-0.8326057926495418,0.2959254678394056,-0.46818341654789275
2.0416666478023013,-0.7675944553259133,0.3202516417629596,-0.5551915328074118
2.2416666478023015,-0.6661849083870219,0.39082161442728836,-0.635181968835564
2.4416666478023017,-0.5584968577782403,0.4744057060590827,-0.6804560866877558
2.6416666478023014,-0.4747427520285917,0.5338475586626414,-0.6997328801094431
2.8416666478023016,-0.4219999099232118,0.5687541810023233,-0.7059991201249315
3.0416666478023013,-0.386830609933588,0.593687355372408,-0.7056184544704912
3.2416666478023015,-0.34618807095137705,0.6122161919166713,-0.7108763281232637
3.4416666478023017,-0.3075461194241595,0.6254353144122637,-0.7171095117993996
3.6416666478023014,-0.304003958349092,0.621142494817694,-0.7223320527567183
3.8416666478023016,-0.3280149854513395,0.604500224499227,-0.7259377713686911
4.041666647802302,-0.38400181640853165,0.571122775117464,-0.7255076710394416
4.241666647802302,-0.3974967826283797,0.5516791115549052,-0.7332437968875544
4.441666647802302,-0.3572572908264881,0.5761786273547451,-0.735109119472014
4.641666647802302,-0.3092975525268622,0.6256648311716769,-0.7161553902860816
4.8416666478023025,-0.2307790468864071,0.6846307352438594,-0.6913911974256355
5.041666647802302,-0.1769196297870459,0.7211408558081742,-0.6698173711395284
5.241666647802302,-0.12999186644546545,0.736841773188167,-0.6634503115855342
5.441666647802302,-0.040560780776546346,0.7651592615632269,-0.6425621584771503
5.641666647802302,0.14902675356186335,0.7690026305167812,-0.6216317084746262
5.8416666478023025,0.3381118059729864,0.7254413002038826,-0.5995125741968944
6.041666647802302,0.5180675170859725,0.636211195529605,-0.5717004131738637
6.241666647802302,0.6353126056137133,0.5617080999200879,-0.5299640588119908
6.441666647802302,0.6864351102783912,0.5351630635622535,-0.4923487938197433
6.641666647802302,0.7033131153017999,0.5355451790979074,-0.46748478369832286
6.8416666478023025,0.7387067268350448,0.5153066753260183,-0.4344783102677282
7.041666647802302,0.819670910976754,0.4237162400464714,-0.3854920824341531
7.241666647802302,0.9079564113760585,0.28260270616450966,-0.30943636746446823
7.441666647802302,0.9332983617445203,0.2134779032406755,-0.28875829476044307
7.641666647802302,0.9269750099473106,0.21697986479051498,-0.30600174706800853
7.8416666478023025,0.9310000439065483,0.18388098796554403,-0.315319997004346
8.041666647802302,0.9176350947076287,0.17440404498126424,-0.35711211412537525
8.241666647802303,0.9184260085568731,0.17189163136813823,-0.3562961322718653
8.441666647802302,0.9303219996904041,0.18804280470091161,-0.31486644866079727
8.641666647802301,0.9252254706714585,0.2143136800323541,-0.3130933965636577
8.841666647802302,0.9222004968513826,0.23271878127993337,-0.30884982183359827
9.041666647802302,0.9244475491740323,0.23520302395375786,-0.3001270836647915
9.241666647802303,0.9212985666174717,0.24043093738551716,-0.30561726963068353
9.441666647802302,0.9188990293314099,0.24253168235172134,-0.31113173568351477
9.641666647802303,0.913753863255273,0.24572962325990086,-0.3235287153230928
9.841666647802302,0.9104656823605979,0.2470116384885957,-0.3317189950769024
10.041666647802302,0.8983452010913839,0.25776939758522727,-0.3557117334930495
10.241666647802303,0.8624864614547564,0.268971315797316,-0.4286858232849705
10.441666647802302,0.8280069512197494,0.2611167984283884,-0.49620812801715
10.641666647802303,0.7970744488735447,0.2488830371762171,-0.5502086483861159
10.841666647802302,0.7968031537993514,0.2218265101359558,-0.5620478035686199
11.041666647802302,0.788892612164889,0.1928838377750969,-0.5834760248688954
11.241666647802303,0.7830868394448248,0.18613855982027505,-0.5934032679690509
11.441666647802302,0.7822683026248447,0.2015435148166617,-0.589437455837166
11.641666647802303,0.7774891961551804,0.24603261266525148,-0.5787732745791581
11.841666647802302,0.7552570307242316,0.3380261538960995,-0.5615381882150384
12.041666647802302,0.6601089982042537,0.46583770948038694,-0.5892803568046734
12.241666647802303,0.5106134731081063,0.578612746760772,-0.635988341376186
12.441666647802302,0.366170980558427,0.6643714029989022,-0.6515592466339114
12.641666647802303,0.2114648889769173,0.7170778443073802,-0.6641400198252329
12.841666647802302,0.03345267253590667,0.7320359336525757,-0.6804442009023277
13.041666647802302,-0.14978460079276068,0.7062976233351456,-0.6918874479541294
13.241666647802303,-0.2915993499924075,0.6646583446565124,-0.6878946895873453
13.441666647802302,-0.4083286358022144,0.6137585115907381,-0.6756983162875457
13.641666647802303,-0.5014127437098034,0.5489999906564762,-0.6687183792184842
13.841666647802302,-0.585679191003293,0.4697798781372885,-0.6605200612570697
14.041666647802302,-0.6580044746553456,0.39198804713435553,-0.6429428296803203
14.241666647802303,-0.716698011948104,0.314274178110015,-0.6225557811496976
14.441666647802302,-0.7912939379831844,0.20899396331068484,-0.5746089339809786
14.641666647802303,-0.8113914935996149,0.11255229733230124,-0.5735641415564676
14.841666647802302,-0.7863079866944941,0.042453253349579875,-0.6163744570798566
15.041666647802302,-0.7114282145506605,-0.006267831464196314,-0.7027308231677303
15.241666647802303,-0.6117797613917187,-0.012960003414243231,-0.7909219695159534
15.441666647802302,-0.5279600140741909,-0.00767703959734385,-0.849234529798336
15.641666647802303,-0.47953570125338313,-0.003342837886624976,-0.8775160036479621
15.841666647802302,-0.46824574937719476,0.0014199608096031884,-0.883597137784799
16.041666647802302,-0.49208282628985933,0.00092759747706742,-0.8705478916369304
16.2416666478023,-0.5237047279986896,-0.0026576016768666386,-0.8518957066596508
16.441666647802304,-0.5810454456669484,-0.017053084711688687,-0.8136924372092403
16.641666647802303,-0.6675754097050283,-0.03448399900550677,-0.74374318562912
16.841666647802302,-0.7569352659957596,-0.04504235806630066,-0.6519357246475729
17.041666647802302,-0.8200052377593506,-0.04591858818043237,-0.5705110807922552
17.2416666478023,-0.8798300395554873,-0.04422658560208125,-0.47322627845648235
17.441666647802304,-0.9386428602833099,-0.04758413517220466,-0.3415923461072873
17.641666647802303,-0.9819015047886797,-0.06254496323558308,-0.17876678233829082
17.841666647802302,-0.9964622086775395,-0.08404130523524321,0.0003545304448011608
18.041666647802302,-0.9781340049801119,-0.0962174802716292,0.1843802180054713
18.2416666478023,-0.9321418513749015,-0.10865745569434651,0.3454057414656021
18.441666647802304,-0.8970653284517223,-0.1269533985033261,0.4232689819704009
18.641666647802303,-0.8714978150924253,-0.16397699023545126,0.46217215944110174
18.841666647802302,-0.8742380817486123,-0.21243322292314878,0.4365545810308151
19.041666647802302,-0.8577520629096715,-0.3089010285762274,0.41090333792602807
19.241666647802305,-0.8093059226815309,-0.4538080332985665,0.37293724998487776
19.441666647802304,-0.7263020660801993,-0.5902529857351841,0.3522594521632241
19.641666647802303,-0.6247139167197778,-0.703147357105546,0.33958256205541615
19.841666647802302,-0.5388522914777094,-0.7804540009653751,0.3170642842490466
20.041666647802302,-0.45904656344152145,-0.8399134753195822,0.28951961344460125
20.241666647802305,-0.39523809430464574,-0.8729529692348075,0.2859020152334804
20.441666647802304,-0.35654391394969576,-0.8991137017528563,0.253911379708961
20.641666647802303,-0.3839621266735302,-0.8953560159072225,0.2256339736366975
20.841666647802302,-0.438538660674545,-0.8827869068971957,0.1684372883439344
21.041666647802302,-0.4190293443753216,-0.9016405135484143,0.10704575134277898
21.241666647802305,-0.25328288774350793,-0.9604747555079095,0.11548169901907039
21.441666647802304,-0.07908553598294982,-0.9929108808276493,0.08873252353196753
21.641666647802303,0.052211630774528006,-0.995748639474447,0.07588539119390454
21.841666647802302,0.16348553582693276,-0.9840757159628323,0.06976721886115103
22.041666647802302,0.2562469392016794,-0.9650964695649087,0.05409538412027431
22.241666647802305,0.29661115006668887,-0.9543837828556532,0.03425522848048949
22.441666647802304,0.28524221690865,-0.9579693481516172,0.03052221641697427
22.641666647802303,0.22945726639773395,-0.9728859608215764,0.029021890592410376
22.841666647802302,0.12965550214809707,-0.9910027659846791,0.03321097067898051
23.041666647802302,0.11067447199396435,-0.9930804432885093,0.03927332945848782
23.241666647802305,0.13069900382650962,-0.9907247593154147,0.03717824199947417
23.441666647802304,0.1271432363734354,-0.9914604219081635,0.028997055612159137
23.641666647802303,0.06747542137929835,-0.9963629295829971,-0.052038255759329986
23.841666647802302,-0.10268910841071555,-0.9813623663355295,-0.16242799313585876
24.041666647802302,-0.2664687643233181,-0.9304617789598706,-0.25146625128401856
24.241666647802305,-0.4030614403053736,-0.8570519250549696,-0.32094154155940685
24.441666647802304,-0.5337892458182047,-0.7507875123104285,-0.38908501951058283
