0.03336666666666667,-0.9936982941792083,-0.10219409977801791,0.04604417569999653
0.23336666666666667,-0.9917140000923933,-0.11639173281753697,0.05437192798196274
0.4333666666666667,-0.9888420758866492,-0.13641332989528127,0.05985609729228602
0.6333666666666667,-0.9817945718422474,-0.18089267972611767,0.05794184258894748
0.8333666666666667,-0.9679027109895634,-0.23906412281212663,0.0775415194790683
1.0333666666666668,-0.9652570669714365,-0.24922618628205337,0.07851816817146946
1.233366666666667,-0.9970572571195413,0.011210863240044475,0.07583628795418519
1.433366666666667,-0.9652757528961636,0.2585603897977265,0.037272586419412765
1.6333666666666669,-0.9663193529493587,0.2559125508951587,0.02712331856291846
1.8333666666666668,-0.9925025100432695,0.11820641073940978,0.03108073387029034
2.0333666666666668,-0.9966131065058126,-0.0751232705934652,0.03344861964528056
2.233366666666667,-0.9873946257584408,-0.15519741345578728,0.031074360491922536
2.433366666666667,-0.9858743047295165,-0.16554808076244004,0.025410396100129507
2.633366666666667,-0.9910045674817927,-0.13382800075511223,0.00011594876095907564
2.833366666666667,-0.9955119223367299,-0.09332737640877925,-0.015684811063025824
3.0333666666666668,-0.9966103994000102,-0.07909339801565331,-0.022626228101257598
3.233366666666667,-0.9960291513611289,-0.08557878656504256,-0.024539782576130435
3.433366666666667,-0.9950402537906192,-0.09615478902482805,-0.025478419964580525
3.633366666666667,-0.9958898774286166,-0.08741222695565322,-0.023716125608308915
3.833366666666667,-0.9947656477419626,-0.10027641753310347,-0.019645512445344463
4.033366666666667,-0.9420837641581399,-0.3064586393642982,0.1362398020719849
4.233366666666667,-0.8383582680966192,-0.5129539428822432,0.18448215847500704
4.433366666666667,-0.7733818057975328,-0.6163172858114055,0.14843714384010928
4.633366666666667,-0.7516640670558484,-0.6460355557123363,0.13281261631529678
4.8333666666666675,-0.7355886288892293,-0.6663737634010309,0.1218826341182806
5.033366666666667,-0.7395326015959607,-0.6677681117245524,0.0847188299053746
5.233366666666667,-0.8785970622253545,-0.47106888322639107,-0.07849400935623851
5.433366666666667,-0.9617015563860398,-0.26241585893707603,-0.07917091273305847
5.633366666666667,-0.9881735185850765,-0.10603235338245819,-0.11077110274510729
5.8333666666666675,-0.9848198830985866,-0.022547238583337126,-0.17210874436225826
6.033366666666667,-0.9742794024622634,0.00768566018998029,-0.22521229221607578
6.233366666666667,-0.9703889540258285,0.04536204904193462,-0.23724999981322692
6.433366666666667,-0.9394908681760679,0.23755748138686064,-0.24682656188285293
6.633366666666667,-0.8365888722860343,0.4938794773105545,-0.23706986450967313
6.8333666666666675,-0.6194839006446572,0.7445680902862656,-0.24871279775987426
7.033366666666667,-0.41108449702051164,0.8763034523356009,-0.25120070806846856
7.233366666666667,-0.01728269317287251,0.9713308040326305,-0.23710288411155162
7.433366666666667,0.33064491231432663,0.922313623903538,-0.20002880073273202
7.633366666666667,0.5137183063955083,0.8435623070610209,-0.15651241414028047
7.8333666666666675,0.3730093068305901,0.9158627979771387,-0.14852404619875498
8.033366666666666,0.017762105618327195,0.9890991126018126,-0.14617610288385233
8.233366666666667,-0.392605871963922,0.9122834248071399,-0.11661724624430383
8.433366666666666,-0.8596211716387935,0.4898708152566849,-0.14518273185919617
8.633366666666666,-0.9681085020652038,0.20541773439085867,-0.1434206492343225
8.833366666666667,-0.9898907082281181,0.09834509642687167,-0.10219896169934756
9.033366666666666,-0.9972616378585677,0.040379799744746946,-0.06195722256703471
9.233366666666667,-0.9968509500495629,-0.05968009940048417,-0.0522156022739569
9.433366666666666,-0.9949149061049954,-0.089298727354842,-0.04658397689006028
9.633366666666667,-0.9980887026549199,-0.03120044354326344,-0.053342984124650245
9.833366666666667,-0.9985407916450489,0.006364300415114162,-0.053626328432078804
10.033366666666666,-0.9954348258700016,-0.0844725085786543,-0.04442862522730656
10.233366666666667,-0.9840272896749536,-0.17235511738950623,-0.04454218993959336
10.433366666666666,-0.9803241987939345,-0.19483992317995094,-0.03165232367870493
10.633366666666667,-0.989387749268964,-0.14508951209949433,-0.007804811030684372
10.833366666666667,-0.9955604518464214,-0.09272286060761231,-0.01618202212612266
11.033366666666666,-0.9975588823218692,-0.06639265635698852,-0.021640043498249335
11.233366666666667,-0.9980936823263902,-0.05470687329325447,-0.028568502141740122
11.433366666666666,-0.9972257447762349,-0.06456265786635124,-0.03704695891319489
11.633366666666667,-0.9959573048351636,-0.07830832509826527,-0.04400969399781836
11.833366666666667,-0.9948710253302825,-0.0906779946180797,-0.0448234787841838
12.033366666666666,-0.9924426341434558,-0.11549271628679435,-0.04146143291176093
12.233366666666667,-0.9913442212641618,-0.1256775403570166,-0.03797092066256819
12.433366666666666,-0.9913984154987843,-0.1267344668312643,-0.03267348563430988
12.633366666666667,-0.9920011615206927,-0.12187255987260827,-0.03287513789619448
12.833366666666667,-0.9934504307265445,-0.1081353531027414,-0.03691865515682403
13.033366666666666,-0.9926850199973196,-0.11491730107491671,-0.03701979182246691
13.233366666666667,-0.9911461334344865,-0.1284263668173359,-0.03370475461958393
13.433366666666666,-0.9893785658733595,-0.14158111642830834,-0.03293692246231725
13.633366666666667,-0.9890650962216103,-0.1436981387617378,-0.03318253083399344
13.833366666666667,-0.9894189777802417,-0.14199482552487527,-0.029791876954336917
14.033366666666666,-0.9897868801653165,-0.13993535626855996,-0.027203454166727776
14.233366666666667,-0.9902852350090877,-0.13678564411555869,-0.024996817535188818
14.433366666666666,-0.9902837668562171,-0.13546853723206864,-0.03140599498926306
14.633366666666667,-0.9897638869211355,-0.139073771915817,-0.03203020624149896
14.833366666666667,-0.9883209605009887,-0.14975338002163682,-0.028206456822829292
15.033366666666666,-0.9859970518413216,-0.1662468239888058,-0.013107527373899943
15.233366666666667,-0.983329906755116,-0.181428670803834,-0.012080227287992646
15.433366666666666,-0.9827262528157594,-0.18473729539470046,-0.011011072470335065
15.633366666666667,-0.9836377691296544,-0.17993907116565094,-0.00886960031113721
15.833366666666667,-0.9842838525059299,-0.17634557159889808,-0.009356124921277768
16.033366666666666,-0.9853282246022959,-0.17049298264880489,-0.007773845226288841
16.233366666666665,-0.9842425328451838,-0.1766744023538701,-0.007265816636832995
16.433366666666668,-0.9845327159330978,-0.17514648662456908,-0.004363425313681723
16.633366666666667,-0.9839380196739799,-0.1785099987602175,0.0003921513407122039
16.833366666666667,-0.9831097444110756,-0.18289526301987455,0.006674819014818098
17.033366666666666,-0.9815204454614365,-0.19114991201445042,0.008906530079184388
17.233366666666665,-0.9812062485951417,-0.19270170258790417,0.010017561458354298
17.433366666666668,-0.9810230386199295,-0.1937163410520189,0.008232673097996288
17.633366666666667,-0.9808200681848475,-0.19466206028671057,0.0099335859992646
17.833366666666667,-0.9808745238199923,-0.1941341210969651,0.014039641975931634
18.033366666666666,-0.9807746369818559,-0.19455680284336976,0.015124877535872314
18.233366666666665,-0.9809226579030826,-0.19382507983943031,0.014919036081137446
18.433366666666668,-0.9813762085467788,-0.19171194248330498,0.01213541954888171
18.633366666666667,-0.9812728748538593,-0.19234143726680317,0.0104075254591337
18.833366666666667,-0.9802008293958961,-0.1976802588118814,0.011351181773928192
19.033366666666666,-0.9792487513332627,-0.2022958421105178,0.012176833621363497
19.23336666666667,-0.9773491837470712,-0.2110972608766323,0.015050564086339138
19.433366666666668,-0.9764082850668226,-0.21513188874848177,0.01857770966447191
19.633366666666667,-0.9748826693922301,-0.22163015363067995,0.021996725218116773
19.833366666666667,-0.9743756144884783,-0.22386083788729497,0.02187434914685722
20.033366666666666,-0.9736152904045793,-0.22742173423224774,0.018778207827262278
20.23336666666667,-0.9749284526486525,-0.2221271548016432,0.013192396136818378
20.433366666666668,-0.9746840535881448,-0.2233730175938733,0.009771933892023162
20.633366666666667,-0.9733687996214322,-0.2289950931002176,0.010697067801734352
20.833366666666667,-0.972148747778096,-0.23387026849872403,0.015215443004218655
21.033366666666666,-0.9733092299389634,-0.2288351521232355,0.017424582300822125
21.23336666666667,-0.9758061707858738,-0.21728494093612963,0.024281093438993998
21.388033333333336,-0.9774206397123248,-0.20970713362318155,0.025919320436678512
