0.01999981,-0.9645330102607826,-0.15090050188036278,0.21657587734908856
0.21999981000000002,-0.9640534105136995,-0.1471699530815624,0.22122844886423307
0.41999981000000003,-0.9677617208420669,-0.1355228522263096,0.21229886527545874
0.61999981,-0.9734135659161282,-0.11388140722928927,0.19873865949513703
0.81999981,-0.9807506490483052,-0.08654326731104572,0.17503835943717352
1.01999981,-0.9891613694007647,-0.034998928842622096,0.14260035156013107
1.2199998100000002,-0.9928275180699886,0.07783713388185022,0.09074634952462629
1.4199998100000002,-0.9834122059081565,0.17841730427704947,0.03267566074870183
1.6199998100000002,-0.9795516409951065,0.19783437724460087,0.036607947279725425
1.81999981,-0.9807224885875514,0.18923285803884135,0.04872705426241246
2.01999981,-0.9795609274470949,0.1920768905291927,0.05972317425944478
2.21999981,-0.9790330302221004,0.18785305025000637,0.07877535938286766
2.41999981,-0.9856021140438689,0.1423330126081557,0.09126766302553889
2.61999981,-0.9928045183107498,-0.09419291132997495,0.0739383789174743
2.81999981,-0.9567601360611456,-0.28419304338138496,0.062002872013197964
3.01999981,-0.9541987103949217,-0.2924879826553542,0.06289356948742432
3.21999981,-0.9585443050554032,-0.2790534417724727,0.057636723369668935
3.41999981,-0.9588882379610225,-0.2783331035870415,0.05535368594421775
3.61999981,-0.9844658313248378,-0.15833175302670063,0.07588203303409714
3.81999981,-0.9935909059491408,0.04929791781616556,0.10171935368530798
4.01999981,-0.9825737827353668,0.15533475239612557,0.10207779474080916
4.21999981,-0.9791733752586236,0.1771690946494668,0.09914944823710688
4.41999981,-0.9776602041482237,0.18607503293245783,0.0977579016961695
4.61999981,-0.9769754450695164,0.18843244674263457,0.10006094515746268
4.8199998100000006,-0.9794835793395041,0.1761231364649455,0.09794160814497167
5.01999981,-0.9816314588240252,0.16449659884586887,0.09664651062070043
5.21999981,-0.9818900893869875,0.16050426042039614,0.100649067310709
5.41999981,-0.9813700563481935,0.16038525226897687,0.10577988163048728
5.61999981,-0.9811648829661406,0.15985359731020335,0.10845413713191021
5.8199998100000006,-0.9812272971805299,0.15905858983793725,0.10905666539262587
6.01999981,-0.9813501962043024,0.1557855746548609,0.11261725950862093
6.21999981,-0.9817738087465048,0.14771710115760275,0.11958196555073143
6.41999981,-0.9850296556704007,0.12117768168752964,0.12260728734739815
6.61999981,-0.9919845379355822,0.04339814692982724,0.11867298487771656
6.8199998100000006,-0.9925743901414839,0.022727565899753763,0.11949701997762814
7.01999981,-0.9926009175734956,0.02322827210076895,0.11917997234211564
7.21999981,-0.9931897988056859,0.01716731727063975,0.11523587447514097
7.41999981,-0.9941305039281751,0.0045566650837607055,0.10809152586039036
7.61999981,-0.9942820705554761,0.007360761698798734,0.10653160732444265
7.8199998100000006,-0.9941458137427734,0.00632301970633789,0.10786157999729315
8.01999981,-0.9940020940566706,0.007453126290533708,0.1091067730228118
8.219999810000001,-0.9945852869293469,0.009530899075038868,0.10348559796653027
8.41999981,-0.9945132454751286,0.010639062038197063,0.10406831858675449
8.61999981,-0.9944313340379629,0.01212844086202807,0.10468630667730171
8.81999981,-0.9945005115990135,0.014994643447019323,0.10365275248249782
9.01999981,-0.9950853461781284,0.021976450380369526,0.0965514860073832
9.219999810000001,-0.9950955671353754,0.026485205028509384,0.09530659044433305
9.41999981,-0.9951324943077187,0.02560331729736394,0.09516190895662485
9.619999810000001,-0.9951247397893935,0.026157954312200804,0.09509213261512615
9.81999981,-0.995257283113473,0.026866595590688526,0.09349399152327821
10.01999981,-0.995238640970918,0.023430441973173496,0.09461005183014166
10.219999810000001,-0.9951430302508248,0.023151585548425,0.09567838538457932
10.41999981,-0.9948961825396248,0.022233191201561794,0.09842393599667075
10.619999810000001,-0.9949502682722211,0.023162073381192826,0.09766003287793677
10.81999981,-0.9952414041041839,0.021453110754262275,0.09504899576375626
11.01999981,-0.9953599270388612,0.020021774606840407,0.09411558949922147
11.219999810000001,-0.9952483784212884,0.018818833015184517,0.09553280469944621
11.41999981,-0.9952371929859865,0.020071576460987707,0.09539424257126548
11.619999810000001,-0.9952168635750182,0.01911851203925268,0.09580123670030904
11.81999981,-0.9952050493787037,0.018948641045651374,0.0959575879941554
12.01999981,-0.9953883209002996,0.014368669716199666,0.09484530534438301
12.219999810000001,-0.9952721682353776,0.013138810197363002,0.09623244152908071
12.41999981,-0.9955732323942724,0.012912902969093856,0.09309777589679785
12.619999810000001,-0.9955243047516358,0.012260708566672463,0.09370716981221314
12.81999981,-0.9952735149209976,0.012619264022970828,0.09628802974576081
13.01999981,-0.995030730326511,0.01155984219305882,0.09889497335234819
13.219999810000001,-0.9950174233124556,0.012706211056669518,0.09888821722139526
13.41999981,-0.9949447366279317,0.012003399341158167,0.0997040092505435
13.619999810000001,-0.9946951364698056,0.011410108054320838,0.10223206403816643
13.81999981,-0.9943792753939292,0.010545544504190789,0.10535012177569858
14.01999981,-0.9945486625774023,0.010940681763157753,0.10369792306530569
14.219999810000001,-0.9951543265131737,0.010212072153525703,0.09779355809276279
14.41999981,-0.9951329609337203,0.009040194552564372,0.09812576086705486
14.619999810000001,-0.9948498964054528,0.008376629148412808,0.10101245322320401
14.81999981,-0.9948970982613811,0.009305372658007328,0.10046478940793127
15.01999981,-0.995078526872731,0.00970853996643946,0.09861272538833636
15.219999810000001,-0.995034714778527,0.010074853204689295,0.09901723950161108
15.41999981,-0.9949081383472123,0.009829140984267019,0.10030545467717893
15.619999810000001,-0.9947215942483644,0.01077525789828658,0.10204334252276301
15.81999981,-0.9948819940461537,0.011255698168614011,0.10041477571297107
16.01999981,-0.9948216883860643,0.010886949622376374,0.10105089135985085
16.21999981,-0.9947492364540155,0.010828723278345942,0.10176785016062079
16.419999810000004,-0.9944658768533757,0.009042233029804564,0.1046702335723077
16.619999810000003,-0.9944885102988906,0.011085658167858484,0.10425790649384169
16.819999810000002,-0.9948875987056962,0.010524769552173692,0.10043851436320417
17.01999981,-0.9949345242542618,0.010923271865913358,0.09992984828713151
17.21999981,-0.9950932272571965,0.010828628462410995,0.09834739382658131
17.419999810000004,-0.9952765532055725,0.011499811511391319,0.09639676848545534
17.619999810000003,-0.9955452993215184,0.012367335243867014,0.093469813404083
17.819999810000002,-0.9955812937780382,0.009932667239991155,0.09337681511353499
18.01999981,-0.9955824406068468,-0.005742773580094162,0.09371565774683875
18.21999981,-0.9829714472369364,-0.1764618630767162,0.05126738530895908
18.419999810000004,-0.9491860278434621,-0.31454528876717397,-0.010351128495296756
18.619999810000003,-0.9511120296115292,-0.3077804182901912,-0.025634376242700554
18.819999810000002,-0.947470011861009,-0.3165922912997647,-0.045496128556886443
19.01999981,-0.944700419798963,-0.3266653769877005,-0.028824439442024136
19.219999810000004,-0.952116513481404,-0.30565628411284407,0.0069556263804121535
19.419999810000004,-0.9581718709621455,-0.2842690693080426,0.033132490574073165
19.619999810000003,-0.9590767410960221,-0.2808697528886625,0.0358327587675726
19.819999810000002,-0.9606728939106621,-0.27569587825075553,0.03315680353802347
20.01999981,-0.964154586861291,-0.2631165646504241,0.03428711187738608
20.219999810000004,-0.9684673324515086,-0.2459439620431282,0.039781823849437445
20.419999810000004,-0.9714546659490121,-0.23395649734932256,0.03924524625901248
20.619999810000003,-0.9733631229138474,-0.2257663989510784,0.03992197460127739
20.819999810000002,-0.9746045440559501,-0.22034137506184617,0.03994572744798322
21.01999981,-0.9761039216843348,-0.21238791946138638,0.04596200321271711
21.219999810000004,-0.9773288619946395,-0.20549594291498066,0.050987380377364055
21.419999810000004,-0.9775592422529998,-0.20351829622665113,0.05438962204999786
21.619999810000003,-0.9781805936217521,-0.20012417690802511,0.05579462410198618
21.819999810000002,-0.9779860388510088,-0.20032541504671364,0.05842119391860326
22.01999981,-0.9778646165308433,-0.2001919426672534,0.06086031406505996
22.219999810000004,-0.9776433145877632,-0.2014033740300246,0.060417136403292514
22.419999810000004,-0.977856981178634,-0.2005499500751572,0.05979499882983993
22.619999810000003,-0.9774597709605147,-0.20164087100793576,0.06255681651889998
22.819999810000002,-0.9777545319525272,-0.20029802801057023,0.06226375527842534
23.01999981,-0.9777822064932825,-0.20086213862571464,0.05996964175174025
23.219999810000004,-0.977896591169159,-0.20028542647258293,0.06003336507671567
23.419999810000004,-0.9773894146487286,-0.20190083989307064,0.06281705965012743
23.619999810000003,-0.9776276012882327,-0.1996467309640902,0.06622277564983775
23.819999810000002,-0.9816440992727261,-0.17431762964342667,0.07738363107619387
24.01999981,-0.9883684361285476,-0.11464344539526367,0.09992354523690741
24.219999810000004,-0.9898075705566869,-0.09774278741604299,0.10357278009598646
24.419999810000004,-0.9891303462529548,-0.0991227484049701,0.10860865007058758
24.619999810000003,-0.9890114533046008,-0.09558441769650179,0.11278281928530821
24.819999810000002,-0.9886295136006826,-0.10027073328691782,0.11206009496596685
25.01999981,-0.9882566451415015,-0.10357972248516466,0.11233897108110513
25.219999810000004,-0.9876356724160171,-0.10532824573528528,0.11611089191669059
25.419999810000004,-0.9871188848107204,-0.1059361192090817,0.11989097504382479
25.619999810000003,-0.9873632856954468,-0.10496955261394174,0.11872293411435092
25.819999810000002,-0.9871201844433017,-0.10667178187995588,0.11922613981496298
26.01999981,-0.9867748048574946,-0.10873757397509681,0.12021490965959516
26.219999810000004,-0.9866340727245351,-0.10850799060602447,0.12156982567084479
26.419999810000004,-0.9871516215020255,-0.10692642879310021,0.11873674659294127
26.619999810000003,-0.9872028300240023,-0.1070971020211156,0.1181557579268983
26.819999810000002,-0.9872912344524387,-0.10595751398768759,0.11844417926993651
27.01999981,-0.986676213538138,-0.10819369826689493,0.12150791452977505
27.219999810000004,-0.9865819243737857,-0.10782991082388188,0.12259207490956403
27.419999810000004,-0.9868951814810096,-0.10770363420959866,0.12015751307184307
27.619999810000003,-0.9870860483015864,-0.10822936354934715,0.11809969565609137
27.819999810000002,-0.9871352887001918,-0.10915903109690749,0.11682562960572175
28.01999981,-0.9864521253623952,-0.10901997066525837,0.12258405428178566
28.219999810000004,-0.9859657327448268,-0.10914188319383929,0.1263314022159932
28.419999810000004,-0.9852953692810558,-0.1133370712469592,0.12785829482075012
28.619999810000003,-0.9855989977920123,-0.11360268235129625,0.1252559224706412
28.819999810000002,-0.9855005808189864,-0.11573385594368611,0.12407368695193396
29.01999981,-0.9858676283529684,-0.11359405867426751,0.12313167423372559
29.219999810000004,-0.9857796189316737,-0.11444445552464759,0.12304880941557862
29.419999810000004,-0.985753463033107,-0.11549534942123475,0.12227401351188223
29.619999810000003,-0.9851983523391341,-0.11723830071100391,0.12505753633688738
29.819999810000002,-0.985218703515043,-0.11646549434944246,0.12561805152954014
30.01999981,-0.9851112905684558,-0.1180814436475611,0.12495006146720797
30.219999810000004,-0.9854016855766212,-0.11610989357215681,0.12450707079285109
30.419999810000004,-0.9846334332220912,-0.12016953744973742,0.12671339491306288
30.619999810000003,-0.9846558915011658,-0.1193029764871074,0.12735609578407153
30.819999810000002,-0.9851820913877072,-0.11797395932107463,0.12449253684881156
31.01999981,-0.9854561890865272,-0.11797961968640248,0.12229844123990488
31.219999810000004,-0.9852669494526339,-0.11901237022862561,0.12282139084404571
31.419999810000004,-0.9850632215530339,-0.11918466070561765,0.12427978997425775
31.619999810000003,-0.9851145697177377,-0.11917677225936818,0.12387970569740192
31.819999810000002,-0.9850272600106476,-0.11968808272667814,0.12408086028525514
32.01999981,-0.9851985755568962,-0.11854278571324967,0.12381992842836598
