0.020854087,-0.9049145650457844,-0.4091488577265856,0.11716160714598135
0.220854087,-0.9035381251713436,-0.412818630662876,0.11488966245699184
0.42085408700000004,-0.9245724615331106,-0.37057038873464454,0.08856269173675549
0.6208540870000001,-0.9610139227488501,-0.26925185414424413,0.06289419148660798
0.8208540870000001,-0.9933815443281113,-0.10988258724643722,0.033450327477114114
1.020854087,-0.9982918122727593,0.05841784069066165,-0.0009019080943714442
1.2208540870000002,-0.9888181257365005,0.14688779511145725,-0.025742763298630216
1.4208540870000002,-0.9870697818479401,0.15651082742768616,-0.034606454030440915
1.620854087,-0.9888587861933694,0.14480163024758966,-0.034507808476000656
1.820854087,-0.9911099917303264,0.12900801654210256,-0.03252562005841998
2.020854087,-0.9909305818367744,0.13126791531251067,-0.02872832035012901
2.220854087,-0.9905006526708002,0.13416085644325132,-0.030154960738367452
2.4208540870000004,-0.989675745479017,0.13881200071859093,-0.03568118926065683
2.620854087,-0.9897519565059497,0.13905791637678258,-0.032464757593308635
2.8208540870000003,-0.9918539678202198,0.12414901707852095,-0.028508386094677048
3.020854087,-0.9935452116915601,0.1105542121200245,-0.025410204786533625
3.220854087,-0.9939614009270166,0.10667535821100708,-0.025711892535476965
3.4208540870000004,-0.9960825174321873,0.0852608782126454,-0.023456366137260747
3.620854087,-0.9983593331288121,0.05382135697321946,-0.019542351141945396
3.8208540870000003,-0.9982639788082361,0.054252813014855655,-0.022927295826690983
4.020854087,-0.9987209634468868,0.04524527834214694,-0.022567719412115786
4.220854087,-0.9988381295253209,0.04490169674701684,-0.01749938957785983
4.420854087,-0.9979026192925171,0.06419771098940151,-0.008307605723393613
4.6208540870000006,-0.9987067809221563,0.05081254188051167,-0.0016885875001963367
4.820854087000001,-0.9992238241325706,0.039364911417470644,-0.0014673223833156866
5.020854087,-0.9997864232865106,-0.02064456043941008,0.0009539057759310568
5.220854087,-0.9589800611032213,-0.27944241935001185,0.047635875915891183
5.420854087,-0.8900213076141047,-0.4525128109535002,0.05562578463124058
5.6208540870000006,-0.8437682421158239,-0.534404283356174,0.04967107334602926
5.820854087000001,-0.7688003804847272,-0.6378227864999045,0.04613098728659814
6.020854087,-0.6741737872961058,-0.7382784908107493,0.020846451233424074
6.220854087,-0.5848876759006585,-0.8096781777713312,0.04824577722892183
6.420854087,-0.5433015889364482,-0.8394569515084805,0.011636581251363227
6.6208540870000006,-0.44627869631805084,-0.8943665353802234,-0.030721744817585488
6.820854087000001,-0.3399558832309693,-0.9398928922398859,-0.03211461619875887
7.020854087,-0.2620421240026757,-0.9642477153116805,-0.03950023752296639
7.220854087,-0.13045109309130798,-0.9907614065887722,-0.03707219342742274
7.420854087,-0.042660823282358595,-0.998683988094521,-0.02846657830675702
7.6208540870000006,0.022819808903813854,-0.9990080058313623,-0.03823951629451117
7.820854087000001,0.11028643764044971,-0.9922981690894331,-0.056402529148416015
8.020854087,0.18058385887034306,-0.9798115291641349,-0.08578366530136096
8.220854087000001,0.2794569150416308,-0.9518141772556065,-0.12630757938717696
8.420854087,0.36872903732079965,-0.9106322696134617,-0.18651478915922987
8.620854087,0.4538288002680065,-0.8586734079332661,-0.23815834765040864
8.820854087,0.541226954738966,-0.7934386839822187,-0.27843929001588524
9.020854087,0.6112919046951516,-0.7455604974288311,-0.2654463258887704
9.220854087000001,0.6483897086898539,-0.7078490925635372,-0.28025068746046466
9.420854087,0.546463453589146,-0.7710865721975807,-0.32680757651561354
9.620854087000001,0.31259196673306006,-0.8704806779117664,-0.3801968591614463
9.820854087,0.07809793213863298,-0.8928148455100847,-0.4436015832168243
10.020854087,-0.08150190971131727,-0.812873382277493,-0.5767098950929808
10.220854087000001,-0.24870723826000327,-0.5898443308710949,-0.7682632198513172
10.420854087,-0.31404036541434177,-0.41950594065616487,-0.8517003079984259
10.620854087000001,-0.30795919596044075,-0.4158181600529825,-0.8557198089290391
10.820854087,-0.3393136507071022,-0.4737546992937931,-0.812663971971729
11.020854087,-0.4103384368291583,-0.5648375426891573,-0.7159475662571086
11.220854087000001,-0.5038135658593842,-0.6658998100532039,-0.5502266204275827
11.420854087,-0.6463411022767722,-0.7285612619488754,-0.2268075551984744
11.620854087000001,-0.743767328563372,-0.6676158241377378,0.03315527593904419
11.820854087,-0.8249909457925826,-0.5627294512949517,0.05220635981892737
12.020854087,-0.8980299192615008,-0.4257791915949419,0.11069934108178346
12.220854087000001,-0.9087657645943796,-0.4151117392400341,0.04274376032015061
12.420854087,-0.8576593585942134,-0.5126170531019845,-0.040548507799911794
12.620854087000001,-0.8344461483963934,-0.5495949667275344,-0.040558574607410754
12.820854087,-0.7693604367879955,-0.6373626336194389,-0.043051034494862694
13.020854087,-0.6656286939847955,-0.7369023386741378,-0.11795501261363092
13.220854087000001,-0.6318807577760448,-0.757543316393542,-0.16387443894593548
13.420854087,-0.6006358350211685,-0.7855241310611134,-0.1489578235914661
13.620854087000001,-0.5584755891899802,-0.816176728806505,-0.1481909701487149
13.820854087,-0.5952494554313644,-0.789060651454762,-0.15185971860388373
14.020854087,-0.7131023945563466,-0.6818613252021128,-0.16294203899431003
14.220854087000001,-0.747521351904198,-0.634648226136061,-0.19604452940511166
14.420854087,-0.7088845471548274,-0.6821832482159262,-0.17918904726200166
14.620854087000001,-0.7160172945833422,-0.673828230563887,-0.1824136769891259
14.820854087,-0.7276195082325945,-0.6651172221070584,-0.16789559879862112
15.020854087,-0.7366211450178365,-0.6583867879778265,-0.15464839517063433
15.220854087000001,-0.7556514783431449,-0.6359574613089511,-0.15668104761997864
15.420854087,-0.7598900117207463,-0.6355460459787988,-0.13655912099804668
15.620854087000001,-0.7697387692845871,-0.6186615169802637,0.15735359693355708
15.820854087,-0.7762625266567349,-0.5444294423743488,0.3178255370237856
16.020854087,-0.8213410995048409,-0.4659215680546469,0.3291137959516101
16.220854087,-0.8236499875214234,-0.46301623091678,0.3274395638336611
16.420854087000002,-0.8137412587697075,-0.4905746919230914,0.31170761206691144
16.620854087,-0.8074217424296835,-0.5107652745326108,0.29527777461813987
16.820854087,-0.8261511459554916,-0.5242377200508722,0.20651657781469238
17.020854087,-0.8469900674073939,-0.5181843538071312,0.1187131045112725
17.220854087,-0.851493960751005,-0.5148632023187597,0.09936758879351906
17.420854087000002,-0.8456897599943369,-0.5205411583686482,0.11766788977859124
17.620854087,-0.8370849251190987,-0.5309092345236596,0.13200080619395957
17.820854087,-0.8290660852953633,-0.5412648509472718,0.14029179356630028
18.020854087,-0.839045408208226,-0.5327584130395275,0.11032350746915105
18.220854087,-0.8768486929804488,-0.4803116929050037,0.020905675717563223
18.420854087000002,-0.8908210032888774,-0.45427999940095737,-0.008223274509819533
18.620854087,-0.885595456998529,-0.4641536624042606,-0.016794767645857005
18.820854087,-0.8900943984048925,-0.4553336835938755,-0.020079803611219423
19.020854087,-0.8889451370174547,-0.4574502591783768,-0.022711313274555205
19.220854087000003,-0.8855313594028282,-0.46359565667969144,-0.030220500027372976
19.420854087000002,-0.8811732794931046,-0.47109869230134427,-0.03999592003355073
19.620854087,-0.8785613853250641,-0.4754022356525201,-0.04607175438693871
19.820854087,-0.8763718740022229,-0.478764817117335,-0.05250322226718145
20.020854087,-0.8759510228379959,-0.4790597619540544,-0.05667053966210105
20.220854087000003,-0.8765205075649066,-0.4776900689827122,-0.05936326990193777
20.420854087000002,-0.8753541143144428,-0.4794289653555161,-0.06247432857516046
20.620854087,-0.8881462197886287,-0.4554116944651589,-0.06161558909514231
20.820854087,-0.9538100499565972,-0.2900228627492889,-0.07831428786946172
21.020854087,-0.9801962631459894,-0.1709430800995266,-0.09996874051785042
21.220854087000003,-0.9803786616428898,-0.15108103309174067,-0.12661832898608727
21.420854087000002,-0.9804942122621718,-0.12386905677500573,-0.15260260972229062
21.620854087,-0.9785965364367184,-0.11440707968191585,-0.171055075904559
21.820854087,-0.9768207962000821,-0.11260011360163366,-0.1820503955720408
22.020854087,-0.975464439097631,-0.11887003829771836,-0.18530796542794128
22.220854087000003,-0.9733962414704038,-0.03238024783846101,-0.22682873856989877
22.420854087000002,-0.9516219616136531,0.08838276961379853,-0.29428579342193417
22.620854087,-0.9288471242114562,0.14527743074727,-0.3407895068214106
22.820854087,-0.9085433000763625,0.1851570559499835,-0.3745209426965164
23.020854087,-0.8972663208171081,0.1928058779731975,-0.3971637482781065
