0.0,0.9988194735149699,0.04339548866275334,0.02182867130632061
0.2,0.9987291275062016,0.046027679894530465,0.020532475599119103
0.4,0.9987057697447429,0.04873668460747294,0.014543763338017927
0.6000000000000001,0.9985143526773256,0.05440154786867442,-0.0030917773002380163
0.8,0.9982053766933766,0.05842461254032125,-0.013137373784260345
1.0,0.9977108125861002,0.058706028955511365,-0.03356689757869445
1.2000000000000002,0.9975908666401125,0.05632586448338454,-0.0404951822619526
1.4000000000000001,0.9972153478206982,0.06100954015281023,-0.042888064553978304
1.6,0.9974028240171398,0.062327200965021916,-0.03609607544457689
1.8,0.9947414295158135,0.0975676756938307,-0.031145418034426806
2.0,0.9677347377345221,0.24753284880574017,-0.04708466994691703
2.2,0.8934041533689738,0.44428981784504357,-0.0666001238909165
2.4000000000000004,0.8352052990927735,0.5452679406885711,-0.07151909692240088
2.6,0.7265055779902957,0.6801532380811612,-0.09788369566326054
2.8000000000000003,0.5974134468931721,0.7930821955414815,-0.11881836805108004
3.0,0.45305652513763117,0.8811802560205714,-0.13513379085090266
3.2,0.3928840719681641,0.9058103524125248,-0.1585866055378332
3.4000000000000004,0.3825842141021623,0.909344321929294,-0.16346933441714134
3.6,0.47642336927558704,0.8672046336155571,-0.14483403137317175
3.8000000000000003,0.7245996114415656,0.6795655366565229,-0.11465637569478627
4.0,0.883826283824837,0.45862049367471913,-0.09229486877359874
4.2,0.9418108030669676,0.3261747467775239,-0.08125543545493746
4.4,0.9722884991761548,0.22168413040972382,-0.07423759623172825
4.6000000000000005,0.99762200450209,0.02386688817299566,-0.06465839297546302
4.800000000000001,0.9955276789113399,-0.0748087128135936,-0.05769139457989467
5.0,0.9953483871289659,-0.07879779783144829,-0.05543009378199215
5.2,0.9977118113086918,-0.04221481192787371,-0.05281146872624688
5.4,0.9984263756229032,-0.012393594976873371,-0.054691601403354655
5.6000000000000005,0.9970190380005015,0.04789762550466262,-0.06048847274952168
5.800000000000001,0.9915657879436541,0.11159690650568943,-0.0659046177292654
6.0,0.9831173018980657,0.16755719188085547,-0.07351842053302032
6.2,0.9775528667155675,0.19680808757609408,-0.07521282763476111
6.4,0.9734125756383701,0.212888425097967,-0.08453683249555845
6.6000000000000005,0.9634938198319712,0.23450803095671907,-0.12917291729460842
6.800000000000001,0.9503322455281924,0.25691318519955125,-0.17568220849011684
7.0,0.9474174838122685,0.26076653769240365,-0.18547486133367458
7.2,0.9478152181590827,0.2587560498704875,-0.18625686264262148
7.4,0.9525564395383985,0.25230943078366586,-0.1702239132188913
7.6000000000000005,0.9571698213646245,0.2498249698203126,-0.14633324134690873
7.800000000000001,0.9610769962882099,0.2514766293035524,-0.11441377591774737
8.0,0.9597541279825426,0.2638178636169645,-0.09629199684838842
8.200000000000001,0.9488063201685812,0.3019068384863647,-0.09283764152176907
8.4,0.9418091813643784,0.32305315121338596,-0.09290924275259736
8.6,0.9452046554315005,0.30980213864303385,-0.10300870954837395
8.8,0.9601846009118552,0.22097541255865089,-0.17092512751575012
9.0,0.9306490977775608,0.0796392808090361,-0.357141207028861
9.200000000000001,0.8615533803543484,0.005174308388272722,-0.5076406202548203
9.4,0.8181953856771643,-0.0441133413480472,-0.5732454308336937
9.600000000000001,0.8234378101415676,-0.06948999269399281,-0.5631352535090028
9.8,0.8545555681486531,-0.1649080978147403,-0.4924836040126181
10.0,0.8691579706229313,-0.2917713277009898,-0.39929176604862476
10.200000000000001,0.8583167904615506,-0.4027715394387018,-0.3179109533029038
10.4,0.8370274378451187,-0.4896955896763466,-0.2440969023686524
10.600000000000001,0.8380034610671879,-0.5042548224378194,-0.2085120459053092
10.8,0.854612008038424,-0.4825056509929688,-0.19190261195821165
11.0,0.8746317643048208,-0.44914101520903676,-0.1824599280007317
11.200000000000001,0.9149495014571968,-0.36434505607312784,-0.17355140419569257
11.4,0.9543720242883281,-0.26124988915983427,-0.14464623973603177
11.600000000000001,0.9782210706604829,-0.17653787025011536,-0.10916921399099737
11.8,0.9900967326100096,-0.11451934145876867,-0.08120209668988136
12.0,0.9969106626772598,-0.04489940354378531,-0.06444512550844107
12.200000000000001,0.9981898102591883,0.005111631603100597,-0.0599247354360451
12.4,0.9967977349042977,0.05532449214973414,-0.05773626466992681
12.600000000000001,0.9948184570092228,0.08822298651795658,-0.05052664884634001
12.8,0.9926372578912941,0.11392565663311768,-0.041136589634604266
13.0,0.9890586619639179,0.14239112827227307,-0.038571100366638265
13.200000000000001,0.9863330148424065,0.16099513467543752,-0.03503927000847443
13.4,0.9847941762726153,0.1707604948446443,-0.031957530880118594
13.600000000000001,0.9841074238634668,0.1745825121571254,-0.03245804593190409
13.8,0.9826106732876388,0.1829686224668397,-0.03160297349617174
14.0,0.9805355578445581,0.1941601860746437,-0.029186331491319165
14.200000000000001,0.978227350000081,0.20579386446912096,-0.0268353695462574
14.4,0.9769677135127954,0.2120215111776178,-0.0241032269943194
14.600000000000001,0.9774166871659812,0.21068196754977536,-0.01642340399656113
14.8,0.9770725476710482,0.2127024189399452,-0.009322959010062573
15.0,0.9762896806140765,0.2162998738121828,-0.008533704664329216
15.200000000000001,0.9730020982277547,0.23047769261825682,-0.012122295564423131
15.4,0.9708326483329791,0.2392080841552744,-0.01623149424845909
15.600000000000001,0.9703502794689262,0.24124877017253554,-0.014811010256436758
15.8,0.9691876640871636,0.24585173295550913,-0.015238017720161775
16.0,0.9689421267220171,0.24673008817218442,-0.016595742043085965
16.2,0.9672093331355245,0.2532917452794543,-0.018692182024109154
16.400000000000002,0.9670204633317463,0.2540243335888012,-0.018521917892603545
16.6,0.9667188094605876,0.25509160129732195,-0.019570855440476834
16.8,0.9626544453501156,0.2697147000946136,-0.02346059250177293
17.0,0.9412427811706859,0.335992046227475,-0.03422530885100332
17.2,0.9060133686956411,0.4208692276481469,-0.044820407892259474
17.400000000000002,0.8927822940990485,0.4482134825995295,-0.0452155875693457
17.6,0.8976026193791528,0.43919867497876175,-0.03760401016625979
17.8,0.9084341595448174,0.4170705341108943,-0.028276268292581744
18.0,0.9235896580617261,0.3830105106726735,-0.016884674580272985
18.2,0.9362280702723191,0.35134850596124967,-0.005588183333361364
18.400000000000002,0.9426469734706657,0.33379032502547096,0.0008380489153256085
18.6,0.9507225600644296,0.30988315584633014,0.00995206045280339
18.8,0.9582965317398937,0.28538524153782496,0.014933893252879693
19.0,0.9613788148820779,0.27462280049074944,0.018250801257737946
19.200000000000003,0.96269514783581,0.2697623353096289,0.02112663678117586
19.400000000000002,0.9634111231616082,0.26727609536753366,0.020062318250229624
19.6,0.9647112958052121,0.2626786090704169,0.018222625569876277
19.8,0.9649217480227273,0.26215485430650104,0.014172245986485206
