5.0,0.37108236518785187,0.625793396544147,-0.6860615884075788
5.2,0.3473291662861136,0.563381324609234,-0.7496425370325099
5.4,0.34206800661504067,0.5302539776958427,-0.7757707122521125
5.6000000000000005,0.3618280973019338,0.5417789365802969,-0.7586540791960361
5.800000000000001,0.37863853587108837,0.535236928251447,-0.7550856175225128
6.000000000000001,0.39255363586876885,0.5741132192031072,-0.7185371629237105
6.200000000000001,0.3980008665866749,0.5949201686069149,-0.6983303682219294
6.400000000000001,0.40342712252237745,0.6116780343217839,-0.6805119684043428
6.600000000000001,0.3962399943595415,0.6240089800581121,-0.6735032736941862
6.800000000000002,0.3565158946208543,0.6684913831477067,-0.6526987724363806
7.000000000000002,0.23819136996860082,0.743091313267369,-0.6253640311203217
7.200000000000002,0.24632195909881943,0.7990691336070113,-0.5484651421761094
7.400000000000002,0.35090177421566693,0.8090731141305143,-0.47145375260299827
7.600000000000002,0.3994313905382536,0.8017878190029984,-0.4445119318433333
7.8000000000000025,0.4309944799216345,0.801729709657029,-0.4140932635655109
8.000000000000004,0.45914903255324957,0.7957242119766447,-0.39497486550356986
8.200000000000003,0.45859807695958577,0.7921825399600925,-0.4026594431915717
8.400000000000002,0.4569910593705362,0.7938104936246835,-0.40127804807481293
8.600000000000003,0.45318855794509805,0.7953770293636618,-0.4024866607830372
8.800000000000004,0.4537943581827052,0.796683514258357,-0.39920678675405935
9.000000000000004,0.4478151502273695,0.8013865590825596,-0.3965364726587628
9.200000000000003,0.4227267920533835,0.8201555548537315,-0.385547565318241
9.400000000000004,0.41525437325431924,0.8345685184462426,-0.36202098490502777
9.600000000000005,0.3921628963718672,0.8501464547296228,-0.3513677108384917
9.800000000000004,0.3535728218964256,0.8698336508884679,-0.34405766871011306
10.000000000000004,0.3260210770474514,0.8776845167757634,-0.35125510150446826
10.200000000000005,0.33005895202659347,0.8728636212664189,-0.35940254152799267
10.400000000000006,0.33120954423192656,0.862516565796124,-0.3825773275260047
10.600000000000005,0.34788266327612727,0.8512156530952288,-0.392949824427461
10.800000000000004,0.39696420688444056,0.8317575910061124,-0.38807051969495937
11.000000000000005,0.481068212113227,0.8165787373652452,-0.3190180887930418
11.200000000000006,0.587993633456421,0.7830268615691819,-0.20281129425116665
11.400000000000006,0.6073149458790726,0.7905986009865077,-0.07824582180586855
11.600000000000005,0.5952379965385244,0.8010308819637295,-0.06357085509266538
11.800000000000006,0.5828012387358666,0.8114061559730631,-0.044303117011751686
12.000000000000007,0.5847245016982393,0.8107077825890802,-0.029157303771824662
12.200000000000006,0.5919363014065027,0.8054847004922308,-0.028386834098424008
12.400000000000006,0.6022315120946939,0.7982890938357489,-0.00719225298761272
12.600000000000007,0.6081991228582322,0.7937154533495631,0.01046929169403433
12.800000000000008,0.6250241882445824,0.7805284863325878,0.010956556601410351
13.000000000000007,0.6592225311502516,0.7514334870228199,0.027809512843290297
13.200000000000006,0.6985662590029585,0.7138188901855391,0.0496766926928211
13.400000000000007,0.7285550093621652,0.6822618764404521,0.061043675260003705
13.600000000000009,0.7265475596010931,0.6842415043337536,0.06278700012564443
13.800000000000008,0.727825079151979,0.6832259926921513,0.058931291070528996
14.000000000000007,0.721611991475372,0.690476249759619,0.05018647503900299
14.200000000000008,0.7138519052396046,0.6991883548911547,0.03938402938232327
14.40000000000001,0.7099010236449772,0.7034005916941504,0.0356110127928486
14.600000000000009,0.7108359192838567,0.7026046803329323,0.03254165069772057
14.800000000000008,0.7094130760660644,0.7041686836796053,0.029657249222016364
15.000000000000009,0.7105275946287098,0.7030795730510028,0.028803666946402243
15.20000000000001,0.7118158674162202,0.7017684903535982,0.028968203971353797
15.40000000000001,0.7150689760847049,0.6984390285450812,0.02931352667583868
15.600000000000009,0.7189240195218232,0.6947627161075037,0.021284324314133643
15.80000000000001,0.7294418833330243,0.6835113942702167,-0.026957610100964625
16.00000000000001,0.7413364898304666,0.6458770340471639,-0.1823816485732089
16.20000000000001,0.7401182839961358,0.6237187102886139,-0.2513958952141476
16.40000000000001,0.7728109382235053,0.5865770251843928,-0.2422615266358522
16.60000000000001,0.9215397680852535,0.37660461612143165,-0.09451676546204091
16.80000000000001,0.9358715614977602,0.35222768320269066,-0.00894871864623181
17.00000000000001,0.913955362398257,0.40189931527538814,0.05623642880415068
17.20000000000001,0.8561832981613873,0.48598488140573487,0.17541053273547402
17.400000000000013,0.8033838702548973,0.5651525613085305,0.18755516378034046
17.600000000000012,0.7497245793274918,0.633285709764443,0.19199548161444244
17.80000000000001,0.7335140805822544,0.6618611660232057,0.1545861911619932
18.00000000000001,0.7531924731958334,0.6456209208605398,0.12599493985209054
18.20000000000001,0.7583010827278636,0.6433257593192206,0.10541079323341762
18.400000000000013,0.7608532466911389,0.641644040401825,0.09692916184706252
18.600000000000012,0.7656097241248876,0.636804295682403,0.09122521211733065
18.80000000000001,0.7656518177523032,0.6368849044361212,0.0903045540046951
19.000000000000014,0.7657556883683085,0.6369531465466902,0.08893207990285791
19.200000000000014,0.767068116563381,0.6355510516947942,0.08764339816294439
19.400000000000013,0.7672806132136751,0.6355396100456713,0.0858479158130378
19.600000000000012,0.7691013163937394,0.6334068053864392,0.08531696203899482
19.80000000000001,0.7677994015185953,0.6354566516467828,0.08172467745758533
20.000000000000014,0.7712869889787305,0.6318904316401991,0.07636008796280169
20.200000000000014,0.7709703368924484,0.633706276678097,0.0634121008225362
20.400000000000013,0.694015581237886,0.7196411470207211,0.021424110570575264
20.600000000000016,0.5029718072476391,0.8621435472176439,-0.061056245421924324
20.800000000000015,0.43242664791069657,0.8775057305263001,-0.2073424391440957
21.000000000000014,0.4328774606704331,0.8509254383524864,-0.29756176234211756
21.200000000000014,0.4125539028127649,0.8519672477430817,-0.3224144631480334
21.400000000000013,0.3744520481258899,0.8692261683424549,-0.32284908536810225
21.600000000000016,0.36378073195574295,0.8677894429428776,-0.33853369370660064
21.800000000000015,0.37251813256005184,0.8602618990491259,-0.3481087559346412
22.000000000000014,0.38514010619124484,0.8524846103349871,-0.35346440803141965
22.200000000000017,0.39158152089613985,0.8509908168717121,-0.34996934450417577
22.400000000000016,0.3989058501905676,0.8479851846643379,-0.34899176103961116
22.600000000000016,0.3990810558372187,0.8488122165606299,-0.3467738915911648
22.800000000000015,0.39768939736551756,0.8497279769628757,-0.3461293232155137
23.000000000000014,0.3978063947265647,0.8505919105465876,-0.3438654882760966
23.200000000000017,0.40141474231072716,0.8497705012623624,-0.3416962098705895
23.400000000000016,0.4055583196073884,0.8536258011677118,-0.32687220894106794
23.600000000000016,0.40609686217531915,0.8625128309459826,-0.30192210085534765
23.80000000000002,0.4088066372218241,0.8724088806435114,-0.2679176708201982
24.000000000000018,0.4019545814366306,0.879942569435607,-0.25324610353797145
24.200000000000017,0.40562457763684595,0.8778915631335449,-0.25450953890939354
24.400000000000016,0.40766326666936475,0.8763824863746822,-0.2564457029942072
24.600000000000016,0.41553829920653373,0.8728453929243029,-0.2558687982997543
24.80000000000002,0.4204723212392534,0.8710778253859663,-0.25382365766911896
25.000000000000018,0.42348229822084305,0.8706576603133066,-0.2502358520103623
25.200000000000017,0.4341145557216157,0.8681613482856619,-0.24050036559940147
25.40000000000002,0.43938556669043305,0.8723256458254057,-0.2144488083888922
25.60000000000002,0.4484937713690453,0.8783658324825337,-0.1653082011590342
25.80000000000002,0.45547797536770307,0.8846741135452404,-0.09945615505277318
26.000000000000018,0.4573715447427142,0.8857075881177259,-0.07958227447330338
26.200000000000017,0.45663914688431895,0.8858338907353743,-0.08233472874425934
26.40000000000002,0.45668500751034535,0.8855847368978974,-0.08472589739128018
26.60000000000002,0.4567680956815251,0.8850153816217292,-0.09005931967552556
26.80000000000002,0.45299135472905855,0.8815602424433805,-0.13285470064661292
27.00000000000002,0.4606205118474049,0.8747375199087749,-0.15054240375814418
27.20000000000002,0.6170509103142988,0.7695090102554385,-0.1646330987863329
27.40000000000002,0.8721323518261374,0.4576731959087667,-0.17297516193045298
27.60000000000002,0.9758385767165522,0.16145199522102333,-0.14721523505046719
27.80000000000002,0.9797281082176584,0.1341442627178669,-0.14878894699583223
28.00000000000002,0.9830017160863537,0.11739995812957371,-0.14115550291241902
28.20000000000002,0.9847330559599465,0.10141835527442745,-0.1414748236019937
28.40000000000002,0.985019844954891,0.10794728149146567,-0.1344741219106673
28.600000000000023,0.9485492798204495,0.27945462255682657,-0.14886026227213206
28.800000000000022,0.7215128946957898,0.6701529138973483,-0.17410977796377597
29.00000000000002,0.44850133804430686,0.8814764321473944,-0.14780341451118886
29.20000000000002,0.3443355772433266,0.9288174461953875,-0.13686183502928548
29.40000000000002,0.3469570994760165,0.932285331163454,-0.10229776351728573
29.600000000000023,0.38085681944953975,0.9238388072554953,-0.03833981334754704
29.800000000000022,0.420271865854878,0.9071799792880901,-0.019900852989750525
30.00000000000002,0.43550087658290226,0.9000653969585521,-0.014875069524803924
30.200000000000024,0.43708458218366913,0.8993403999907603,-0.01199637285958776
30.400000000000023,0.43874212797482737,0.898594326826688,-0.005794905953650739
30.600000000000023,0.4387632128081158,0.8985812053491652,-0.00621775518509964
30.800000000000022,0.44053348066655407,0.89740382274504,-0.024426038041389236
31.00000000000002,0.4485974416465723,0.8913552790789405,-0.06516211941192843
31.200000000000024,0.4403542914007335,0.8890690755264147,-0.12507708418237287
31.400000000000023,0.4286407891871169,0.889426598918402,-0.15870538422337563
31.600000000000023,0.4215464131031806,0.8894643134666005,-0.17649888574501568
31.800000000000026,0.40805927934079145,0.8929095861770452,-0.1902632267596969
32.00000000000003,0.3757002587757163,0.9009076586996115,-0.2172894522342118
32.200000000000024,0.31070700198453594,0.9135622659514389,-0.2624216933629048
32.40000000000002,0.26119359640900935,0.9100225487587562,-0.3219268021546892
32.60000000000002,0.15743158116671424,0.918844742691477,-0.3618558222270048
32.800000000000026,0.04081082793696328,0.9233562140428819,-0.3817692736608017
33.00000000000003,-0.03802126420250368,0.923073263593595,-0.38274029511813024
33.200000000000024,-0.07695602978371474,0.9276276877607329,-0.3654923287561646
33.40000000000003,-0.20909447191474262,0.9327479827743914,-0.2937017235989582
33.60000000000002,-0.315209268648166,0.9355762584071488,-0.1591859970699961
33.800000000000026,-0.3739314700960528,0.9260751020386133,-0.05059803411177868
34.00000000000003,-0.4829118183430005,0.8735574053049843,-0.060775285614147
34.200000000000024,-0.6133432356184889,0.7815776507976716,-0.11378247270399681
34.40000000000003,-0.6476558087415455,0.737191851915649,-0.19258797177526454
34.60000000000002,-0.6433165445647104,0.7368723276764203,-0.20775706051553297
34.800000000000026,-0.6169434835250459,0.7721703885608235,-0.1520974331335303
34.972,-0.5627788323062111,0.8237832708319545,-0.06827231214382859
