0.0,0.046654337585886135,0.0,-0.7570314948643841,0.6517105865089337
0.03333333333333333,0.04383861129318493,2.168404344971009e-18,-0.7778721687956246,0.6268915896493401
0.06666666666666667,0.038610236342857505,-3.0357660829594124e-18,-0.8317821130063595,0.55375785875437
0.1,0.03494443098786267,6.505213034913027e-19,-0.8989772539373286,0.436599110908662
0.13333333333333333,0.0329022315890911,7.589415207398531e-19,-0.9580055708373241,0.2848556992603638
0.16666666666666666,0.03223866514335724,-1.8973538018496328e-19,-0.9914645352516556,0.12632792172751497
0.2,0.03252910567134648,1.238362168885787e-18,-0.9993648965710472,-0.014548566450431948
0.23333333333333334,0.033736560927377,6.708500942254059e-19,-0.9919900889183603,-0.1217271865465446
0.26666666666666666,0.03493874359405682,2.439454888092385e-19,-0.980312736989331,-0.1943353336183508
0.3,0.035551516705211984,1.7618285302889447e-18,-0.9702768254320517,-0.23937203614762279
0.3333333333333333,0.03494284167298357,-1.1655173354219173e-18,-0.9656687439742155,-0.2574157623904913
0.36666666666666664,0.03282950594740261,1.6263032587282567e-19,-0.9662571387079515,-0.2554786985937809
0.4,0.029569498017437162,-4.87890977618477e-19,-0.9738869096204772,-0.22509982686993207
0.43333333333333335,0.025556151317707092,-3.7947076036992655e-19,-0.9867242026118875,-0.16038151735708572
0.4666666666666667,0.021634449555487358,0.0,-0.998029378897258,-0.05890084422471987
0.5,0.018471152275056853,1.0587911840678754e-20,-0.9976191726501263,0.06644398313247747
0.5333333333333333,0.01674217667450177,-3.3881317890172014e-19,-0.983319569143108,0.18111411999182295
0.5666666666666667,0.015886641011061645,1.2874900798265365e-19,-0.9679397373023276,0.250679635368505
0.6,0.015219804860910388,-5.963111948670274e-19,-0.9594327095034832,0.2815266123740352
0.6333333333333333,0.014529046835215643,2.710505431213761e-19,-0.9582682282281769,0.2855011551053533
0.6666666666666666,0.014075778302107553,-4.0657581468206416e-20,-0.9636016260974715,0.2669714940728671
0.7,0.01414539272308874,4.1081097941833566e-19,-0.9761898779060516,0.21645606976584764
0.7333333333333333,0.014681375102416743,6.776263578034403e-20,-0.9912484719686911,0.1311904114058533
0.7666666666666666,0.015687658524237053,2.0328790734103208e-19,-0.9996508724819314,0.02126100929260797
0.8,0.017184843717358414,6.776263578034403e-21,-0.9952616851247502,-0.09570192928594934
0.8333333333333334,0.0193727652527248,-1.3552527156068805e-19,-0.979096576498402,-0.20247120747299313
0.8666666666666667,0.022013142108803875,-3.7947076036992655e-19,-0.9555861870952042,-0.29388851731115206
0.9,0.024884113417928563,5.421010862427522e-19,-0.9278734088317199,-0.3720641316794835
0.9333333333333333,0.02798697074527012,8.673617379884035e-19,-0.9001975513827728,-0.43458152049179866
0.9666666666666667,0.03153561056246368,8.673617379884035e-19,-0.8768446228011125,-0.47973848368796457
1.0,0.035436115311596836,4.336808689942018e-19,-0.8593565653695898,-0.510147601472167
1.0333333333333332,0.03977625204171418,8.673617379884035e-19,-0.849977702346209,-0.5253149105896135
1.0666666666666667,0.04454871218943797,4.336808689942018e-19,-0.8475910291115759,-0.5287767578211456
1.1,0.04994605015129065,6.505213034913027e-19,-0.8500432573886008,-0.5243394441032085
1.1333333333333333,0.056078101106902846,1.0842021724855044e-18,-0.8550590767733335,-0.515489303287448
1.1666666666666667,0.06280064959376855,1.734723475976807e-18,-0.8595395250300851,-0.5071960994740168
1.2,0.07048504956430882,3.2526065174565133e-18,-0.8656367505276876,-0.4956862656194771
1.2333333333333334,0.07996629069055271,3.469446951953614e-18,-0.8766089480311418,-0.47451253364366375
1.2666666666666666,0.09043957610087834,1.734723475976807e-18,-0.8871425107890968,-0.45254706785649446
1.3,0.10203384629027429,-6.938893903907228e-18,-0.8964987458013197,-0.4311369770593487
1.3333333333333333,0.11580687832112228,2.168404344971009e-18,-0.9055597531995073,-0.4081057464907398
1.3666666666666667,0.13156902545159904,8.673617379884035e-19,-0.9132113137363025,-0.3856613644192699
1.4,0.1473617537800231,4.336808689942018e-19,-0.9172296935968096,-0.37010026034465116
1.4333333333333333,0.16286911448364258,-4.336808689942018e-18,-0.9186897627608737,-0.3598371455890621
1.4666666666666666,0.17711714080311194,4.336808689942018e-19,-0.9178706349532567,-0.35516618071578276
1.5,0.19003045635033963,-2.168404344971009e-18,-0.9157511487811866,-0.3539608158613307
1.5333333333333332,0.20220689872880998,1.3010426069826053e-18,-0.9124148795765431,-0.3558250379523612
1.5666666666666667,0.2136787351019008,-6.071532165918825e-18,-0.9083766044516407,-0.3594347543715818
1.6,0.22379022167140009,-8.239936510889834e-18,-0.9036889035613866,-0.365053834748088
1.6333333333333333,0.23280029896456692,6.505213034913027e-19,-0.8986995575266638,-0.37167610375619675
1.6666666666666667,0.241237694446385,1.5612511283791264e-17,-0.8943087959571369,-0.37685030483189014
1.7,0.24932368714591155,6.5052130349130266e-18,-0.8899176294729005,-0.38194804853710285
1.7333333333333334,0.25739408516053164,1.3227266504323154e-17,-0.8852979274438885,-0.38729299578991705
1.7666666666666666,0.2661403831695102,1.496198998029996e-17,-0.8807580767424226,-0.39170716957872387
1.8,0.27544534582366453,-3.686287386450715e-18,-0.8762025384298207,-0.39547310036615724
1.8333333333333333,0.28564495378012295,-6.5052130349130266e-18,-0.8714845923569612,-0.3986496778681415
1.8666666666666667,0.2958701448111366,-5.204170427930421e-18,-0.8664463893373381,-0.4021585655108281
1.9,0.3059561794069376,-9.107298248878237e-18,-0.8621331528349866,-0.40387775757711103
1.9333333333333333,0.3159251821799753,2.211772431870429e-17,-0.8587039014868282,-0.40350822647853046
1.9666666666666666,0.3243712147168031,-2.8189256484623115e-17,-0.8550603839525742,-0.40454301978655133
2.0,0.33135575612299417,-4.7704895589362195e-18,-0.8515249339865899,-0.4063356367380206
2.033333333333333,0.3380610229336369,-1.5178830414797062e-18,-0.848132044337759,-0.407905356842144
2.0666666666666664,0.3439436048203433,1.5178830414797062e-17,-0.8445560686547674,-0.41039961452417506
2.1,0.34915545532980113,1.8865117801247777e-17,-0.8412655477129918,-0.4127502225857657
2.1333333333333333,0.35343627520615933,1.1926223897340549e-18,-0.8380933165534838,-0.41555070944083095
2.1666666666666665,0.35678899648097034,-6.7220534694101275e-18,-0.8354203081844109,-0.4180604270475336
2.2,0.3596213104752065,-1.0733601507606494e-17,-0.8329907062238945,-0.42047472741737135
2.2333333333333334,0.36256516321138005,-1.2576745200831851e-17,-0.8309282781676631,-0.42202452412961533
2.2666666666666666,0.36567294616134843,9.432558900623889e-18,-0.8288701280212012,-0.42338824655367685
2.3,0.3689824775706379,-5.312590645178972e-18,-0.8265882334392657,-0.4249750858410263
2.3333333333333335,0.3729134850520821,1.951563910473908e-17,-0.824227745106705,-0.426126925765818
2.3666666666666667,0.377515351944886,-1.929879867024198e-17,-0.8218045518888285,-0.4267545401524517
2.4,0.38237562120557844,-2.5370330836160804e-17,-0.8193377429391134,-0.4271703960986615
2.433333333333333,0.3873543210999572,-1.1058862159352145e-17,-0.8168498853989096,-0.4274492889793825
2.466666666666667,0.39196281660597504,-4.7704895589362195e-18,-0.8145361532903339,-0.42766342534906643
2.5,0.39622459845185787,1.3552527156068805e-17,-0.8122872345724208,-0.4280134532142105
2.533333333333333,0.39983678247789106,1.6154612370034016e-17,-0.809849776682712,-0.42927134377301407
2.5666666666666664,0.4023230204542315,-2.168404344971009e-19,-0.8074765384380169,-0.43141375393552506
2.6,0.40362287928590507,-2.1358782797964437e-17,-0.8050386442207614,-0.43474285805307256
2.6333333333333333,0.40412781899423206,-1.111307226797642e-17,-0.802415627964792,-0.4391012023586744
2.6666666666666665,0.40438791783828043,2.7376104855258987e-18,-0.800125318680593,-0.4430235730891749
2.7,0.4048770680830557,-3.0574501264091225e-17,-0.7987244662479671,-0.44509974922186685
2.7333333333333334,0.4056963774516205,9.053088140253962e-18,-0.797560020182503,-0.4464397647265728
2.7666666666666666,0.40669282475187424,-1.0028870095490916e-17,-0.7963602940922596,-0.44767312660984176
2.8,0.4077348657084196,-2.2714035513571318e-17,-0.7943674682680611,-0.4502583754280735
2.8333333333333335,0.4088910462698689,0.0,-0.7912469793605161,-0.4546826694885028
2.8666666666666667,0.41004612223906356,-1.951563910473908e-18,-0.786272334799182,-0.46220990163144515
2.9,0.41148079635432755,-6.7220534694101275e-18,-0.7794812732584789,-0.4723266865962043
2.933333333333333,0.4133692080259895,9.974659986866641e-18,-0.7710635891121362,-0.4843416556538136
2.966666666666667,0.4158826981020104,-1.0408340855860843e-17,-0.7604284096181196,-0.49878874813396673
3.0,0.4186490250202647,-2.47198095326695e-17,-0.747365341661717,-0.5159244517683254
3.033333333333333,0.4217896490483817,1.691355389077387e-17,-0.7328200434842869,-0.533917854939626
3.0666666666666664,0.4256488410582103,1.431146867680866e-17,-0.7166437553174022,-0.5524896307356126
3.1,0.4299209170571117,-1.0842021724855044e-17,-0.6986612035596003,-0.5718745734139813
3.1333333333333333,0.43448672594243704,4.5102810375396984e-17,-0.6789902935729359,-0.5917714645144356
3.1666666666666665,0.4395858106426416,9.107298248878237e-18,-0.6580209239636681,-0.6113695925605496
3.2,0.4455031865187869,2.2551405187698492e-17,-0.634734175250732,-0.6313789967764055
3.2333333333333334,0.45314950608726773,2.2551405187698492e-17,-0.6068434636514601,-0.652990456098988
3.2666666666666666,0.4620336374192261,-2.42861286636753e-17,-0.5757939247525738,-0.6745267037791659
3.3,0.47177305160923366,-2.0816681711721685e-17,-0.5433185808458048,-0.6944314994893391
3.3333333333333335,0.4816303440739405,-4.9439619065339e-17,-0.5103135351015383,-0.712469162532238
3.3666666666666667,0.49063335889526666,-8.673617379884035e-18,-0.477381179484685,-0.7289623561014379
3.4,0.4984227561935844,7.806255641895632e-18,-0.4447297673029507,-0.7441708071290181
3.433333333333333,0.5054196480613891,2.168404344971009e-17,-0.4129402051230657,-0.7576485770767488
3.466666666666667,0.5118876334586155,3.122502256758253e-17,-0.38168576392204423,-0.7696018635186532
3.5,0.5172822255620401,5.204170427930421e-18,-0.35159843896945053,-0.7802548537701178
3.533333333333333,0.5218218043282781,5.204170427930421e-18,-0.324110103423562,-0.7890846883486894
3.5666666666666664,0.5252443559683503,1.6479873021779667e-17,-0.2984060473349265,-0.7969141719390731
3.6,0.5276881265761358,-1.9949319973733282e-17,-0.27433988986621977,-0.8039172008974298
3.6333333333333333,0.5296869825533124,-2.42861286636753e-17,-0.2517389925103134,-0.8099748021781047
3.6666666666666665,0.5316012284800232,-1.734723475976807e-18,-0.22999557787238437,-0.8151700240058379
3.6999999999999997,0.5335922680524506,-5.204170427930421e-18,-0.20775466733811446,-0.819827597531256
3.7333333333333334,0.5356366438665684,-4.336808689942018e-18,-0.18438844320323658,-0.824071773427804
3.7666666666666666,0.5379718478255813,-1.5612511283791264e-17,-0.1600672464612048,-0.8276259828917031
3.8,0.5406957779800404,7.806255641895632e-18,-0.1327222176195516,-0.8306821826816242
3.8333333333333335,0.5435573552628254,-1.734723475976807e-18,-0.09993762794782265,-0.8334013871237826
3.8666666666666667,0.5467328690992281,-3.469446951953614e-18,-0.061448168823289614,-0.8350492754291753
3.9,0.5507284914915757,-1.734723475976807e-18,-0.020944726560199814,-0.8344216242935775
3.933333333333333,0.5554971147363452,8.673617379884035e-19,0.012198218035802948,-0.8314289861415387
3.966666666666667,0.5606251831254115,-8.673617379884035e-19,0.034989297106911385,-0.8273301355163869
4.0,0.5653874968135234,2.6020852139652106e-18,0.05071027690310284,-0.8232651129881242
4.033333333333333,0.5693021026197672,-8.673617379884035e-19,0.06330248839473512,-0.8196876910846878
4.066666666666666,0.5723842268942791,-4.336808689942018e-19,0.07465264871312512,-0.816580234173442
4.1,0.5748836284277911,6.938893903907228e-18,0.08683528305197173,-0.8136144341043744
4.133333333333333,0.57733356610451,8.673617379884035e-19,0.09977863689256568,-0.8103889048283613
4.166666666666667,0.5801465080334346,1.734723475976807e-18,0.11296672705766608,-0.8066402840141887
4.2,0.5836314768249797,1.0842021724855044e-17,0.12759877214039006,-0.8019307031205116
4.233333333333333,0.5875733477998961,-1.214306433183765e-17,0.14384941372534726,-0.7962819269116285
4.266666666666667,0.5917657686349884,-4.336808689942018e-18,0.16158331507839854,-0.7897493952894907
4.3,0.5956800325310408,-4.336808689942018e-19,0.17914129888688654,-0.7829902259140517
4.333333333333333,0.5991956642341396,3.903127820947816e-18,0.19660496708561756,-0.7760870072873735
4.366666666666666,0.6023992001417049,-1.5612511283791264e-17,0.21377586311673052,-0.7690351643568266
4.4,0.6060734792297525,-2.168404344971009e-17,0.2295702347553915,-0.761559219685966
4.433333333333334,0.6102205426133209,1.2576745200831851e-17,0.24469868301481862,-0.7534941565158401
4.466666666666667,0.6143767674387143,8.239936510889834e-18,0.25918541070829226,-0.7452275561917514
4.5,0.6180885996512883,1.3010426069826053e-18,0.2732087377067572,-0.7371047880876843
4.533333333333333,0.6210618936434544,1.1709383462843448e-17,0.28654541184107696,-0.729502468273298
4.566666666666666,0.6234124526510528,6.5052130349130266e-18,0.30053528226765613,-0.7218278589746305
4.6,0.6251343579631233,-1.2576745200831851e-17,0.3164547965194245,-0.7134867877220175
4.633333333333333,0.626099756953479,-8.239936510889834e-18,0.3339274804868363,-0.7046215524084601
4.666666666666667,0.6265800142032903,5.637851296924623e-18,0.3507658905292672,-0.6959603263421088
4.7,0.6268084567719874,-8.673617379884035e-18,0.366669740176518,-0.687505970998074
4.733333333333333,0.6271409764201822,-1.5612511283791264e-17,0.3804411266579129,-0.679675470237082
4.766666666666667,0.6275499898944293,-6.071532165918825e-18,0.39293060292169346,-0.6721506910441262
4.8,0.6282791430394571,-1.5178830414797062e-17,0.4060503011440047,-0.663617714774454
4.833333333333333,0.6294073689562492,-5.204170427930421e-18,0.42099140964979315,-0.6531558748910187
4.866666666666666,0.630875390927312,6.028164079019405e-17,0.43664104047388347,-0.6413585915041565
4.9,0.6321944472344989,-2.2551405187698492e-17,0.4524297756639836,-0.6289972010895629
4.933333333333334,0.6334140546831142,8.673617379884035e-19,0.46823313930212934,-0.6160717187058417
4.966666666666667,0.6346581162556889,-8.673617379884035e-18,0.4832446734525276,-0.6030619048244885
5.0,0.6362718306106199,-2.7755575615628914e-17,0.4961106913099162,-0.5907895899043989
5.033333333333333,0.6378855000369645,2.5370330836160804e-17,0.5074706928977294,-0.5792888611845478
5.066666666666666,0.639320879627872,-2.2768245622195593e-17,0.5176320595885803,-0.5686175021558243
5.1,0.6405503940058046,-2.6020852139652106e-17,0.5274436609468302,-0.5581203967478825
5.133333333333333,0.6417177837931389,4.336808689942018e-18,0.5366936497848788,-0.5478669658267491
5.166666666666667,0.6426679910491727,1.929879867024198e-17,0.545202967829596,-0.5382671986575266
5.2,0.6435488427718873,-2.6454533008646308e-17,0.5532075664142202,-0.5289671780262182
5.233333333333333,0.6445522606618815,3.74049749507499e-17,0.5598987195834942,-0.5206398055128147
5.266666666666667,0.6455514185560957,-2.8731357570865868e-18,0.5642515105887782,-0.5146684357899699
5.3,0.6461331515476526,2.6481638062958446e-17,0.5660770169381605,-0.5119265194981518
5.333333333333333,0.6464470999319379,-7.352245982167327e-19,0.5664137379773948,-0.511157142589304
5.366666666666666,0.6465704897382147,-1.0069527676959122e-17,0.5670066657482754,-0.5103430638273718
5.4,0.6465976570317377,-3.038476588390626e-17,0.5683276061097193,-0.508837107584208
5.433333333333334,0.6464335967216525,-2.542454094478508e-17,0.5699501452587346,-0.5072281902152672
5.466666666666667,0.6461632406184198,-3.073713158996405e-17,0.5719548131279053,-0.5053125351832523
5.5,0.6458319213854748,2.9219248548484344e-17,0.5736092081919746,-0.5038587159084595
5.533333333333333,0.6453982103342342,2.642742795433417e-17,0.5742333326332453,-0.5037035137759958
5.566666666666666,0.6450560287876167,-2.019326546254252e-18,0.5738027345521093,-0.5046316890022574
5.6,0.6449565172087388,8.565197162635485e-18,0.5727507689811272,-0.5059522186348246
5.633333333333333,0.644859681684433,3.2851325826310784e-17,0.5714823410023205,-0.5075075613824482
5.666666666666667,0.6444669229206794,-3.6591823321385775e-17,0.5700562426732432,-0.5096059903988729
5.7,0.6438317844823302,-3.97089045672816e-17,0.5684296974184428,-0.5122190082211671
5.733333333333333,0.6431973926968789,8.61940727125976e-18,0.5663285694462539,-0.5153339358677017
5.766666666666667,0.6425509294109665,-4.0115480381963664e-18,0.5642269021929007,-0.5184364049282285
5.8,0.6415734479789185,3.164515090942066e-18,0.5630355753746971,-0.5209361301646546
5.833333333333333,0.640121225421843,-2.1328289611863283e-17,0.5618704321421895,-0.52397178764585
5.866666666666666,0.6382311439466404,1.9542744159051217e-17,0.5606877672046269,-0.5275322119109438
5.9,0.6360839024216541,6.0173220572945496e-18,0.5595178450790194,-0.531353978171021
5.933333333333334,0.6337979774047379,-8.023096076392733e-18,0.5587751137890162,-0.5348555842914381
5.966666666666667,0.6309603752365782,3.5128150388530344e-17,0.5586178858814079,-0.5383633182663015
6.0,0.6275836699173533,2.168404344971009e-19,0.5589272109866665,-0.5419770383251794
6.033333333333333,0.6235620836158436,-1.723881454251952e-17,0.5598342064586272,-0.545670220147212
6.066666666666666,0.618868829794477,-2.233456475320139e-17,0.561049928263904,-0.5497493515265691
6.1,0.6136188994377613,6.5052130349130266e-18,0.5628224375968021,-0.5538075026490563
6.133333333333333,0.6078223281191618,1.5612511283791264e-17,0.5656879711885748,-0.5572693573958254
6.166666666666667,0.6011731790448158,-6.288372600415926e-18,0.5694190733387033,-0.560671675506479
6.2,0.5926226882986768,4.336808689942018e-18,0.5743150204321282,-0.5647659750902966
6.233333333333333,0.5827769923585459,3.469446951953614e-18,0.5797728636374752,-0.5694158443239256
6.266666666666667,0.5719085852215704,-5.637851296924623e-18,0.5859114162813653,-0.5741327219563663
6.3,0.5599372001410686,8.673617379884035e-19,0.5934823113868999,-0.5781427833753907
6.333333333333333,0.547595643239824,-2.0383000842727483e-17,0.6025005560250352,-0.5806307703646841
6.366666666666666,0.5345439508405134,-1.1275702593849246e-17,0.6148930831860892,-0.5798010528359879
6.4,0.5205671941217221,-1.3877787807814457e-17,0.6328592149438403,-0.5731483319917309
6.433333333333334,0.5062958560104507,5.0306980803327406e-17,0.6558597018760353,-0.5599219210226756
6.466666666666667,0.49223708490116314,-2.168404344971009e-17,0.6818997705326069,-0.5410317506353793
6.5,0.4780409910121596,1.9081958235744878e-17,0.705305329756753,-0.523470345605967
6.533333333333333,0.4637197004924278,5.204170427930421e-18,0.723902443169138,-0.5108123844905935
6.566666666666666,0.45028095758019077,2.42861286636753e-17,0.7406004348903503,-0.4987565088105526
6.6,0.4388734542736804,-6.5052130349130266e-18,0.756491064725664,-0.4848828313356939
6.633333333333333,0.42887641289069933,9.974659986866641e-18,0.7723129613810624,-0.46861253947031783
6.666666666666667,0.41936534056725683,-1.9949319973733282e-17,0.7879762250547527,-0.45080614445609596
6.7,0.4109118619779632,-5.637851296924623e-18,0.8025211315115405,-0.4325636082280156
6.733333333333333,0.4029636930368072,-1.214306433183765e-17,0.8172682556976969,-0.41193793260997685
6.766666666666667,0.3948657507165298,-2.7755575615628914e-17,0.8324023284458199,-0.38882824294159624
6.8,0.38699281545730657,-8.673617379884035e-19,0.8470449116318653,-0.3643507629510229
6.833333333333333,0.3797455442885369,2.949029909160572e-17,0.8616158132489088,-0.33676625714644326
6.866666666666666,0.3728751859637275,-3.0357660829594124e-18,0.8760808647806266,-0.3056900620853501
6.8999999999999995,0.3666262118985495,-8.456776945386935e-18,0.8895724047383984,-0.2724814809796499
6.933333333333334,0.36107437968780604,1.235990476633475e-17,0.9018304381187268,-0.23733342203670288
6.966666666666667,0.3560199378595248,1.734723475976807e-18,0.9126041870093717,-0.20100597428798928
7.0,0.35153497409716516,1.6263032587282567e-18,0.9214916500056509,-0.1651553842790738
7.033333333333333,0.3477478568443915,1.1763593571467723e-17,0.9286278039650626,-0.129312914139146
7.066666666666666,0.34457127370327634,-5.44811591673966e-18,0.9341308029088379,-0.09311434043900954
7.1,0.3418115285475835,-5.312590645178972e-18,0.9380416799403585,-0.05694458399737927
7.133333333333333,0.3390731399491209,-8.673617379884035e-19,0.9405364866277464,-0.0205066595763255
7.166666666666667,0.33701455561906407,5.437951521372608e-19,0.9413529159531621,0.01660954326174446
7.2,0.3359145395020593,-3.6845933205562065e-19,0.940387992947634,0.05321508123681071
7.233333333333333,0.3353067957479382,-1.5009423825346202e-18,0.9378781590458919,0.08918470446180407
7.266666666666667,0.3352199933376015,-1.4772254600114998e-18,0.9338153980901766,0.1249654286449805
7.3,0.33569772485590965,5.2583805365546965e-18,0.9282467525470397,0.16020300843754734
7.333333333333333,0.3369693605466143,1.0625181290357943e-17,0.9210854310697069,0.19507249607245594
7.366666666666666,0.3392043958936154,-9.215718466126788e-18,0.9122862504531113,0.22950855112751406
7.3999999999999995,0.3422346106139058,-4.9873299934333204e-18,0.9019852473612219,0.2632452940522655
7.433333333333334,0.3458864017539168,-1.1492543028346347e-17,0.890486502572152,0.295628797343129
7.466666666666667,0.34948961836045567,5.637851296924623e-18,0.8780861751038547,0.32683585444339747
7.5,0.3527278079166187,3.903127820947816e-18,0.8646019200662524,0.3578360145933982
7.533333333333333,0.35560054632821914,9.107298248878237e-18,0.850008168056297,0.38863140080113207
7.566666666666666,0.35895125143147283,2.7321894746634712e-17,0.8348730274139717,0.41730208146186965
7.6,0.363024074018766,-3.903127820947816e-18,0.8202342149955711,0.4420739239464558
7.633333333333333,0.36730704244883033,-5.204170427930421e-18,0.8060005320537513,0.4641644955148584
7.666666666666667,0.3714315233711258,1.5612511283791264e-17,0.7918128179843696,0.48484129849039925
7.7,0.3754229665188347,-2.6454533008646308e-17,0.7783388465366027,0.5032357660006579
7.733333333333333,0.3794889543366881,3.469446951953614e-17,0.7651270786452684,0.5201621738075584
7.766666666666667,0.38377670404721503,4.163336342344337e-17,0.7521546315991591,0.5357040709147073
7.8,0.388186545529088,-5.204170427930421e-18,0.7400727824908424,0.5491843793175982
7.833333333333333,0.39217243465904406,-1.1275702593849246e-17,0.7281898794082293,0.5620856527443361
7.866666666666666,0.3957823980319577,-2.1250362580715887e-17,0.7167486710145565,0.5741320719198154
7.8999999999999995,0.39924870893612185,-2.710505431213761e-17,0.7064555614716038,0.5843979877435248
7.933333333333334,0.40217885892744365,1.431146867680866e-17,0.6977964404745731,0.5927329019827016
7.966666666666667,0.40461285072189024,1.0842021724855044e-18,0.6901841694811978,0.5999452085217906
8.0,0.4068934292356392,6.505213034913027e-19,0.6830583303454315,0.606522097363792
8.033333333333333,0.408706693428251,-1.214306433183765e-17,0.6767515372576829,0.6123448338692085
8.066666666666666,0.41014445910318814,1.1709383462843448e-17,0.6700656124367879,0.6187031579818107
8.1,0.4117387958067843,1.7997756063259374e-17,0.6633661239313341,0.6248332174651865
8.133333333333333,0.4131421290873503,3.707971429900425e-17,0.6573772997502934,0.6302131916630946
8.166666666666666,0.41399238205470285,6.201636426617085e-17,0.6520802516763673,0.6351390815989507
8.2,0.414249007028527,-2.7647155398380363e-17,0.6479515465213361,0.6391842876170284
8.233333333333333,0.4138635301532365,-3.7513395167998453e-17,0.6444806568289935,0.6429320814692409
8.266666666666666,0.41296184896026455,-3.060160631840336e-17,0.6421672657914671,0.6458201870871109
8.3,0.4117805153269539,-1.6019087098473328e-17,0.6414259586119215,0.6473094675777931
8.333333333333334,0.4105811870880567,-1.7293024651143796e-17,0.6409668691222558,0.6485249120095351
8.366666666666667,0.4093597636940069,1.5178830414797062e-18,0.6406725637011139,0.6495869841591878
8.4,0.4077954452461499,-1.7889335846010823e-18,0.6406759992881944,0.6505667827153245
8.433333333333334,0.40591928628223917,1.1655173354219173e-17,0.6408584259759889,0.6515596756089926
8.466666666666667,0.40375125136043716,1.6805133673525319e-18,0.640225871745436,0.6535256384968211
8.5,0.4015858406231824,1.566672139241554e-17,0.6385619075499326,0.6564811519283423
8.533333333333333,0.3993919927594242,5.670377362099188e-17,0.6368192584212725,0.6595053208454322
8.566666666666666,0.3973071860287728,8.131516293641283e-18,0.6347528506646387,0.6627486842710538
8.6,0.3958372159901416,-1.1333300834262539e-17,0.6326665879164199,0.6656169220891015
8.633333333333333,0.39494414374501785,3.174001859951314e-17,0.6306205421847616,0.6680844670369999
8.666666666666666,0.39470879040504686,1.5178830414797062e-18,0.6284682809039718,0.6702481560396799
8.7,0.3947227827082512,1.9000643072808465e-17,0.6266782397837461,0.6719139145698654
8.733333333333333,0.39487943069102194,-1.349831704744453e-17,0.6253092617022963,0.6730962505069119
8.766666666666666,0.39514008005361084,-2.791820594150174e-18,0.6243588161239549,0.6738251893952314
8.8,0.3953723294020908,5.421010862427522e-18,0.6235866928946266,0.6744037052003106
8.833333333333334,0.395640151737426,1.9569849213363355e-17,0.6224942133423591,0.6752553773858185
8.866666666666667,0.39593916411149876,-3.577867169202165e-18,0.621808660771885,0.6757116009894772
8.9,0.3961230467633554,-1.431146867680866e-17,0.6210046605798534,0.6763429184674132
8.933333333333334,0.3963462286559016,3.604972223514302e-18,0.6198827385479466,0.6772407677337078
8.966666666666667,0.39658031180212416,2.6291902682773483e-18,0.6185642072212244,0.6783084680554329
9.0,0.3969099767379477,-1.85940672581264e-17,0.6167775111471537,0.6797411066788623
9.033333333333333,0.3973202330492808,-1.5016200088924236e-17,0.6145153248436012,0.6815479058305649
9.066666666666666,0.3976171175855888,-2.4069288229178198e-17,0.6120727672511597,0.6835697150930807
9.1,0.3973947674166795,2.168404344971009e-18,0.608614436051261,0.6867793437923484
9.133333333333333,0.39647946636838644,4.0223900599212215e-17,0.6044912422399437,0.6909373132227331
9.166666666666666,0.39515628192392094,9.64939933512099e-18,0.6004754169455542,0.6951839947094047
9.2,0.39380743142065894,-2.6291902682773483e-18,0.5968197891874059,0.699086436853243
9.233333333333333,0.39249898324449806,9.025983085941824e-18,0.5932972099714696,0.7028107631447494
9.266666666666666,0.39122946601403713,-2.4421653935235987e-17,0.5899785250344045,0.706303649233529
9.3,0.389967808031002,-2.6020852139652106e-17,0.5875324003087012,0.7090351100523806
9.333333333333334,0.38867635549964963,9.27331670654008e-18,0.5856100525612957,0.7113308351355693
9.366666666666667,0.38741004064770374,1.0062751413381088e-17,0.5835901447000829,0.713677800841725
9.4,0.38640072665340547,1.052014920489841e-17,0.5819766876398047,0.715540085170301
9.433333333333334,0.38577399622662245,2.659683454378503e-18,0.580947682426409,0.7167134811894682
9.466666666666667,0.3854798539206303,-2.0687085670791777e-17,0.5804105644142765,0.7173066700774714
9.5,0.3854452157009049,3.1929753979698106e-17,0.5804735230876242,0.7172743371176221
9.533333333333333,0.3855802654197598,2.056934809112343e-17,0.5809362810716083,0.7168269639554005
9.566666666666666,0.38573315683693327,-7.94178091345632e-18,0.5812862531750949,0.7164609016452141
9.6,0.3857800274498403,-2.4147215260325594e-17,0.5813312497449081,0.7163991544459162
9.633333333333333,0.38581431997491744,8.239936510889834e-18,0.580889232313369,0.716739150796632
9.666666666666666,0.38589860492950184,-6.044427111606687e-18,0.5805040571902469,0.7170057923748782
9.7,0.3862084676916347,1.8444989459409644e-17,0.5804440601063221,0.7168875173767277
9.733333333333333,0.3866133448305732,-3.8272336688738307e-17,0.5797277447727291,0.7172488156418537
9.766666666666666,0.38706402777115884,1.9109063290057016e-17,0.5790661009979379,0.7175401654824722
9.8,0.3876342274141874,-5.421010862427522e-20,0.5788213330704041,0.7174298363739877
9.833333333333334,0.38848848138335185,8.185726402265558e-18,0.5788670323082894,0.716930721017764
9.866666666666667,0.3896865747882364,3.903127820947816e-18,0.5786816610565316,0.7164299746567461
9.9,0.39173323652610165,0.0,0.5761319622316353,0.7173681296906848
9.933333333333334,0.39487349813054295,3.2959746043559335e-17,0.5710492733500766,0.7197066401531236
9.966666666666667,0.39855631098208527,1.8431436932253575e-17,0.565326497233886,0.7221902924448768
10.0,0.40218638568626497,2.6020852139652106e-18,0.5589567728200893,0.7251299451044413
10.033333333333333,0.4060849322806633,6.7220534694101275e-18,0.5526554209293423,0.7277822569230586
10.066666666666666,0.4104198330282709,-1.0842021724855044e-18,0.5468461395289671,0.7297361580320052
10.1,0.4153803325256368,-4.119968255444917e-18,0.5416392901316407,0.730811917483961
10.133333333333333,0.4210312132689145,5.854691731421724e-18,0.5369516065822426,0.7310374064588313
10.166666666666666,0.42731727964282623,9.974659986866641e-18,0.5321440200004999,0.7309053868294872
10.2,0.4344902328108339,-3.469446951953614e-18,0.5256839878724375,0.731351203244049
10.233333333333333,0.4427038810286762,1.1275702593849246e-17,0.5169353059837554,0.7326603327256288
10.266666666666666,0.4523729502535342,-8.673617379884035e-18,0.5047656868395592,0.7352348708190477
10.3,0.463983853203165,9.540979117872439e-18,0.48900083195586697,0.7386454970506582
10.333333333333334,0.47634158916902036,1.3877787807814457e-17,0.47210962929317585,0.7417622182051281
10.366666666666667,0.4881348312130679,-1.734723475976807e-17,0.4558682816645508,0.7442502914536209
10.4,0.4987451399068255,-3.2959746043559335e-17,0.440288659615892,0.7465917101287439
10.433333333333334,0.5079185989087752,1.474514954580286e-17,0.42566682034992265,0.7488834722009383
10.466666666666667,0.5155949750322023,-9.540979117872439e-18,0.4131998478865073,0.7506182168240456
10.5,0.5220978486993204,5.204170427930421e-18,0.402081087607982,0.7521599799055543
10.533333333333333,0.5273191266747573,-7.806255641895632e-18,0.3919923287358151,0.7538411986985348
10.566666666666666,0.5310836729513178,-4.7704895589362195e-18,0.38282640252782474,0.7559061303178732
10.6,0.5335305250957176,-3.426078865054194e-17,0.37424999263568304,0.7584735472007439
10.633333333333333,0.5346718474795503,-2.688821387764051e-17,0.3666495643027642,0.7613764591247866
10.666666666666666,0.5342966529877354,-2.0599841277224584e-17,0.3590829272117506,0.7652362628568672
10.7,0.5330321672810883,-2.0166160408230382e-17,0.350732901459337,0.7699760648731498
10.733333333333333,0.5309444797228078,-9.540979117872439e-18,0.3428340145694393,0.7749598685777725
10.766666666666666,0.5277786172248939,-1.441988889405721e-17,0.3362674522423396,0.7799832894124237
10.8,0.5228910583410302,1.2468324983583301e-17,0.3335258594095137,0.7844395720590227
10.833333333333334,0.5145214951080382,2.6020852139652106e-18,0.33743908896989283,0.7882908678317653
10.866666666666667,0.5022004116575124,-1.5178830414797062e-17,0.3468063808022352,0.7921616506533754
10.9,0.4879962724265289,-1.9081958235744878e-17,0.3579142657529451,0.7960885732557297
10.933333333333334,0.47295503438650555,1.3010426069826053e-17,0.3705298177735423,0.7993880094104271
10.966666666666667,0.4565909616020488,-1.214306433183765e-17,0.3854811509031014,0.8018285203718666
11.0,0.4398407753474664,-9.540979117872439e-18,0.4006223962814291,0.8037672473667146
11.033333333333333,0.4238102008042662,-1.1275702593849246e-17,0.41507408021844583,0.8050456022021726
11.066666666666666,0.4086293949530916,-7.806255641895632e-18,0.42895124088947106,0.80561954452437
11.1,0.3948710616087587,6.071532165918825e-18,0.44085722200824917,0.8060531958296184
11.133333333333333,0.3827447468707025,1.1275702593849246e-17,0.4509004587768103,0.8063468453573461
11.166666666666666,0.3712370169084684,-1.0842021724855044e-17,0.459926381535446,0.8066292834038526
11.2,0.3604461583568986,9.974659986866641e-18,0.4676972333433419,0.8070550568881514
11.233333333333333,0.3506070078080118,-4.336808689942018e-18,0.4750597151461335,0.807089210138004
11.266666666666666,0.3417212395848619,-7.37257477290143e-18,0.48316985963920617,0.806085281563195
11.3,0.33419697136612625,-2.0383000842727483e-17,0.49203086173042826,0.803876865841107
11.333333333333334,0.32807137827591,-1.0408340855860843e-17,0.5014131014979015,0.8005960731869722
11.366666666666667,0.3226588147312174,-2.5587171270657905e-17,0.5110241026347536,0.7967092667984921
11.4,0.31724423657140133,8.673617379884035e-18,0.5193459707963082,0.793495971621702
11.433333333333334,0.3114752717786627,-1.0408340855860843e-17,0.5263091615357649,0.7911901298385419
11.466666666666667,0.30559195631803665,-1.1709383462843448e-17,0.5328431770061374,0.7891081706279066
11.5,0.2996472017487017,-2.2551405187698492e-17,0.5403655639043193,0.786267519251902
11.533333333333333,0.2937466243983232,5.204170427930421e-18,0.5478916582510208,0.7832800594126836
11.566666666666666,0.2879346391168426,6.071532165918825e-18,0.5554782200451227,0.7800881941499666
11.6,0.2823490134098085,6.5052130349130266e-18,0.5638369901187226,0.7761229820075989
11.633333333333333,0.27711252498209954,-2.7755575615628914e-17,0.5725520721646477,0.7716169860481388
11.666666666666666,0.2722921943110825,3.686287386450715e-18,0.5805064748753668,0.7673781294414318
11.7,0.2678475583797407,-2.970713952610282e-17,0.5873834432728767,0.7637004491545824
11.733333333333333,0.26361152929576154,-2.233456475320139e-17,0.5930413863262481,0.7607962116931127
11.766666666666666,0.2593458359933735,-1.951563910473908e-17,0.5976397362728577,0.7586609802676079
11.8,0.25492644601382053,-1.5178830414797062e-18,0.6019244000701609,0.7567691350226564
11.833333333333334,0.2505691495292197,1.6046192152785466e-17,0.6060906163822499,0.7548968578803253
11.866666666666667,0.2463397864883009,1.4094628242311558e-17,0.6107341029043503,0.7525427331005973
11.9,0.24206291614303868,-4.553649124439119e-18,0.6151759198214223,0.7503093577319927
11.933333333333334,0.23789606857629272,-1.5178830414797062e-18,0.6191565004605923,0.7483653442626378
11.966666666666667,0.23378690329130133,2.5587171270657905e-17,0.6229541849864713,0.7465063745590556
12.0,0.22978884987893658,8.890457814381136e-18,0.6267093877896717,0.7446021942806844
12.033333333333333,0.2255866286969347,-4.7704895589362195e-18,0.6295964061763668,0.7434507638592853
12.066666666666666,0.22107188448181803,1.496198998029996e-17,0.6310939720888907,0.7435372353048126
12.1,0.21630334444661675,2.1250362580715887e-17,0.6306869628435342,0.7452830456144879
12.133333333333333,0.21095411858100707,5.204170427930421e-18,0.6277721314557059,0.7492666486780726
12.166666666666666,0.20496295939320122,-1.984089975648473e-17,0.6217580833541345,0.7559147247279776
12.2,0.19841178083254635,3.2526065174565133e-19,0.6125212468516392,0.7651473631805646
12.233333333333333,0.19064543500403935,-3.74049749507499e-18,0.594949975869587,0.7808257451729539
12.266666666666666,0.1813535615644146,8.61940727125976e-18,0.5623170420898759,0.8067902019008379
12.3,0.17175741148933527,-3.686287386450715e-18,0.5188814165762734,0.8374135580048145
12.333333333333334,0.16253072751622963,-8.023096076392733e-18,0.46692661994837853,0.8692314387990275
12.366666666666667,0.1538153559379164,1.2576745200831851e-17,0.40522148728125124,0.9011860976087362
12.4,0.14581844918831874,-1.734723475976807e-18,0.33181981881891687,0.9320046071320113
12.433333333333334,0.1388862969540778,-4.336808689942018e-18,0.24623943236915052,0.9592063065185207
12.466666666666667,0.13321842936448086,-2.6020852139652106e-18,0.14667087182894184,0.9801737118667276
12.5,0.12915721122945784,0.0,0.03791382097507177,0.9908990649740766
12.533333333333333,0.12704116189299733,-8.673617379884035e-19,-0.07897949441683072,0.988748088567831
12.566666666666666,0.12707383795997412,5.204170427930421e-18,-0.2016362886103122,0.9711822933010986
12.6,0.12920818020777192,1.734723475976807e-18,-0.3147361519788946,0.9403437673558082
12.633333333333333,0.13347617210875962,0.0,-0.413747797753586,0.9005536471156234
12.666666666666666,0.13949720860997608,-5.637851296924623e-18,-0.4953322568282582,0.8574301628327811
12.7,0.1464505739480805,2.6020852139652106e-18,-0.5594623467242597,0.8158149986290163
12.733333333333333,0.15431357856775405,2.168404344971009e-19,-0.6109475819055352,0.7764859120636979
12.766666666666666,0.16264289737435003,-4.607859233063394e-18,-0.6513377390320003,0.741152101559699
12.8,0.17071153472695327,-6.179952383167375e-18,-0.6818177927727168,0.7113241661645615
12.833333333333334,0.17812341137394286,4.933119884809045e-18,-0.704736428099469,0.6867449433596954
12.866666666666667,0.1845712460066698,6.071532165918825e-18,-0.7216867480291284,0.6671594208783136
12.9,0.19028148146287893,-1.22514845490862e-17,-0.7351444579853444,0.6506578084567388
12.933333333333334,0.19525292950455903,-9.75781955236954e-18,-0.7456116033299582,0.6371339188111216
12.966666666666667,0.19928546778786596,7.914675859144182e-18,-0.7541835900141908,0.6256935470994395
13.0,0.20236989280165882,6.3696877633523385e-18,-0.7617444987930542,0.6154605958515658
13.033333333333333,0.20397615744257663,1.1858461261560205e-17,-0.7674051256348788,0.6078512156311585
13.066666666666666,0.20402232669926804,-4.87890977618477e-19,-0.771152615969564,0.6030742351415086
13.1,0.20313079694942107,5.095750210681871e-18,-0.7736331815773041,0.6001912859191402
13.133333333333333,0.20196720555781153,-1.0516761073109393e-17,-0.7756786631318834,0.5979396787645916
13.166666666666666,0.20108537257521644,1.3552527156068805e-18,-0.7775897757936605,0.5957506303122567
13.2,0.20059083692712662,1.146543797403421e-17,-0.7798661685689476,0.59293513579688
13.233333333333333,0.20023425727070704,-1.734723475976807e-18,-0.7825481230308058,0.5895122368163456
13.266666666666666,0.19944290741715404,9.269928574751063e-18,-0.7849697307074108,0.586553534261049
13.299999999999999,0.19839713619116198,2.574980159653073e-17,-0.7868490633550023,0.5843861119572412
13.333333333333334,0.19682881662028812,7.589415207398531e-18,-0.7866540611421875,0.5851784386290737
13.366666666666667,0.1942709600927867,-3.469446951953614e-18,-0.7830554496633417,0.5908324270190057
13.4,0.19088313284114553,2.1141942363467336e-18,-0.7747897521249064,0.6027142520290821
13.433333333333334,0.18623243552888535,6.8575787409708155e-18,-0.7599050717115687,0.6227854862984649
13.466666666666667,0.18011558526912821,9.832358451727918e-18,-0.7364355448325886,0.6520897670185356
13.5,0.17226826101090217,1.2630955309456127e-17,-0.7004304370746719,0.692618833896151
13.533333333333333,0.1633900823320195,4.119968255444917e-18,-0.6466866407260541,0.7450503806468308
13.566666666666666,0.15421862150537713,5.637851296924623e-18,-0.5679566671144654,0.8084811940059025
13.6,0.14594234049315286,-1.0408340855860843e-17,-0.45495032105118033,0.8784765441528926
13.633333333333333,0.14014268976398594,-8.673617379884035e-18,-0.29803639885910216,0.9442109570751724
13.666666666666666,0.13869472612593542,-1.734723475976807e-18,-0.1031548475042626,0.9849481460367465
13.7,0.14289687612665242,-1.734723475976807e-18,0.09372966573623219,0.9852894156308684
13.733333333333333,0.15193151362687662,1.734723475976807e-18,0.24890235718820827,0.9565377314843362
13.766666666666666,0.16292926342204794,-4.336808689942018e-18,0.3531040056269427,0.9212880202905913
13.799999999999999,0.17361211940834959,0.0,0.41875228008158893,0.8913503014645877
13.833333333333334,0.183642268532103,-2.168404344971009e-19,0.4615271639193347,0.8679102454591481
13.866666666666667,0.1928185983695211,7.318364664277155e-19,0.49034593678726246,0.8499304973931899
13.9,0.20127710530727044,-1.3552527156068805e-18,0.5104219896721528,0.8360364342169823
13.933333333333334,0.20953328836800741,3.198396408832238e-18,0.526408893301798,0.8240081784293564
13.966666666666667,0.2178372377301254,2.5153490401663703e-17,0.5405185123680398,0.8126417880256652
14.0,0.22617636070747643,-1.1275702593849246e-17,0.5518328424097361,0.8026984289850785
14.033333333333333,0.23417896524182516,-5.204170427930421e-18,0.5597047230462583,0.7949156151680374
14.066666666666666,0.24139798139725555,6.071532165918825e-18,0.5634507119192853,0.7900951270669762
14.1,0.2480422635819423,-1.474514954580286e-17,0.5650234965074952,0.7869075446782747
14.133333333333333,0.2541178319989008,6.288372600415926e-18,0.5658786301441445,0.7843503703105934
14.166666666666666,0.2594526164767633,-2.1467203015212988e-17,0.565938029632665,0.7825589347894881
14.2,0.2641604720925841,1.0408340855860843e-17,0.5645636624695813,0.7819764165259434
14.233333333333333,0.2682656619447028,-5.854691731421724e-18,0.561333010649929,0.7829040718862416
14.266666666666666,0.2718470223617539,1.3010426069826053e-18,0.5562627949572729,0.7852839609844143
14.299999999999999,0.27508425505623146,-1.3877787807814457e-17,0.5502355847339377,0.7883967617340014
14.333333333333334,0.27786402496500706,7.37257477290143e-18,0.5438054757115585,0.7918757403888386
14.366666666666667,0.28005946353451266,1.7780915628762273e-17,0.5368413292854791,0.7958442586685922
14.4,0.28157355652173305,-4.119968255444917e-18,0.5282832967622639,0.8010200313535839
14.433333333333334,0.2819643722718687,-1.214306433183765e-17,0.5159403547173869,0.8088891414424031
14.466666666666667,0.28021472479348203,6.5052130349130266e-18,0.4942328358457719,0.8229298949368408
14.5,0.27536337663492977,-8.673617379884035e-19,0.45529543006156664,0.8466883028442421
14.533333333333333,0.2685190672374521,1.9949319973733282e-17,0.4015647779250452,0.8755816579051537
14.566666666666666,0.26102387107328245,1.1275702593849246e-17,0.33946148211706695,0.9036771773641308
14.6,0.2534285515651223,-3.469446951953614e-18,0.27207503862042953,0.9283044450024442
14.633333333333333,0.24601575723369104,6.938893903907228e-18,0.19822568357033635,0.9487796506912481
14.666666666666666,0.23915673910667878,-1.734723475976807e-18,0.12269848662884669,0.9631973502449281
14.7,0.2327570326440444,0.0,0.043778380544287974,0.9715490811851241
14.733333333333333,0.22700573351716935,-5.204170427930421e-18,-0.040082356685331735,0.9730682409948861
14.766666666666666,0.22222602983045325,5.204170427930421e-18,-0.1281727361107434,0.9665336731763049
14.799999999999999,0.21856946373712735,0.0,-0.2156155205116392,0.9517023362565417
14.833333333333334,0.21611895729614966,-5.204170427930421e-18,-0.29639464662602727,0.9302917874240627
14.866666666666667,0.214933437861795,-1.9949319973733282e-17,-0.36962874604180146,0.9039790967652269
14.9,0.21478841272169788,1.734723475976807e-18,-0.434369628843505,0.8747508006848862
14.933333333333334,0.2157451946016492,-6.071532165918825e-18,-0.4909355036790146,0.8440594423580182
14.966666666666667,0.2177879659471631,4.7704895589362195e-18,-0.5398169166491263,0.8131212076855626
15.0,0.2207147332629588,3.0357660829594124e-18,-0.5813493948473059,0.7831461470449385
15.033333333333333,0.2247278469151544,9.540979117872439e-18,-0.6174339809638147,0.7538386259485879
15.066666666666666,0.22910271087826672,2.3201926491189795e-17,-0.6463333331160527,0.7278496894080008
15.1,0.23305824138841114,-3.144186300207963e-17,-0.6671420515755002,0.7075346911216254
15.133333333333333,0.2364844926695133,-1.0462550964485118e-17,-0.6831697551600836,0.6909082213733996
15.166666666666666,0.23980165835501716,3.333921680392926e-17,-0.6972102436453105,0.6755686795628041
15.2,0.24267398230248932,-1.1438332919722072e-17,-0.7090222016443504,0.6621154400018546
15.233333333333333,0.24492060450656397,-1.0679391398982219e-17,-0.7205227831519068,0.6487378642003022
15.266666666666666,0.24667802846707473,-3.187554387107383e-17,-0.7319567655565757,0.6351293125242712
15.299999999999999,0.24787698627213303,-1.1275702593849246e-17,-0.7429350248018082,0.6217753200307824
15.333333333333334,0.24831869856720498,-6.613633252161577e-18,-0.752887442300067,0.609506622743964
15.366666666666667,0.24798498550523215,-1.0191500421363742e-17,-0.7614289360501743,0.5989402493650512
15.4,0.24665382688590867,-7.589415207398531e-19,-0.7682402787162387,0.5907357817506332
15.433333333333334,0.2448042358468954,-3.903127820947816e-18,-0.7737149714853379,0.5843252767173951
15.466666666666667,0.24269360913155116,-4.445228907190568e-18,-0.778372374015006,0.5789959062523201
15.5,0.2405818328698843,1.441988889405721e-17,-0.7823429949433676,0.5745083288830624
15.533333333333333,0.2383671612044623,2.2768245622195593e-17,-0.7860641798019339,0.5703369194534393
15.566666666666666,0.2361653941714631,-1.6263032587282567e-18,-0.7898144101797775,0.5660557428983541
15.6,0.23401949249655615,-4.0115480381963664e-18,-0.7932378213828849,0.5621464541019437
15.633333333333333,0.2317116699920573,1.3010426069826053e-18,-0.7962391717175672,0.5588496071502733
15.666666666666666,0.22935622631298108,1.5937771935536915e-17,-0.7998070373431275,0.554711118031609
15.7,0.22714026167547988,1.2034644114589099e-17,-0.8036498211275994,0.5500493309945682
15.733333333333333,0.22469941933449197,6.179952383167375e-18,-0.8079617307294451,0.5447091082655234
15.766666666666666,0.22226773535502137,-5.204170427930421e-18,-0.8127517083893585,0.5385459259249198
15.799999999999999,0.21968791137000077,4.9873299934333204e-18,-0.817973281492091,0.5316548996886487
15.833333333333334,0.21668624385227522,7.15573433840433e-18,-0.8241275676564241,0.5233171351617474
15.866666666666667,0.21349174113957206,1.8431436932253575e-17,-0.8317676559432331,0.5124293541473727
15.9,0.21002231320521364,1.431146867680866e-17,-0.8399941688271564,0.5003003340917391
15.933333333333334,0.2066175818014772,8.023096076392733e-18,-0.8485522336085182,0.4871019212942037
15.966666666666667,0.2032306428260076,8.673617379884035e-19,-0.8569847593851513,0.47357621139379674
16.0,0.19967653186403242,-1.3877787807814457e-17,-0.8649309151014972,0.4604604160233959
16.03333333333333,0.19625971630717803,-2.168404344971009e-19,-0.8729538946758276,0.44657991616879733
16.066666666666666,0.19343642781386258,4.228388472693467e-18,-0.8809980706889615,0.4317693224824337
16.1,0.19107906025265667,-4.228388472693467e-18,-0.8889938766629353,0.41614742578654446
16.133333333333333,0.18896851856292257,1.1817803680091998e-17,-0.8966630421954245,0.4003576997548327
16.166666666666668,0.18692480725065058,6.5052130349130266e-18,-0.9039979520808706,0.3845085422560848
16.2,0.18522793172298302,1.0516761073109393e-17,-0.910607791954005,0.36943749477046534
16.233333333333334,0.183658002624126,2.7647155398380363e-18,-0.9164296188208659,0.3555650317733155
16.266666666666666,0.18226062352247147,8.40256683676266e-18,-0.9209703074341845,0.34437589627873716
16.3,0.18086049466248555,5.2583805365546965e-18,-0.9241979015482891,0.3363743751301224
16.333333333333332,0.1799485836220938,3.0357660829594124e-18,-0.9266937463365984,0.32993515689153613
16.366666666666667,0.17939842565877526,1.0299920638612292e-18,-0.9283258034672857,0.32561849991665287
16.4,0.17899571336174924,3.889575293791747e-18,-0.929110654582474,0.32359531229522653
16.433333333333334,0.17860829500736902,1.1519648082658485e-17,-0.9294804110318923,0.32274640580887215
16.466666666666665,0.1779078095320839,7.26415455565288e-18,-0.9297421308122089,0.32237925103869397
16.5,0.17730252760440307,8.158621347953421e-18,-0.9295887331366184,0.3231541442261679
16.53333333333333,0.17654746530845813,-4.0793106739767104e-18,-0.9285657054572741,0.3264915360951856
16.566666666666666,0.1759152338210281,4.611247364852411e-18,-0.9265215191390895,0.3325833806459472
16.6,0.17559033074456945,1.6466320494623599e-18,-0.9238513320944769,0.34009815044524006
16.633333333333333,0.17599512527987168,1.3552527156068805e-19,-0.9208531171170351,0.3479299535446215
16.666666666666668,0.1769528101481502,9.974659986866641e-18,-0.9170960546319539,0.3572429559266033
16.7,0.177957538900292,-1.6263032587282567e-19,-0.9127952920442388,0.36760830944148126
16.733333333333334,0.17914733678994135,-5.9631119486702744e-18,-0.9078048518747033,0.37920519858490837
16.766666666666666,0.18033480801156712,-6.830473686658678e-18,-0.9020018522313706,0.39226523627592613
16.8,0.1814809875447136,-1.5720931501039814e-18,-0.8949952309366048,0.4074901075615569
16.833333333333332,0.18245912466386127,-2.3852447794681098e-18,-0.8871218037575309,0.42393817134681605
16.866666666666667,0.18348280253971555,5.204170427930421e-18,-0.8781143167799591,0.44187023868805375
16.9,0.18462042404278473,-7.589415207398531e-19,-0.8677144710189316,0.4615050333534815
16.933333333333334,0.1862052439624776,-6.938893903907228e-18,-0.8560826462543526,0.4821308016534719
16.966666666666665,0.18796284843283526,9.324138683375338e-18,-0.8429054348346907,0.5041630644297104
17.0,0.19033630622042588,-1.1709383462843448e-17,-0.8268912954802488,0.5291718775533714
17.03333333333333,0.1936042839299086,4.119968255444917e-18,-0.8072299740465559,0.5575815189232729
17.066666666666666,0.19823116315206255,8.673617379884035e-19,-0.7845560036867261,0.5875170491436775
17.1,0.20441177181690903,4.336808689942018e-18,-0.758300943219833,0.6190278725991131
17.133333333333333,0.21167457607602594,2.6020852139652106e-17,-0.729569660214067,0.650324522633251
17.166666666666668,0.21976117859391223,-1.0408340855860843e-17,-0.7011887105727286,0.6782620559550484
17.2,0.22787854876328667,6.938893903907228e-18,-0.6736684022661377,0.7030236488210961
17.233333333333334,0.2350598283842066,1.3877787807814457e-17,-0.6467466057445086,0.7255795649258215
17.266666666666666,0.24147901231770935,1.3010426069826053e-17,-0.6232697487779917,0.7437894237405389
17.3,0.24703337237377312,5.637851296924623e-18,-0.6035020557278699,0.7581291325795864
17.333333333333332,0.25153716515220564,-2.6020852139652106e-18,-0.5892409304138518,0.767804780183225
17.366666666666667,0.2547011562973255,0.0,-0.5803141278388972,0.7735391612655337
17.4,0.2561273168418333,-1.5287250632045613e-17,-0.5758911493665374,0.7763685862067654
17.433333333333334,0.2558306051125358,8.348356728138384e-18,-0.5755902317284675,0.7766895046455328
17.466666666666665,0.2543000275276476,1.0842021724855044e-19,-0.5785055876990444,0.7750243744556818
17.5,0.25216988574142307,1.0516761073109393e-17,-0.5829985026554467,0.7723490756300968
17.53333333333333,0.24970580507496679,-1.951563910473908e-18,-0.587522695566386,0.7697168915297823
17.566666666666666,0.24717366578236946,8.023096076392733e-18,-0.592218422033249,0.7669305832656265
17.6,0.24481454731162794,-1.0299920638612292e-17,-0.5962800376409476,0.7645364308752808
17.633333333333333,0.2427214976224079,-8.565197162635485e-18,-0.6005723544513331,0.7618393017301732
17.666666666666668,0.2410913966875524,1.723881454251952e-17,-0.6046545427795292,0.7591230613934238
17.7,0.23940485673495213,2.8189256484623115e-18,-0.6077921355206275,0.7571486211907094
17.733333333333334,0.23755181181936583,4.228388472693467e-18,-0.6110663499818736,0.7550940687233394
17.766666666666666,0.23564994929749844,-8.782037597132586e-18,-0.6138167441291248,0.7534574347783737
17.8,0.23376195770253194,1.3118846287074604e-17,-0.6162430044210745,0.7520637650047817
17.833333333333332,0.23192759204714083,1.6154612370034016e-17,-0.6185224624288762,0.7507593193015554
17.866666666666667,0.2301750499874217,-6.396792817664476e-18,-0.6205249742388705,0.7496453846380547
17.9,0.22889840698262745,3.469446951953614e-18,-0.6224227109373197,0.7484620819989836
17.933333333333334,0.228002197551838,8.565197162635485e-18,-0.6248746863534739,0.7466904474185941
17.966666666666665,0.22725050920412987,1.6046192152785466e-17,-0.6284391437615405,0.7439230125857953
18.0,0.22656397690800867,3.686287386450715e-18,-0.6327068907112322,0.7405070930208247
18.03333333333333,0.225956186122882,3.577867169202165e-18,-0.6375741673808943,0.7365072864821915
18.066666666666666,0.2253815301643246,-4.553649124439119e-18,-0.642820740752849,0.7321097329763798
18.1,0.22514824685309892,6.071532165918825e-18,-0.6479149266016992,0.7276774799495245
18.133333333333333,0.225090047293505,2.5099280293039428e-17,-0.6532573947811747,0.7229033453879712
18.166666666666668,0.22506601588293187,-9.215718466126788e-19,-0.658272249596148,0.7183473629841003
18.2,0.22486444735071814,5.312590645178972e-18,-0.6618095077184467,0.715153239390778
18.233333333333334,0.22481325150944206,-1.349831704744453e-17,-0.6653331266714516,0.7118924304270571
18.266666666666666,0.2247880681269969,1.951563910473908e-18,-0.6685330236232031,0.7088962693885125
18.3,0.2247478292681739,7.237049501340742e-18,-0.67136261112126,0.7062298900695776
18.333333333333332,0.22470587147701088,1.1411227865409934e-17,-0.6734741379128508,0.704229974430441
18.366666666666667,0.22458793782656394,2.439454888092385e-19,-0.6752834745906992,0.7025329082167782
18.4,0.22462461677627896,1.7889335846010823e-17,-0.6767818700230981,0.7010778002091839
18.433333333333334,0.2247637381405811,-1.3240819031479223e-17,-0.6782132639439613,0.6996485050563255
18.466666666666665,0.22496191790388723,2.4123498337802474e-18,-0.6797869927701009,0.698055714075594
18.5,0.2251014739327173,-1.7157499379583108e-17,-0.68129980880224,0.6965342037253802
18.53333333333333,0.22508368157186773,-1.089623183347932e-17,-0.6823246470822972,0.6955360610881889
18.566666666666666,0.22515759237971372,2.190088388420719e-17,-0.6839297391876027,0.6939338372269711
18.6,0.22519948242344207,8.131516293641283e-20,-0.6859433842350814,0.6919298134495561
18.633333333333333,0.22519605310733753,-5.854691731421724e-18,-0.6876453465381707,0.690239534545274
18.666666666666668,0.2249699546700245,-1.0001765041178778e-17,-0.6890684342141327,0.6888927438037441
18.7,0.22471694988307653,4.9873299934333204e-18,-0.6902438355731959,0.6877977463531337
18.733333333333334,0.22463112473098093,-3.550762114890027e-18,-0.6914816185568431,0.6865814074092768
18.766666666666666,0.2243526395468518,6.369687763352339e-19,-0.6919993185887405,0.686150738687265
18.8,0.22388165994355655,-5.0550926292136644e-18,-0.691984428351656,0.686319570797562
18.833333333333332,0.22342672861429208,8.74138001566438e-18,-0.6914344750532874,0.6870217344804316
18.866666666666667,0.22288619926384973,-4.594306705907325e-18,-0.690317590218344,0.688319233214396
18.9,0.22240361678402218,-9.317362419797304e-20,-0.6890973241704336,0.6896966790282049
18.933333333333334,0.22175061140308716,-1.227520147160932e-17,-0.6867749830152925,0.692218743640117
18.966666666666665,0.2208165579681507,2.5614276324970042e-17,-0.6835772538808161,0.6956739075916681
19.0,0.21981016388467609,2.5844669286623212e-17,-0.6797462286201459,0.6997346329357156
19.03333333333333,0.2188093680716335,6.776263578034403e-19,-0.6754993328466452,0.7041470810617833
19.066666666666666,0.21798134296119392,-4.933119884809045e-18,-0.6713789611948431,0.7083321428438552
19.1,0.2174030487015524,-2.0030635136669694e-17,-0.6680004140955523,0.7116961157568877
19.133333333333333,0.21729092854139664,1.5395670849294163e-17,-0.6654550601960864,0.7141107863861467
19.166666666666668,0.21742508898842142,4.391018798566293e-18,-0.6628411113516176,0.7164970284519883
19.2,0.21780574954781937,-1.5504091066542713e-17,-0.6599814114709835,0.7190168231527556
19.233333333333334,0.21851272373997938,-1.2847795743953228e-17,-0.6572440985868027,0.7213060268960441
19.266666666666666,0.21945627472820492,4.336808689942018e-19,-0.6536996096512948,0.7242346055140996
19.3,0.22066927347866241,-7.806255641895632e-18,-0.6493586085776513,0.727762646203071
19.333333333333332,0.22235373283559334,6.288372600415926e-18,-0.6455804612391781,0.730605697733249
19.366666666666667,0.2244406242268201,9.86623976961809e-18,-0.6417482001961434,0.733338703289064
19.4,0.22684453922463124,1.8431436932253575e-18,-0.6377611294615888,0.7360722089386633
19.433333333333334,0.22937870068467991,1.7564075194265172e-17,-0.633773636736625,0.7387261935587776
19.466666666666665,0.23199976998672572,1.951563910473908e-18,-0.6297306697415759,0.7413604995634261
19.5,0.23465509396302892,1.5937771935536915e-17,-0.6260661240474313,0.7436250366935131
19.53333333333333,0.23716305297907816,-2.959871930885427e-17,-0.6228922966391927,0.7454923695714095
19.566666666666666,0.23949780522235153,-6.938893903907228e-18,-0.620043501903107,0.7471190380664976
19.6,0.24177602637654677,1.6154612370034016e-17,-0.6185042660724178,0.7476609030301018
19.633333333333333,0.2440030359664355,-6.830473686658678e-18,-0.6176962002387164,0.7476054592161657
19.666666666666668,0.2461804234328937,-1.4094628242311558e-18,-0.6167216132186877,0.7476962290311089
19.7,0.24804346188316845,9.64939933512099e-18,-0.6142519545508589,0.74911212601817
19.733333333333334,0.24989265639957534,-1.22514845490862e-17,-0.6109592659966181,0.7511873505127982
19.766666666666666,0.2518374294200718,-7.047314121155779e-18,-0.6068750196520272,0.7538438960855504
19.8,0.25380857264511697,2.5912431922403556e-17,-0.6021828849536606,0.7569392191720117
19.833333333333332,0.25583469868139713,1.496198998029996e-17,-0.5970540434632569,0.7603124858469535
19.866666666666667,0.257837584783084,6.505213034913027e-19,-0.5918127438320335,0.7637260347213691
19.9,0.25984285713400873,-9.540979117872439e-18,-0.5865743743582359,0.7670803041029534
19.933333333333334,0.26165790019768986,2.981555974335137e-17,-0.5809437872256862,0.7707395535120879
19.966666666666665,0.2634016855971567,1.9949319973733282e-17,-0.575218228643674,0.7744311082727827
20.0,0.2650283697926086,2.8189256484623115e-18,-0.5691951863624214,0.7783166470190142
20.03333333333333,0.2664176176792093,-9.64939933512099e-18,-0.562666694166198,0.7825776921598373
20.066666666666666,0.2679034495911293,2.168404344971009e-19,-0.5560602488253047,0.786781253826954
20.1,0.2693710548123442,0.0,-0.5495817749013113,0.7908217925206724
20.133333333333333,0.27100012381222743,5.421010862427522e-18,-0.5440860530928396,0.7940587508009802
20.166666666666668,0.27270841049181005,1.1926223897340549e-17,-0.539648816806488,0.7964981339377939
20.2,0.27435461721320026,-4.662069341687669e-18,-0.5358777702566776,0.7984763987485979
20.233333333333334,0.27600103027339584,-2.0708261494473135e-17,-0.5324159929872465,0.8002228700177398
20.266666666666666,0.2774112606024076,1.6479873021779667e-17,-0.5292972431958487,0.8018026071523201
20.3,0.2787149944457536,-1.1817803680091998e-17,-0.5261615948720605,0.8034126759970827
20.333333333333332,0.2797187243695078,-1.3010426069826053e-18,-0.5229732789486637,0.8051437044048587
20.366666666666667,0.2802919275735881,-1.3335686721571705e-17,-0.5188419473979677,0.8076134403025788
20.4,0.28011459584528264,-4.87890977618477e-18,-0.5117075194248331,0.8122137820540343
20.433333333333334,0.2786641988068012,4.119968255444917e-18,-0.49878671824024257,0.8207058389036186
20.466666666666665,0.2751199373624176,9.540979117872439e-18,-0.4763449542195958,0.835107480900052
20.5,0.26956760461924467,9.107298248878237e-18,-0.4414196616928609,0.8558516161174219
20.53333333333333,0.2628500778758301,-1.1275702593849246e-17,-0.3930427081490928,0.8811511028941048
20.566666666666666,0.25565680522421774,9.540979117872439e-18,-0.32944156687034076,0.9089047540642317
20.6,0.24904000988121158,-1.734723475976807e-18,-0.24909851183495413,0.9359107889537215
20.633333333333333,0.2442485194806867,0.0,-0.15698674646241847,0.9569210114563464
20.666666666666668,0.2422611157809599,1.734723475976807e-18,-0.06729121756254469,0.9678747046077372
20.7,0.24289720679541166,0.0,0.008476430733159757,0.9700149983649805
20.733333333333334,0.24523794907027943,1.734723475976807e-18,0.07407717433508772,0.966628636332657
20.766666666666666,0.24858032954580445,6.071532165918825e-18,0.131940744029059,0.9595829614097771
20.8,0.25248254490126193,3.469446951953614e-18,0.17954092730488924,0.9507984118322257
20.833333333333332,0.2565161615277758,1.734723475976807e-18,0.2170725976950051,0.9418486854081172
20.866666666666667,0.26064961202573106,-2.168404344971009e-18,0.2506577181270405,0.9323263849608575
20.9,0.26482056119132386,-7.806255641895632e-18,0.28284907997261965,0.9218820251685976
20.933333333333334,0.2690427851802378,4.336808689942018e-19,0.3163482021984167,0.909692142819916
20.966666666666665,0.2732530686173744,3.469446951953614e-18,0.35030917777508547,0.8958885201060075
21.0,0.2772221842302218,-8.673617379884035e-18,0.3797018153748556,0.8825952594319006
21.03333333333333,0.28084267213142133,-6.938893903907228e-18,0.40449844237378413,0.8703495870207933
21.066666666666666,0.2840118654840107,5.637851296924623e-18,0.4249751767747847,0.8594959914912536
21.1,0.28674514971707327,-6.505213034913027e-19,0.4416189772613113,0.8501469861361662
21.133333333333333,0.28881381835405046,4.7704895589362195e-18,0.4538324149140924,0.8429844111850449
21.166666666666668,0.2902433225275977,2.7972416050126014e-17,0.46189939502834104,0.838097704686389
21.2,0.2913502486877496,1.7997756063259374e-17,0.4677011624114637,0.8344882595151067
21.233333333333334,0.2922202194432558,1.5395670849294163e-17,0.47176463585949385,0.8318927044402389
21.266666666666666,0.29293984922505284,-4.2656579223726565e-18,0.47340658525177026,0.8307059947877237
21.3,0.29350088430910165,-6.776263578034403e-19,0.4727756258715184,0.8308672809128841
21.333333333333332,0.2940246506105658,-1.4094628242311558e-18,0.4712635310561244,0.8315408523517338
21.366666666666667,0.29450076738216335,-3.415236843329339e-18,0.46884835252241686,0.8327367653396436
21.4,0.29502519926893184,-1.723881454251952e-17,0.4657104566639784,0.8343104352398787
21.433333333333334,0.29578341752408704,1.951563910473908e-18,0.461378074520059,0.8364463176259039
21.466666666666665,0.29699384349258573,8.456776945386935e-18,0.455604214667433,0.8391778455755211
21.5,0.2990363074300794,-1.496198998029996e-17,0.4466676700989511,0.8432468673686002
21.53333333333333,0.3032157548834948,-3.469446951953614e-18,0.43013485836421145,0.8503200630412246
21.566666666666666,0.3108943392039177,5.204170427930421e-18,0.4053412096745495,0.8596762260238051
21.6,0.32115595589315576,-8.673617379884035e-18,0.37804360929794356,0.8682982675690061
21.633333333333333,0.3325852831533731,3.469446951953614e-18,0.350937640832891,0.875345532733466
21.666666666666668,0.3443728650880352,1.3010426069826053e-17,0.3236600257869308,0.8812783428058705
21.7,0.35600384265362717,1.1275702593849246e-17,0.29765507055343016,0.8858119004561207
21.733333333333334,0.36704492464573113,-6.938893903907228e-18,0.27441712899765086,0.8888044006442003
21.766666666666666,0.3776443327054081,1.3877787807814457e-17,0.25392241457383014,0.8904539097294609
21.8,0.38813024520928163,1.0408340855860843e-17,0.2343919638375978,0.8912997924616258
21.833333333333332,0.3989937191383077,-1.734723475976807e-18,0.213057758355554,0.8918578382750737
21.866666666666667,0.4106321662089732,-8.673617379884035e-18,0.18751809700301614,0.89231058907249
21.9,0.4226287618920392,-3.469446951953614e-18,0.15845486068450973,0.8923435362835631
21.933333333333334,0.4344091914616902,-1.1275702593849246e-17,0.12952193365584344,0.8913544317922316
21.966666666666665,0.44548420566389313,1.734723475976807e-18,0.10273131043771894,0.8893762422955536
22.0,0.45604919940330435,-1.734723475976807e-18,0.07677271153591489,0.8866369485234802
22.03333333333333,0.4661160831624459,-1.734723475976807e-18,0.05174300591068882,0.8832091815400395
22.066666666666666,0.47604237468228666,1.734723475976807e-18,0.02743178219777305,0.878994399773004
22.1,0.48638696836909456,0.0,0.004378431257145012,0.873732537073244
22.133333333333333,0.49744920067584686,8.673617379884035e-19,-0.01864486973914669,0.8672927196623822
22.166666666666668,0.5094455328563455,0.0,-0.040838248405906115,0.8595332957598861
22.2,0.5217084695728434,1.3010426069826053e-18,-0.05994791659519297,0.8510149940346864
22.233333333333334,0.5339273061157491,-4.336808689942018e-19,-0.07618171883898182,0.842091430605203
22.266666666666666,0.5455713678497692,5.637851296924623e-18,-0.08930093780046297,0.83329300074493
22.3,0.5564092261395391,4.119968255444917e-18,-0.09968101667691588,0.8249075511722848
22.333333333333332,0.5665816003388331,-7.589415207398531e-18,-0.1075730614725794,0.816953686938803
22.366666666666667,0.576158020988843,4.119968255444917e-18,-0.11362357956567218,0.8094020119921272
22.4,0.5850240773187487,2.168404344971009e-18,-0.11818678767541363,0.8023582193610987
22.433333333333334,0.5930364683495666,-2.8189256484623115e-18,-0.12241278842920177,0.7958158432931964
22.466666666666665,0.6002223354284235,1.8431436932253575e-18,-0.12734027257121638,0.7896313082916212
22.5,0.6065562094754943,-3.2526065174565133e-19,-0.13276427708947605,0.7838770384924088
22.53333333333333,0.6120839546045865,-4.553649124439119e-18,-0.1391628550987937,0.778451624878748
22.566666666666666,0.616936043306163,-1.734723475976807e-18,-0.14665462787902864,0.7732285164111576
22.6,0.6210334944948116,-7.806255641895632e-18,-0.15491993115323677,0.7683210355359531
22.633333333333333,0.6245050595799168,-4.7704895589362195e-18,-0.1646317960893969,0.763472201377014
22.666666666666668,0.6279925844412215,-4.336808689942018e-18,-0.17651885955367108,0.7579356213483482
22.7,0.6314406710930837,1.0408340855860843e-17,-0.19062082437176558,0.7516291507155273
22.733333333333334,0.6346051552123348,-3.903127820947816e-18,-0.20461875591783063,0.7452566415031587
22.766666666666666,0.6371784563964603,5.637851296924623e-18,-0.21603907443279607,0.7398180404818775
22.8,0.6390263268848929,2.0166160408230382e-17,-0.22488255011744782,0.7355767751911936
22.833333333333332,0.640276659601718,-5.854691731421724e-18,-0.23191314087026674,0.7322991835725023
22.866666666666667,0.6408571249752872,-1.0842021724855044e-17,-0.23757959764214806,0.7299712872110822
22.9,0.6410664438434237,-3.469446951953614e-18,-0.24241426790049195,0.7281958097216812
22.933333333333334,0.6410063717250781,1.6696713456276768e-17,-0.24681086503729308,0.7267704096256219
22.966666666666665,0.6407530029135072,1.951563910473908e-18,-0.2520064632133258,0.7252091641423417
23.0,0.640670426282008,-8.456776945386935e-18,-0.2577968158008115,0.7232442233786545
23.03333333333333,0.6405378086579068,2.1250362580715887e-17,-0.2634599960385327,0.7213183389926416
23.066666666666666,0.6404376327985809,2.3418766925686896e-17,-0.26874387751150347,0.7194556044645368
23.1,0.6403478625701228,2.168404344971009e-18,-0.2735542794724993,0.7177204686256043
23.133333333333333,0.6404099723051888,-1.6046192152785466e-17,-0.27877675480540415,0.7156525612000804
23.166666666666668,0.6407076055342553,2.2768245622195593e-17,-0.28423691965236336,0.7132342796845208
23.2,0.6409748270313343,-1.0842021724855044e-18,-0.28912441406452954,0.7110262613321631
23.233333333333334,0.6412842092274197,-1.734723475976807e-17,-0.29403138190386713,0.7087313379915307
23.266666666666666,0.6416966157628718,-3.686287386450715e-18,-0.2993810910783063,0.7061135996588936
23.3,0.6422521128698788,1.1058862159352145e-17,-0.3060699678197048,0.7027328071984553
23.333333333333332,0.6429827633430042,-8.239936510889834e-18,-0.3135559402987315,0.6987530596334964
23.366666666666667,0.6438549987766186,-9.324138683375338e-18,-0.3209225571760987,0.6945930123791298
23.4,0.6450321996526086,2.3852447794681098e-17,-0.3285437826758223,0.6899220566675482
23.433333333333334,0.646660574015081,7.806255641895632e-18,-0.3361953292840921,0.6846917573492811
23.466666666666665,0.6482833415351288,-1.431146867680866e-17,-0.34213849089373705,0.6801984726070797
23.5,0.6494973773351067,2.6346112791397758e-17,-0.3461936888322938,0.676980861359837
23.53333333333333,0.6502449377642389,-9.269928574751063e-18,-0.3485816475741985,0.6750350775229672
23.566666666666666,0.6508245129572625,-3.361026734705064e-17,-0.3503468854980495,0.6735610686164684
23.6,0.6514747962297981,5.2583805365546965e-18,-0.35201076610653237,0.6720632488259087
23.633333333333333,0.6520945760059179,-2.222614453595284e-18,-0.353951055753158,0.6704411339371168
23.666666666666668,0.6525219051347918,-7.697835424647081e-18,-0.3556461343839807,0.6691270360828306
23.7,0.652413301061275,-3.848917712323541e-18,-0.3564105333127596,0.6688261480699182
23.733333333333334,0.6518745402848767,-2.5017965130103015e-17,-0.35708517499285397,0.6689916004918922
23.766666666666666,0.6512408823481777,-1.7943545954635098e-17,-0.35776787785939956,0.6692439456060466
23.8,0.6504425156459471,-5.963111948670274e-19,-0.35859495681644127,0.6695776211806861
23.833333333333332,0.6493025450146872,-1.0299920638612292e-17,-0.3599607582645471,0.6699510859361769
23.866666666666667,0.6478363443033892,-2.439454888092385e-18,-0.3613455126513622,0.6706247024128659
23.9,0.6458262002515847,1.0950441942103595e-17,-0.36267084598700394,0.6718469889339914
23.933333333333334,0.6435940984199396,8.565197162635485e-18,-0.3644750754999574,0.6730115569723342
23.966666666666665,0.6413700409650283,6.288372600415926e-18,-0.3669435564029281,0.6737929184600334
24.0,0.6389418930926012,6.830473686658678e-18,-0.36974016665626624,0.674570579266721
24.03333333333333,0.6362096542814332,-1.7564075194265172e-17,-0.3723633758824239,0.6757091031653666
24.066666666666666,0.6331724152227746,-2.1575623232461538e-17,-0.37433064651445536,0.677472700321591
24.1,0.6298847115203575,1.6371452804531117e-17,-0.37596130197090644,0.6796310393244684
24.133333333333333,0.6263744712479495,1.6154612370034016e-17,-0.37786706519026053,0.6818148596307879
24.166666666666668,0.6226130399970601,8.782037597132586e-18,-0.38025529658069185,0.6839290254463175
24.2,0.6183625693357384,-2.6020852139652106e-18,-0.3825773921174823,0.6864854491430175
24.233333333333334,0.6131165664624595,1.5178830414797062e-18,-0.3852199455289408,0.6897054947555258
24.266666666666666,0.606340431111936,-1.3660947373317356e-17,-0.38882847933109094,0.693659639347759
24.3,0.597402470640929,-1.3444106938820255e-17,-0.39428221401318514,0.6983207169954038
24.333333333333332,0.5862214810748276,-1.7780915628762273e-17,-0.40259102244495876,0.7030397170666521
24.366666666666667,0.5734416036559031,-6.071532165918825e-18,-0.41337197734887654,0.7073106358165598
24.4,0.5605581498261878,-3.0357660829594124e-17,-0.42490835246747616,0.7107935372995566
24.433333333333334,0.548341066148982,-1.8214596497756474e-17,-0.4358715056239549,0.7136792737355516
24.466666666666665,0.5366238277511153,1.5612511283791264e-17,-0.44637156944303696,0.7160916767305019
24.5,0.5254777733034227,3.209238430557093e-17,-0.45721830578295436,0.7175127389956514
24.53333333333333,0.5151203330932212,-2.6020852139652106e-18,-0.46759205915942126,0.7183374615353016
24.566666666666666,0.5058063964408614,-1.6479873021779667e-17,-0.4772413172284234,0.7186101964553449
24.6,0.4978613518022459,-8.673617379884035e-19,-0.486143863926141,0.7181909341871437
24.633333333333333,0.49120525223034023,-4.7704895589362195e-18,-0.4940942297121874,0.7173480970536189
24.666666666666668,0.48543391935179736,-5.637851296924623e-18,-0.5016035040516021,0.7160641274815456
24.7,0.4801169224239116,2.5587171270657905e-17,-0.5088273040990424,0.7145505688231536
24.733333333333334,0.4750626913544685,2.0816681711721685e-17,-0.5156807470992385,0.7130138893136797
24.766666666666666,0.4702273519428329,-3.382710778154774e-17,-0.5227322527662478,0.7110817318724724
24.8,0.4656613676042966,1.8214596497756474e-17,-0.5293062445798904,0.7092209741467249
24.833333333333332,0.46134291436110475,-4.7704895589362195e-18,-0.5351975265030792,0.7076201827207786
24.866666666666667,0.45752205755300307,1.2793585635328952e-17,-0.5406940973580894,0.7059202929046504
24.9,0.45429445457238976,-1.734723475976807e-17,-0.545816369304085,0.7040603948131733
24.933333333333334,0.45164539236420936,-2.4069288229178198e-17,-0.5507832341740624,0.7018933455368694
24.966666666666665,0.4491773707289443,-2.883977778811442e-17,-0.5552209182772684,0.6999781578966443
25.0,0.446683239806384,3.0574501264091225e-17,-0.5597622104747584,0.697954404671598
25.03333333333333,0.44409506838958734,-3.0140820395097023e-17,-0.5644661771057864,0.6958142748863569
25.066666666666666,0.4410872881362961,-1.0191500421363742e-17,-0.5692632457523981,0.6938165184542765
25.1,0.43773667645823433,2.667137344314341e-17,-0.574718063568935,0.6914374516114041
25.133333333333333,0.433919420255663,-1.2793585635328952e-17,-0.5809986358036631,0.6885887901492964
25.166666666666668,0.4294668461630417,2.5587171270657905e-17,-0.588187282937472,0.6852692523653783
25.2,0.4244180991038725,1.1709383462843448e-17,-0.5963832866230576,0.6813194937690653
25.233333333333334,0.41782191290392007,-2.688821387764051e-17,-0.6052506884452595,0.6775665673820164
25.266666666666666,0.4096262428972693,-4.336808689942018e-18,-0.6148850830063675,0.6738862484322705
25.3,0.4003710355055907,4.336808689942018e-19,-0.6254765111767813,0.669688112403306
25.333333333333332,0.3904523020831007,-6.071532165918825e-18,-0.6370818779761337,0.6645853448221755
25.366666666666667,0.37982510526027474,1.734723475976807e-18,-0.649122510033348,0.6590696900799091
25.4,0.36824330165795827,-1.734723475976807e-17,-0.6619908444587641,0.6528131376104639
25.433333333333334,0.3560956374541415,-1.0408340855860843e-17,-0.676677861653688,0.6444400426214381
25.466666666666665,0.3430322912374348,-3.469446951953614e-18,-0.6927268044005307,0.6343961078328149
25.5,0.3289722514343103,-9.540979117872439e-18,-0.7102050769040861,0.6224034114028475
25.53333333333333,0.3147342882298893,-6.938893903907228e-18,-0.7302651050623105,0.6063457793542869
25.566666666666666,0.3009130159697794,6.938893903907228e-18,-0.7516441099697798,0.5869263060791439
25.6,0.2875554673204097,-7.806255641895632e-18,-0.7731367198193284,0.5653065236499134
25.633333333333333,0.275087270500613,-1.214306433183765e-17,-0.7939724855307561,0.5421574363859966
25.666666666666668,0.26388693484512293,1.1275702593849246e-17,-0.8141218704323625,0.517270978986602
25.7,0.25442062639572116,-1.8214596497756474e-17,-0.8327152288383864,0.4917880565091456
25.733333333333334,0.24659471537773353,-1.1275702593849246e-17,-0.8491517656858958,0.4670463843991302
25.766666666666666,0.24001427798833314,2.168404344971009e-19,-0.8633095323452015,0.44394796736064557
25.8,0.23386356291407456,-8.673617379884035e-19,-0.8751104143305765,0.42366212560400246
25.833333333333332,0.22801293083082302,2.8189256484623115e-18,-0.8855595335338003,0.4047152282053842
25.866666666666667,0.22261273834810352,-2.6020852139652106e-18,-0.8949054775588123,0.3867657623942336
25.9,0.2170375413397008,-1.214306433183765e-17,-0.9040054313899,0.36833257481083415
25.933333333333334,0.21182298469479777,-1.2793585635328952e-17,-0.9131672964758483,0.3482190572067787
25.966666666666665,0.2075545917902311,-7.48099499014998e-18,-0.9218276556098167,0.32734517680836483
26.0,0.2038817419772514,-3.0357660829594124e-18,-0.9295749729264347,0.30711985444959355
26.03333333333333,0.2006841524579161,-3.686287386450715e-18,-0.9365219747965731,0.28749341153385605
26.066666666666666,0.19801151965691918,-2.3852447794681098e-18,-0.942372621908661,0.2696762495292333
26.099999999999998,0.19544252903148415,1.8431436932253575e-18,-0.9474602278358696,0.2532219076521217
26.133333333333333,0.1932349055452273,7.589415207398531e-19,-0.9522023345149403,0.23658187889867
26.166666666666668,0.1912687042562917,-2.710505431213761e-18,-0.9571965460770867,0.2172350223840864
26.2,0.1889115965706686,6.342582709040201e-18,-0.9626876479378198,0.19376506699885107
26.233333333333334,0.1857595594654774,-3.415236843329339e-18,-0.9690454315817201,0.16261715038024113
26.266666666666666,0.18227355383593766,-2.168404344971009e-18,-0.9756062813484022,0.12234678322522505
26.3,0.17898406621361662,5.149960319306146e-19,-0.9812011731807817,0.07217313759493356
26.333333333333332,0.1762803903778101,-1.5178830414797062e-18,-0.9842102746660578,0.015979962766229316
26.366666666666667,0.17358275923768732,1.0232158002831948e-18,-0.9839862908428718,-0.040496976784924005
26.4,0.17026798835302198,-2.100641709190665e-18,-0.9807730892800381,-0.09535701068251701
26.433333333333334,0.1666106658987164,-1.0299920638612292e-18,-0.975119605296659,-0.14622804578764834
26.466666666666665,0.16238158095200958,-4.119968255444917e-18,-0.9679368158622111,-0.19165213973772868
26.5,0.15769540395468815,-2.168404344971009e-18,-0.9596227437157878,-0.2329299236142738
26.53333333333333,0.1533796663119625,4.065758146820642e-18,-0.951150761005288,-0.2679307891995483
26.566666666666666,0.14925206843913866,4.553649124439119e-18,-0.9430768523557294,-0.2972034162277558
26.599999999999998,0.1452673496537839,7.806255641895632e-18,-0.934398399220081,-0.32526455180286
26.633333333333333,0.14110157138982263,5.312590645178972e-18,-0.9233630958791901,-0.3570587342717167
26.666666666666668,0.1359808484909716,3.415236843329339e-18,-0.9074518613653648,-0.3975428632842126
26.7,0.13011843138898932,-6.1257422745431e-18,-0.8840603503413242,-0.44889474352819503
26.733333333333334,0.12426775903780692,-3.821812658011403e-18,-0.8529751312369023,-0.506942747807986
26.766666666666666,0.11979085385170815,-2.927345865710862e-18,-0.8180962585410875,-0.5624665884250841
26.8,0.11777671167430631,-3.903127820947816e-18,-0.78920823482935,-0.6027263129022399
26.833333333333332,0.1171414186324081,3.577867169202165e-18,-0.7732606308656025,-0.6231740405329137
26.866666666666667,0.1170790533013888,-2.574980159653073e-19,-0.7693126153157063,-0.6280530194132966
26.9,0.11671958406336226,1.1655173354219173e-18,-0.7716409908475014,-0.625257322979877
26.933333333333334,0.1157933748116238,1.1872013788716274e-17,-0.7764747700744865,-0.6194181348552111
26.966666666666665,0.114588832316566,-1.1926223897340549e-18,-0.782683290767907,-0.6117812238546112
27.0,0.11360985996222679,5.421010862427522e-18,-0.7907047883032337,-0.6015635772499045
27.03333333333333,0.1130730634783485,3.198396408832238e-18,-0.8003142025921198,-0.5888222647327129
27.066666666666666,0.11291002180034986,-2.168404344971009e-18,-0.8113494285343305,-0.573553338229375
27.099999999999998,0.1125123431500447,7.426784881525705e-18,-0.8218974012394513,-0.558413497754776
27.133333333333333,0.11147327898149967,-2.8189256484623115e-18,-0.8311752400160117,-0.5447214228001669
27.166666666666668,0.11011094133529108,3.577867169202165e-18,-0.8408352832988216,-0.529973213434459
27.2,0.1088072023011567,-4.0115480381963664e-18,-0.8508797873533854,-0.5139694350842791
27.233333333333334,0.10751868602271647,-1.8431436932253575e-18,-0.859530354549761,-0.4996471772796388
27.266666666666666,0.1061098938465444,1.734723475976807e-18,-0.8668587685096677,-0.487130953528697
27.3,0.10459776389026042,-1.6805133673525319e-18,-0.8735153183118738,-0.4754264364375028
27.333333333333332,0.10289393135175552,-9.75781955236954e-19,-0.8797773460924099,-0.46411707595560026
27.366666666666667,0.10084360556309893,-2.710505431213761e-18,-0.8864818630339685,-0.45164197516269283
27.4,0.09886296719837558,-3.469446951953614e-18,-0.8948343006486937,-0.43531332175721005
27.433333333333334,0.09710521901449824,4.87890977618477e-18,-0.9041941351700471,-0.415936945178277
27.466666666666665,0.09597137838684554,-1.1384122811097797e-18,-0.9146836347102257,-0.3926109307238137
27.5,0.09555869671697566,1.5449880957918438e-18,-0.9262852373986686,-0.36450541074042364
27.53333333333333,0.0957942219798238,-5.2583805365546965e-18,-0.9385496781202081,-0.33158402967533634
27.566666666666666,0.09623024782976461,-3.876022766635678e-18,-0.9518208964477665,-0.29116442174138024
27.599999999999998,0.09703506728785848,1.1519648082658485e-18,-0.9655842671634683,-0.2413114558466482
27.633333333333333,0.09805537960156277,-1.7110065534536867e-18,-0.9780152933661208,-0.18404137706824003
27.666666666666668,0.09904182119356406,-2.0087386344135733e-18,-0.9879154292604609,-0.11922173578580811
27.7,0.09990438864291958,2.507217523872729e-19,-0.9937662765848165,-0.04947424231490907
27.733333333333334,0.1011772966383899,-1.8295911660692887e-19,-0.9946121333789806,0.022580052707201634
27.766666666666666,0.10243260603605589,-1.9651164376299768e-18,-0.9903761932413657,0.0930728589944642
27.8,0.10326568279008505,9.486769009248164e-20,-0.9822449547907715,0.15662390477182309
27.833333333333332,0.10395920843821146,-2.358139725155972e-18,-0.9717458821414426,0.21190191958085258
27.866666666666667,0.10470971445374244,2.3852447794681098e-18,-0.960634405802092,0.2573274452682365
27.9,0.10565471905141736,2.168404344971009e-19,-0.9506492827599761,0.29172422170623613
27.933333333333334,0.10678185938709302,9.269928574751063e-18,-0.9424515017031241,0.3168324501110351
27.966666666666665,0.10802841395393399,1.1384122811097797e-18,-0.9361973350559302,0.33446137536757803
28.0,0.10918102160776991,-2.7647155398380363e-18,-0.9321834856410636,0.3451281698423946
28.03333333333333,0.10999204365867517,3.604972223514302e-18,-0.9296084770646862,0.3517525120041972
28.066666666666666,0.11051684884476111,7.047314121155779e-19,-0.9279775084565365,0.3558704397954728
28.099999999999998,0.11092670680228932,6.627185779317646e-18,-0.9271218231714456,0.3579670246227346
28.133333333333333,0.1112484070515132,1.1993986533120893e-18,-0.9269143893861796,0.3584041108544188
28.166666666666668,0.11155689390414,4.811147140404426e-19,-0.9268191176586912,0.3585545740397489
28.2,0.11204831998217622,-1.734723475976807e-18,-0.9271868839139599,0.3574488163179351
28.233333333333334,0.11228146765041569,4.0149361699853836e-18,-0.9272988746930092,0.3570849605000856
28.266666666666666,0.11224332947707372,2.4530074152484538e-18,-0.9271269331353373,0.3575431230536602
28.3,0.11231890184605986,7.26415455565288e-18,-0.9275679851077395,0.35637353618256173
28.333333333333332,0.11241122432135799,-5.645474593449912e-18,-0.9278706643473061,0.3555555468422086
28.366666666666667,0.11252291928977506,1.2332799712022613e-18,-0.9275917944551676,0.35624718313826537
28.4,0.1125629301930344,-8.445765517072629e-18,-0.9271418231953917,0.35740401008981854
28.433333333333334,0.11271938493725474,-5.095750210681871e-18,-0.926797983921256,0.3582454985884154
28.466666666666665,0.11293957994979921,-1.4501204056993622e-18,-0.9262698277672423,0.3595397856271351
28.5,0.1131664211992586,3.618524750670371e-18,-0.9264119258558919,0.3591020812316877
28.53333333333333,0.11331988165384094,4.0962513329217964e-18,-0.9267097028548038,0.35828442759450363
28.566666666666666,0.11331919385530569,1.6238680390049005e-18,-0.9266296334251656,0.35849167739618015
28.599999999999998,0.11331400891455011,-6.7245945682518904e-18,-0.9268884854377364,0.35782351927542794
28.633333333333333,0.11329191089837326,-3.3745792618611326e-18,-0.927647708454908,0.3558576568283353
28.666666666666668,0.11337340523661256,6.51961259501635e-18,-0.9285870515658363,0.3533731153459779
28.7,0.11371241487996792,-6.437450399132683e-19,-0.929555191053772,0.3507087587830554
28.733333333333334,0.11383804590853719,-1.2874900798265365e-19,-0.9302459459661677,0.3488314482916295
28.766666666666666,0.11390540578511783,1.5780223807347615e-18,-0.9308231315910727,0.34726626128651816
28.8,0.11368183476957815,-6.979551485375435e-19,-0.93075909256025,0.3475110819237886
28.833333333333332,0.11296076075012823,-5.827586677109586e-19,-0.9294105106576678,0.35133455453428636
28.866666666666667,0.11246599349342233,4.133520782600986e-18,-0.9273969787062172,0.35677197787118575
28.9,0.11236934523259683,-3.5236570605778894e-19,-0.9254522039317848,0.36181673329159264
28.933333333333334,0.11225914695240426,-6.196416586079631e-18,-0.9238908921043473,0.3658189489517351
28.966666666666665,0.11224729095412518,1.4026865606531214e-18,-0.9229140114440822,0.36828015579671447
29.0,0.11254001278830486,-8.998878031629687e-18,-0.9226543832585755,0.368840933974723
29.03333333333333,0.11277527205129968,1.8346733637528145e-18,-0.9231017119297972,0.36764788513744134
29.066666666666666,0.11311887382723602,6.572975670693371e-19,-0.9244119474982653,0.36423436370903073
29.099999999999998,0.11405442269685812,3.2526065174565133e-19,-0.926159911492944,0.35947100996696296
29.133333333333333,0.11496579911247463,6.938893903907228e-18,-0.927596241097359,0.3554547489294246
29.166666666666668,0.11583926735398553,-8.212831456577696e-18,-0.9285145031098263,0.3527634925181521
29.2,0.11694360499348445,-6.152847328855238e-18,-0.929609770026675,0.3494994545376007
29.233333333333334,0.1172536582662104,4.912791094074942e-19,-0.930465549185867,0.347110128635616
29.266666666666666,0.11699385873461322,-1.0747154034762563e-17,-0.9313133021441391,0.34491733831131904
29.3,0.11630169628018946,2.5478751053409354e-18,-0.9318103099204559,0.3438073032503739
29.333333333333332,0.11533470389498449,8.700722434196173e-18,-0.9321280463412182,0.34327133772215895
29.366666666666667,0.11463447542867153,8.267041565201971e-19,-0.9325281824711299,0.3424180572637553
29.4,0.11436361531624377,3.713392440762853e-18,-0.9327474074973808,0.3419111541010518
29.433333333333334,0.11408592955493044,-5.868244258577793e-18,-0.9322701878363986,0.343302632598519
29.466666666666665,0.11359357315919462,6.627185779317646e-18,-0.9313512813321868,0.3459498387018278
29.5,0.11327056521690547,1.0028870095490916e-18,-0.9304834553556288,0.34838243119435913
29.53333333333333,0.11316240013040321,7.284483346386983e-19,-0.9301236587391535,0.349376946363691
29.566666666666666,0.11312219492015894,-2.303929616531697e-18,-0.9307800078839122,0.3476376647316428
29.599999999999998,0.11333563494786728,2.1565458837094487e-18,-0.9319552352566932,0.3444045199015332
29.633333333333333,0.1135950881231236,-9.613823951336309e-19,-0.933656521357595,0.33967875423808114
29.666666666666668,0.11380287688103426,-1.650020181251377e-18,-0.9352315581571877,0.33524742779099603
29.7,0.11401183580301744,-4.1131919918668824e-18,-0.9360213692114145,0.3329644090235687
29.733333333333334,0.1141920886177565,-1.0020399766018373e-18,-0.9371895854463663,0.32959952643773993
29.766666666666666,0.11464917589425919,-1.5517643593698782e-18,-0.9395649481040809,0.322603897622058
29.8,0.11506097270452066,-4.4613225331884e-18,-0.9426925648386326,0.3131959462672689
29.833333333333332,0.11557488753812875,-2.120970499924768e-18,-0.9457241162318527,0.3037241204580735
29.866666666666667,0.11633711052818843,-2.0599841277224584e-18,-0.9484003300477472,0.29496184614162646
29.9,0.11719440209286965,7.860465750519907e-19,-0.949379572088973,0.29145136853041786
29.933333333333334,0.11827503686845675,-1.043544591017298e-17,-0.948611706693717,0.2935078288179018
29.966666666666665,0.11938551247519945,7.237049501340742e-18,-0.9465343890754605,0.29969943227937373
30.0,0.1202115047939651,3.7947076036992655e-19,-0.9431591409770901,0.3098387143442985
30.01706688700062,0.12059533484050937,1.0842021724855044e-19,-0.9411098168035525,0.3158624351370221
