0.04,-0.9995588125415928,0.029481896111084885,0.0036052839189234893
0.24000000000000002,-0.9956470348428417,0.08207465581477022,0.0441671018015018
0.44,-0.9780379766306818,0.20458524302575612,0.03983208008947665
0.6400000000000001,-0.9576551529670738,0.2842285457826979,0.045942809642679876
0.8400000000000001,-0.9589604892586082,0.280790050368734,0.039391974497536494
1.04,-0.9662651299103996,0.2567178696615159,0.02067931613210965
1.2400000000000002,-0.9247229689480149,0.3606383949002653,-0.12176772488524625
1.4400000000000002,-0.9220899087701968,0.33226144052751194,-0.1983747344869132
1.6400000000000001,-0.9104547395590246,0.35046169779484365,-0.21965601651961317
1.84,-0.9570458623496912,0.2898872839571546,0.005346022753434284
2.04,-0.9529206267236918,0.289435421310666,0.09038482204023103
2.24,-0.9359301210972538,0.3476786414291959,0.056163784744519496
2.4400000000000004,-0.60442652383277,0.7923631713637308,-0.0826388646693858
2.64,-0.30058662780473394,0.93817463756337,-0.17168584279962568
2.8400000000000003,0.13443853845216847,0.990909802283446,-0.0049033781647602045
3.04,0.24515002939870506,0.9687529537671904,0.03767197437297543
3.24,0.25131065663368485,0.9646388260139229,0.07946627717986261
3.4400000000000004,0.45761965377188996,0.8851316661666357,0.08441674022829053
3.64,0.42887656744678054,0.8988173388171153,0.09051122215938762
3.8400000000000003,0.3881703439800559,0.9179946564791217,0.08129941408266686
4.04,0.10780709098645708,0.9890484395074903,0.10080087023848672
4.24,0.11207198949397607,0.9910085367064986,0.07308864033286058
4.44,0.3684365350268482,0.9263412028242358,0.0783995893328424
4.640000000000001,0.901965844381287,0.2638896143859263,0.3417892435241324
4.840000000000001,0.9429135968119495,-0.3325752078653948,-0.01754081128230855
5.04,0.6393735312070256,-0.7656155818638314,-0.07095257852372665
5.24,0.3334490432166056,-0.9361218302387031,-0.11174817460912312
5.44,0.03552453111752357,-0.989022982430887,-0.1434278491520861
5.640000000000001,-0.2235183793778302,-0.9737795224127089,-0.042343545080510386
5.840000000000001,-0.2839458464813951,-0.9578476547187627,0.04361910837844081
6.04,-0.20806454634961702,-0.9775900676542005,0.03204378529737112
6.24,0.9559580939538431,-0.2909045905777342,0.038969754745647026
6.44,0.954858946369667,0.29479802694156415,0.03658573286364965
6.640000000000001,0.31744574423524957,0.9396869055740217,0.12734488195309512
6.840000000000001,0.09182078721714515,0.9938390145906381,0.06207218469115987
7.04,-0.19135416073621608,0.9809516835841853,0.03342722905494047
7.24,-0.976505684856391,0.21161044340648208,0.04071446529752442
7.44,-0.931578112715617,-0.363027326422179,0.019323047895560153
7.640000000000001,-0.7605408392300251,-0.648764488119204,-0.026120314292075952
7.840000000000001,-0.456870985933355,-0.888884886727941,-0.03394937936016162
8.04,-0.5267508298673939,-0.849137162883571,-0.03872520941262861
8.24,-0.49587789425013684,-0.8670585925850768,-0.04810936518429433
8.44,-0.49961708277575034,-0.8649722072669666,-0.046966490760554064
8.639999999999999,-0.5390062590294791,-0.8414472758395803,-0.03793065658798468
8.84,-0.6030313982583566,-0.7958803088398988,-0.054107917308640084
9.04,-0.7088096010859819,-0.7032864657872347,-0.05456277530360375
9.24,-0.7958130482317892,-0.6028883515884899,-0.056632391640661806
9.44,-0.8743569216682663,-0.48179843055339105,-0.05805381854006314
9.64,-0.9036189134712946,-0.4234049650370338,-0.06481585299095399
9.84,-0.8649697127861261,-0.499083056909269,-0.05237841414920455
10.04,-0.8485417172215205,-0.5271725259701432,-0.045454174692889905
10.24,-0.825789911530507,-0.5621290559041556,-0.0456283521808596
10.44,-0.8105486675049796,-0.5840370660005139,-0.04372142659399248
10.64,-0.7547038430623512,-0.6448379906943387,-0.12085559575049352
10.84,-0.6655878809268062,-0.7021757322806446,-0.2528675814720111
11.04,-0.8455629411348301,-0.5294271224429554,-0.06877670100541361
11.24,-0.8776222641699468,-0.47643956608422455,-0.05276837407663981
11.44,-0.8957750573328541,-0.44254905645245507,-0.04168188207559164
11.64,-0.9488860314466597,-0.313017689657491,-0.040437918923891016
11.84,-0.8307973540814648,-0.5562535943966241,0.018912830884696037
12.04,-0.8720175112443216,-0.4894730862813201,0.001248154437190066
12.24,-0.9939208642668128,-0.10767724959449988,-0.022954857762054144
12.44,-0.9842322689677658,0.1763800001518256,0.013301739322573504
12.64,-0.9557530292604477,0.2933169180581334,-0.022390458690175113
12.84,-0.8118075067366867,0.5819559113399775,-0.04791543866460155
13.04,-0.7439969332424023,0.6648146933445284,-0.06700736406635996
13.24,-0.5492063457092065,0.8280946828264462,-0.11239032924281055
13.44,-0.5269784828299187,0.8419273313491541,-0.11598296151404552
13.64,-0.3836083668682057,0.9234462388839282,-0.009574171496024428
13.84,0.2902377734947973,0.9567186306908396,-0.021248447609819105
14.04,0.23532638021808944,0.9719044288050128,0.004824525121946679
14.24,0.18950743024141475,0.9818346942624819,0.00935772546050157
14.44,0.1642292231737314,0.9863547671879445,0.01153410167151074
14.64,0.15372220465251585,0.9878707194107711,0.021930014309502886
14.84,0.14779812584071927,0.9888430708389839,0.018576739533611362
15.04,0.18661228571157779,0.9823463577108225,0.013095354664221223
15.24,0.2466273150820678,0.9690435574308023,0.01138205856889305
15.44,0.15473742775163718,0.9840917401673611,-0.08729132481055955
15.64,0.03909474008003716,0.9972477328026247,-0.06299651353923252
15.84,-0.03424007259118139,0.9979188814912093,-0.054639943194373694
16.04,-0.04286055347219497,0.9983572886315786,-0.03802232491918256
16.24,0.009848562495076041,0.9994240070177922,-0.03247552945343216
16.44,0.0014941694280017903,0.99959761736648,-0.028326150691137444
16.64,-0.0022030900160229794,0.9992365288782222,-0.039006483432676174
16.84,0.04318466211579203,0.9986875819582707,-0.027535406303294516
17.04,0.07523130154289565,0.9966950228362702,-0.03064771967975661
17.24,0.09012269693507585,0.9955794508402168,-0.026447241100747042
17.44,0.4886928207581418,0.8724463681845396,-0.0040818599996837145
17.64,0.6806566267285362,0.7325999116433562,0.001981401190136146
17.84,0.7627140685212244,0.6462549867827083,0.024934749613389345
18.04,0.7625298680935106,0.6468367455004818,-0.012264784369830388
18.24,0.7905037311624974,0.6122552485405796,-0.015727735141584327
18.44,0.7022650716280691,0.7114614666719804,-0.025423426444465123
18.64,-0.0715190759719902,0.997346160856011,0.013625608165815097
18.84,-0.10987617696845242,0.9939347622314669,0.004573200484904084
19.04,0.8217674552197927,0.5698180918992352,-0.002364674586598593
19.240000000000002,0.972478962571577,0.22746975292740748,-0.05042002438370687
19.44,0.9999543819368643,-0.0069728739718588634,-0.00652786901190572
19.64,0.9986086147720526,-0.03574444195125671,0.03877072829643307
19.84,0.990850917496908,-0.13328566786111481,0.021198821626505458
20.04,0.9813007795332921,-0.19062682092956487,0.026649488356076754
20.240000000000002,0.9809852128775596,-0.19262914424942637,0.023707064375473166
20.44,0.9878134111819246,-0.15411061773459742,0.021784907403769774
20.64,0.9938878693794483,-0.11021803456095915,0.006236020998981496
20.84,0.9696104361596709,0.23717173910664668,0.060043053381563204
21.04,0.9776880517952042,0.20422064765594367,0.04919350005727565
21.240000000000002,0.995957557722405,0.039237775909540695,-0.08080185738765373
21.44,0.9709800205952343,-0.08873369574168981,-0.22209036639372604
21.64,0.9825223991678609,-0.15051469407781137,-0.10952197039906324
21.84,0.9686023881229588,-0.21932162431408644,-0.11707877190477908
22.04,0.9656216992654448,-0.23886605375736641,-0.10255604453223378
22.240000000000002,0.9304754547290558,-0.3658203454263649,-0.019771267508498135
22.44,0.8832030695077153,-0.46644607132483296,0.04878934881486282
22.64,0.862208162247048,-0.5054290142993965,0.03374309498116998
22.84,0.8785905376833272,-0.4743368897301473,0.055526409342331565
23.04,0.7311127352107849,0.6778341011315056,0.07755707418313947
23.240000000000002,-0.17584099358157101,0.9725398386587703,0.15246706922420422
23.44,-0.9566299544074578,-0.13862393868795791,0.2562079896354187
23.64,-0.66383067939957,-0.7467256084495554,-0.041589599343424766
23.84,-0.5102154009909204,-0.8570503592583071,-0.07172814152674767
24.04,0.08306453021057053,-0.9912007039673694,-0.10306041080593999
24.240000000000002,0.10795725276242157,-0.9889435696690202,-0.101665370634677
24.44,0.1172066313435684,-0.9881089323573905,-0.0995155433318376
24.64,0.30087397372837754,-0.9534087081541662,-0.022060987029128076
24.84,0.3649592367453328,-0.9305905006885637,-0.028391469537037025
25.04,0.38942674350802353,-0.9208014313712551,-0.02171486646018879
25.240000000000002,0.24763033423194547,-0.9678133486432333,-0.04490589890144068
25.44,0.2176941997732076,-0.9744399009694131,-0.05546273328842459
25.64,0.2277429860527327,-0.9720136284467554,-0.05764233181922863
25.84,0.2713004012940216,-0.960378592852168,-0.06378911073994689
26.04,0.3013597047260659,-0.9505591872088808,-0.07496372442861934
26.240000000000002,0.29082400959574134,-0.9522464809729233,-0.09299481123880313
26.44,0.08180525935649036,-0.961343341943274,-0.26291990879915395
26.64,-0.28236595997753206,-0.9428746586425255,-0.1767960484165535
26.84,-0.3207763126624398,-0.9276161620059109,-0.19139177939533397
27.04,-0.4609999144791831,-0.8871423764901655,-0.02138884488623459
27.240000000000002,-0.6064286088854846,-0.7948313786131087,-0.0220776334148622
27.44,-0.7074256922407327,-0.7061955288242776,-0.028926891058648704
27.64,-0.9929324490787556,-0.0741862678487148,-0.09263665165118642
27.84,-0.9900196975588212,0.13617882699436287,-0.03628120069649478
28.04,-0.9988081913370761,0.048251781074173695,-0.007345920032865377
28.240000000000002,-0.9998303249363755,0.0171380429333136,0.006753430390366847
28.44,-0.9774860933146851,-0.18163287868804923,-0.10737986196623159
28.64,-0.9516984888424833,-0.24085717773931045,-0.19041482680292576
28.84,-0.9508054816739002,-0.22893553175297543,-0.20870423646836941
29.04,-0.9519207645960474,-0.22355329143961977,-0.20945353617781032
29.240000000000002,-0.9849287796202282,-0.00874332838048642,-0.17273926387662822
29.44,-0.9813421934112769,0.13041934051636073,-0.14127383002531532
29.64,-0.9162585406889073,0.315697408391203,-0.24658757663295214
29.84,-0.9241610688410935,0.2682404979491033,-0.2719804296240907
30.04,-0.9406588050245802,0.3368764819501519,-0.0409297989076158
30.240000000000002,-0.9078408008756778,0.416820114255942,0.045673543951307856
30.44,-0.8657612140679991,0.4962598121323789,0.06468167497707984
30.64,-0.8429843702728768,0.5310609221174392,0.08574175456227347
30.84,-0.9070347318482361,0.4175677263972738,0.05408501726365681
31.04,-0.9622669564102517,0.23980586219703828,-0.12859025257338058
31.240000000000002,-0.9967372977082115,-0.013427382845175985,-0.07958935071516703
31.44,-0.9949478825945736,-0.03593076662226948,-0.09374268467731828
31.64,-0.9956551027038255,-0.007183132365597472,-0.09284028796407567
31.84,-0.9742306478603052,0.21051189241321372,-0.08099004829173591
32.04,-0.9627435106971438,0.2561177337455822,-0.0867677305889978
32.24,-0.9635304958266725,0.25431337911847796,-0.08326877453972677
32.44,-0.9975329302396225,-0.03580007467158192,-0.060385492803006785
32.64,-0.9542228049645604,0.2848186693243228,-0.09130807242455977
32.84,-0.9477786424839205,0.3086045315566735,-0.0804915396425184
33.04,-0.9387844430977409,0.33706397491509776,-0.07121549137722193
33.24,-0.9360325382930852,0.3449157794775584,-0.06982973810628705
33.44,-0.9382896118912595,0.33955222906914806,-0.06570302847755577
33.64,-0.936844475705749,0.3409718005263151,-0.07785023818501442
33.84,-0.8659296397989464,0.44632426661717917,-0.22574434200285987
34.04,-0.9568193306895674,0.27523592949256775,-0.09349840391756087
34.24,-0.9740250997205828,0.2084473336942565,-0.08845797979868433
34.44,-0.9897185154863264,-0.08678974121671602,-0.11368729446634647
34.64,-0.9867409998916316,-0.11396166138019286,-0.11556357068007804
34.84,-0.987441727324141,-0.10644368736497306,-0.1167414945906769
35.04,-0.9894306818111106,-0.09094453748236306,-0.11294253845615596
35.24,-0.9907203212297231,-0.07907634721701487,-0.11054490677226059
35.44,-0.9511352167800764,0.25821480048129913,-0.16931307159555162
35.64,-0.9467887297994049,0.27564436427537203,-0.16616643935541156
35.84,-0.9484116250832554,0.2687198109975206,-0.16824105499073358
36.04,-0.9412361219745543,0.29429193562647676,-0.16573116579425787
36.24,-0.9274399714439233,0.3374974856300333,-0.1610917333741852
36.44,-0.921507899356887,0.3554937564504437,-0.15635658140164616
36.64,-0.9141109594486887,0.3765239699012624,-0.15043554734699832
36.84,-0.8306710549738809,0.5362805986799254,-0.1496285999001563
37.04,-0.7820726997627596,0.6069061980673696,-0.14151734534395138
37.24,-0.8472175807723946,0.49358932387243554,-0.19644833974692455
37.44,-0.8440741511703079,0.5005422469028664,-0.19234418730898564
37.64,-0.7331519798384998,0.6782682263412844,-0.04940027929816505
37.84,-0.5013473408287987,0.8570018777554312,-0.1191579849089303
38.04,-0.42318201868876104,0.8950967685368442,-0.14042348099019886
38.24,-0.29631037173265673,0.8852842187287812,-0.35842993133027473
38.440000000000005,-0.222006095260328,0.9233263831317121,-0.3133395664134566
38.64,-0.21762191993834068,0.9221334246402885,-0.31986035566091064
38.84,-0.2082449628581332,0.9261305875134469,-0.31450941212658867
39.04,-0.09815836706110925,0.9632094614849345,-0.250184868211087
39.24,0.35676967438936524,0.9215015295928697,0.15346116901062556
39.440000000000005,0.3430255337251127,0.9244646156672821,0.1664291368473262
