0.04,-0.9979840011055909,0.03579679934969444,0.05240727710531806
0.24000000000000002,-0.9844279930841393,0.15087118779381956,0.09021868501599799
0.44,-0.967611098996447,0.24582583313965517,0.05743188017192264
0.6400000000000001,-0.9523648870836126,0.29380467033369423,0.08173088486201298
0.8400000000000001,-0.9802312111652561,0.16796069488655768,0.1045752247462058
1.04,-0.6527567570474383,-0.7553009257275214,0.05855875446131699
1.2400000000000002,-0.4807990895829686,-0.8751641580885128,-0.05403639378616514
1.4400000000000002,-0.30222208591688965,-0.9309240500235731,-0.20504200513980578
1.6400000000000001,-0.3679524555637777,-0.9293810578796067,0.029357106450898764
1.84,-0.331453177260766,-0.9405575187677473,0.07409686345050001
2.04,-0.2687447941833483,-0.9550030166989787,0.125480969454339
2.24,-0.2550703739106912,-0.9534226888932846,0.16101018805205652
2.4400000000000004,-0.3042624045245674,-0.9350338728182223,0.18203309005641036
2.64,-0.34651139030730865,-0.9177202414626107,0.19421486760056242
2.8400000000000003,-0.35706828715330047,-0.9128702071836118,0.19791468653426908
3.04,-0.3500610061109342,-0.9159740112160838,0.1960839176916828
3.24,-0.248428653607161,-0.9532916505246619,0.17180871080041013
3.4400000000000004,-0.2825345249697143,-0.9459608417995972,0.15916132690429388
3.64,-0.4457358354171322,-0.8916398582477286,0.07935948720198446
3.8400000000000003,-0.4633093235359638,-0.8827834183618455,0.07770397023333042
4.04,-0.4752271325775488,-0.8767600439589686,0.07383087280527226
4.24,-0.47842393937860167,-0.8764724630811027,0.05391248176447707
4.44,-0.4890440218960093,-0.8717689259819031,0.0292384052255855
4.640000000000001,-0.5049086545217867,-0.8627562176241663,0.026813420890311582
4.840000000000001,-0.5295314597890908,-0.8478089830544705,0.028572037830353912
5.04,-0.5741057402056766,-0.8180733187608593,0.03403886300224302
5.24,-0.6186909754314898,-0.7851801254445225,0.02671418212402203
5.44,-0.6548202729878808,-0.7548453748323936,0.03766789320125134
5.640000000000001,-0.6533306872193927,-0.7557461494086114,0.04479699534000777
5.840000000000001,-0.6613247684132004,-0.7486527357330094,0.0465685726934773
6.04,-0.6629080880784528,-0.7475321724434757,0.0418152833555879
6.24,-0.6525468354000814,-0.7570296996402794,0.03299487038749813
6.44,-0.3760284121160273,-0.9208169651182092,-0.1034347622029923
6.640000000000001,-0.38650815717746684,-0.9175686343243638,-0.09316246958620816
6.840000000000001,-0.41696171709593605,-0.9042626180145169,-0.09193499952651588
7.04,-0.4295143621330971,-0.8995416993912876,-0.07963757767306415
7.24,-0.5586585798077953,-0.8276590993712639,-0.053675007546211025
7.44,-0.5610641265300189,-0.8253710553654295,-0.06300529252423176
7.640000000000001,-0.5524241774876572,-0.8313998726862828,-0.06001483003656866
7.840000000000001,-0.5492045913533424,-0.8337931341757782,-0.05624345506582242
8.04,-0.5516074039649662,-0.8325949155222517,-0.05014956168826589
8.24,-0.5530305929849737,-0.8317239965364345,-0.048911724649103434
8.44,-0.5509516204871512,-0.8332232937337515,-0.04681083915142849
8.639999999999999,-0.5563386164818664,-0.8299798382737085,-0.040259307870249915
8.84,-0.6840624195867016,-0.728560728252113,0.0354664821759659
9.04,-0.7458621911305758,-0.6647942942222074,0.04169098477481682
9.24,-0.8352385325406879,-0.5490940093743854,0.029535785556518382
9.44,-0.847307439867528,-0.531019762046579,0.009386940988939215
9.64,-0.8307955995687397,-0.556459590744418,0.011462792232819801
9.84,-0.827811779540353,-0.5610039657071386,-0.0014859727782806807
10.04,-0.820930840638351,-0.5710188567200057,-0.0031654634713253593
10.24,-0.8169028245650554,-0.5767161385925731,-0.008262608819630476
10.44,-0.8161493002220892,-0.5777169140140613,-0.011978606307241225
10.64,-0.8112530928158305,-0.5845430876428962,-0.013334094857121136
10.84,-0.8082758636690426,-0.5884596618015645,-0.020133421032002115
11.04,-0.8071332137834402,-0.5885586297628671,-0.04620297110871107
11.24,-0.8070686976788715,-0.5884579919579694,-0.04855212588264882
11.44,-0.9098527946364957,-0.4136468880091979,-0.03262122211788818
11.64,-0.9192862795056996,-0.39141699462280594,-0.041297368354642025
11.84,-0.8155141623147818,-0.5776604511747037,0.035285325741132606
12.04,-0.9754214267241534,-0.21744829991583997,-0.03562691610465887
12.24,-0.9952671450097518,-0.08508001103091736,-0.046954252066418116
12.44,-0.958677935417144,0.25764948984218133,-0.12063729327362127
12.64,-0.5936436973485296,0.8047276700513272,0.0007332476596423484
12.84,-0.6053571056572657,0.7959461407816417,-0.0035377401076729614
13.04,-0.3333621698777684,0.9410675142756181,-0.057110395459106775
13.24,-0.13267606023973882,0.9747558948376986,-0.1795773051318543
13.44,0.19465652162544617,0.980574885703309,0.02411912346302636
13.64,0.19107367865761044,0.9802184555154032,0.051600666577531366
13.84,0.19797134564819707,0.9789224467635258,0.05018156558691777
14.04,0.48050426627755355,0.8712764062241805,0.09996536423255047
14.24,0.05065373553972852,0.9983869133139358,0.025647034903537605
14.44,0.013432621752017482,0.999878180915086,0.007949088174496832
14.64,0.028618463631358837,0.9995886335914821,-0.0018833836823894752
14.84,0.041062663430934454,0.9990592405826332,-0.013946020163831518
15.04,0.04852788734529656,0.9985354790465318,-0.0239152929130167
15.24,0.15658476771925578,0.9876613087387469,0.002519868800685373
15.44,0.15776075304378012,0.9874231737797482,-0.010345080076463507
15.64,0.13435371442953103,0.9908968059698902,-0.008520524494292279
15.84,0.10022562748927838,0.9948977397599404,-0.011546038928653198
16.04,0.0655726872712788,0.9978009147375677,-0.009672498792750499
16.24,0.04331685131233076,0.9990539555092338,-0.0038528396981334406
16.44,0.038961592226434694,0.9992406939649865,0.0001727875950879152
16.64,0.04034278180272993,0.9991852897830485,-0.0011030129570137187
16.84,0.036710051314758296,0.9993258213458921,0.0005243317898589572
17.04,0.029009709419930585,0.9995762027391086,0.0024190239840332964
17.24,-0.1588102016845616,0.9867593592728617,-0.03294369026566331
17.44,-0.17486186597444658,0.9824252726356426,-0.06529863332963547
17.64,-0.18038412464180675,0.9805139403109313,-0.07780732891663067
17.84,-0.17311877187668928,0.9815268556486556,-0.08145503338879834
18.04,-0.15994433389586088,0.9586084626405248,-0.23555811471604862
18.24,-0.16292728344749507,0.9434682786306976,-0.28865603670467
18.44,-0.17299270350574192,0.9508649071680644,-0.2567673126588402
18.64,0.04052823350652773,0.9990909328823392,0.01322006509581858
18.84,-0.08009865482055228,0.9967530455575736,-0.008220198759145009
19.04,-0.09348109853437664,0.9953545330611525,-0.023035575343841548
19.240000000000002,-0.2188576843148985,0.9665985791817903,-0.13337353838023858
19.44,-0.2801557884869213,0.954949649998244,-0.09789739600981555
19.64,-0.14222796789705539,0.9898253044282851,0.004131810901627118
19.84,0.43006794275807747,0.9001962639106772,0.06847080438474326
20.04,0.9271203047179644,0.3727627462159169,0.03867655120659815
20.240000000000002,0.9803326047657687,0.19351027406441543,0.03875252075255988
20.44,0.9839302299588505,-0.09799430271986098,0.14925956990281156
20.64,0.9845702294854727,-0.08752220569341893,0.15152995321546928
20.84,0.9590109673119147,0.2711863087777909,0.08219458928020967
21.04,0.9771549564377529,0.16271908678923835,0.13671389798996164
21.240000000000002,0.9819199530678969,0.13585144878729125,0.1318240859233739
21.44,0.9987477196150444,-0.029586729401232446,0.040343748054529865
21.64,0.9986286448699229,-0.041950063555302744,-0.031321267742027335
21.84,0.9760424500228729,-0.2058806904754884,-0.0703866254531638
22.04,0.9255093999746115,-0.3712958348597681,0.07464417977593593
22.240000000000002,0.795756815974069,-0.6056022822302615,0.0041189304813529165
22.44,0.7325600009224158,-0.6795363312823983,0.0398273714398634
22.64,0.8244505069820075,-0.5589256352168961,0.08878905244735949
22.84,0.7084548917738624,-0.7028930036839381,0.06350662716486177
23.04,0.8317301824609945,-0.5551775870298263,-0.00165844600158557
23.240000000000002,0.7115402958533852,0.5719261774077944,-0.4081799296542952
23.44,-0.6317702337623119,0.654189442924523,-0.4158155173848324
23.64,-0.5989104751112724,-0.7971782361671722,0.07624370520499682
23.84,-0.3328629963703263,-0.9429210972432918,0.010100991083812074
24.04,0.11310455491804039,-0.9934637806367659,0.015397279619984116
24.240000000000002,0.08200845988468991,-0.9915567949856995,0.10044767207371862
24.44,0.015799666530814882,-0.9998750418055589,0.0005208760384120222
24.64,0.04007406825185966,-0.9991958319584067,-0.0013260658704428816
24.84,0.268676022303467,-0.9624302366918777,0.039258560090798
25.04,0.2580458926607357,-0.964865345895414,0.04946899605861877
25.240000000000002,0.22041899952006583,-0.9750386436459089,0.02674150421573029
25.44,0.19947318342178177,-0.9797060996153844,0.019657249858289018
25.64,0.1673261571939143,-0.9858845336826839,0.005800289992285867
25.84,0.15106715653744146,-0.9885229123914314,-0.0010797651852234777
26.04,0.13154995224381522,-0.9912850401489495,-0.006969881028098114
26.240000000000002,-0.22335608339220053,-0.9663315303229333,-0.12773188135870353
26.44,-0.0651108141522494,-0.9053187261136331,-0.4197125040172376
26.64,-0.08935543365290988,-0.9036726356963041,-0.41879753338623665
26.84,-0.09821718505077703,-0.8994733502457912,-0.42579464153311475
27.04,-0.43163056655889326,-0.895883594008903,-0.10529786321545236
27.240000000000002,-0.6896939663434665,-0.723381368988819,0.03227425892688651
27.44,-0.6855387268581243,-0.72719656453314,0.03495440614488057
27.64,-0.7770909970790586,-0.626103176695116,0.06422144806027931
27.84,-0.9957769330021441,0.09129504369348118,-0.009670299780743435
28.04,-0.9999318909184987,0.008892220893791882,-0.007559228249728482
28.240000000000002,-0.9998398604685084,-0.010262928227956578,-0.01466034523815774
28.44,-0.9990572714818627,-0.03714145180561693,-0.02247400402658298
28.64,-0.9988558224966421,-0.03205435072875039,-0.03549034324876208
28.84,-0.9983628526488495,-0.03926662016394202,-0.041590227118311986
29.04,-0.9963829094704295,-0.06678363898357761,-0.05254563044967212
29.240000000000002,-0.9715539383855143,-0.22658137706140785,-0.0688754265072274
29.44,-0.9718373571250258,-0.22613954764376998,-0.06628013494038941
29.64,-0.9787804555781698,-0.1958764697145097,-0.060176643229505736
29.84,-0.9777063939320461,-0.1980355638241323,-0.06980059258525483
30.04,-0.9787778688535622,-0.19281403638158642,-0.06940195110167562
30.240000000000002,-0.982671547515642,-0.17516687881928883,-0.060606883007806166
30.44,-0.9764298948801358,-0.1995065101334219,0.0823517625722155
30.64,-0.9832725186837648,-0.16459363332472496,0.07800057608922932
30.84,-0.9848507515543307,-0.16590444994696776,0.05044512514271849
31.04,-0.9856817034477645,-0.1678531249626446,0.01602834765619197
31.240000000000002,-0.9851747561489688,-0.1712351336838683,-0.010451260167440584
31.44,-0.9986950853005807,-0.05092794001801447,0.003804145368876738
31.64,-0.9992019199845211,-0.03993282716069914,-0.0009446767704273945
31.84,-0.9995225566655649,-0.030480903305416796,-0.005057000140246353
32.04,-0.9892715659474935,0.14131678632437764,-0.03703153670514228
32.24,-0.9880932126628097,0.14944210463188334,-0.036590442097363854
32.44,-0.9865782478733655,0.15989605731514148,-0.03311512763365459
32.64,-0.9644911507042374,0.26408486565052797,-0.0040004934143900855
32.84,-0.9612859398293858,0.27552701651287526,-0.003768959783405941
33.04,-0.9613975847787297,0.27511456206893564,-0.00516349874053902
33.24,-0.9977175078182314,0.06255519548302632,-0.025428765425349772
33.44,-0.9986445935547734,0.04656602341666734,-0.023250402727260457
33.64,-0.9919963439023861,-0.12058444576514268,-0.037451904141344985
33.84,-0.9909893170466191,-0.12762223676157272,-0.040653882759815956
34.04,-0.989462493741118,-0.13907242345958742,-0.04028442022277839
34.24,-0.988388102911461,-0.14708259155112888,-0.03815323427558295
34.44,-0.9870337379508233,-0.15576821550480285,-0.03873839420103584
34.64,-0.9922343406118539,-0.06833943566303774,-0.1039265839129576
34.84,-0.9930825674941031,-0.08568463868060903,-0.08028173412111585
35.04,-0.9935749681069168,-0.0979310822713206,-0.05672993809715903
35.24,-0.993389234749898,-0.10330035108145069,-0.050068610420715864
35.44,-0.9930334485202492,-0.10682239291042511,-0.049734761413648666
35.64,-0.9625784037257719,0.26903881943213476,-0.03257192532394588
35.84,-0.9590095212264677,0.2774174319673547,-0.05779538595441214
36.04,-0.9577140931199,0.28152370356315587,-0.05939798120821807
36.24,-0.9551281956322902,0.29002334776638716,-0.060138071623414564
36.44,-0.9528679570003201,0.2949777966587284,-0.07092782247043886
36.64,-0.885350848939242,0.42774165580349593,-0.18218383620136777
36.84,-0.8725493172476175,0.44994511327531544,-0.19028159135970046
37.04,-0.8506705123122582,0.49447981336932256,-0.17846398418907947
37.24,-0.8306809542653881,0.5317836387613131,-0.1648493668975459
37.44,-0.8556801726723416,0.5078964495301838,-0.09926045864323364
37.64,-0.8341296827705496,0.546438770285258,-0.07504893503732968
37.84,-0.5362551157521731,0.8270871596036546,-0.16839620318873555
38.04,-0.37990060574582984,0.8759378413894829,-0.29733554744746643
38.24,-0.46683404983559673,0.7870464950745345,-0.4032663939692796
38.440000000000005,-0.36357725936157165,0.8641975891390323,-0.3478133168833722
38.64,-0.2767554402188258,0.9025143593269751,-0.3299609939339853
38.84,-0.23486185590469671,0.91668701488808,-0.32330299314510336
39.04,-0.20232050889536513,0.9227506644168493,-0.32802076610876857
39.24,-0.17558590643560007,0.925224983847049,-0.3363455347204963
39.440000000000005,-0.19122601457132915,0.9186506686342106,-0.3457073334036805
