0.03334138047138047,-0.9939945910636783,-0.08971477875587071,-0.06265789183284402
0.23334138047138048,-0.9959275826525431,-0.041991610192860795,-0.07978066673870816
0.4333413804713805,-0.9908492284733548,-0.06001646008390728,-0.12089595093614605
0.6333413804713806,-0.9800578359138641,-0.10170500509674663,-0.17071241958950778
0.8333413804713805,-0.9624118787997791,-0.18841496108237016,-0.19560975943293063
1.0333413804713805,-0.872513137787216,-0.4630667568615379,-0.15585250424180935
1.2333413804713806,-0.8586311149736185,-0.4972655125874505,-0.1244171145393624
1.4333413804713806,-0.8531084106728585,-0.5032437739018383,-0.13766533212201837
1.6333413804713806,-0.8707410339345641,-0.4707498026620447,-0.14214315008544187
1.8333413804713805,-0.9073715723713278,-0.37289809563556836,-0.1939686570653906
2.0333413804713807,-0.94032440457018,-0.25774570063222213,-0.22216473161899847
2.233341380471381,-0.9530242795222326,-0.14759399881201737,-0.26450091522678815
2.433341380471381,-0.9617475034857478,-0.05966722725539895,-0.2673603589363679
2.6333413804713808,-0.9669571377000256,-0.01590666776578205,-0.25444227591255797
2.833341380471381,-0.971939529530016,0.01159895970131521,-0.23494470641156975
3.0333413804713807,-0.97561511096471,0.05805899682424826,-0.2116702816766653
3.233341380471381,-0.9546206644587535,0.21268536529975024,-0.20848098804361237
3.433341380471381,-0.9352518918671651,0.28410990273977066,-0.21115269812173032
3.6333413804713808,-0.929435802189651,0.304380583476161,-0.20857025197949863
3.833341380471381,-0.943012933839498,0.26862149437208793,-0.19639017127323152
4.033341380471381,-0.9685873052815329,0.1749689961822597,-0.1767045059482951
4.233341380471381,-0.9787762221685583,0.10552514288215742,-0.175674560301558
4.433341380471381,-0.985215080843809,0.049092822055084466,-0.1641375621257815
4.633341380471381,-0.9821420916156114,0.03124875613652387,-0.18552742955377885
4.833341380471381,-0.9533763525536391,-0.25924936597383974,-0.1544774955573838
5.033341380471381,-0.8595211465803982,-0.4907506004404246,-0.14278391628079434
5.233341380471381,-0.7620748777973033,-0.6367332347022538,-0.11752730940436615
5.433341380471381,-0.5376330245090213,-0.8346823644627464,-0.11939883337856219
5.633341380471381,-0.38209565143119456,-0.9172715816141798,-0.11231989458859064
5.833341380471381,-0.3222477810437802,-0.93971520959367,-0.11441893405675821
6.033341380471381,-0.27226893206366887,-0.953515659680216,-0.1291414549148021
6.233341380471381,-0.05125216797345172,-0.9932349915905146,-0.10419916870211249
6.433341380471381,0.2548818535445865,-0.9607832611458952,-0.10922804509618594
6.633341380471381,0.462639813527004,-0.8777397432339025,-0.12464889124008388
6.833341380471381,0.561172142836222,-0.81877673758595,-0.12120429073556517
7.033341380471381,0.514953220182385,-0.8500627247426491,-0.1105284806142538
7.233341380471381,0.38485308174835897,-0.9157254742733446,-0.11547710264657988
7.433341380471381,0.229836995953221,-0.9651005697246561,-0.12552229128064737
7.633341380471381,-0.006433270615448905,-0.986585645206998,-0.1631176805275251
7.833341380471381,-0.20162491981623526,-0.9537217654738569,-0.22307439514773195
8.03334138047138,-0.338142006400119,-0.9141487140142218,-0.2235891593388349
8.233341380471382,-0.6056491750118512,-0.7711401948546358,-0.19629538121672363
8.433341380471381,-0.8120705446738102,-0.532276228634846,-0.2392142280539487
8.63334138047138,-0.9091501076080009,-0.3143701755064216,-0.2731619933087736
8.833341380471381,-0.9446411200230709,-0.1572353934453962,-0.28797601533744016
9.03334138047138,-0.9449520301621747,-0.15217321254325275,-0.289670457721616
9.233341380471382,-0.9262534561107212,-0.23625004893513527,-0.2936672426762831
9.433341380471381,-0.9234729996323546,-0.25449558338221456,-0.28710558508842665
9.633341380471382,-0.9595129433140003,-0.10027576884397138,-0.2632103375546925
9.833341380471381,-0.9727785077770599,0.07815253447290618,-0.21816084928900048
10.03334138047138,-0.9543999142853433,0.19123230827754736,-0.22924006605079023
10.233341380471382,-0.9160687482550876,0.3370345112327884,-0.21731494819370545
10.433341380471381,-0.8512052399225989,0.4846772480081617,-0.2013395261530771
10.633341380471382,-0.6300570392409154,0.7569396340987247,-0.17340852814513005
10.833341380471381,-0.32829550955523995,0.9329185134748016,-0.1479361538699428
11.03334138047138,-0.08928341110325727,0.985556557462032,-0.14389838270583796
11.233341380471382,-0.09368417078360558,0.9846527705363691,-0.14724876101224504
11.433341380471381,-0.2169467055134015,0.9639631019844909,-0.15397813149703937
11.633341380471382,-0.443599229010276,0.8851273233447826,-0.14060350454376938
11.833341380471381,-0.7319330470906235,0.671537473095902,-0.11537520012813017
12.03334138047138,-0.9744053932448883,0.21245800727820016,-0.07345559719076222
12.233341380471382,-0.9960962050079485,0.04541615560356992,-0.07569493496235923
12.433341380471381,-0.9964017844221047,-0.021418745410459607,-0.08200439833013774
12.633341380471382,-0.9773479381611652,-0.03309251369589334,-0.20903562689026586
12.833341380471381,-0.9452120875577529,-0.028181981954098136,-0.32523819798396064
13.03334138047138,-0.9447394340242338,-0.01021605552673357,-0.3276629884638265
13.233341380471382,-0.9468562947321842,-0.02276525123766616,-0.32085027732904486
13.433341380471381,-0.9589810309675869,-0.03705622205959132,-0.2810377530706762
13.633341380471382,-0.9625996898938852,-0.06713501353094435,-0.26247805046212175
13.833341380471381,-0.9754101181617038,-0.07019001467514759,-0.20892214633129308
14.03334138047138,-0.975532780484415,-0.06044329585560476,-0.21138212362084474
14.233341380471382,-0.9768751591594437,-0.043539226103227864,-0.2093305023343323
14.433341380471381,-0.9859353789521776,-0.024960755406392063,-0.16525250140305836
14.633341380471382,-0.9864225675737623,-0.03094656313987187,-0.1612849292743005
14.833341380471381,-0.9852352204239063,-0.0394944710662602,-0.16658855660414754
15.03334138047138,-0.9855176002496137,-0.0305949520105147,-0.1667903129972386
15.233341380471382,-0.9824049807660098,-0.01158974081073084,-0.18640314287606963
15.433341380471381,-0.975476792547352,0.0034702819727036294,-0.22007495165184346
15.633341380471382,-0.9764665755583728,0.014286027675281778,-0.21519511200435248
15.833341380471381,-0.9757564040147895,0.03682678130889144,-0.21573879623877237
16.03334138047138,-0.9729384182213123,0.08598166848357586,-0.21447141309226148
16.23334138047138,-0.9642904915446349,0.16069610608507615,-0.2105246052263269
16.433341380471383,-0.943038836246133,0.24848878385541753,-0.22120370166341016
16.633341380471382,-0.9200233677558776,0.31218254373797005,-0.2368524058742568
16.83334138047138,-0.9165566282386775,0.3182489978184971,-0.24216011773054114
17.03334138047138,-0.9247076792854447,0.29814873136226866,-0.2366918711269932
17.23334138047138,-0.9289440405560558,0.2849392118752743,-0.23637388826028657
17.433341380471383,-0.9337488898450812,0.28175375920703094,-0.2207438105265595
17.633341380471382,-0.9443767379513567,0.2633357166297784,-0.196994612016256
17.83334138047138,-0.9503468652329088,0.2408544381303231,-0.19705322980075693
18.03334138047138,-0.9526377438514348,0.23968514387416656,-0.18716933722078555
18.23334138047138,-0.9527497477731416,0.2516284838432229,-0.17015000510425
18.433341380471383,-0.9522863074184946,0.25452815608248197,-0.1684227017491997
18.633341380471382,-0.9524516543050723,0.2529934392311852,-0.16979448141063772
18.83334138047138,-0.956901906103854,0.23850012684291838,-0.1656998237498247
19.03334138047138,-0.9585360912901226,0.238822624222974,-0.15547448618183532
19.233341380471384,-0.9570838343298261,0.2453235967448862,-0.15429474049581496
19.433341380471383,-0.9571573841663731,0.2423159424487307,-0.15853304378258276
19.633341380471382,-0.9598720135505066,0.233477947300437,-0.15535046098055427
19.83334138047138,-0.9623117038158833,0.2242745864019936,-0.1538086297747543
20.03334138047138,-0.9638753800189663,0.21635678615813475,-0.1553511920669316
20.233341380471384,-0.9676727532449241,0.2048986402050302,-0.14705777731734707
20.433341380471383,-0.9699062479037359,0.1946316462326378,-0.1462887301266608
20.633341380471382,-0.9703578585474766,0.19148685627045012,-0.14743951380418796
20.83334138047138,-0.970273239735264,0.19537280507833504,-0.14282614357833193
21.03334138047138,-0.968220797625293,0.20594287940869457,-0.14190143574572225
21.233341380471384,-0.9730237075878225,0.18143258670970946,-0.14250291559077352
21.433341380471383,-0.9729084128410403,0.18200234876954466,-0.14256354816536124
21.633341380471382,-0.9760128982218272,0.16762836527226,-0.1389228334752031
21.83334138047138,-0.9837041234882684,0.12173966231558607,-0.13230892657513496
22.03334138047138,-0.9915790807373823,-0.005158509416846933,-0.12939983162510005
22.233341380471384,-0.978648676058703,-0.15823821296186408,-0.13117711998356896
22.433341380471383,-0.9603549583146215,-0.2500100596039378,-0.12334230473506211
22.633341380471382,-0.9496336043465592,-0.2845591899830223,-0.13123294133703306
22.83334138047138,-0.9512403429215726,-0.2749575702532496,-0.13978606711285063
23.03334138047138,-0.9621463400558783,-0.23645516040565842,-0.13551153985772932
23.233341380471384,-0.9773741949850487,-0.15664235793971726,-0.14213674639731208
23.433341380471383,-0.9855664660070469,-0.10411228050382572,-0.1334892285192843
23.633341380471382,-0.9870686666678391,-0.09039248541554601,-0.13238068538489672
23.83334138047138,-0.9885100092503907,-0.0826122052421665,-0.12658272060916695
24.03334138047138,-0.9899918104507881,-0.07347644606167793,-0.12048828621287705
24.233341380471384,-0.9924193603399452,-0.03721722607876415,-0.11712681719169425
24.433341380471383,-0.9935065385205808,0.060251377539005335,-0.09651180975148096
24.633341380471382,-0.9888025144270127,0.1265590004931519,-0.07907216233916843
24.83334138047138,-0.9842086929624141,0.16505042453738,-0.06396566311113552
25.03334138047138,-0.9788583150048844,0.19194226890123675,-0.07067223326628184
25.233341380471384,-0.9789569802356495,0.19268370260313847,-0.06720283921862041
25.433341380471383,-0.9793645697133183,0.1928403927132312,-0.06047828146081579
25.633341380471382,-0.9829126478981098,0.17607399720956532,-0.053671911728315994
25.83334138047138,-0.9875887153952032,0.1490226030788626,-0.04960638059415711
26.03334138047138,-0.9903322297992626,0.13071285185966303,-0.046435169640412804
26.233341380471384,-0.9900605622923951,0.13374713086609685,-0.043494689082154786
26.433341380471383,-0.9903268699821106,0.13227459769451194,-0.04190610213550186
26.633341380471382,-0.9915100264706469,0.12296503775533248,-0.04227844483903198
26.83334138047138,-0.991218087412052,0.12381458232331535,-0.04643977165422764
27.03334138047138,-0.9890830686072651,0.13835900897521847,-0.05070964434731694
27.233341380471384,-0.9889777300628033,0.14003886098559926,-0.04808499613892905
27.433341380471383,-0.9904753728690365,0.13211152701088233,-0.03879536274860939
27.633341380471382,-0.9921044685746291,0.11928329393904652,-0.03873266349353532
27.83334138047138,-0.9996588913265055,-0.009282436975048455,-0.024411828191794684
28.03334138047138,-0.9889303379876733,-0.14831689466466286,-0.004345729469021244
28.233341380471384,-0.9848092085091691,-0.1734888477444854,0.0072417224356352
28.433341380471383,-0.9839814224210556,-0.1777578341587056,0.013517127114972324
28.633341380471382,-0.9874546130919246,-0.15707058453610304,0.01619316389607368
28.83334138047138,-0.9979372096268634,-0.06253150865977121,0.014530521906759547
29.03334138047138,-0.9993980320567708,0.033753430489654124,0.008017446677986843
29.233341380471384,-0.9974916519740483,0.07064363835038093,0.004458766948943866
29.433341380471383,-0.9985473232708241,0.05387159002624847,0.0010464113513356673
29.633341380471382,-0.9999171220231705,0.012792500816633834,-0.0014494853417815017
29.83334138047138,-0.9998171652349193,-0.019009309225427484,-0.002069363279573863
30.03334138047138,-0.999770927885753,-0.02110913021410605,-0.0035350213669639342
30.233341380471384,-0.9999883379144603,-0.003877876598306124,-0.0028785600850914634
30.433341380471383,-0.9999497180125977,-0.009955824304927138,0.0012012530691343092
30.633341380471382,-0.9999671545246018,-0.008079131091794528,-0.0006461522831363186
30.83334138047138,-0.9999210426768399,-0.0034308028620647466,-0.012088755261926782
31.03334138047138,-0.9996019770971027,-0.0195347860125408,-0.020353857595252517
31.233341380471384,-0.9998306120528215,-0.0032989186815076794,-0.018107024537816263
31.433341380471383,-0.9991229315753574,0.010642532209838485,-0.040498198829415064
31.633341380471382,-0.9985930942339323,0.017293034990726364,-0.05012766790018023
31.83334138047138,-0.9980339081654275,0.01503717170094672,-0.06084571981067728
32.03334138047138,-0.9982191041997648,0.016506703997522885,-0.05732493989318427
32.23334138047138,-0.9975277404180177,0.03378374067829899,-0.061620337245953796
32.433341380471376,-0.9910419659977561,0.02397345351424647,-0.13138148712015485
32.63334138047138,-0.942520379709342,-0.007512485229298704,-0.334064209992985
32.83334138047138,-0.8765429356528375,-0.02863757388555523,-0.4804709890503845
33.03334138047138,-0.8476456317263757,-0.014884162661075452,-0.53035398058002
33.23334138047138,-0.8412346693299313,-0.010210137874942037,-0.5405737546366226
33.433341380471376,-0.8363424252364602,-0.014060459372442735,-0.5480270533758642
33.63334138047138,-0.8384439905073421,0.001175290088916913,-0.54498650760852
33.83334138047138,-0.8416583213809073,0.014874875646409706,-0.5398055280605949
34.03334138047138,-0.8594897015300857,0.018603657934516588,-0.5108144055086735
34.23334138047138,-0.8804842370519133,0.04301894796111891,-0.4721195594544124
34.433341380471376,-0.9079389399368659,0.077826049395587,-0.4118130490669238
34.63334138047138,-0.9310679189048662,0.10176633410191134,-0.35036572838909247
34.83334138047138,-0.9382817442398096,0.08091830589315106,-0.3362730976419057
35.03334138047138,-0.9435419476989748,0.05976285634216549,-0.32581742423365084
35.23334138047138,-0.9441684345097187,0.05103615682342472,-0.3254862177914168
35.433341380471376,-0.947774688671039,0.06899985989484098,-0.31138747381519294
35.63334138047138,-0.9486271985063066,0.07899048204429722,-0.3063771238204426
35.83334138047138,-0.9505309628150259,0.0801539827970355,-0.3001103593208878
36.03334138047138,-0.9517960411490475,0.0736707510045805,-0.29775311333287835
36.23334138047138,-0.9512126193271447,0.07419799404945591,-0.29948156956953026
36.433341380471376,-0.9518459848613523,0.07332942668222595,-0.29767770538919935
36.63334138047138,-0.9555468140453427,0.07418161784430292,-0.2853548207789682
36.83334138047138,-0.9562398546539099,0.07274115105228318,-0.2833973629289067
37.03334138047138,-0.9582092933676898,0.062704615625943,-0.27911123460547915
37.23334138047138,-0.9593266133746593,0.0705634750977271,-0.2733372364922853
37.433341380471376,-0.9618809314140383,0.07626591371270543,-0.2626187049462174
37.63334138047138,-0.9613806969661435,0.06885182981844126,-0.2664706006889793
37.83334138047138,-0.9607390408498727,0.06572118625876465,-0.26955745410507104
38.03334138047138,-0.961733278847759,0.0911880991070542,-0.2583676274961336
38.23334138047138,-0.9581217434377372,0.11888098475729568,-0.2605187828448584
38.43334138047138,-0.9591487502322845,0.11358638876984502,-0.2590980648597606
38.63334138047138,-0.9575601997637108,0.09427438482979279,-0.27237988948056835
38.83334138047138,-0.9637098548111032,0.06485887711840081,-0.25895297217622776
39.03334138047138,-0.9613848510951815,0.031074359530586043,-0.27344753109958814
39.23334138047138,-0.9652667550141213,0.0383519875226034,-0.2584360979383005
39.43334138047138,-0.9640504580481695,0.04913238336187795,-0.2611373646996857
39.63334138047138,-0.9621607311439628,0.06319049060165335,-0.265054125306582
39.83334138047138,-0.9650495416966959,0.06673660723260116,-0.25342771617579435
40.03334138047138,-0.9651064591210132,0.06839023875182627,-0.25276925803263345
40.23334138047138,-0.9647820628559268,0.048661552587680394,-0.2585103953252536
40.43334138047138,-0.9660952764739198,0.05029841212803853,-0.25323899090025365
40.63334138047138,-0.9664965881303803,0.05316762000164263,-0.2511126227725224
40.83334138047138,-0.9653953873378704,0.029437017930023762,-0.2591239241794373
41.03334138047138,-0.9667741344947955,0.028353647244628237,-0.2540548042446078
41.23334138047138,-0.9649704386123379,0.007747870603773074,-0.26224420509406887
41.43334138047138,-0.9654185832004519,0.017467502037222485,-0.2601189066250521
41.63334138047138,-0.9653133312313089,0.036992787426575316,-0.2584602604377034
41.83334138047138,-0.9650718931266323,0.051975573309271356,-0.2567776876524721
42.03334138047138,-0.9655038362772943,0.07017858320349878,-0.250753481717357
42.23334138047138,-0.9635420405128085,0.0902587698337492,-0.2518731637799309
42.43334138047138,-0.960795232904413,0.12461573180273837,-0.24767607840771166
42.63334138047138,-0.9589242943828754,0.11758840440034958,-0.25814175329241973
42.83334138047138,-0.9610144926129276,0.11802791222867408,-0.25004111046557437
43.03334138047138,-0.9601098460205034,0.10592572062341819,-0.25878335588846274
43.23334138047138,-0.958831902748362,0.11749799509852224,-0.2585258273747201
43.43334138047138,-0.959375221957913,0.11006004271592792,-0.2597806199287656
43.63334138047138,-0.9608607882742706,0.0561335748194691,-0.27128502969189894
43.83334138047138,-0.9661246554864621,0.04155090584535909,-0.2547089952957989
44.010622222222224,-0.9634650642788827,0.011009609842746716,-0.26760765759820737
