0.04170833333333333,-0.9960959263121507,0.00964301142769765,0.08774917614965694
0.24170833333333336,-0.9962547852161393,0.03543385469746605,0.07887233276138948
0.44170833333333337,-0.9966391985059405,-0.0073813486147737695,0.08158323169661684
0.6417083333333334,-0.9939927164392194,-0.0691350593712622,0.08484587928422992
0.8417083333333334,-0.9861280724477,-0.13722042107007362,0.09339154550566109
1.0417083333333332,-0.9917955638827951,-0.0853995884915307,0.0951234447856357
1.2417083333333334,-0.8773949438482957,-0.45926341330344955,0.13876321454301604
1.4417083333333334,-0.8219480048739297,-0.5521224755149308,0.13986511114295683
1.6417083333333333,-0.8533662329376378,-0.5121130333734343,0.09750032579886808
1.8417083333333333,-0.8380244636161069,-0.5358891807097677,0.10265371098577064
2.0417083333333332,-0.9117160583115854,-0.3983199165890626,0.10057371955569616
2.2417083333333334,-0.9511301693870609,-0.2869970237723616,0.11394783555446523
2.4417083333333336,-0.9662691847618454,-0.23955739224381076,0.09453104464155626
2.6417083333333333,-0.9888133025035704,-0.12285262327634916,0.08459010430365231
2.8417083333333335,-0.9972680409092383,-0.016840113713963236,0.07192263309383944
3.0417083333333332,-0.9000817841327379,-0.18815955165492257,0.39299970100935916
3.2417083333333334,-0.7202756781613525,-0.6040942746902733,0.3409883498532421
3.4417083333333336,-0.7088988716226794,-0.6125084297112214,0.34970818312528223
3.6417083333333333,-0.8065311068992277,-0.5865005306516355,0.07432833342176184
3.8417083333333335,-0.8306410707580849,-0.5523329194477058,0.07045394001925462
4.041708333333333,-0.84846125311806,-0.5248865036304073,0.06787974855565121
4.241708333333333,-0.849415689866069,-0.5246016288230397,0.05732466175708181
4.441708333333334,-0.8525594553867577,-0.5199410006796094,0.0529502676378658
4.641708333333334,-0.8697157451000245,-0.490126572625616,0.05805571058367844
4.841708333333334,-0.9886293364533905,-0.09300653863472748,0.118160140804403
5.041708333333333,-0.9867114639040994,-0.06848765544534202,0.14734289277677895
5.241708333333333,-0.680901406505089,-0.6278503996443909,0.377063854387782
5.441708333333334,-0.6567074590310621,-0.6703289864063118,0.34553489438326224
5.641708333333334,-0.5998429229995199,-0.7365990448617922,0.3124264950929857
5.841708333333334,-0.6656566722712556,-0.718456928514985,0.2017940448317831
6.041708333333333,-0.20703670376650957,-0.9656462181099263,-0.1570451678450981
6.241708333333333,-0.10723364769194532,-0.9624239416431857,-0.24948166536776561
6.441708333333334,0.15806367137122557,-0.9810689775253776,-0.11189073746275763
6.641708333333334,0.2692475658862177,-0.9474931296725386,-0.17251816567447287
6.841708333333334,0.3063432098559414,-0.9146105391788746,-0.2638965695079942
7.041708333333333,0.33360181432962416,-0.9010368037407576,-0.2772048119723447
7.241708333333333,0.3307593458251214,-0.9026476617062963,-0.27536422056159254
7.441708333333334,0.3203806088715476,-0.8992831126441637,-0.29773503114702676
7.641708333333334,0.33515206333846087,-0.8834320349970609,-0.3274460779745642
7.841708333333334,0.7755341234399121,-0.6295363419899741,0.047231530720160377
8.041708333333334,0.8087121430191755,-0.5881240971286741,0.009732220194521862
8.241708333333335,0.2503169027110712,-0.8601123988516655,-0.4444638450524067
8.441708333333334,0.2413848429832698,-0.8599639293558342,-0.44966142572475165
8.641708333333334,0.6561822494597653,-0.7328132647418958,-0.18002659390280942
8.841708333333335,0.9334347236153906,-0.35629784394718883,0.04185048563211369
9.041708333333334,0.9281652896868505,-0.37174609322735075,-0.017721094512665594
9.241708333333335,0.9947608227605991,-0.10015199301757896,-0.020505701530610744
9.441708333333334,0.9782002133643615,-0.20075102368379694,-0.05313538429168715
9.641708333333336,0.9025315433732319,-0.4203158529268929,-0.09365573658175487
9.841708333333335,0.8935057523467381,-0.44341951476965447,-0.07089855037117343
10.041708333333334,0.28475012420044415,-0.9571030681536572,0.05358249433058951
10.241708333333335,-0.6049221454592407,-0.7949492112305613,0.04609717450015937
10.441708333333334,-0.9285681800902053,-0.3696200789382488,-0.03379544598976388
10.641708333333336,-0.9962233099983318,-0.080166966208642,0.03335227345879954
10.841708333333335,-0.9903997475241634,0.13093965622300752,0.04430740945117375
11.041708333333334,-0.9007337202575192,0.4311765729749342,0.052588288702337414
11.241708333333335,-0.8810810623346262,0.46988944593460524,0.05385229980749771
11.441708333333334,-0.7905481729704295,0.6038193285898968,0.10215578610319606
11.641708333333336,-0.5507762167847463,0.8193542394885215,0.159072905475662
11.841708333333335,-0.42960173372681243,0.8813198140594493,0.19676822844436856
12.041708333333334,-0.4102848878877567,0.8890120673741523,0.20328269683882702
12.241708333333335,-0.4344347790232575,0.8799038292692929,0.1924465484550148
12.441708333333334,-0.5155540152583157,0.8405910895875688,0.16616460952023576
12.641708333333336,-0.7821438414029129,0.6041871669802166,0.15234460480081138
12.841708333333335,-0.5757256810645801,0.7701285878157286,0.27466688623071644
13.041708333333334,-0.5484483243818489,0.7928048071976053,0.26582884186466715
13.241708333333335,-0.4095558273924183,0.8688397931468311,0.2781751931669738
13.441708333333334,-0.3899517087114442,0.8846469137176621,0.25561201638976283
13.641708333333336,-0.5486416261681202,0.8295731713172622,0.1039265099299561
13.841708333333335,-0.5468360024324002,0.8293069741291655,0.1149796899651388
14.041708333333334,-0.4110488653639839,0.9078453681392873,-0.08279865838902827
14.241708333333335,-0.4284694055857546,0.8988211344451101,-0.0923825565342092
14.441708333333334,-0.7617670518235289,0.5236265509191003,-0.38147895607576576
14.641708333333336,-0.775760768045413,0.48662418923512163,-0.4017363926915906
14.841708333333335,-0.929621651378429,0.21903582959505846,-0.2963560200874066
15.041708333333334,-0.9409287811546586,0.31766560078350087,-0.11722454893778225
15.241708333333335,-0.9428566529073211,0.3169178849417381,-0.10288044650203612
15.441708333333334,-0.9319036585778441,0.3437901079247824,-0.11560247757853473
15.641708333333336,-0.9279190240488719,0.34741130532796777,-0.13517274036767354
15.841708333333335,-0.8479916330744799,0.5280591018810445,-0.045428792150590154
16.041708333333332,-0.8273895522550964,0.5613970446593554,-0.01612101320801232
16.24170833333333,-0.6963145037511966,0.7020468643611153,0.14925251122326236
16.441708333333334,-0.5783596447623355,0.7422261330823497,0.3385269393711643
16.641708333333334,-0.3950839834436352,0.9094339163896875,0.129763622585162
16.841708333333333,-0.38816093232851734,0.9150122419197861,0.10992582840617139
17.041708333333332,-0.3144685880159754,0.947737829807306,-0.05387497659745886
17.24170833333333,-0.3115270800765112,0.9482173668412964,-0.0619249836460341
17.441708333333334,-0.3116872581200155,0.9472626180242902,-0.07446197431840237
17.641708333333334,-0.324770667813286,0.9415779898887255,-0.08919025891440631
17.841708333333333,-0.5376711086625166,0.8359440746877562,0.11003309912954105
18.041708333333332,-0.5604455058453071,0.8197315369974486,0.11807219075463365
18.24170833333333,-0.5705138136332315,0.8113745298225622,0.1272216994418901
18.441708333333334,-0.5714122191473895,0.811042073887701,0.1252949727363113
18.641708333333334,-0.7033249101694393,0.617472662167295,-0.3522237672434722
18.841708333333333,-0.8723864746403017,0.48801394767675227,-0.028004030738777653
19.041708333333332,-0.9474915863394514,0.3176902812682948,0.036504506620716776
19.241708333333335,-0.9861937224631148,0.1604931376745945,0.04079086336066936
19.441708333333334,-0.9880903341256846,0.1469368086088586,0.04568441619674063
19.641708333333334,-0.9909180481099317,0.130250070575372,0.033411690246292196
19.841708333333333,-0.9908363530485715,0.13040451233851458,0.03518500588547548
20.041708333333332,-0.9923781695229398,-0.06825303143768352,0.10260161964543467
20.241708333333335,-0.993596512112014,-0.06853857939141055,0.08982446356003497
20.441708333333334,-0.9945109978887748,-0.059530785641773984,0.08604627033838819
20.641708333333334,-0.969616340381171,0.24420321929799513,0.01445476220215884
20.841708333333333,-0.959108193509108,0.28301616365878246,-0.003650239931920601
21.041708333333332,-0.773641073691435,0.49853145788755365,-0.39108295103989615
21.241708333333335,-0.7445085838569748,0.5225285188277636,-0.4155369003770251
21.441708333333334,-0.7311477775162983,0.5408427346201784,-0.41582696382214684
21.641708333333334,-0.7191863514252252,0.6941484792660804,0.03047754347483538
21.841708333333333,-0.7140452029887557,0.700023049136592,-0.010352717819749805
22.041708333333332,-0.5147903914022707,0.8571128311234044,-0.01866675235597079
22.241708333333335,-0.4690028613769614,0.8831194304075046,0.011678512617093939
22.441708333333334,-0.5669915527501381,0.821597609250287,-0.05914344920784002
22.641708333333334,-0.5361466545625023,0.8369267422651571,0.11000178581672428
22.841708333333333,-0.5302789480787992,0.8374895170482805,0.13196797360981222
23.041708333333332,-0.5276264452894517,0.838709342190267,0.13482200693502214
23.241708333333335,-0.5313524318172884,0.838592070099304,0.120116331813865
23.441708333333334,-0.5080082142183611,0.8526089943396933,0.12241550987407103
23.641708333333334,-0.5019440304922119,0.8576848630505792,0.1114848238422737
23.841708333333333,-0.3524424176257398,0.9358324318047269,-0.00141486415440611
24.041708333333332,-0.27429678692546844,0.9613360095375221,-0.024379283189566916
24.241708333333335,-0.22541539155260387,0.9733641349364371,-0.04183493839636376
24.441708333333334,-0.25452331490015745,0.9620657275570174,-0.09822127077381153
24.641708333333334,0.16135778746713053,0.9774152127175524,-0.13646672258105336
24.841708333333333,0.23404735485387207,0.964449185810849,-0.12271757687754734
25.041708333333332,0.3136672685086591,0.9411639715205155,-0.1257903946175826
25.241708333333335,0.1866714934740099,0.8936764703652191,-0.40803936065010465
25.441708333333334,0.14728704210787208,0.8828456841306336,-0.44597087936212565
25.641708333333334,0.019834159979108035,0.8903078981645498,-0.4549268650714578
25.841708333333333,-0.6585164618761281,0.730116549937791,0.18244421872200597
26.041708333333332,-0.6125336607169976,0.7713369552078027,0.1727478394058539
26.241708333333335,-0.64202141715533,0.7317194898264316,0.228899733774437
26.441708333333334,-0.42252928943630774,0.8047366243583962,0.41697477739630984
26.641708333333334,-0.4583392961827183,0.8179899682188064,0.3475881204358487
26.841708333333333,-0.8783667032035134,0.4281476628236621,0.21251238439683218
27.041708333333332,-0.9997894734906572,-0.00949106806881786,0.01819143546254952
27.241708333333335,-0.9908554999936208,-0.11675443720918004,0.06762972367502093
27.441708333333334,-0.9750062361558006,-0.20873245421362713,0.07611571464064291
27.641708333333334,-0.9113479572228071,-0.3950508503066401,0.11567076786213924
27.841708333333333,-0.8403229719101171,-0.5310754452726995,0.10870222770740597
28.041708333333332,-0.8328154686625472,-0.5405941395510845,0.11906456836273606
28.241708333333335,-0.8303960401256861,-0.5420658593198576,0.12886823000027894
28.441708333333334,-0.8279127201941545,-0.5472961368644204,0.12258656661313887
28.641708333333334,-0.8375267479832809,-0.5352236221349412,0.10993007196078769
28.841708333333333,-0.889815177183364,-0.44928196426340755,0.07984151202070913
29.041708333333332,-0.8921569376889436,-0.4442756567047033,0.0817015262592536
29.241708333333335,-0.6879712863139538,-0.6239958592669602,0.37057344322713154
29.441708333333334,-0.678249733575854,-0.6379603759933239,0.36466951828572114
29.641708333333334,-0.690459533597906,-0.6293860626858852,0.35656530476270554
29.841708333333333,-0.6922484764399028,-0.6371570278760905,0.3388553802062763
30.041708333333332,-0.7093193637565827,-0.6266248393958107,0.3228116337001063
30.241708333333335,-0.8843010385702615,-0.4619486980914766,0.06793433237434111
30.441708333333334,-0.887359487319784,-0.45350688792385185,0.08321443906674725
30.641708333333334,-0.8773534710412685,-0.4713091511953264,0.09010311232903642
30.841708333333333,-0.8677781711419675,-0.49067358706449465,0.07874310539192517
31.041708333333332,-0.8878543575474322,-0.4037107054610031,0.2207539491837361
31.241708333333335,-0.994859231723403,-0.0013177358767312304,0.10125893850361975
31.441708333333334,-0.9958028746579661,-0.0063579001315615885,0.09130285827315739
31.641708333333334,-0.995786841768415,-0.0016663431179001025,0.09168309037930131
31.841708333333333,-0.9953465564705778,0.0022370421864329093,0.0963339408745425
32.04170833333333,-0.9950252175065739,0.0028172414223805488,0.09958353115231236
32.241708333333335,-0.9959368902593879,0.005723689598241842,0.08987185320133662
32.44170833333333,-0.984540558424055,-0.05665607736327018,0.16574069420591014
32.641708333333334,-0.984913351261613,-0.060296300575918775,0.162203719573496
32.84170833333334,-0.7532339044261578,-0.551855165373795,0.35790300595718283
33.04170833333333,-0.5994297728906892,-0.706176400867543,0.3768273321164228
33.241708333333335,-0.5898614677414522,-0.7199505217667301,0.3656975459060575
33.44170833333333,-0.7800414389340482,-0.5316240082309691,0.33001707140409836
33.641708333333334,-0.7876051981201341,-0.5307459560869539,0.3130284044483658
33.84170833333334,-0.8718838415765218,-0.4882054556547452,0.03839270590502213
34.04170833333333,-0.9024946107214556,-0.42648400340077736,0.06012380944329611
34.241708333333335,-0.9871495788016864,-0.15476966764652897,0.039775105885921536
34.44170833333333,-0.961086607647976,-0.2620910516670112,0.08729726934896588
34.641708333333334,-0.9784444213509904,-0.038093260019609144,0.20296654371645637
34.84170833333334,-0.9746462360827862,-0.030818370207370757,0.221618912882946
35.04170833333333,-0.9739544574741534,-0.027515816232809225,0.2250679777828681
35.241708333333335,-0.9359750253092407,-0.32989761551799773,0.1229565584786159
35.44170833333333,-0.9407422188975977,-0.3238134870970906,0.10074176471378145
35.641708333333334,-0.9518541861757378,-0.2943465531190891,0.08563711185365368
35.84170833333334,-0.9514779256662076,-0.2521157992612993,0.17642953475188813
36.04170833333333,-0.9709606677495558,-0.05249033226463848,0.23340982563312254
36.241708333333335,-0.9700591017705725,-0.04931041634599054,0.23781047477320078
36.44170833333333,-0.9688318299489661,-0.038889903903048896,0.24464762547825708
36.641708333333334,-0.9686198514713487,-0.025005923353363012,0.24728584094700548
36.84170833333334,-0.9709573658990037,-0.012010143459011384,0.23895093651325527
37.04170833333333,-0.9723477680982642,-0.006079301841444819,0.233458475886923
37.241708333333335,-0.9757844933587286,-0.010844662966085264,0.21846513636230788
37.44170833333333,-0.9777600812349506,-0.02602752973527543,0.20810524077807827
37.641708333333334,-0.9601102598602506,-0.2746797801064064,0.0523383923308551
37.84170833333334,-0.9634829129841862,-0.2561920409503072,0.07788654916751458
