0.03327503885003885,-0.9945958979162798,-0.09784430775748924,0.03472018559234785
0.23327503885003886,-0.9958650424125086,-0.07255734256893158,0.054664882146288334
0.4332750388500389,-0.9973838230614434,-0.025134419244553688,0.06777735952793146
0.633275038850039,-0.999617516669046,-0.004243204129997126,0.027327926871996228
0.833275038850039,-0.9995400648734207,0.00013559578187341496,-0.03032557215654964
1.033275038850039,-0.9891183120361796,0.01577988946790259,-0.14627357889612072
1.233275038850039,-0.9644180900269578,-0.02413784894219396,-0.26327763269445925
1.433275038850039,-0.8780254222165209,0.07213422693574287,-0.4731469235299778
1.633275038850039,-0.8515239114889921,0.07919648082952517,-0.5183000536240625
1.833275038850039,-0.8335868839202443,0.11515852646804797,-0.5402512570442062
2.033275038850039,-0.8103901760369427,0.17121918393238947,-0.5603139777270769
2.233275038850039,-0.7665539827830326,0.24921452193185514,-0.5918505837943794
2.4332750388500393,-0.653585560146031,0.42034834158853,-0.6293911242561111
2.633275038850039,-0.5331499770133674,0.4641461737818303,-0.7073326172136648
2.833275038850039,-0.4197235909254359,0.5377732965450188,-0.731185331324255
3.033275038850039,-0.38525281193007593,0.5938316091171503,-0.7063598876729239
3.233275038850039,-0.4021287638885378,0.6684019358990151,-0.6257246274040408
3.4332750388500393,-0.4343539582103398,0.7425652262450667,-0.5098367618744485
3.633275038850039,-0.41362763681751463,0.8308954069116441,-0.3721894689991807
3.833275038850039,-0.34732581740946505,0.9077419356367692,-0.23530693752471193
4.0332750388500385,-0.22993374699302016,0.9646379843125673,-0.1288566304663337
4.233275038850039,0.0033251198215749067,0.9983344716445282,-0.057595367039483904
4.433275038850039,0.10549968010154626,0.9941746377752827,-0.02205917276004417
4.633275038850039,0.13369353993343674,0.990911076853033,-0.014875320165581586
4.833275038850039,0.11625721313870618,0.9932131866818061,-0.0034389234642412925
5.0332750388500385,0.0818776808250089,0.9965921694133406,-0.010004661250100738
5.233275038850039,0.02507640929698096,0.9962317753214318,-0.08302664353494742
5.433275038850039,0.00963430463026782,0.9907662607403317,-0.13523829617720073
5.633275038850039,-0.24510863389384074,0.9292712493846372,-0.27636335259547445
5.833275038850039,-0.5311997066253351,0.7679116678297713,-0.357964442496817
6.0332750388500385,-0.6901741499043432,0.6038422866586531,-0.3987908419794345
6.233275038850039,-0.732334302412338,0.5393577953003147,-0.4156677016067262
6.433275038850039,-0.7824938255646807,0.41897737846496397,-0.4606097798438254
6.633275038850039,-0.8114921913807229,0.22010778301901424,-0.541325213880313
6.833275038850039,-0.6675386955957074,-0.05375514397829915,-0.7426321258727323
7.0332750388500385,-0.48217384299857097,-0.2512877594913742,-0.8392632763667159
7.233275038850039,-0.309176204337423,-0.33005351045640563,-0.8918939146035854
7.433275038850039,-0.12116371684654884,-0.2895060541459268,-0.9494764864559762
7.633275038850039,0.0051506507229063525,-0.25227513957257736,-0.9676418370196526
7.833275038850039,0.06094151977992794,-0.19666088253382377,-0.9785758164025566
8.03327503885004,0.0008582062986431209,-0.23265797368878438,-0.9725582402925691
8.23327503885004,-0.58920137966291,-0.1681145047007281,-0.7903032630025973
8.43327503885004,-0.837587379943662,0.5288527481230126,-0.13697500414984037
8.633275038850039,-0.207761646732397,0.9458227535029721,0.24950835076826325
8.83327503885004,0.30583262673205425,0.9039568725156738,0.29887853228001177
9.03327503885004,0.6404696954014726,0.6977772448190166,0.3207888493777916
9.23327503885004,0.7280673301033158,0.49415354720017546,0.475110760376687
9.43327503885004,0.6741628489798863,0.37998555783561594,0.6333367420982922
9.63327503885004,0.7242981669987696,0.21984510381703734,0.6534985046730393
9.83327503885004,0.796745611131904,0.03128124282573264,0.6035046934277533
10.03327503885004,0.820032059050476,-0.12090348329706815,0.5594012601488059
10.23327503885004,0.8104845299389215,-0.21644732370801323,0.5443026573417804
10.43327503885004,0.8040203950900308,-0.2146526094451943,0.5545046992926563
10.63327503885004,0.8161372672034313,-0.050253022974947825,0.5756688238593387
10.83327503885004,0.5173460265327363,0.5766908700019834,0.6322821595515287
11.03327503885004,-0.20067221821608036,0.8076055985804872,0.5545303039308955
11.23327503885004,-0.7596992073500015,0.3064725391804659,0.5735256725553419
11.43327503885004,-0.8430099078253637,-0.14442341796461955,0.5181468630144249
11.63327503885004,-0.7321812026593231,-0.41895876708273433,0.5370141878543456
11.83327503885004,-0.5691225740009884,-0.5616963370752523,0.6004970613406313
12.03327503885004,-0.4540622983641809,-0.6552311899054089,0.6037379539000176
12.23327503885004,-0.11930950666574908,-0.8629493919772642,0.4910026359453134
12.43327503885004,0.05491583220521862,-0.8931694329608549,0.44635480886576495
12.63327503885004,0.3006845919421317,-0.8349123695132195,0.4609881900899573
12.83327503885004,0.6181771489927834,-0.7186414403351915,0.31845171171798575
13.03327503885004,0.7666142322649414,-0.5919738780764939,0.24873589721612455
13.23327503885004,0.7516633722533262,-0.6046409466288609,0.2634606241405199
13.43327503885004,0.6916127795721811,-0.6906879571855697,0.21123898534898
13.63327503885004,0.5720652419261799,-0.8201785302182086,-0.006966889481002504
13.83327503885004,0.3868459610170961,-0.9148016828411055,-0.11613820868190027
14.03327503885004,0.18301528745180046,-0.9457527845536432,-0.2684344893413754
14.23327503885004,-0.018145190527298738,-0.9433081420507828,-0.3314219383224765
14.43327503885004,-0.19075932983983546,-0.9290402628347714,-0.31700957100844224
14.63327503885004,-0.5229238416311435,-0.8254641682766436,-0.21250779455134433
14.83327503885004,-0.7363324026796936,-0.6678597981900395,-0.10852595415618228
15.03327503885004,-0.7886575300175955,-0.6024071898687385,-0.12298324252106378
15.23327503885004,-0.8686625631941701,-0.4821493338630799,-0.1138304491791293
15.43327503885004,-0.939880316775034,-0.32382315614748247,-0.10845991739598804
15.63327503885004,-0.9749595028084868,-0.18478987611759248,-0.1237201259612721
15.83327503885004,-0.9861673567370063,-0.03538364301140423,-0.16193190641003194
16.03327503885004,-0.9667600340144953,0.1417576045294239,-0.2127905500495058
16.23327503885004,-0.8918193520526321,0.3792258209293148,-0.2466698604307205
16.43327503885004,-0.7373818995949769,0.6198595985595505,-0.2684064310393777
16.63327503885004,-0.619297309096704,0.7297201654412423,-0.2897918616765964
16.83327503885004,-0.601521252057214,0.7014745894850719,-0.38223760101574483
17.03327503885004,-0.5681258577079371,0.756839308335605,-0.32315208673580353
17.23327503885004,-0.5029515992576117,0.8221862279805824,-0.26655111202782994
17.43327503885004,-0.4955797252690579,0.8430440974861689,-0.20899135292154192
17.63327503885004,-0.5492618681026376,0.8147200734928386,-0.18585640181663107
17.83327503885004,-0.5948229018320832,0.7912654335240759,-0.141720602475493
18.03327503885004,-0.637240607817876,0.7584859326549239,-0.13646793657300788
18.23327503885004,-0.6766037731995191,0.7253237886230173,-0.12693595136810673
18.43327503885004,-0.7090539989074205,0.6955589202973507,-0.11593194136293772
18.63327503885004,-0.7388148650231398,0.6644718033503758,-0.1123824620354073
18.83327503885004,-0.7657677724758437,0.6354592842031109,-0.0989505773477585
19.03327503885004,-0.7890890756008606,0.6075876464311392,-0.09041948170415694
