0.041708318865740744,-0.9937850901371872,-0.10260436984050725,0.043168714489260976
0.24170831886574076,-0.9948848137730163,-0.03457731806759118,0.09491373135159911
0.44170831886574075,-0.9978520333414466,-0.01866136836991914,0.06279389211462526
0.6417083188657409,-0.992916341147557,0.00822899123418659,-0.11853026274085551
0.8417083188657408,-0.9456819196218125,-0.035735296414061604,-0.32312334408179694
1.0417083188657408,-0.8998418587928663,-0.1058243105436733,-0.42318535473496205
1.241708318865741,-0.8468635910422377,-0.2449319304150128,-0.47204915806536657
1.441708318865741,-0.8721744346352077,-0.2526942049594777,-0.41887634732538176
1.6417083188657409,-0.9169472235944435,-0.1775861770409612,-0.3573107035430347
1.8417083188657408,-0.9510208482090721,-0.11087810652106019,-0.28855743235273196
2.041708318865741,-0.970639223693972,-0.0625597370284377,-0.2322623015680691
2.241708318865741,-0.9903626484607168,-0.0202059843894739,-0.13701657829885727
2.441708318865741,-0.9959225868387384,-0.016298438025701637,-0.08872745878452094
2.641708318865741,-0.9148553963056155,-0.3940493957751424,-0.08811740769984822
2.841708318865741,-0.4656906613594817,-0.8705272828591946,-0.159105178169527
3.041708318865741,-0.11577914347893165,-0.9671522185806184,-0.22630019007917998
3.241708318865741,0.13224650756641548,-0.9619315060477333,-0.2391623693418879
3.441708318865741,0.2159740004865296,-0.9474835793943207,-0.23586033556316843
3.641708318865741,0.22367868753839143,-0.9513811047063367,-0.21175891563014027
3.841708318865741,0.16867756129609024,-0.9623188898469913,-0.2132843983015578
4.041708318865741,0.05348798288947404,-0.9742456839999388,-0.2190533790972125
4.241708318865741,-0.03956422491606726,-0.9766251521649738,-0.21127703203503242
4.441708318865741,-0.2533988758384837,-0.9600153184489925,-0.11899410937971787
4.641708318865741,-0.8603602806491061,-0.4929357774376402,0.12959362176951966
4.8417083188657415,-0.9747504254667518,0.1398850613297377,0.1740510777592652
5.041708318865741,-0.9617734811155108,0.2312930866162401,0.14661268398909352
5.241708318865741,-0.9149900469893436,0.3754891654960532,0.14765195733723344
5.441708318865741,-0.5690381296163778,0.8142895742998986,0.11457790462905343
5.641708318865741,-0.32383918683341784,0.9398927075828274,0.10830456732609417
5.8417083188657415,-0.2392466368247767,0.965175424197426,0.10581799135001671
6.041708318865741,-0.5289118648944022,0.8332150447007709,0.16126043674199236
6.241708318865741,-0.769137185575696,0.6272779045747072,0.12227191090787111
6.441708318865741,-0.8598254939894255,0.5099714036540623,0.025085600270787003
6.641708318865741,-0.8752757845890938,0.48246254509609116,-0.03349915657667572
6.8417083188657415,-0.9441723376552595,0.25910110183207036,0.2034827163078215
7.041708318865741,-0.8341076288249132,-0.1995914416002594,0.5142253591335333
7.241708318865741,-0.5138487501500976,-0.6440224344057026,0.5667402985065869
7.441708318865741,0.30297475481114206,-0.895268532284576,0.32665050596646883
7.641708318865741,0.8189323787329846,-0.5642245642074618,0.10488279271470442
7.8417083188657415,0.9403265783403675,-0.3392485506568073,0.02638838653560088
8.04170831886574,0.9637073121211266,-0.1983354494239316,-0.1786932177394556
8.241708318865742,0.710997917856943,-0.3670087318558925,-0.5998220999134838
8.441708318865741,0.2584903017663762,-0.5602553576857537,-0.7869540635114199
8.64170831886574,-0.1012912765623262,-0.5935412877649653,-0.7984039184589972
8.841708318865741,-0.30425882325639364,-0.5118214332686221,-0.8034086064497246
9.04170831886574,-0.5292694235868906,-0.42779754101343304,-0.7327094520741905
9.241708318865742,-0.8034407254190679,-0.2628329961443995,-0.5342301160322586
9.441708318865741,-0.8838208933650992,-0.09909135184775854,-0.4572105996587377
9.641708318865742,-0.9971425693226279,-0.0755339560385939,-0.0011480112491708857
9.841708318865741,-0.9741877395458671,0.07675666608084473,0.21228910082872202
10.04170831886574,-0.9038234260381883,0.18940072613878936,0.3837063714387488
10.241708318865742,-0.812877437744244,0.3433278876078411,0.47048510369308266
10.441708318865741,-0.683958381285598,0.5381829813856635,0.49250381847862246
10.641708318865742,-0.5377716550561069,0.70075174759902,0.468773543680885
10.841708318865741,-0.48368255579358316,0.7493470791764376,0.4522500858493326
11.04170831886574,-0.5078237627479335,0.7423415642741512,0.4370858358944347
11.241708318865742,-0.5461773497876214,0.7170719810280006,0.43301048093960653
11.441708318865741,-0.6374222434632273,0.6484578694605154,0.416167364257501
11.641708318865742,-0.7574429988518766,0.526390331011244,0.38625551505208183
11.841708318865741,-0.8559112147560282,0.40081711483582166,0.3267439867993713
12.04170831886574,-0.8805599770591425,0.3612185389304556,0.30681475507959055
12.241708318865742,-0.8746294307344238,0.3646216819039136,0.3194908261261024
12.441708318865741,-0.8461931703469988,0.4049202091979593,0.34640545988938515
12.641708318865742,-0.8170700487533539,0.46740828390679734,0.33752930475070547
12.841708318865741,-0.8082861802267679,0.49627816253639867,0.3168302956535522
13.04170831886574,-0.8080545018696096,0.4968445081134118,0.3165335002267521
13.241708318865742,-0.8120985315109263,0.48050419277496015,0.3310765709673242
13.441708318865741,-0.8136134573788373,0.4592610101223611,0.35652835308491754
13.641708318865742,-0.8042258495776365,0.4599387910094765,0.37640017454282576
13.841708318865741,-0.7793836829686724,0.4893203600792738,0.39131401704267904
14.04170831886574,-0.722341449887783,0.5575451812813151,0.4091041439584806
14.241708318865742,-0.6804180672895276,0.6037962698478738,0.4152846231487236
14.441708318865741,-0.664060609001788,0.6163733417713819,0.42321083531232256
14.641708318865742,-0.6813596441341547,0.5949666616073047,0.4263375504471043
14.841708318865741,-0.6975031151601125,0.5782658669166612,0.42319970640474364
15.04170831886574,-0.7093707271948035,0.5661622571016164,0.4198255233221523
15.241708318865742,-0.7149508455315741,0.5628389570882201,0.41479826043214324
15.441708318865741,-0.725042953130615,0.558046644914413,0.40360458150943235
15.641708318865742,-0.7339606325141346,0.5469068089609944,0.40273407135671246
15.841708318865741,-0.7337066418513849,0.5407656123761232,0.4113965437076982
16.04170831886574,-0.7395946664128448,0.5305195939350342,0.41418436699696853
16.24170831886574,-0.7495642705253542,0.5258623227030894,0.40202266343218224
16.441708318865743,-0.7676973920815766,0.5120392040565424,0.38530061990644193
16.641708318865742,-0.7902771254559844,0.49182134476108424,0.3654775366810186
16.84170831886574,-0.8100743370657031,0.4730351509580367,0.34643515177543605
17.04170831886574,-0.824215415304689,0.44861930233070363,0.3455570441337174
17.24170831886574,-0.8259105915625216,0.4391917928254448,0.3535283070131973
17.441708318865743,-0.8283093056248585,0.43717336917280947,0.3504042515457809
17.641708318865742,-0.8236260515335612,0.44888776860623136,0.3466120286876294
17.84170831886574,-0.8150466483791143,0.46616451029645506,0.3440779131331148
18.04170831886574,-0.7646547972825443,0.5189889913795165,0.382038568497558
18.24170831886574,-0.6417741186213306,0.6381460575106456,0.42531822198376895
18.441708318865743,-0.5927061997954813,0.6830506036603916,0.4267800763428088
18.641708318865742,-0.5305753279326595,0.7391360378090981,0.4149310051093055
18.84170831886574,-0.49324440405086856,0.7712423569543017,0.4023620070435043
19.04170831886574,-0.4838988814485934,0.7837131381560202,0.38940414688911906
19.241708318865744,-0.48960600733199966,0.7835432679852316,0.3825518328010491
19.441708318865743,-0.5325689692411402,0.7588786060300198,0.37479801801952406
19.641708318865742,-0.6024643941720331,0.6982245912507506,0.386676963275093
19.84170831886574,-0.6528129853910063,0.6439713937364162,0.3989186009125911
20.04170831886574,-0.6717528667683539,0.6225206471663675,0.40151728460934943
20.241708318865744,-0.6742246006348787,0.6178857679151729,0.4045223920954383
20.441708318865743,-0.6723991716261215,0.6177370036663342,0.40777487452986266
20.641708318865742,-0.6642031900579402,0.6261001711631413,0.40845158585362573
20.84170831886574,-0.6645553547572238,0.6230486345699432,0.4125246409901228
21.04170831886574,-0.6506333535115008,0.6288838844212089,0.4256539665193671
21.241708318865744,-0.6545602900294898,0.6308889311072193,0.41656930194494646
21.441708318865743,-0.6491492371267551,0.642323122651277,0.4074632180274242
21.641708318865742,-0.638394996013735,0.6677887224832264,0.3827663140727567
21.84170831886574,-0.5764759353753768,0.7339799051238738,0.3590946878017459
22.04170831886574,-0.5488162729471893,0.7733061689235822,0.31748742912608074
22.241708318865744,-0.5725922576431317,0.7579843019399243,0.3124066332519
22.441708318865743,-0.5963901429686099,0.7290633628715358,0.3358353916553884
22.641708318865742,-0.5804867551491881,0.7287537593433093,0.3632534725771528
22.84170831886574,-0.582603450569986,0.717239852652683,0.3822828967540981
23.04170831886574,-0.579098465571876,0.7146037047739482,0.3924111521040737
23.241708318865744,-0.5776550595848474,0.7147877509786834,0.39419931911009504
23.441708318865743,-0.5806392231085176,0.7130523680695109,0.39295599369191436
23.641708318865742,-0.5759154651695166,0.7155897191856107,0.3952881616927564
23.84170831886574,-0.5729272821047984,0.7168910046426479,0.39726768920019656
24.04170831886574,-0.5847115518771453,0.7050060942738096,0.40134624470425645
24.241708318865744,-0.5923452752169407,0.7016084189802504,0.39607158613589066
24.441708318865743,-0.5955765065894589,0.7011808546958852,0.39196177595097786
24.641708318865742,-0.5944915957550588,0.7013536812160436,0.39329728758447896
24.84170831886574,-0.5945246490723871,0.7006784415644075,0.39444918959509595
25.04170831886574,-0.5958176651630143,0.7002284057391966,0.39329567716367997
25.241708318865744,-0.5999517110450139,0.6975831831722408,0.39170862508942045
25.441708318865743,-0.6021731401361409,0.6956383341582646,0.39175862128113403
25.641708318865742,-0.6034324893425077,0.6954020378856259,0.3902374104444916
25.84170831886574,-0.604416112356381,0.6947343419127798,0.38990429247575087
26.04170831886574,-0.6052025197832314,0.6961512543491741,0.386139017862866
26.241708318865744,-0.6097353826064333,0.6934539263330052,0.3838546798609156
26.441708318865743,-0.6106579723810175,0.6943217224039382,0.3808072827107338
26.641708318865742,-0.6105555292670444,0.6941831206960108,0.3812240032083326
26.84170831886574,-0.6121865832171478,0.6921759599221239,0.3822564948235686
27.04170831886574,-0.6137619106626444,0.6909021561553772,0.3820347204634562
27.241708318865744,-0.6158386371099832,0.6895654793477645,0.3811065766087044
27.441708318865743,-0.6132758662048483,0.6904166907849174,0.3836893339881847
27.641708318865742,-0.6013072220134765,0.7012686443722815,0.3829515807183709
27.84170831886574,-0.5954221631502047,0.7081565578612017,0.3794558435282106
28.04170831886574,-0.5877625130252554,0.7170657769539643,0.37463568944194875
28.241708318865744,-0.5865063338449814,0.7219660445057151,0.3671176254832927
28.441708318865743,-0.5933060435091276,0.7186229585506206,0.3627243887299257
28.641708318865742,-0.5972759759351463,0.7150455576378043,0.36327848693964804
28.84170831886574,-0.599226897126389,0.7133103090464844,0.36347699895356333
29.04170831886574,-0.5956891189393051,0.7176755948114122,0.3606885279426006
29.241708318865744,-0.5905996857467439,0.7231072934658523,0.3582008561301004
29.441708318865743,-0.5905585365827358,0.7259012887708711,0.352573302775531
29.641708318865742,-0.5920681191665255,0.7281999962611192,0.34522472059793025
29.84170831886574,-0.5929429251747507,0.7307972263659657,0.33816283270197095
30.04170831886574,-0.5895287482134263,0.7347136321880993,0.33563631166320695
30.241708318865744,-0.5883144615284428,0.7353542616011641,0.3363632029540462
30.441708318865743,-0.5933590317675179,0.7315586005635151,0.33577830984366075
30.641708318865742,-0.5980334471331782,0.7288291366024058,0.33341278582171946
30.84170831886574,-0.5966666562436396,0.7297475849735511,0.33385230799307675
31.04170831886574,-0.5919023934810617,0.731615023329497,0.338217406751886
31.241708318865744,-0.5917053008823658,0.7291169110518563,0.34390895150593004
31.441708318865743,-0.5956694199629247,0.724212036657796,0.3474116694657791
31.641708318865742,-0.5980510919819526,0.7186640020732021,0.3547632217456074
31.84170831886574,-0.5969366540242622,0.7185783945236053,0.3568076821008711
32.03198888888889,-0.5956801040731153,0.7214017898337962,0.35319211661082955
