0.016666513,-0.9854458541303828,-0.042322155885831256,0.16463688438018909
0.216666513,-0.9856458853260802,-0.03368227186002966,0.1654318388403977
0.416666513,-0.984759179743742,-0.04022971078134186,0.1692067619242268
0.6166665130000001,-0.984849681837537,-0.04593052886256116,0.16721689718120009
0.816666513,-0.9856631686844836,-0.04316854022205126,0.163109150675125
1.016666513,-0.9874990969209357,-0.029154365833189057,0.1549049919570077
1.2166665130000003,-0.9884128993820902,0.13086688760007334,0.07690122277935789
1.4166665130000002,-0.9591353856302856,0.2815501261880051,0.028086268448515753
1.6166665130000002,-0.936155778857023,0.3508910576075014,-0.022086724603019067
1.8166665130000001,-0.9264465728979192,0.3695484101566555,-0.07162904520087622
2.016666513,-0.9181538255948933,0.38320555131691547,-0.10073260636636822
2.2166665130000003,-0.9172077531541639,0.38606810126179414,-0.09839389585743248
2.4166665130000005,-0.9084980077607111,0.416150735430502,-0.03807801590775464
2.616666513,-0.8641348722265946,0.503227396674654,0.00575411487353778
2.8166665130000004,-0.866510040517232,0.49915544892174557,0.002046336862704158
3.016666513,-0.8740619187421245,0.4855700974436754,0.015409174973863852
3.2166665130000003,-0.8858313680757678,0.46393410457458906,0.008242205141105526
3.4166665130000005,-0.9083510932413903,0.41787323344465194,-0.01674073408434253
3.616666513,-0.926935743876721,0.3736050163211086,-0.034776694831668134
3.8166665130000004,-0.9310990964239799,0.3617364155659848,-0.04691735597752451
4.016666513,-0.9316015916012318,0.358573363211264,-0.05952829345290102
4.216666513,-0.9341483406951521,0.34999154074570626,-0.06980543662882402
4.416666513,-0.9319777593434331,0.3542644712230165,-0.07690344932622292
4.616666513,-0.9316867035400955,0.35171937011759674,-0.09084806619114587
4.816666513,-0.9307177372118651,0.3405400927019532,-0.13340516819737866
5.016666513,-0.8913600687284912,0.3189354178121159,-0.3221139971211299
5.216666513,-0.8226658655389008,0.29177427128670824,-0.4879432838888572
5.416666513,-0.7823917304211073,0.2281476629321192,-0.5794927299520487
5.616666513,-0.7454800044477311,0.2133707621504555,-0.6314526750501136
5.816666513,-0.6782934401629156,0.20905197665504333,-0.7044254964782127
6.016666513,-0.632495092498371,0.21253728050056853,-0.7448341173462049
6.216666513,-0.611566715753856,0.21250089322124185,-0.7621217242424057
6.416666513,-0.6135721462969232,0.22318883446816143,-0.7574404038981095
6.616666513,-0.6217278946339426,0.2482911336232503,-0.7428364140227149
6.816666513,-0.6229842188621307,0.248197847737551,-0.7418143240914051
7.016666513,-0.6240971970769421,0.2545909945903245,-0.7387057019369853
7.216666513,-0.6313103680746464,0.252731313561354,-0.73319445054297
7.416666513,-0.638569883438376,0.23578227790546294,-0.7325539034031626
7.616666513,-0.6456952113241078,0.22963200117057317,-0.7282491593620369
7.816666513,-0.6502586151935518,0.22520863491329043,-0.7255651618752491
8.016666513,-0.6632651016791503,0.22427954129019642,-0.7139874594509383
8.216666513000002,-0.6709494012117411,0.22955609734492463,-0.70507510180503
8.416666513000001,-0.6920291799329943,0.2303067337612465,-0.684145030315571
8.616666513,-0.7050372121270039,0.2684686194817441,-0.6563894650813258
8.816666513000001,-0.7150810367227639,0.34125416131983966,-0.6100858204395426
9.016666513,-0.7222503333339403,0.4172812331833235,-0.5515712360448263
9.216666513000002,-0.7321030495763918,0.5025493780469773,-0.4598578556744939
9.416666513000001,-0.73378789806174,0.5665279435749051,-0.3749685450900142
9.616666513000002,-0.7157908066815502,0.6325458628702003,-0.2958534306645263
9.816666513000001,-0.7242196045613446,0.6608343609202892,-0.19698708535353926
10.016666513,-0.7258969221718914,0.6758694613371218,-0.12757009686146567
10.216666513000002,-0.6781766937589926,0.7258173779399444,-0.11517597806186028
10.416666513000001,-0.6535634780844,0.7499608750382182,-0.10204639153900776
10.616666513000002,-0.6611523404494846,0.7451750852522118,-0.08713021885389712
10.816666513000001,-0.6625901761237943,0.7432156029745184,-0.09276220135088388
11.016666513,-0.6847010870169364,0.7216075827209244,-0.10230795666755253
11.216666513000002,-0.7124342883752192,0.6944948439897933,-0.10056985840144886
11.416666513000001,-0.7870560719895949,0.6141009574098264,-0.05850430456508458
11.616666513000002,-0.8431772080201541,0.5376356023761895,-0.00039361520528330705
11.816666513000001,-0.8656472817126363,0.499364260666259,0.03591822424290835
12.016666513,-0.8806641344474463,0.4475890645653761,0.15522471317229583
12.216666513000002,-0.8792369309805425,0.4424885599827945,0.17648312521108114
12.416666513000001,-0.8676089826451031,0.45585917986576197,0.19861284290207362
12.616666513000002,-0.8722921119279246,0.448662956276877,0.19444285312968962
12.816666513000001,-0.8697904269266064,0.45697052058153537,0.18612510992951178
13.016666513,-0.8686299169208975,0.4597657476024744,0.18465515092066206
13.216666513000002,-0.8690135994008149,0.46173495978873164,0.17780942316238074
13.416666513000001,-0.8725718370450641,0.4602134462567917,0.1637741526622847
13.616666513000002,-0.8763054386050406,0.4579360254863299,0.14961074437690358
13.816666513000001,-0.8779209382495697,0.4578316317768919,0.14016070464828437
14.016666513,-0.8789558408246794,0.4574430638246197,0.13484240148753743
14.216666513000002,-0.8783388992089078,0.4600114985573656,0.1300392222811697
14.416666513000001,-0.8782540979450275,0.4627447290438829,0.1205697108932001
14.616666513000002,-0.875036088750782,0.47099989560333594,0.11167337070842287
14.816666513000001,-0.876437611217977,0.47131219199266144,0.09859985457189711
15.016666513,-0.8804231224340662,0.4651560171777583,0.09211408777583659
15.216666513000002,-0.8831304592132969,0.46155504156284843,0.08394960165259156
15.416666513000001,-0.8862440016531566,0.45663330113029194,0.07783057132420505
15.616666513000002,-0.8882645211177876,0.45319902511602056,0.07481165789685339
15.816666513000001,-0.8882364221251071,0.45342168537765154,0.07378911599740474
16.016666513,-0.8873683591262391,0.455158801813982,0.07353815576193301
16.216666513,-0.8897303626729907,0.4511798933592169,0.06940162509735862
16.416666513000003,-0.8909776034241873,0.4492445519891489,0.06586533765616527
16.616666513000002,-0.8910003711812389,0.4494098460023277,0.06441373200691611
16.816666513,-0.8950258693274254,0.4412161899784815,0.06524543612820076
17.016666513,-0.9282395059832989,0.3712066911641944,0.024021073390073106
