0.03336666666666667,-0.8483354572350879,0.30324168694511733,-0.43401777762715466
0.23336666666666667,-0.7785879289968463,0.35256779955203255,-0.5191307961770714
0.4333666666666667,-0.9687426628078153,-0.07431306711204715,-0.236675350031269
0.6333666666666667,-0.9917149049553035,-0.03368286407477022,0.12396375259411294
0.8333666666666667,-0.9848954052179639,-0.059724543384003605,0.16252390500512576
1.0333666666666668,-0.9387563691974136,0.14909195231390987,0.3106574786585967
1.233366666666667,-0.9310074893853051,0.20431956526600398,0.30245424440397956
1.433366666666667,-0.8759654555599349,0.46196891564070586,0.13881369401981328
1.6333666666666669,-0.7080012118799972,0.007390496137394644,-0.7061725458719694
1.8333666666666668,-0.6018093263175402,-0.1358672477969282,-0.7869978562444224
2.0333666666666668,-0.5069573388113091,-0.17726555539883607,-0.8435467855990548
2.233366666666667,-0.5174604293218527,-0.3623594135075413,-0.7751969811141649
2.433366666666667,-0.5810775447078778,-0.5204777248235749,-0.6256611103454808
2.633366666666667,-0.7782864662606155,-0.4226252625189007,-0.4643899911888653
2.833366666666667,-0.2719181189050791,-0.8690636682252285,-0.4132661094041378
3.0333666666666668,-0.19206834608894374,-0.9130046758385874,-0.3599058381403873
3.233366666666667,-0.1741767805549964,-0.9527859192301352,-0.24871960363486223
3.433366666666667,-0.1279057262890103,-0.9510129967919958,-0.2814505375997499
3.633366666666667,-0.2157424761597383,-0.8458887276447794,-0.48777806882224695
3.833366666666667,-0.20102921199512236,-0.8401352443996593,-0.5037459945668508
4.033366666666667,-0.2030039223990336,-0.8498454178024757,-0.48636629543045296
4.233366666666667,-0.23662197502903592,-0.947419460545957,-0.21542146297935588
4.433366666666667,-0.23879778297310428,-0.9485844473305988,-0.20775746708513942
4.633366666666667,-0.23290893792263628,-0.8580852945267211,-0.4576494880940433
4.8333666666666675,-0.2253143533100126,-0.8724864070092748,-0.4335907192001891
5.033366666666667,-0.21181761465257903,-0.9749186057911411,-0.06831551950435243
5.233366666666667,-0.25664449611901075,-0.9458696297148772,0.1986561003212834
5.433366666666667,-0.29204467629596026,-0.9096388788801287,0.2954099136401663
5.633366666666667,-0.31299530016935806,-0.8458858933536746,0.4318691902615294
5.8333666666666675,-0.42729699887957545,-0.46250804472056545,0.7768549306770651
6.033366666666667,-0.6955649506140354,-0.3773653000918578,0.6113794482675032
6.233366666666667,-0.6131251271336453,-0.30758157403934333,0.7276476852081858
6.433366666666667,-0.4501960925677344,-0.5611899594742912,0.6945425167849615
6.633366666666667,-0.3673144786960084,-0.7120265521377718,0.5984131205037844
6.8333666666666675,0.34597653728626415,-0.5656767084556071,0.7485386410588546
7.033366666666667,0.5638965576590793,-0.7932108270667839,0.22986355971373396
7.233366666666667,0.7425096382572776,-0.5218617232125212,0.41992830214300214
7.433366666666667,0.8040285372018734,-0.48861652475206485,0.3388096856706296
7.633366666666667,0.874457309251136,-0.4653503276381816,-0.13701637443860754
7.8333666666666675,0.9534728427481289,-0.27114149724004105,-0.13180222538421413
8.033366666666666,0.9803335696900995,0.19582505172116998,-0.02446714648395865
8.233366666666667,0.9486317147233143,0.3162454505233138,0.009310469612799025
8.433366666666666,0.75537795362811,0.6487499647296537,0.09234517007338441
8.633366666666666,0.5822486378429204,0.8122372485154922,-0.035456675733161004
8.833366666666667,0.4305547424476571,0.8871261112377192,-0.16622237068479323
9.033366666666666,0.32117385752839056,0.932782125634913,-0.16359969234795763
9.233366666666667,-0.10618227156414778,0.985662818556149,0.13112640207611068
9.433366666666666,-0.14082029763539056,0.9888158875435371,0.04912010092993476
9.633366666666667,-0.08635975551534125,0.9932881262563944,-0.07694602566339381
9.833366666666667,-0.3582017200988693,0.6739830992322312,0.6460946599899494
10.033366666666666,-0.3990734952198565,0.7115904943701319,0.5782554052796041
10.233366666666667,-0.4839613734958218,0.606157615650063,0.6311531778843139
10.433366666666666,-0.6248200196942433,0.3578109467228839,0.6939533625500774
10.633366666666667,-0.7735652345177457,0.2895904746729514,0.5636791506914192
10.833366666666667,-0.8414829925561984,0.1134687864533141,0.5282340463653189
11.033366666666666,-0.8508096012149259,0.06473320578288734,0.5214716047394808
11.233366666666667,-0.902258255286026,0.3815032588014335,0.2009609521576348
11.433366666666666,-0.8183903940914784,0.5688716498637365,0.08137695521525035
11.633366666666667,-0.7446538248298533,0.666107793074173,0.04232126146660358
11.833366666666667,-0.48809499620602703,0.8359056639837622,-0.25104779544641426
12.033366666666666,-0.3668834131043004,0.8688664391149962,-0.3323667735628306
12.233366666666667,0.17736624710053506,0.9369274511491972,-0.3011779634577219
12.433366666666666,0.2570387138580233,0.9212312849095917,-0.29200003301718336
12.633366666666667,0.4139568124503575,0.8666251067495978,-0.2785689892597308
12.833366666666667,0.45382465014306583,0.8736501610643947,-0.17543825978013053
13.033366666666666,0.4515828401550645,0.8654729944942772,-0.21686270836313518
13.233366666666667,0.6491040995412485,0.6674104060876406,-0.3650030380759526
13.433366666666666,0.5997992053619358,0.7133314714537258,-0.3624901723920977
13.633366666666667,0.6928612094748673,0.6238436184610417,-0.36161095684514133
13.833366666666667,0.5244849580536638,0.8239072160284643,-0.21469147200499636
14.033366666666666,0.4757263773864453,0.8579591152187169,-0.19388287823293257
14.233366666666667,0.4602182573290591,0.8632223177402416,-0.20747622942440894
14.433366666666666,0.507709167426835,0.8305211433096515,-0.2290546481221877
14.633366666666667,0.4637667439267342,0.8534332338259932,-0.2378489491860386
14.833366666666667,0.621551551183626,0.7594300472519854,-0.1921969629106445
15.033366666666666,0.750608151976644,0.5845773030206558,-0.3079882773407198
15.233366666666667,0.7827986105804617,0.5327927440216939,-0.321493743626734
15.433366666666666,0.7804129436884109,0.5506248707601076,-0.2962564581979686
15.633366666666667,0.7351016247180318,0.6377170500472199,-0.2300925149064644
15.833366666666667,0.7165633077893807,0.6777527975128114,-0.16488836039423574
16.033366666666666,0.719732619903398,0.6643239093893111,-0.20164002395529848
16.233366666666665,0.7898831852566724,0.5628563190668507,-0.24346933633476092
16.433366666666668,0.963956960540949,-0.051293002174981096,-0.26106705298166716
16.633366666666667,0.8434091562572101,-0.47542585260616693,-0.2502623699544144
16.833366666666667,-0.03963515179585636,-0.9991664524753451,0.009770106957119419
17.033366666666666,-0.2837789551620293,-0.9248487003977179,-0.2532279328585201
17.233366666666665,-0.37164197554116557,-0.8911461743595476,-0.26027050916345196
17.433366666666668,-0.3481654861913972,-0.8884434024228418,-0.2990804489036895
17.633366666666667,-0.5326091973360794,-0.8458587750502972,0.02916119996549908
17.833366666666667,-0.5865349482637897,-0.8079044368732079,0.05715921050695405
18.033366666666666,-0.6182400546994954,-0.7822350165440364,0.07673078689493514
18.233366666666665,-0.6542028583899502,-0.7489713339656554,0.10516920163301434
18.433366666666668,-0.6135856906745617,-0.7883766978774454,0.044438524314792185
18.633366666666667,-0.760381094980106,-0.6230222980724756,0.18347699174922866
18.833366666666667,-0.9158720844247833,-0.3554450505236616,0.18664710292322906
19.033366666666666,-0.7957176913001296,-0.55960726017908,0.23167449170518353
19.23336666666667,-0.7610581117108939,-0.6048302025159242,0.23445890199264144
19.433366666666668,-0.7804193152610772,-0.6034070819296303,0.1638462262140935
19.633366666666667,-0.9234817258592349,-0.350103297766767,-0.15687314268823319
19.833366666666667,-0.9136981770487441,-0.37064363259084104,-0.16667014992993623
20.033366666666666,-0.3600302292029425,-0.9322192597706105,0.03668086385040965
20.23336666666667,-0.34525661269557867,-0.9343017881046229,0.08875832431090205
20.433366666666668,-0.6303760281596787,-0.7756851041189788,0.030637923714855065
20.633366666666667,-0.9641968357452635,-0.13038069633885038,-0.23092279220773768
20.833366666666667,-0.9781625621657166,-0.08708063850228162,-0.18871927399032637
21.033366666666666,-0.9612416874898518,-0.189889633969973,-0.199890833062478
21.23336666666667,-0.8996251742809205,-0.40198261330379215,-0.17054185527746055
21.433366666666668,-0.9971525318585915,-0.07114910212495557,-0.024992668421236687
21.633366666666667,-0.9989423238301779,0.04226722039488076,0.018102920782428224
21.833366666666667,-0.9055125075671129,-0.4052766695285439,-0.12568977593810443
22.033366666666666,-0.8990103412245576,-0.4198970366643469,-0.12436593171686913
22.23336666666667,-0.838017159867041,-0.5388809689159334,0.0856419354557289
22.433366666666668,-0.9493554932372777,-0.2881050758549798,-0.12537787973483025
22.633366666666667,-0.8900834145226975,-0.436741875779061,-0.1304149114656877
22.833366666666667,-0.880915460392921,-0.45431039072589363,-0.13262737469773714
23.033366666666666,-0.8698969635904306,-0.4753697643295043,-0.13154033562926865
23.23336666666667,-0.9354193852418733,-0.29789503220910407,-0.19039202582790254
23.433366666666668,-0.9391034363553921,-0.29579028588396616,-0.17490809758892226
23.633366666666667,-0.9354528661987606,-0.35041880578347523,-0.046201684750747825
23.833366666666667,-0.8687522336651196,-0.48319171404160255,-0.10860627966836833
24.033366666666666,-0.8636494078408211,-0.49594184097415944,-0.0902850525134719
24.23336666666667,-0.9305996729586937,-0.3573437592895828,-0.07930754305840486
24.433366666666668,-0.9995731922192782,-0.02589971450846971,-0.013514369572489821
24.633366666666667,-0.9675644174981591,0.24849362613369821,-0.04549742588733763
24.833366666666667,-0.9563310455735805,0.2920568739496485,0.011563461890877164
25.033366666666666,-0.9413736442210758,-0.31277315900213765,-0.12644608722200582
25.23336666666667,-0.9131537647689808,-0.3945775414200475,-0.10226810693049959
25.433366666666668,-0.8968585104361834,-0.43088841984934784,-0.0998998593488647
25.633366666666667,-0.8951321299933017,-0.44061048082154936,-0.06782974306200884
25.833366666666667,-0.9731493579180528,-0.21891305889805732,0.07111539796399599
26.033366666666666,-0.9983512722476487,-0.04366984676818141,0.03725159976087655
26.23336666666667,-0.8027477779226269,0.29754033625433507,-0.516784049039773
26.433366666666668,-0.8262443368680787,0.25948646628313965,-0.4999870694421184
26.633366666666667,-0.7841652114801813,0.1103109226716133,-0.6106688312363582
