0.019999764000000003,0.13676238819246658,0.0,-0.9143899930663931,0.38103410576473934
0.059999764000000004,0.1376473180614606,-6.617444900424222e-24,-0.9112894750314334,0.38807822475297626
0.099999764,0.13899813379861245,3.374896899216353e-22,-0.9081894356324863,0.3948056076172792
0.139999764,0.1400169644535173,-3.58996385848014e-22,-0.9066270545205217,0.3980234084531528
0.179999764,0.139990337193561,9.330597309598152e-22,-0.9076501700641563,0.3956941676028868
0.21999976400000001,0.13885232700959999,4.566036981292713e-22,-0.9109917930155161,0.38834776211843175
0.259999764,0.13770328374776872,9.926167350636332e-23,-0.915780827761055,0.3773370922005396
0.29999976400000006,0.1362091818868586,-9.926167350636332e-23,-0.9205555982475202,0.36609349803685814
0.339999764,0.13361724079352455,-1.2440796412797536e-21,-0.9265871203335025,0.3515433705743755
0.379999764,0.1292065886904915,-6.617444900424221e-23,-0.9349926915127241,0.33029429946149225
0.41999976400000005,0.12178170027882165,-3.970466940254533e-22,-0.9450652866861454,0.303349338845551
0.459999764,0.11054736429839089,1.0587911840678754e-22,-0.9560695584145195,0.27149637146699496
0.499999764,0.09812486097968863,-5.293955920339377e-23,-0.9691592140531794,0.22605735881306865
0.539999764,0.08645989169668826,3.441071348220595e-22,-0.9824286307691186,0.16540457240630327
0.5799997640000001,0.0731444754179061,-7.940933880509066e-23,-0.9927939309953521,0.0949215270348927
0.619999764,0.05913149285794708,-1.4227506535912076e-22,-0.9981882980667115,0.01111702096214303
0.659999764,0.04502403433153305,1.0587911840678754e-22,-0.9945261665357529,-0.0942896622552709
0.6999997640000001,0.030518946234163475,-2.117582368135751e-22,-0.9616523166220148,-0.27256818570087826
0.739999764,0.019062897225180817,-2.117582368135751e-22,-0.7694826281740769,-0.6383831849976139
0.779999764,0.016726347601312957,4.235164736271502e-22,-0.04261866528397043,-0.9989513895407189
0.8199997640000001,0.024971687531560625,-3.8381180422460484e-22,0.4831686143532262,-0.8751711289375407
0.859999764,0.03555764183462232,-8.999725064576941e-22,0.6639850641597854,-0.7468999187842282
0.899999764,0.04708915136458629,-1.4823076576950256e-21,0.7647672160360531,-0.6425836265422797
0.9399997640000001,0.05869630838455645,1.0587911840678754e-22,0.8248095435722017,-0.5623557239099123
0.979999764,0.069593163411897,-1.0587911840678754e-22,0.8622645887726357,-0.5016538353836066
1.019999764,0.08041853270707014,-1.5881867761018131e-22,0.8911704318149708,-0.4464841778338403
1.059999764,0.090381431724222,-1.3234889800848443e-22,0.9111605482026257,-0.4020169799878733
1.099999764,0.09879371971002165,-8.735027268559972e-22,0.9264771816896763,-0.36315263010779997
1.1399997640000001,0.10508904721370814,7.279189390466644e-22,0.9385075706725954,-0.328876621160487
1.179999764,0.10964449806790588,-1.3234889800848443e-22,0.9476715257957338,-0.2998278893622524
1.219999764,0.1131361377391088,-5.293955920339377e-23,0.9553359807357007,-0.27300801865372787
1.259999764,0.1156534552148658,5.360130369343619e-22,0.961893889788477,-0.24775880021596852
1.299999764,0.11794455544681787,-1.3234889800848443e-22,0.96848257609417,-0.21938683105978118
1.339999764,0.11993786125043215,-2.4319110009059014e-22,0.9745841229802528,-0.1892107202921748
1.3799997640000001,0.1218718922765194,-1.6543612251060553e-22,0.9799179648611933,-0.1578227613978338
1.4199997640000002,0.1243719992654634,3.0109374296930207e-22,0.9842602517665444,-0.1255522305304459
1.459999764,0.12733556373446484,-1.555099551599692e-22,0.9871978336061953,-0.09605254568027305
1.499999764,0.13066825539213173,2.481541837659083e-22,0.9887723713615441,-0.07249141097292444
1.539999764,0.13427959244605847,-2.0328790734103208e-19,0.9893643484469123,-0.05592116839567278
1.579999764,0.1374714643621126,1.531435568635775e-18,0.9894005420635971,-0.04677781365558434
1.6199997640000001,0.1402300437534585,-2.439454888092385e-19,0.9891251594355737,-0.044350352878576575
1.6599997640000002,0.14309474155987026,1.3552527156068805e-19,0.9885472097451308,-0.04794068254656289
1.699999764,0.14556235744237178,9.486769009248164e-20,0.9877502463627328,-0.05622322390418539
1.739999764,0.14792883785723587,2.981555974335137e-19,0.9867834561834591,-0.06614733201600068
1.779999764,0.14991711476066039,-7.995991022080595e-19,0.9857789209192819,-0.07592613366328718
1.819999764,0.15120988422863005,-1.951563910473908e-18,0.984766475020044,-0.08585196904067796
1.859999764,0.1520404105509027,8.944667923005412e-19,0.9838049209658954,-0.09492940030781472
1.8999997640000001,0.15213549835425833,-1.5458351287390981e-18,0.9828489633725858,-0.104224303010072
1.939999764,0.15184034830643198,5.929230630780102e-20,0.9817920327449718,-0.11414426426535013
1.979999764,0.15111784563853328,4.54009659728305e-19,0.9805597862533035,-0.12516350231774595
2.019999764,0.14984415435365392,8.402566836762659e-19,0.9790362320937093,-0.13796661064834098
2.059999764,0.14838413171689535,1.043544591017298e-18,0.977195977586106,-0.15188867911782516
2.099999764,0.14697778542562828,-2.2768245622195593e-18,0.9750959295537691,-0.16608870750008517
2.139999764,0.14567948764544444,-3.347474207548995e-18,0.9728239622517139,-0.17997506868518431
2.179999764,0.1442945816107049,-4.87890977618477e-19,0.9706309879137658,-0.19249560779233071
2.219999764,0.14269207609596835,-2.3852447794681098e-18,0.9687718489655328,-0.20278085726055348
2.2599997640000002,0.14100815603019265,2.439454888092385e-19,0.9674846006201213,-0.20997677846821364
2.2999997640000003,0.1392412909727254,-2.168404344971009e-19,0.9669012184059789,-0.21380808388197692
2.339999764,0.13734224145846047,-3.1712913545201005e-18,0.9669188761227723,-0.21495347335793596
2.379999764,0.1352952757748094,-8.402566836762659e-19,0.9675360297974324,-0.21346948118370593
2.419999764,0.13348452395876192,4.174178364069192e-18,0.9687144040619129,-0.20922305137454575
2.459999764,0.13193680428228374,-2.9544509200229996e-18,0.9699727136126988,-0.2043174356793756
2.499999764,0.1304238026758569,-2.8731357570865868e-18,0.9709796617674917,-0.20046976861725715
2.539999764,0.12902109819841717,-2.981555974335137e-19,0.9716512833204286,-0.19810941381327302
2.579999764,0.12801193270580072,-3.6591823321385775e-19,0.971792387914431,-0.19807195631005742
2.619999764,0.12718516634276691,-4.87890977618477e-19,0.9718585518523577,-0.19827982412187345
2.659999764,0.1265418013501186,3.3271454168148917e-18,0.9719235059018776,-0.19837306063694785
2.699999764,0.12614745251927717,1.917682592583736e-18,0.9719135088988909,-0.19867297612595022
2.7399997640000002,0.12553015508902976,1.7143946852427039e-18,0.9718043734266099,-0.1995956912166161
2.7799997640000003,0.12509396238340648,1.633079522306291e-18,0.9717531924651976,-0.2001180489334116
2.8199997640000003,0.12477605128394255,6.776263578034403e-21,0.9715562444482002,-0.20126947334281903
2.859999764,0.12452425166230743,-1.582257545471033e-18,0.971168553994836,-0.2032863755383561
2.899999764,0.12442350540690617,-2.5718037861008694e-18,0.9707315422545777,-0.2054241080650148
2.939999764,0.12452765203773607,5.13301966036106e-19,0.9705083635298694,-0.206413129903463
2.979999764,0.12478898439147612,-1.463672932855431e-18,0.9706052969247986,-0.20579860776027495
3.019999764,0.12518979140505804,3.8624702394796095e-19,0.9709873547589322,-0.2037426637359237
3.059999764,0.1254277787627637,2.812149384884277e-18,0.97111031802124,-0.20300892233427856
3.099999764,0.12537219359200832,2.8917704819261814e-18,0.9707125623575806,-0.20493641539538127
3.139999764,0.125265359611407,1.9394936909755342e-18,0.9699925468875343,-0.20838197778133188
3.179999764,0.12511971910513492,-9.029371217730842e-19,0.969235992410951,-0.21195906894070585
3.219999764,0.12492229933211586,-1.4602848010664138e-18,0.9684572842819309,-0.21560358914184274
3.2599997640000002,0.12494528291231531,-5.082197683525802e-19,0.9679646400235733,-0.21779148730378672
3.2999997640000003,0.12530529140053168,-3.5236570605778894e-19,0.9679791618871064,-0.21751994414159626
3.3399997640000003,0.12574043720889477,-3.076423664427619e-18,0.9685852178223734,-0.21455073587965476
3.379999764,0.12583858148398455,1.802486111757151e-18,0.9694295033109498,-0.21064446235394835
3.419999764,0.12554233739749568,2.5682038960750386e-18,0.9702564192483198,-0.20698213069780294
3.459999764,0.12509324834813496,-3.130633773051894e-18,0.9714278514938804,-0.2016918653780939
3.499999764,0.12449788173338047,1.043544591017298e-18,0.9727741606331584,-0.19547559911240964
3.539999764,0.1238435836998315,2.507217523872729e-18,0.9740168379307511,-0.18961531110056462
3.579999764,0.12306142480601846,5.7462715141731735e-18,0.9749522686478443,-0.1852672652767732
3.619999764,0.12237775091384011,3.9979955110402976e-18,0.9756301131676227,-0.18212514478182804
3.659999764,0.1216977557910228,2.1955093992831465e-18,0.976257881267023,-0.1791932071799935
3.699999764,0.1208999101671475,-1.870248747537495e-18,0.9772256013413386,-0.17439419659104177
3.7399997640000002,0.1201813881176957,1.0028870095490916e-18,0.9783836452171225,-0.16829104765779962
3.7799997640000003,0.11973329531587709,-1.4501204056993622e-18,0.9794386423213876,-0.16236959050400415
3.8199997640000003,0.11941508865980364,-3.449118161219511e-18,0.9803060523495165,-0.157289797276487
3.859999764,0.11902430457714593,1.782157321023048e-18,0.9809824125688963,-0.1533190175758856
3.899999764,0.11840686534273683,-1.6263032587282567e-19,0.9816228975611113,-0.1496539382155888
3.939999764,0.11777714409323471,-3.7269449679189215e-18,0.9823748213082275,-0.14514907780922995
3.979999764,0.1173529883433783,9.41900637346782e-19,0.9830202689255549,-0.14106532886719
4.019999764,0.11718110178102083,9.825582188149884e-20,0.9836881614526151,-0.13647780187034037
4.059999764,0.11714996482201591,-3.1996669582531195e-18,0.9842070294379294,-0.1327117513529509
4.099999764,0.11722557666745763,-2.2039797287556895e-18,0.9844431613607874,-0.13088096204170016
4.139999764,0.11724466955309208,7.589415207398531e-19,0.984471422418671,-0.1306510845815867
4.179999764,0.1173250347733239,-3.322063219131366e-18,0.984273113099858,-0.13206541956224818
4.219999764,0.11747525805478361,-2.197203465177655e-18,0.9841390147643606,-0.13292841443271503
4.259999764,0.11774638468290462,-4.743384504624082e-19,0.984136736194681,-0.13270521227964766
4.299999764,0.117899256342417,1.2553028278308731e-18,0.984223566658795,-0.13192322080416963
4.339999764,0.11779575496213335,-1.3383120566617945e-19,0.9841479125625496,-0.13257845342165206
4.379999764,0.11761291824209051,-8.419507495707745e-19,0.9840121297425344,-0.13374352314090293
4.419999764,0.11753192977136033,1.870248747537495e-18,0.9838752249610735,-0.13481760712910354
4.459999764,0.11755884337466643,-4.3283383604694747e-19,0.9839073680853384,-0.1345593154404149
4.499999764,0.11765851975102692,-1.9134474278474645e-18,0.9840539781635598,-0.1333950553449015
4.539999764,0.11780403680359137,-9.554531645028508e-19,0.9841341617200902,-0.13267313461388347
4.579999764,0.11811500313889672,1.0130514049161432e-18,0.9840118763038646,-0.13330218800322294
4.619999764,0.11832036615502864,3.1340219048409113e-19,0.9838300681694622,-0.1344570114148445
4.659999763999999,0.11843224089992836,-3.97681968735894e-18,0.9836611069445692,-0.13558993694226082
4.699999763999999,0.11850483097772989,1.9583401740519424e-18,0.9834564534038837,-0.13700368350228556
4.739999763999999,0.11844220942973979,-1.4035335936003757e-18,0.9832107848001681,-0.13880920602769495
4.779999763999999,0.11829313592583288,-1.0503208545953324e-18,0.9831252026135476,-0.1395405675024404
4.819999763999999,0.11804735167629386,1.0977546996415732e-18,0.9832438165562477,-0.13891155447304376
4.8599997639999994,0.11762694038695493,-2.1141942363467336e-18,0.9833454964803606,-0.13854796081861706
4.8999997639999995,0.1168456326325296,3.449118161219511e-18,0.9832139840764024,-0.14013336380502742
4.9399997639999995,0.1157157215619728,2.574980159653073e-19,0.9829561457002549,-0.1428533773261647
4.9799997639999996,0.11445885413619689,2.710505431213761e-20,0.983007838820108,-0.14350874373378592
5.019999764,0.11292825100393644,1.6940658945086007e-18,0.983380514539877,-0.142161787230179
5.059999764,0.11079302776696727,1.2739375526704677e-18,0.9840029309061256,-0.13951034716601632
5.099999764,0.10790061426901422,9.215718466126788e-19,0.984750158570397,-0.1364719115274173
5.139999764,0.10500480412365827,-1.463672932855431e-18,0.9855675060352093,-0.132780578995913
5.179999764,0.10233231410554704,1.2197274440461925e-18,0.986267945326743,-0.12962884521111934
5.219999764,0.09992634174567078,-1.0299920638612292e-18,0.9864219704344419,-0.13033197025120397
5.259999764,0.09763206996757061,-2.168404344971009e-18,0.9855978808695143,-0.13807532777209064
5.299999764,0.09546575278438262,1.8973538018496328e-19,0.9828921352167298,-0.1575098110417537
5.339999764,0.09372623784751406,1.0842021724855044e-19,0.977221609060316,-0.19040304389509727
5.379999764,0.09257951314805177,3.028989819381378e-18,0.9670130270890617,-0.23730747814874972
5.419999764,0.09191448067071678,-3.06287113727155e-18,0.9482718320583502,-0.3038622397859476
5.459999764,0.09224151871786336,3.0357660829594124e-18,0.9105265891784721,-0.4030295679272674
5.499999764,0.09559941773386224,0.0,0.8339897100618435,-0.5434352903887534
5.539999764,0.1060990861009769,3.469446951953614e-18,0.7079643859442027,-0.6982330643583025
5.579999764,0.12584882156279728,3.469446951953614e-18,0.5636884378787296,-0.8163439343273722
5.619999764,0.15360067360894336,-1.734723475976807e-18,0.4398316145195005,-0.8848474354011817
5.659999763999999,0.18689749250846519,5.204170427930421e-18,0.3467617096560615,-0.9191439734940625
5.699999763999999,0.222995486884263,6.938893903907228e-18,0.2804198524443328,-0.9336154021781932
5.739999763999999,0.2596690531639278,-1.734723475976807e-18,0.23457630756876066,-0.9367742197329918
5.779999763999999,0.2964217869044088,-6.071532165918825e-18,0.20305794232146762,-0.9332210865108914
5.819999763999999,0.3315795066136946,-8.673617379884035e-18,0.18420130400590556,-0.9252701823772032
5.8599997639999994,0.36422023903588,2.168404344971009e-18,0.17450528659630016,-0.9148177536682318
5.8999997639999995,0.39320519477389115,-8.239936510889834e-18,0.17002814442653752,-0.9035928867060071
5.9399997639999995,0.41811843897461703,-7.37257477290143e-18,0.16695747236931757,-0.8929177864783957
5.9799997639999996,0.44039919221424967,3.0357660829594124e-18,0.16461436849990363,-0.8825818155731594
6.019999764,0.46093338827230657,-1.5178830414797062e-18,0.16349929447679087,-0.8722433102531671
6.059999764,0.48030139651475967,-7.15573433840433e-18,0.16159711373297014,-0.8620887085092491
6.099999764,0.49950867905522833,-1.3877787807814457e-17,0.1585586539836419,-0.8516749572433117
6.139999764,0.5189597646355654,-1.691355389077387e-17,0.15441137788985304,-0.8407365158404598
6.179999764,0.5386319466031644,-3.469446951953614e-18,0.1506703560643423,-0.8289596310447995
6.219999764,0.557668137842937,1.1926223897340549e-17,0.14832195891715427,-0.8167048699118727
6.259999764,0.575279986998836,-7.15573433840433e-18,0.14619174105014276,-0.8047862519994654
6.299999764,0.5912447496341102,3.903127820947816e-18,0.14393497765881338,-0.7935441816537094
6.339999764,0.6052275186591896,-6.5052130349130266e-18,0.14155094525906795,-0.7833664407886674
6.379999764,0.6159772488078694,1.1926223897340549e-17,0.13945543618647732,-0.7753220042467049
6.419999764,0.6213475011649253,1.1546753136970622e-17,0.13799213385028794,-0.7712881781743756
6.459999764,0.6188501903576928,-5.7462715141731735e-18,0.13873923130927,-0.7731596650045578
6.499999764,0.6076867372335243,-1.734723475976807e-18,0.14231087350386173,-0.7813222412507156
6.539999764,0.5893718788868287,9.107298248878237e-18,0.14845411270532383,-0.7941046308883258
6.579999764,0.5633202998969594,1.2576745200831851e-17,0.1540192485451782,-0.8117563124494803
6.619999764,0.530280269099153,-3.903127820947816e-18,0.15927746848930574,-0.8327265603040223
6.659999764,0.4930674183810488,-6.938893903907228e-18,0.16685737351679675,-0.8538402296882738
6.699999763999999,0.45179323862784604,0.0,0.1788252007464421,-0.8740162567756717
6.739999763999999,0.4073193579565555,8.673617379884035e-19,0.19485617350484746,-0.8922566964057531
6.779999763999999,0.3622390563201308,1.734723475976807e-18,0.21350835677631563,-0.9073020707917394
6.819999763999999,0.318172383420775,5.204170427930421e-18,0.23989799453262906,-0.917177892585493
6.8599997639999994,0.2775666537061504,0.0,0.2763057967228479,-0.9201151337999622
6.8999997639999995,0.24194478581001033,1.734723475976807e-18,0.32500462113837886,-0.9142399667800829
6.9399997639999995,0.2118289584432,1.0408340855860843e-17,0.3855998197085522,-0.8980207522132221
6.9799997639999996,0.18647075010880038,1.734723475976807e-18,0.461023977852531,-0.8675745219858005
7.019999764,0.16490765398126064,0.0,0.5534110172742108,-0.8164200583142969
7.059999764,0.1470635500416503,5.204170427930421e-18,0.6609356807492115,-0.73589152608365
7.099999764,0.13358620957512757,1.0408340855860843e-17,0.7711177605224862,-0.6225207819969835
7.139999764,0.12358012438205798,1.734723475976807e-18,0.8652104542888646,-0.4859411720023031
7.179999764,0.11631948484604546,2.6020852139652106e-18,0.9378347305047188,-0.3270103908200658
7.219999764,0.11298238778387441,2.168404344971009e-18,0.9819654702550994,-0.15158758285999535
7.259999764,0.11368541864029558,1.212951180468158e-18,0.9932018973258331,0.02501233169750644
7.299999764,0.11661026514470357,4.336808689942018e-19,0.976008086138924,0.18387566955504686
7.339999764,0.12183342429710962,9.974659986866641e-18,0.9394494481175045,0.3202988466350708
7.379999764,0.12956292101999595,-2.168404344971009e-18,0.8914626073546232,0.4341749292454175
7.419999764,0.13912558724020144,-1.3010426069826053e-18,0.8377554024016752,0.528024579656929
7.459999764,0.15037035941713298,0.0,0.7794578041406452,0.6081400221766413
7.499999764,0.1628114864733288,-1.3877787807814457e-17,0.7187752639608949,0.6759101565964898
7.539999764,0.17674908495677405,2.6020852139652106e-18,0.6577005282499601,0.7322498044429009
7.579999764,0.19195727122722026,1.0408340855860843e-17,0.5977131903438856,0.7783902286847733
7.619999764,0.20825302957573655,-3.469446951953614e-18,0.5400226681815573,0.8154791189985179
7.659999764,0.22531764372096327,5.204170427930421e-18,0.48707063621052465,0.8437974607508059
7.699999763999999,0.24254795376819493,-3.469446951953614e-18,0.44037707293066664,0.8644295944493571
7.739999763999999,0.25949157420895663,-5.204170427930421e-18,0.4013719367748851,0.878387551872256
7.779999763999999,0.2764677097585909,-1.734723475976807e-18,0.36817844353396734,0.8876994081206457
7.819999763999999,0.29331550341098045,1.734723475976807e-17,0.3386430005648148,0.8940284859148627
7.8599997639999994,0.3087958502302773,-8.673617379884035e-19,0.3136966027735604,0.8979084387001202
7.8999997639999995,0.3223824743846273,-1.3010426069826053e-17,0.2932798589889746,0.9000313686317006
7.9399997639999995,0.3340948923711751,1.9949319973733282e-17,0.2771839281910815,0.9008605179738174
7.9799997639999996,0.3441266830548002,1.8648277366750676e-17,0.26391753478464797,0.9010684551369531
8.019999764,0.35252408201111674,-1.1275702593849246e-17,0.25278468399837833,0.9010142480216723
8.059999764,0.3586964029039336,3.2526065174565133e-18,0.24498440292805793,0.9007327755032354
8.099999764,0.3612874704437178,4.336808689942018e-19,0.24148452551527294,0.9006423194792943
8.139999764,0.35950455088178285,-1.8241701552068612e-17,0.24039410267011976,0.9016469116548426
8.179999764,0.3534099927380765,-4.228388472693467e-18,0.23808809293826094,0.9046631621956843
8.219999763999999,0.3429327164718027,-6.342582709040201e-18,0.23075350797406496,0.910576724131983
8.259999764,0.3297146087910489,1.8648277366750676e-17,0.2155783958840096,0.9191377655051733
8.299999763999999,0.3154948580736388,6.505213034913027e-19,0.1975105789375847,0.9281446900870762
8.339999764,0.2988379279830812,-5.231275482242559e-18,0.18424246712432588,0.9363496174542502
8.379999763999999,0.2772015432654899,-1.5178830414797062e-18,0.17707884615248637,0.9443528930736299
8.419999764,0.25188977401148316,3.903127820947816e-18,0.17681063560655222,0.9514670466626005
8.459999763999999,0.2247633186475674,-8.673617379884035e-18,0.18552245734675485,0.9565891847656202
8.499999764,0.1977976958344087,6.938893903907228e-18,0.20248177678675366,0.9591022894310481
8.539999764,0.1731309870776221,8.673617379884035e-19,0.22824202511707398,0.9580872816627852
8.579999764,0.15023242843522866,-1.0408340855860843e-17,0.27223838299428316,0.9504296293104039
8.619999764,0.12912687575784973,-3.469446951953614e-18,0.34592456389128495,0.9293344102386617
8.659999764,0.11084687797752595,-8.673617379884035e-18,0.44549253839364134,0.8883970778194993
8.699999764,0.09551094005308075,1.734723475976807e-18,0.5674554385980083,0.8178459424217492
8.739999764,0.08302375060200524,-2.6020852139652106e-18,0.7005134012978431,0.7087933630037059
8.779999764,0.07320719708566721,1.734723475976807e-18,0.8302313390485323,0.5525908341228085
8.819999764,0.06745885003868682,-3.0357660829594124e-18,0.941346531591335,0.3306297188887017
8.859999764,0.0664346875673681,-5.4752209710517974e-18,0.9957395199870746,0.06394717056865498
8.899999764,0.06958115168189694,1.6263032587282567e-19,0.9794672654951883,-0.18921506058979365
8.939999764,0.07677108368601787,4.336808689942018e-19,0.9210593654664757,-0.38177983969320284
8.979999764,0.08644964455701379,2.168404344971009e-18,0.8571663613385555,-0.5077324964443255
9.019999764,0.09664850809294122,4.336808689942018e-18,0.8027604872199088,-0.5884170851036392
9.059999764,0.10815742725364517,5.637851296924623e-18,0.7674849163159351,-0.6318772619404774
9.099999764,0.12084313703694577,1.734723475976807e-18,0.749636239502471,-0.650724553598267
9.139999764,0.13161965332896228,-6.5052130349130266e-18,0.7373330054195403,-0.662583055908127
9.179999764,0.14016444606772788,-8.673617379884035e-18,0.7273873376049973,-0.6717600681422207
9.219999764,0.14764931474544132,4.7704895589362195e-18,0.7205993946919688,-0.6774482948718449
9.259999764,0.15446357660683055,-1.5178830414797062e-18,0.7175163247263205,-0.6791990336072773
9.299999763999999,0.16190541031716132,1.5178830414797062e-18,0.7172540280059837,-0.6777413204307551
9.339999764,0.1696906372390464,4.336808689942018e-18,0.712718210014266,-0.6806157805601242
9.379999763999999,0.17737056631094525,1.6046192152785466e-17,0.7012647924765183,-0.6904834342975945
9.419999764,0.18581692203670702,-4.336808689942018e-18,0.6878005251001938,-0.7017139795933254
9.459999763999999,0.19438901831671598,6.071532165918825e-18,0.6730950811618958,-0.7135516248131767
9.499999764,0.2022849334179671,4.7704895589362195e-18,0.6573303874622337,-0.725945981069417
9.539999764,0.20973936047358227,2.6020852139652106e-18,0.6416092895394366,-0.7377986989991456
9.579999764,0.21681553034327636,-3.469446951953614e-18,0.624703507427843,-0.7501576858296627
9.619999764,0.22344948185756533,-2.168404344971009e-18,0.6048451653812228,-0.7643511332970906
9.659999764,0.22977872601834218,1.214306433183765e-17,0.5831582465479904,-0.7791843148783612
9.699999764,0.23630743469915577,1.1709383462843448e-17,0.5620284187914782,-0.7926429541582107
9.739999764,0.2431467289767005,-4.7704895589362195e-18,0.5419965850117638,-0.8044373002437898
9.779999764,0.24995263998380773,2.3418766925686896e-17,0.5242835716581187,-0.81403342330308
9.819999764,0.2562982533476507,9.107298248878237e-18,0.5080098762199449,-0.8223364098676038
9.859999764,0.26145706572837535,2.6020852139652106e-18,0.4932993489541658,-0.8296360377310669
9.899999764,0.2655967111228215,1.3010426069826053e-18,0.48203264910822036,-0.834926890352953
9.939999764,0.2692923152633383,1.3444106938820255e-17,0.4709738970035752,-0.8400388308175858
9.979999764,0.27302326505905367,4.7704895589362195e-18,0.45755366474755166,-0.8462286574044742
10.019999764,0.2768941568565839,-2.3418766925686896e-17,0.4435776743959523,-0.8523898595573273
10.059999764,0.2809856051956952,4.553649124439119e-18,0.43346988150938454,-0.8562423439056545
10.099999764,0.2849731690310764,7.37257477290143e-18,0.42838652342053934,-0.8574819411999586
10.139999764,0.2880917101224377,3.2526065174565133e-18,0.42559040504472784,-0.8578321360805935
10.179999764,0.2897664519706061,6.613633252161577e-18,0.4216937497248359,-0.8591913551446929
10.219999764,0.290424695785479,2.710505431213761e-18,0.41652169454555515,-0.8614889285712332
10.259999764,0.29112663385208076,1.940721888749053e-17,0.4111580970543775,-0.8638253887728583
10.299999763999999,0.29279055346971733,-2.168404344971009e-17,0.4070796234677299,-0.8651935459515794
10.339999764,0.2961350377782253,1.5829351718288365e-17,0.4038521976507989,-0.8655676991736171
10.379999763999999,0.3008239285168854,-3.0357660829594124e-18,0.3996078714253918,-0.8659206159496006
10.419999764,0.3062520667062256,1.1926223897340549e-17,0.39482745073741676,-0.8662106878712351
10.459999763999999,0.3120912235882853,-2.6454533008646308e-17,0.38898422566471375,-0.8667700619790637
10.499999764,0.31787436156870824,-1.431146867680866e-17,0.37964379660821596,-0.8688075033942708
10.539999764,0.32488568042240856,-1.3444106938820255e-17,0.3649949168605438,-0.8724838137882177
10.579999764,0.3346139259453547,-6.938893903907228e-18,0.345320454777656,-0.8768051688234904
10.619999764,0.3480990391150783,1.214306433183765e-17,0.3211780383215267,-0.8807222755597222
10.659999764,0.3652972338786375,3.469446951953614e-18,0.29508998002907205,-0.8828815518556599
10.699999764,0.3847502077994975,-1.8214596497756474e-17,0.26996117835860534,-0.8826597531197834
10.739999764,0.4058284457107474,-9.540979117872439e-18,0.2469554709144012,-0.8799524237351957
10.779999764,0.4272555436223304,0.0,0.22666049230745114,-0.8752586598662881
10.819999764,0.44834662753163984,-1.5612511283791264e-17,0.20868580842667322,-0.8691579459121977
10.859999764,0.4678895360887187,6.938893903907228e-18,0.19235747527249294,-0.8625995500378353
10.899999764,0.48561422388597064,-1.8214596497756474e-17,0.17891688292776628,-0.8556679113786133
10.939999764,0.5010693274730309,-1.734723475976807e-17,0.16905628841655002,-0.8487340575307114
10.979999764,0.5137489959994214,-2.168404344971009e-18,0.16229206867028442,-0.8424507425103894
11.019999764,0.5233292532784058,5.421010862427522e-18,0.15767739372805104,-0.8374152686512203
11.059999764,0.5292625754104322,-2.2551405187698492e-17,0.1548218773073503,-0.8342129899353907
11.099999764,0.5309472941658331,-3.903127820947816e-18,0.15349778502581332,-0.833386705443607
11.139999764,0.528070748982497,-1.0842021724855044e-19,0.15449571815406496,-0.835028357088024
11.179999764,0.5198927075596732,-2.0383000842727483e-17,0.15833712181588777,-0.8394289299764054
11.219999764,0.5059459244984849,4.336808689942018e-19,0.16492837314067726,-0.8466506677588714
11.259999764,0.4870180492184952,5.204170427930421e-18,0.17201964054036545,-0.8562842185885332
11.299999763999999,0.466663084227578,1.214306433183765e-17,0.17943815295657534,-0.8660412894791663
11.339999764,0.4488901644860938,-9.540979117872439e-18,0.18658483044918497,-0.8738899938057975
11.379999763999999,0.4359868713936101,-1.3010426069826053e-18,0.19131026575574922,-0.8793837786705395
11.419999764,0.42793893512780806,-1.9922214919421144e-17,0.19031786153047034,-0.8835425170211938
11.459999763999999,0.4215950150121479,4.3842425349882586e-18,0.18741902526870793,-0.8872044591210272
11.499999764,0.4166511402207398,-2.7647155398380363e-18,0.1861277229355326,-0.8898080119371767
11.539999764,0.4121353462117662,-9.473216482092095e-18,0.18472584411692455,-0.892199988185495
11.579999764,0.4068742491293657,-3.604972223514302e-18,0.1819177028185939,-0.8951867373886974
11.619999764,0.40197939133234767,-7.318364664277155e-19,0.17910563057837237,-0.89796088001605
11.659999764,0.3977738401637389,-2.3879552848993235e-17,0.176384069854906,-0.9003691642780821
11.699999764,0.39419635704163175,6.884683795282953e-18,0.1732075419413652,-0.9025565796722866
11.739999764,0.39067541737753103,-1.5612511283791264e-17,0.16413294711625007,-0.9057776183632639
11.779999764,0.3873414009395836,4.662069341687669e-18,0.1559310883682664,-0.9086540237067399
11.819999764,0.3835373445650806,2.3695746699439052e-18,0.15384717109602966,-0.9106207516138185
11.859999764,0.37951637002932515,5.421010862427522e-19,0.15427715182303425,-0.9122312674454526
11.899999764,0.3757573389645254,1.1709383462843448e-17,0.15946880147887083,-0.9128943660518402
11.939999764,0.3728045235478654,-5.204170427930421e-18,0.1676450524376736,-0.9126400843790605
11.979999764,0.37059094166592843,6.7220534694101275e-18,0.17432335575671368,-0.9122903713143521
12.019999764,0.3675336186522066,-7.806255641895632e-18,0.17776195753092477,-0.9128634758906656
12.059999764,0.36404937735351167,-5.204170427930421e-18,0.18853427718307406,-0.9120980633547998
12.099999764,0.36117878628176503,4.336808689942018e-18,0.20611458361075505,-0.9094320550557893
12.139999764,0.3593157668635443,1.1709383462843448e-17,0.22252459065421112,-0.9062974049601153
12.179999764,0.35859037883179223,6.938893903907228e-18,0.23799691465030376,-0.9026463365162504
12.219999764,0.3582838537084561,3.469446951953614e-18,0.25338009382209875,-0.8985717601986623
12.259999764,0.35722403233053135,-7.37257477290143e-18,0.2702838667702948,-0.8940568338138316
12.299999764,0.3548712993008907,1.431146867680866e-17,0.2821632587677733,-0.8913193907539811
12.339999764,0.3519409717955733,9.540979117872439e-18,0.2925752636870293,-0.8891216269161676
12.379999763999999,0.3483308443211073,1.1709383462843448e-17,0.30133523910351717,-0.8876163003060334
12.419999764,0.34482572855059995,1.8865117801247777e-17,0.3100292071542988,-0.8859893383336082
12.459999763999999,0.3416255113929094,-4.7704895589362195e-18,0.31988652015881214,-0.8837220287999045
12.499999764,0.33846790343272704,5.204170427930421e-18,0.3280183099138475,-0.8819543450242293
12.539999764,0.33529578574288593,-1.5178830414797062e-18,0.33593180494143954,-0.8801855250410833
12.579999764,0.331981386516162,2.6020852139652106e-18,0.3445556603359913,-0.878105777191584
12.619999764,0.328939147844369,2.8189256484623115e-18,0.3522094548377298,-0.8762120388001581
12.659999764,0.3265980489229932,2.8189256484623115e-18,0.3598991079344739,-0.8739601515788145
12.699999764,0.32494561475191325,3.0357660829594124e-18,0.3660325355676554,-0.8720266798438074
12.739999764,0.32410597875147734,1.8865117801247777e-17,0.3701989507050501,-0.8705791471396652
12.779999764,0.3241361474437748,-1.734723475976807e-17,0.3741975289803577,-0.868856701202967
12.819999764,0.324092230602677,4.336808689942018e-18,0.3786686478254809,-0.8669338390079161
12.859999764,0.3232437569018619,8.348356728138384e-18,0.38410810414050167,-0.8648551543221324
12.899999764,0.32189817569770174,-1.1926223897340549e-17,0.3900263895923985,-0.86270561601511
12.939999764,0.3203277811383426,3.0357660829594124e-18,0.39541084512767755,-0.8608370206876571
12.979999764,0.3185400628321799,-2.6454533008646308e-17,0.4009188287653934,-0.8589507093612857
13.019999764,0.31599171802364395,-2.927345865710862e-17,0.4070882136965809,-0.8569879931538089
