0.03333333333333333,-0.9981081751409764,0.060263111189948725,-0.012183109063704834
0.23333333333333334,-0.9986428423006201,0.05040565509285606,-0.013105092765732896
0.43333333333333335,-0.9848361002317212,-0.04674447681177847,-0.16707127092342394
0.6333333333333334,-0.9817912797761823,-0.06150896183842743,-0.1797290476495257
0.8333333333333334,-0.9001761742918342,-0.4197504747659576,-0.11615676549848812
1.0333333333333334,-0.8788260582280094,-0.4619171687668409,-0.11957126986799867
1.2333333333333336,-0.7411758409957574,-0.656907030772472,-0.13831675836978727
1.4333333333333336,-0.6877229354927891,-0.7250876267555773,-0.03584825690526656
1.6333333333333335,-0.6627277812560111,-0.737267808909928,0.13125572710033886
1.8333333333333335,-0.7102467653538049,-0.6342705539680679,0.30536927919078205
2.033333333333333,-0.7131019629767479,-0.5692609215766962,0.4091791704918027
2.2333333333333334,-0.7268332620548881,-0.49576534149199447,0.47532108657830063
2.4333333333333336,-0.7518244921146068,-0.38453147494572626,0.5356262482670899
2.6333333333333333,-0.637010502446616,-0.30506448848102685,0.7079218019248451
2.8333333333333335,-0.6179441855191021,-0.1759636274032636,0.7662778774140742
3.033333333333333,-0.47365346872042385,0.2579727396583846,0.8420822152036334
3.2333333333333334,-0.20641019436468666,0.5714162075713545,0.794278508702774
3.4333333333333336,-0.12670826289212297,0.7639350951705927,0.6327307377404374
3.6333333333333333,-0.11292174579991662,0.7773447789080734,0.6188568283778226
3.8333333333333335,-0.08787185109011406,0.7770031115658701,0.623333540251889
4.033333333333333,-0.08361529585580624,0.8747015355464146,0.47739470672776657
4.233333333333333,0.09053540656975406,0.9513015109566828,0.2946672282572023
4.433333333333334,0.009372813546351555,0.9595279582907175,0.28145736377766484
4.633333333333334,0.061502752793333615,0.7860379134727341,0.6151112175714829
4.833333333333334,0.048516098944004715,0.7777381036170321,0.6267133557899004
5.033333333333333,-0.034934762656242124,0.9294750406689973,0.3672270566441388
5.233333333333333,-0.042788431351869216,0.9943155057676801,0.09749782116749493
5.433333333333334,-0.04900476564752676,0.99757886832093,0.04934505470018111
5.633333333333334,-0.04899317099843392,0.9901698313919118,0.13100906150656538
5.833333333333334,-0.03978077997758356,0.9919297571870703,0.12038623821340573
6.033333333333333,-0.051243485557644686,0.9934204685362424,0.10242010486782452
6.233333333333333,0.02982363524029097,0.988735669794851,-0.14667080846706004
6.433333333333334,0.015514235755098138,0.9769933115830122,-0.2127049073505234
6.633333333333334,-0.10784336769550701,0.9149117051753599,-0.3889812074859243
6.833333333333334,-0.12939686081194113,0.8882434438983733,-0.4407720916568701
7.033333333333333,-0.17408114391640098,0.8355156481723784,-0.5211615459642502
7.233333333333333,-0.2114718480012233,0.7798603811935056,-0.5891497630888669
7.433333333333334,-0.11500549340355937,0.7323180363443837,-0.6711810710469347
7.633333333333334,-0.12411320384112562,0.5089181915382147,-0.8518205133440754
7.833333333333334,-0.11608690220835755,0.4933612977526867,-0.8620431897622369
8.033333333333333,-0.19799843587988408,0.46512590555175704,-0.8628177741410857
8.233333333333334,-0.2580911787128799,0.44701298068000905,-0.8564860410854169
8.433333333333334,-0.26802663140597177,0.425294506939359,-0.864457232732988
8.633333333333333,-0.28119834540250543,0.426247970847818,-0.8597907640182064
8.833333333333334,-0.20984715329154607,0.8305573502547611,-0.5158862861069529
9.033333333333333,-0.23284212518067982,0.9070849792785743,-0.3506870187339884
9.233333333333334,-0.24453580263123553,0.92324300359591,-0.2963521512368344
9.433333333333334,-0.16932336617178945,0.9368418503560213,-0.30603422208923103
9.633333333333335,-0.11707723165937134,0.9437626866913931,-0.3092004415197707
9.833333333333334,0.09515288310066417,0.976124758707292,-0.1952597866337619
10.033333333333333,0.01125641264156918,0.9435027765830851,0.33117337416291676
10.233333333333334,0.028582933439633196,0.9191255785442728,0.3929264394026464
10.433333333333334,0.0706333744680076,0.8225127139576576,0.5643436557535407
10.633333333333335,0.16080638033151065,0.7346647300744477,0.6590971418761555
10.833333333333334,0.24373811232738996,0.706335105780949,0.664591943180548
11.033333333333333,0.1979782024084425,0.90485645053,0.37688119521325525
11.233333333333334,0.18292601925922397,0.9058185762805014,0.3821397366712069
11.433333333333334,0.11244105301996793,0.912873091798739,0.39245347223023974
11.633333333333335,0.0038406235756410223,0.9225033128310964,0.3859700602717817
11.833333333333334,0.09424229067237377,0.9145651728417441,0.39330514269937367
12.033333333333333,0.08352415165737542,0.9152937790369502,0.39403174256165563
12.233333333333334,0.09990001812638716,0.8458448939525158,0.52399084128714
12.433333333333334,0.09460208990419805,0.8396282856873559,0.5348595950896553
12.633333333333335,0.002154014077970251,0.6959417241083508,0.718095033312756
12.833333333333334,-0.18801590243796962,0.7242634938733727,0.6633946124839806
13.033333333333333,-0.5894225073652681,0.44086222873557795,0.676920677100013
13.233333333333334,-0.7262130873742547,-0.15236835144690553,0.6703718648658405
13.433333333333334,-0.537420301906351,-0.6771668978515217,0.5026175599330308
13.633333333333335,-0.48461869826038917,-0.7482524868533292,0.4530595250231633
13.833333333333334,-0.19772329649936987,-0.9325378762771482,0.30212349681864936
14.033333333333333,0.026415668762162725,-0.9215359553308562,0.3873934633887025
14.233333333333334,0.07134660263125558,-0.9971716326812776,0.023630430989142356
14.433333333333334,0.023004487666367646,-0.9928459283773651,-0.11716550709016921
14.633333333333335,-0.16626755779146435,-0.9392426715258138,-0.30029702497879435
14.833333333333334,-0.007196191907899108,-0.889403216635857,-0.4570668802919502
15.033333333333333,0.12321807152110265,-0.6961485777262396,-0.7072442750424737
15.233333333333334,0.13614256977759484,-0.476428351131766,-0.868608788196516
15.433333333333334,0.14448408128215962,-0.5554376425301258,-0.818909870203447
15.633333333333335,0.1475734892330845,-0.57653502287306,-0.803635136536683
15.833333333333334,0.1739079269316277,-0.6207720109805814,-0.7644593797798994
16.033333333333335,-0.04472684893046602,-0.8658498849226587,-0.49830059779632013
16.233333333333334,-0.46712084407878735,-0.5449478052215676,-0.6962973550224918
16.433333333333337,-0.6226802941874652,-0.3610721798970902,-0.6941873897838935
16.633333333333336,-0.6156067941681975,-0.2403976081399809,-0.7504913490337717
16.833333333333336,-0.6010100317684857,-0.13564672697803073,-0.7876464353844251
17.033333333333335,-0.40614094646054283,0.10107831820282859,-0.9082030088022294
17.233333333333334,-0.2792858797734088,0.15984280190500616,-0.946810264011935
17.433333333333337,-0.24572909136687926,0.1929545314359268,-0.949939873073212
17.633333333333336,-0.2655375869825536,0.19373308215730334,-0.9444349012914093
17.833333333333336,-0.5655462299401725,-0.14796904906042818,-0.8113338537991682
18.033333333333335,-0.6324273132411142,-0.48284948397582833,-0.6057161623160652
18.233333333333334,-0.4799427633277678,-0.7139807843055231,-0.5097905291114934
18.433333333333337,-0.4501586891184355,-0.7449320937928217,-0.4923751925601196
18.633333333333336,-0.3141790599395394,-0.8456503305703945,-0.43147078313796666
18.833333333333336,-0.15587221842373222,-0.9145798102781038,-0.3731589770531215
19.033333333333335,-0.09544872689075312,-0.9339148637047752,-0.34451787745518425
19.233333333333338,-0.05983725747586499,-0.9768721762875452,-0.20528091439050644
19.433333333333337,-0.02900715688983485,-0.9898154471033587,-0.13936988743895443
19.633333333333336,0.0331931320317978,-0.9989233070435433,0.03241053271870669
19.833333333333336,0.016080898923079123,-0.984014592668486,0.17736032844269098
20.033333333333335,0.02408164397647289,-0.9745505761682269,0.22287047564351659
20.233333333333338,0.12988540168175206,-0.9020318770024004,0.4116652466525399
20.433333333333337,0.493722881794044,-0.8446357781386811,0.20694955491870265
20.633333333333336,0.5285352629756102,-0.8202428907781801,0.2187511735263552
20.833333333333336,0.7344637244904986,-0.6715044713456988,0.09820785289516584
21.033333333333335,0.7188500621537216,-0.6912331491752456,0.07383306591807542
21.233333333333338,0.8191938060472812,-0.5696090133987771,0.06683621764164423
21.433333333333337,0.8187055991835241,-0.565844541355614,0.09767853850053994
21.633333333333336,0.5599324447994609,-0.8200859960065058,-0.1180449762375161
21.833333333333336,0.5265741654959252,-0.831430693823187,-0.17732075344122683
22.033333333333335,0.3261097385275605,-0.8537532123113315,-0.4059037951357054
22.233333333333338,0.3796394931980678,-0.8616670739282324,-0.33675467170073914
22.433333333333337,0.39898525192585965,-0.8546302593208972,-0.33229187260412246
