0.03336666666666667,-0.9936789598697444,-0.03942069664593519,0.10511010126592343
0.23336666666666667,-0.9952546323808721,-0.04576021494216987,0.08587327554519843
0.4333666666666667,-0.8834142890781075,-0.46792180223652274,-0.025067525692548893
0.6333666666666667,-0.670473951618012,-0.7395389683575808,-0.05955497025717829
0.8333666666666667,-0.7332362140238318,-0.6771726053830158,-0.061659686690546896
1.0333666666666668,-0.7505036244909756,-0.6586027457520582,-0.0546510101805848
1.233366666666667,-0.7865366515632637,-0.6149288275352972,-0.05676823771893808
1.433366666666667,-0.9285433911552802,-0.364312331455484,-0.07130004131360607
1.6333666666666669,-0.9298569634750237,0.3666434322231999,-0.030636923549869785
1.8333666666666668,-0.6874714516515198,0.7261351053219696,-0.010526727088915647
2.0333666666666668,-0.4987358733419534,0.8665768962397591,0.017521744927511178
2.233366666666667,-0.33543595129009507,0.9405328435708011,0.05367208535851938
2.433366666666667,-0.31015182222044746,0.9451687544578171,0.10228329663241614
2.633366666666667,-0.3027717484309379,0.9436569774329001,0.13356937259071233
2.833366666666667,-0.3173844863784627,0.9334167157629892,0.16733296907816558
3.0333666666666668,-0.358852047898719,0.9101213849112778,0.2071334652973139
3.233366666666667,-0.6622103629659617,0.7299239308572095,0.1693767703743605
3.433366666666667,-0.9841843039097269,0.16994913849150087,0.04998546052327259
3.633366666666667,-0.9720490992893434,-0.23376571979301494,-0.02177468301561711
3.833366666666667,-0.9138489015098774,-0.4010622721485896,-0.06347628744815713
4.033366666666667,-0.8027890989232799,-0.5914792590195962,-0.07537870255966388
4.233366666666667,-0.741799520149016,-0.6673605998596429,-0.06605529245766124
4.433366666666667,-0.6857970277006055,-0.7262561189997131,-0.04727035447814729
4.633366666666667,-0.5981969652812575,-0.8005307696260523,-0.03620604383545082
4.8333666666666675,-0.510881263514164,-0.8588357635603903,-0.03743615658441454
5.033366666666667,-0.4802048916752916,-0.8718904072779193,-0.09597072318090143
5.233366666666667,-0.4467300263148205,-0.8822302842635857,-0.1486674447111822
5.433366666666667,-0.37275516390063057,-0.9163610706064585,-0.14606839515240638
5.633366666666667,-0.3253702065327012,-0.9368200385510465,-0.12846183896427787
5.8333666666666675,-0.3103602543818621,-0.9454966941843462,-0.09855208666740294
6.033366666666667,-0.47061017429426194,-0.8823308177696874,0.004288573725475867
6.233366666666667,-0.5971824209911707,-0.7912704355427399,0.13139350781194395
6.433366666666667,-0.6231095579153607,-0.7558499131899366,0.2010606564330501
6.633366666666667,-0.6139846442095388,-0.7590318522435643,0.21654907978236818
6.8333666666666675,-0.5189197983233356,-0.8325746267682602,0.19375689347675087
7.033366666666667,-0.38620052162313584,-0.9073814073824716,0.16585577660914688
7.233366666666667,-0.34289107589729384,-0.9274867630554715,0.1489765566351986
7.433366666666667,-0.4188290468660756,-0.8993958660761001,0.12517709689266857
7.633366666666667,-0.49141824259028266,-0.8641783951830785,0.10818415849040543
7.8333666666666675,-0.6413761112782196,-0.7598562151088614,0.10609060392921237
8.033366666666666,-0.9679809805028454,-0.14588846871352978,0.20427769354770756
8.233366666666667,-0.6413126740643295,0.7218641018726838,0.26005820985310707
8.433366666666666,-0.3760360971690128,0.8947228189315829,0.240972884177906
8.633366666666666,-0.24223221055983546,0.9359196301303837,0.2556912241433037
8.833366666666667,-0.13442554579692523,0.9577322023279355,0.25432027300488846
9.033366666666666,0.17299842647296643,0.9777129127910895,0.11894958847949269
9.233366666666667,0.408849164847441,0.9112789445201515,0.04912276130053512
9.433366666666666,0.5123839963783009,0.8568368098901182,0.05738746790656363
9.633366666666667,0.278756799986889,0.9602700797327938,0.013267269162998575
9.833366666666667,-0.2306863421455333,0.9719519931561779,-0.04575078739484154
10.033366666666666,-0.3607380218242355,0.9313971232854034,-0.04865673998545752
10.233366666666667,-0.4661273602080284,0.8769182120097445,0.11721660936543066
10.433366666666666,-0.5244236502738203,0.8281286003506966,0.19794659965424496
10.633366666666667,-0.5258054162917666,0.7905973951793124,0.3138222792185547
10.833366666666667,-0.409915230458414,0.8095587847193808,0.42021908324337764
11.033366666666666,-0.15474413451384905,0.8376192183208624,0.5238781327113274
11.233366666666667,0.16990612743275457,0.8027959612172313,0.5715335095286249
11.433366666666666,0.31819709573253785,0.7314064857688151,0.6031543424718838
11.633366666666667,0.4838654064286576,0.6414312913745915,0.5953487775305784
11.833366666666667,0.6816992255798691,0.5040158975398213,0.5303339899260987
12.033366666666666,0.7548711356916011,0.3358254015169514,0.5633745363394149
12.233366666666667,0.7529412203037371,0.23160445598161153,0.6159861157014669
12.433366666666666,0.8160279759660249,0.29594355358754865,0.4965035302299129
12.633366666666667,0.862845632465078,0.4376548332042343,0.25289456599324905
12.833366666666667,0.7835618585052799,0.6000091919577046,0.16130648921235116
13.033366666666666,0.04861954097895399,0.9819709187134172,0.18267253498028532
13.233366666666667,-0.9731010540067305,0.15494756679448277,0.17048633445370365
13.433366666666666,-0.6667290678196147,-0.7445243022287539,0.033998728140544866
13.633366666666667,-0.3050961248513169,-0.9523187618859065,0.002308757415552511
13.833366666666667,0.1050211882938108,-0.9943198516865281,-0.017279541412799772
14.033366666666666,0.6606672895879296,-0.7412860733665982,-0.11837943191817227
14.233366666666667,0.8666832988439828,-0.47609629271075504,-0.1489710695805953
14.433366666666666,0.9171793408979878,-0.38926085348403505,-0.0851941581026163
14.633366666666667,0.9746381399542704,-0.22100766621604126,-0.0351583222042716
14.833366666666667,0.9945713235058496,-0.10378697901200319,0.007493026583738943
15.033366666666666,0.9915656142220204,0.11245413039264748,-0.06443369654257843
15.233366666666667,0.947863790439689,0.30578553059065305,-0.08971869400909692
15.433366666666666,0.9454517934709386,0.3129217578186112,-0.09055870861654507
15.633366666666667,0.947385553553099,0.31069456699151127,-0.07700323993732733
15.833366666666667,0.9466564517497286,0.32123206278745486,-0.025524972045631075
16.033366666666666,0.9660255191774907,0.2554115178533663,0.03949244036140753
16.233366666666665,0.9745972990872336,0.2194026364474597,0.04497318903272408
16.433366666666668,0.9883738916052376,0.13342655355148747,0.0728999670815475
16.633366666666667,0.9891713480796624,0.09377355884202694,0.11290068113330481
16.833366666666667,0.9909367211151747,0.0459438392597037,0.1262282788426783
17.033366666666666,0.9915613353881402,-0.049764309685759206,0.11970643944578678
17.233366666666665,0.9846594744681262,-0.1466521460739802,0.09454558367290294
17.433366666666668,0.9693716402692424,-0.2294449292087296,0.08759935788645663
17.633366666666667,0.950366859718584,-0.30300695101953157,0.07063723934642772
17.833366666666667,0.9169877458616077,-0.3970132484103146,0.03890956857043759
18.033366666666666,0.8626923057445748,-0.5053508040208472,-0.019558897836856524
18.233366666666665,0.7423013486375385,-0.6429379002811111,-0.18873146052793513
18.433366666666668,0.6851720080095658,-0.650296247661413,-0.3281068571633727
18.633366666666667,0.6472589306945922,-0.6106134426472237,-0.4562971622688427
18.833366666666667,0.6230622566332975,-0.6040465787152579,-0.49691161699181
19.033366666666666,0.6676781908555632,-0.6332247700135542,-0.39144887801234507
19.23336666666667,0.7609244388811478,-0.6030908143406649,-0.23932293657592485
19.433366666666668,0.818435942755105,-0.5558325613718924,-0.1456460480937413
19.633366666666667,0.833616826760209,-0.5435146035757694,-0.09836087556601891
19.833366666666667,0.8506302973404358,-0.5239093520844674,-0.04412582061509321
20.033366666666666,0.8296344410092741,0.4732458212820581,0.29621797199072836
20.23336666666667,0.07571492719188588,0.9293504402991818,0.3613516416401681
20.433366666666668,-0.1183625741240068,0.8866112210279162,0.44711390472018026
20.633366666666667,-0.21276780525890882,0.8531332017915365,0.4763334977158637
20.833366666666667,-0.4585376833055725,0.8373466213705778,0.2976471546446178
21.033366666666666,-0.4116410624763361,0.8653935844061366,0.28573690652775824
21.23336666666667,-0.22163979935570444,0.9262106876141726,0.30497468991843374
21.354666666666667,0.026288760846190085,0.9516591133276917,0.30602913762176887
