0.03999998759920635,-0.9979725130892518,-0.009289307314997436,0.06296484644570027
0.23999998759920638,-0.9959050270927923,0.0024998594848023195,0.09037105573058908
0.4399999875992064,-0.9380105172746324,0.03714672055952579,-0.344610491183669
0.6399999875992064,-0.9144824130754977,0.045080587493882225,-0.4021065242032527
0.8399999875992064,-0.9318966405214627,0.10573695300699164,-0.34697024102019064
1.0399999875992063,-0.9181043560367278,0.10134518287942082,-0.38316255732198334
1.2399999875992065,-0.6984968083296328,0.7102312284179934,-0.08760029071403995
1.4399999875992064,-0.6801573952976568,0.7330590199854153,0.0032234825778204297
1.6399999875992064,-0.6732528047729787,0.7383081572774556,0.04039462542078461
1.8399999875992064,-0.9497954549121814,0.3092400662427605,0.04753078221884675
2.0399999875992063,-0.9481138822144418,0.31441151275791834,0.047174855564558256
2.2399999875992065,-0.9890969455266287,0.14236231687723624,0.037685581901292
2.4399999875992067,-0.999113989820459,0.020764787150495706,0.03660681575387927
2.6399999875992064,-0.9991288779565168,-0.0030119391781579033,0.04162227115066054
2.8399999875992066,-0.9906084718517945,-0.12644111705379565,0.05203363732856831
3.0399999875992063,-0.9922769992562707,-0.1070672073184951,0.06263361608585157
3.2399999875992065,-0.9250692437253648,-0.11033803156753647,0.363417684081531
3.4399999875992067,-0.8493747648218104,0.11101725225412883,0.5159822463862854
3.6399999875992064,-0.8375618593883409,0.12545344654186347,0.531743889902567
3.8399999875992066,-0.9666245274936038,-0.2558422724479779,-0.013481634783006813
4.039999987599207,-0.9619598464161807,-0.27256968543742777,-0.018412508343491882
4.239999987599207,-0.8774546492805122,-0.4788203185491227,0.028362669136209658
4.439999987599207,-0.8800163706478245,-0.47456362497479376,0.018988239587019205
4.639999987599207,-0.8645070625004507,-0.5026204905327117,0.0004258914157649584
4.8399999875992075,-0.8381396027036851,-0.545401488705444,-0.007695615478598084
5.039999987599207,-0.799448984992271,-0.6006526021098226,-0.009887971153212688
5.239999987599207,-0.7451682277856205,-0.6668586502979112,-0.004883935061603195
5.439999987599207,-0.4012098599595481,-0.9044838811449791,-0.144705069089355
5.639999987599207,-0.2760736875376236,-0.9527802241333722,-0.12646408007707016
5.8399999875992075,-0.32552539521769736,-0.9370304344878129,-0.12651949222132766
6.039999987599207,-0.22934997389632972,-0.9725320792369263,0.0397485135426861
6.239999987599207,-0.39563079504844306,-0.9156967542771854,0.07053884189271324
6.439999987599207,-0.384096965231945,-0.9222447302065098,0.04397930088044191
6.639999987599207,-0.5177028761687541,-0.8546452735193341,0.03956246273505418
6.8399999875992075,-0.5370593316644869,-0.842751663701696,0.03656374707437262
7.039999987599207,-0.41156092712147896,-0.9102564097045169,0.045286552736449895
7.239999987599207,-0.379724497781439,-0.9245678660738333,0.031361868699295754
7.439999987599207,0.05514851406325316,-0.9971987415681983,0.0505302999339672
7.639999987599207,0.10418082347248758,-0.9925967304435364,0.06243465971234694
7.8399999875992075,0.05365659264681771,-0.9968305085788581,0.05873591092294677
8.039999987599206,0.06487059476153462,-0.9967839686577467,0.047048121771194856
8.239999987599207,0.03462938921319286,-0.9984184040862298,0.04428877718595363
8.439999987599206,-0.4226568762264367,-0.9060152389852455,-0.02230586705374906
8.639999987599206,-0.4513744528943326,-0.8923188324796937,-0.005310788681390531
8.839999987599207,-0.46668566183553134,-0.8843803576858477,0.008710681751963415
9.039999987599206,-0.49934626815291155,-0.8663153744111535,0.012287251141903497
9.239999987599207,-0.4292311068804785,-0.902515298626193,0.035025599664151134
9.439999987599206,-0.9323806640283909,-0.35902460416869875,-0.042043203344729455
9.639999987599207,-0.9243212681010761,-0.38140213494863673,0.012751658427072963
9.839999987599207,-0.9918691057436623,-0.10472388380495136,-0.07230895679011763
10.039999987599206,-0.9935620111054683,-0.11326100708242665,0.0025444769073860707
10.239999987599207,-0.9697426239563788,-0.2433038851227189,-0.02006147468129257
10.439999987599206,-0.9702698609889846,-0.24180367819565426,-0.010362338899554789
10.639999987599207,-0.9668307238887333,-0.25509631598554516,-0.012814870869074558
10.839999987599207,-0.9646748965653397,-0.26305600834034937,-0.014278669850280371
11.039999987599206,-0.8724205093267215,-0.4881424182758515,0.024483349156260426
11.239999987599207,-0.8743714988786508,-0.4847458410250082,0.022269969862101193
11.439999987599206,-0.9304161877392669,-0.3657954807983802,0.02278999386159517
11.639999987599207,-0.9981821995451399,0.041055511503409935,-0.044121893504476
11.839999987599207,-0.9992250595088121,0.032702688358149136,0.02190467127716208
12.039999987599206,-0.9993316973376878,0.036385248531652876,-0.003503196464105258
12.239999987599207,-0.9991225812458636,0.04160169491522538,-0.004833903679559111
12.439999987599206,-0.9568032665601411,-0.287756595343411,-0.04151687531850318
12.639999987599207,-0.9607833365711131,-0.2744642827258522,-0.039556765224957255
12.839999987599207,-0.8805113498894019,-0.3569611763596955,-0.3118949843903319
13.039999987599206,-0.8779420557553976,-0.34117551282572767,-0.33588244399505024
13.239999987599207,-0.8911106916771852,-0.31429573180395814,-0.3273223612105101
13.439999987599206,-0.9993017109602144,-0.03347550432924217,-0.01659762277830268
13.639999987599207,-0.9992663947055245,-0.034609776248067006,-0.016396212986001905
13.839999987599207,-0.9522522379757683,0.30499587631243535,0.013899305829811009
14.039999987599206,-0.9521442927816673,0.3041764253491079,0.029965780235761554
14.239999987599207,-0.9845243824196402,0.17468527284333102,0.014028395235275354
14.439999987599206,-0.9875078966423521,0.15694627738468356,0.014000717270477648
14.639999987599207,-0.9925020343407589,-0.1164409637469604,0.03716468473072408
14.839999987599207,-0.9923233710059609,-0.11880689315781968,0.03434020229342108
15.039999987599206,-0.9460660607457161,-0.3177239586458156,0.06332846759171726
15.239999987599207,-0.945889209138995,-0.3183653782735063,0.06274623455773262
15.439999987599206,-0.9992146014279142,-0.0037172678849670187,0.03945075680803048
15.639999987599207,-0.9987573206465976,-0.031253597788372146,0.03882044667583839
15.839999987599207,-0.9981801563286619,-0.03998492549255238,0.04513957515355214
16.039999987599206,-0.6927914364176684,-0.21135696807396476,-0.6894695480388712
16.239999987599205,-0.6910196670020707,-0.2124475795987547,-0.6909108811843813
16.439999987599208,-0.6902510180129182,-0.26006616969017665,-0.6752178311588127
16.639999987599207,-0.5113178482074928,-0.8583348444582877,-0.04260695827240648
16.839999987599207,-0.20570813027766705,-0.9785853101834101,-0.007413220009231772
17.039999987599206,-0.21439314228554512,-0.9767474481904519,-5.4720841904434e-05
17.239999987599205,0.027849757439045053,-0.9977558562445868,0.060890412547608234
17.439999987599208,0.032117905645836664,-0.9973884372998798,0.06468960718252514
17.639999987599207,0.4598648885711144,-0.8874505230991954,-0.030916877436779008
17.839999987599207,0.5466763813470764,-0.8373242891400302,-0.005741854526947778
18.039999987599206,0.7974125459005579,-0.5951307945999194,-0.09976256291445042
18.239999987599205,0.9635721849719294,-0.15875484618734553,-0.2152336942963484
18.439999987599208,0.9973436146320658,0.005120186430245779,0.07266015444220553
18.639999987599207,0.996150090728826,-0.035470775997987695,0.08016745468737436
18.839999987599207,0.9971259248772713,-0.03127412004531548,0.06900593708542355
19.039999987599206,0.998007358775759,-0.05370216489784617,0.033126866961992935
19.23999998759921,0.993521377470258,-0.11093225028880033,0.02468417216484818
19.439999987599208,0.9932684208402188,-0.11569861021522865,0.005628121875224787
19.639999987599207,0.9955520713267233,-0.0940555064796893,-0.005443801789231353
19.839999987599207,0.9989250278069882,-0.04550282352259632,-0.008847704350820095
20.039999987599206,0.9987446864842102,-0.04935178854155633,-0.008570425153172571
20.23999998759921,0.9987928696114805,-0.04911566507154637,0.0006745797533816802
20.439999987599208,0.9976456882043886,-0.06427018417845835,0.023925388875804535
20.639999987599207,0.9959757698706253,-0.0787239552351621,0.04283462037590394
20.839999987599207,0.9974749249811464,-0.040689504803973986,0.058207716263939
21.039999987599206,0.8276136720496425,0.5611888897330841,0.01107428899097761
21.23999998759921,0.6755942810655178,0.7324729496522752,-0.08399848462479373
21.439999987599208,0.638171452991011,0.7679312795939129,-0.054943119756691756
21.639999987599207,0.8160625028441664,0.5665049525147485,-0.11451694297342147
21.839999987599207,0.5006342402279809,0.8642260908604015,-0.049785754865234094
22.039999987599206,0.09554432133627411,0.9866523229920137,-0.13186537147733057
22.23999998759921,0.0024410137809707244,0.9824969212371355,-0.18626282831330213
22.439999987599208,-0.04770757196921238,0.9882685514108154,-0.1450836237111929
22.639999987599207,-0.44463173085992497,0.8844359792300619,-0.14168847008796692
22.839999987599207,-0.32849064214188567,0.9406350120449243,-0.08543811877877915
23.039999987599206,0.8329632154325755,0.5509197534409283,0.05157234728816941
23.23999998759921,0.9779177206159978,-0.19821524048634934,0.0662393398529178
23.439999987599208,0.9574582784771515,-0.28740448821275427,-0.02592884746251817
23.639999987599207,0.9899857729395868,-0.12837098815828546,-0.05872868784907402
23.839999987599207,0.9969877114819157,-0.04091221930245351,-0.06589152802751401
24.039999987599206,0.9981988416183686,-0.02208743359515471,-0.0557782920940388
24.23999998759921,0.9927243322351591,-0.07624353536029899,0.09319508304637385
24.439999987599208,0.9928631642104107,-0.07181379325999251,0.09521300463540511
24.639999987599207,0.9803183191731346,-0.1513560220483046,0.12675704194747245
24.839999987599207,0.9980680860222219,-0.06112816366925157,0.011110502705281718
25.039999987599206,0.9895967486535782,-0.13993484299733497,-0.03341428990084596
25.23999998759921,0.9930169464411647,-0.11195674714436463,-0.03718912273121711
25.439999987599208,0.9845942624941308,-0.13382461708079835,0.11253937145202256
25.639999987599207,0.6845714622514742,-0.6752366061942252,-0.27462235656658324
25.839999987599207,0.0979730773882434,-0.9940408710537622,0.04779145092749451
26.039999987599206,-0.2831420093210174,-0.9590717727611826,-0.0034550326163276216
26.23999998759921,-0.3738372028364589,-0.92697637266873,0.03099274575342244
26.439999987599208,-0.7979708856186025,-0.6026141320273067,-0.009933457909471243
26.639999987599207,-0.5288432844158057,-0.8487170760776626,-0.0020261546057681085
26.839999987599207,-0.5333066505489461,-0.8458878843229164,0.007596290934728339
27.039999987599206,-0.26605905600633983,-0.9636507195126649,0.02428722914906607
27.23999998759921,-0.32003333074050694,-0.9473237149965573,0.012507846347758849
27.439999987599208,-0.5436841224787106,-0.8391580257633695,-0.014878936839668594
27.639999987599207,-0.5386785268916287,-0.8424482892534654,-0.01031138204970348
27.839999987599207,-0.572080413230736,-0.8201626717911565,-0.007562578802353614
28.039999987599206,-0.6043080732552402,-0.7967197908276956,-0.007023354042916979
28.23999998759921,-0.6566206755801649,-0.7542145017833153,0.0031262917959716395
28.439999987599208,-0.702644353395152,-0.7115001969302267,0.007640838315132052
28.639999987599207,-0.9938459359613598,-0.10957062953123843,-0.016264461786893582
28.839999987599207,-0.9384051110790361,0.3454967021989945,0.005279798325829068
29.039999987599206,-0.8853235712344081,0.46471320657277104,0.015614411727860494
29.23999998759921,-0.6315977863343847,0.7154685441632146,-0.2986452722051288
29.439999987599208,-0.18418622414334135,0.9759121687635761,-0.116922511497966
29.639999987599207,-0.18732854053974574,0.978762427251411,-0.08325940727734725
29.839999987599207,-0.30083862094659636,0.9519971672325503,0.056546597847702405
30.039999987599206,-0.860104695666322,0.3045990407311209,0.40919352008362175
30.23999998759921,-0.875435149089468,0.07200620354952361,0.4779418441495634
30.439999987599208,-0.867656343353733,0.05305102525558201,0.49432586272352824
30.639999987599207,-0.9958430651298347,0.05644474313447102,0.0714883249579931
30.839999987599207,-0.9615180351280237,0.27456498182330225,-0.009855905839357398
31.039999987599206,-0.9484648464146066,0.31661338589993815,-0.01305369620809718
31.23999998759921,-0.5205811913275886,0.8530444858658384,-0.0361984581140707
31.439999987599208,0.05958155712924512,0.9315212032111869,-0.3587733072819617
31.639999987599207,0.3308666546704849,0.9059900278645298,-0.26402523787924376
31.839999987599207,0.24810886398842535,0.9635963509878378,-0.09961959633173004
32.03999998759921,0.41135912119485807,0.9057602916677994,0.10189194005247414
32.23999998759921,0.2671779217176618,0.9577613130761892,0.10634484153547434
32.43999998759921,0.2653497316949323,0.9585808245233783,0.10350035142697625
32.63999998759921,0.23926482712153113,0.9643434043623894,0.11311118850609385
32.839999987599214,-0.728609291645201,0.6829255849843779,-0.05235595001547899
33.03999998759921,-0.8357598653698972,0.5481989059182925,0.03135932057425869
33.23999998759921,-0.9897279293894105,0.14276289516204238,0.00757506115501006
33.43999998759921,-0.9867346697634425,0.15427028526841172,0.05055067328961088
33.63999998759921,-0.9584034317700745,-0.2854165425805905,-0.0005091096999213816
33.839999987599214,-0.848330404264592,-0.5286500052850591,-0.02940573264485177
34.03999998759921,-0.8360654697949402,-0.5467302141173837,0.04561362940751371
34.23999998759921,-0.7866688333133188,-0.6077882410760642,-0.10837712260032764
34.43999998759921,-0.5631910635418773,-0.8262917897134723,0.007596327973191584
34.63999998759921,-0.5936484656324639,-0.8042851946691997,-0.026586178517220452
34.839999987599214,-0.5897984587843403,-0.7023088113815926,-0.398622768380572
35.03999998759921,-0.5893491642794176,-0.699992822105338,-0.4033331272833376
35.23999998759921,-0.5586904467995876,-0.7898455057833762,-0.2530001218353064
35.43999998759921,-0.8730879061059182,-0.42071889562477505,-0.2464003227998148
35.63999998759921,-0.8756830044053474,-0.36101040713883553,-0.3207035418156105
35.83998888888889,-0.8822374713690804,-0.35450759740368126,-0.30980866271839486
