0.03999998759920635,-0.9994641299346155,-0.020091216439403235,-0.02584174908993668
0.23999998759920638,-0.9354526335996923,0.2929018747031861,-0.19783038716728818
0.4399999875992064,-0.8634580395649074,0.3976624206101191,-0.3103301679586233
0.6399999875992064,-0.7937373289485574,0.5081273254530934,-0.33434663713202784
0.8399999875992064,-0.7484258947502279,0.66320529300327,0.0041736554443172905
1.0399999875992063,-0.6612060858099778,0.7501763938243473,-0.006472266723973492
1.2399999875992065,-0.6679312045475769,0.7439176035359414,-0.021319126177325648
1.4399999875992064,-0.915038795244685,0.402597536189094,-0.02488427317858701
1.6399999875992064,-0.889536310064683,0.0546861258470071,-0.4535797401960912
1.8399999875992064,-0.934137429319501,0.0163201264862072,-0.3565402033653834
2.0399999875992063,-0.9307881706706654,0.02419428767332736,-0.3647574780364848
2.2399999875992065,-0.9639852336155847,0.221452611615839,-0.1472793610103977
2.4399999875992067,-0.9417873260893284,0.33474376046844123,-0.03135677351004684
2.6399999875992064,-0.9096031258085572,0.41513716267764805,0.01683121158010549
2.8399999875992066,-0.8701430799270762,0.3642285855483864,-0.3319466190887378
3.0399999875992063,-0.388563831494705,0.7022208398268058,-0.5965769363351975
3.2399999875992065,-0.7683394193022978,0.522138559887237,-0.370170043392345
3.4399999875992067,-0.3575844663194355,0.7031237160935552,-0.6146140165289385
3.6399999875992064,0.0525062457836003,0.6231553547026414,-0.7803335812709447
3.8399999875992066,0.11399796980994509,0.30054171437996535,-0.9469314340525204
4.039999987599207,0.08756350396700345,0.006240784450574374,-0.9961393905385241
4.239999987599207,0.034222684623117824,-0.2098447346526399,-0.9771356073727687
4.439999987599207,0.006789888620387917,-0.11333037238018363,-0.9935341585012022
4.639999987599207,-0.17591867576044845,-0.1003074669154849,-0.9792808747237377
4.8399999875992075,-0.012867831991875148,0.3732064788285836,-0.9276590661769006
5.039999987599207,-0.09031766724483731,0.9048100383056997,-0.4161267998635619
5.239999987599207,-0.1804771398520877,0.9809324509412621,0.07210775742718827
5.439999987599207,-0.2905934250226475,0.9565463671588128,-0.023968913385566674
5.639999987599207,-0.28684427055789896,0.9559355801987391,-0.06251024682567317
5.8399999875992075,-0.1503217948972979,0.9005496546332068,-0.40793832563129745
6.039999987599207,0.019947915566298602,0.6233915313916698,-0.781655345567155
6.239999987599207,0.009251749137974954,0.401605775899222,-0.9157659121753072
6.439999987599207,0.03793223124624005,0.1004315604880475,-0.9942206231469038
6.639999987599207,0.05154263454656728,-0.03584927808740895,-0.9980271469677618
6.8399999875992075,0.04572071860893751,-0.07179053600311013,-0.9963712836238652
7.039999987599207,-0.1332524821466527,0.4140557350264833,-0.9004452366987316
7.239999987599207,-0.16992097344895732,0.5154497795509309,-0.8399037965999772
7.439999987599207,-0.2133661183922583,0.8048392203354265,-0.5538129006551615
7.639999987599207,-0.23463050447005573,0.9633831306680356,-0.12977468904367134
7.8399999875992075,-0.22536096520662258,0.962829468518274,0.14890214878892072
8.039999987599206,-0.2242419730042755,0.9349855066036562,0.27480473064387845
8.239999987599207,-0.3496198748600379,0.894092714716201,0.2799359937454731
8.439999987599206,0.21368879464599477,0.9126033069661544,0.3485574603378625
8.639999987599206,0.4961104561833418,0.8089584442132881,0.3153738270712605
8.839999987599207,0.5980034170441904,0.7414438499284659,0.30438943905255106
9.039999987599206,0.7938099318482303,0.6065727144514391,0.043992433237103494
9.239999987599207,0.7933725173249012,0.6085651608905572,0.014439311056957773
9.439999987599206,0.9012171134184592,0.41566914785120096,0.1225841507143417
9.639999987599207,0.9392943409566972,0.0935674026798157,0.33010798566904864
9.839999987599207,0.8132353898101093,-0.06537131244179603,0.5782514956920013
10.039999987599206,0.9964310294727382,-0.05980580039860613,0.05956903341990017
10.239999987599207,0.9918283253196599,-0.1272183844619866,-0.009594568696998452
10.439999987599206,0.9821825554490324,-0.18339227243689096,-0.04104512373037681
10.639999987599207,0.9834039855755291,-0.1719091666460025,-0.057998617028694015
10.839999987599207,0.9775820226121453,-0.200053001368157,-0.06566723466949974
11.039999987599206,0.9930898135472934,-0.08229203540101467,-0.0836698460507731
11.239999987599207,0.9947324704315819,-0.05667734110191394,-0.08541072107586793
11.439999987599206,0.9943753604365768,-0.056653818278058696,-0.08948735905783027
11.639999987599207,0.9925241396405068,-0.07613391751100602,-0.09539108362577342
11.839999987599207,0.9849915162788289,-0.09673234412230648,-0.1429495241661787
12.039999987599206,0.9972187810903793,-0.04191987100851438,-0.06162326715817685
12.239999987599207,0.9945395254589489,-0.04621823996645052,-0.09356819221451455
12.439999987599206,0.9243764043577913,-0.15391919670292006,-0.3490517783264949
12.639999987599207,0.8293505196497379,-0.2618900434557164,-0.49354971451260354
12.839999987599207,0.7295320159849413,-0.3555059411160239,-0.5842932170444545
13.039999987599206,0.5533472902194763,-0.5404362292837198,-0.6338260474959656
13.239999987599207,0.5065289628279293,-0.5737925744160749,-0.6435763290872623
13.439999987599206,0.6902021971185016,-0.6199130727155217,-0.3732676109297377
13.639999987599207,0.697327939772653,-0.6766134686339682,-0.2364909268355493
13.839999987599207,0.42051946458187206,-0.899237903594164,-0.12055941542388307
14.039999987599206,0.3296605826280763,-0.9341821009700672,0.13648334143209281
14.239999987599207,0.2903558310891521,-0.938671528324518,0.18598186273247647
14.439999987599206,0.25538706405784006,-0.9398328431552401,0.22691777021347298
14.639999987599207,-0.01523837993953675,-0.9995369888857653,-0.02633627965365324
14.839999987599207,-0.11071107617126363,-0.9934638321876589,-0.027796973720385393
15.039999987599206,-0.07562685521199303,-0.995174535148267,-0.06251578491209352
15.239999987599207,-0.047992531320702525,-0.9975985336725682,0.04993878804870144
15.439999987599206,-0.12682958653528198,-0.991853225250265,-0.01189266748617854
15.639999987599207,-0.23727373455992623,-0.9714424667533931,-0.0008418290022774441
15.839999987599207,-0.4577022302005623,-0.8887104562650475,-0.026502705420445163
16.039999987599206,-0.4677057690664213,-0.8835462210848918,-0.024441538179825827
16.239999987599205,-0.6951713055170112,-0.7187421783248548,-0.01210525020875647
16.439999987599208,-0.8443686471326055,-0.5318556189956835,-0.06458473722306518
16.639999987599207,-0.8665494744517663,-0.49704285074778537,-0.0451709292342153
16.839999987599207,-0.9626119400687803,-0.26105854517277444,-0.07229584240669677
17.039999987599206,-0.9203638159810843,-0.2197159755078871,-0.3235047701956716
17.239999987599205,-0.9341178930527452,-0.18060048051204103,-0.3079078243850259
17.439999987599208,-0.9922270079810028,-0.08525774731290091,-0.09064591086307512
17.639999987599207,-0.998067016208061,0.055026898540792055,-0.028883760048159082
17.839999987599207,-0.9935865996252193,0.10518010541520537,-0.04150680028670837
18.039999987599206,-0.9994388594003075,0.02516807835310266,0.022102808704425332
18.239999987599205,-0.9949664499658709,-0.09944662496333023,0.012334189301075884
18.439999987599208,-0.9927845974585499,-0.11928136851431595,0.012275918475507516
18.639999987599207,-0.992691257306333,-0.12064240365653309,0.0030786535280667203
18.839999987599207,-0.9932402533452714,-0.11596462116331233,-0.005099585578278851
19.039999987599206,-0.9962390391706507,-0.0857196605443043,-0.012645814663660174
19.23999998759921,-0.998759382692358,-0.0487951063132156,-0.009936452277439372
19.439999987599208,-0.8510078020800161,0.06799498196374343,-0.5207325640160126
19.639999987599207,-0.8003345344837407,0.02182340379560038,-0.5991563835589746
19.839999987599207,-0.7680746639201393,0.18900173168718365,-0.6118330295621603
20.039999987599206,-0.7650029326668504,0.1659607265679575,-0.6222761045132253
20.23999998759921,-0.9996881060497419,0.02497244410871726,-0.00026011135579462016
20.439999987599208,-0.9997769731407324,-0.00023313832585875955,0.021117519363708422
20.639999987599207,-0.9716627608956996,0.2358993466845107,0.014932425200485044
20.839999987599207,-0.8307037804227264,0.15793982128364886,0.5338410269399306
21.039999987599206,-0.7984196618047003,0.1335730866664413,0.5870981810243221
21.23999998759921,-0.7899745165377936,0.12873586162427197,0.5994725524598565
21.439999987599208,-0.7825846162696353,0.1569297594156124,0.6024403447544548
21.639999987599207,-0.794931194271062,0.16805248058558941,0.5829603418276524
21.839999987599207,-0.9608400246167723,0.1451833503639985,0.23602593474346223
22.039999987599206,-0.9597137658938965,0.2809461115533668,-0.00433243081868172
22.23999998759921,-0.7738314000009937,0.6290632169689333,-0.07392180618193211
22.439999987599208,-0.6963586879289416,0.7095268913498136,-0.10796373556594553
22.639999987599207,-0.6797862996238303,0.7297805063410869,-0.07287660398431572
22.839999987599207,-0.8003393412029375,0.5971946884427748,-0.05306074837943423
23.039999987599206,-0.9324280865655046,0.3608414264969543,-0.01926988083603492
23.23999998759921,-0.9697865652007845,0.24166454959088404,-0.03335061359405058
23.439999987599208,-0.995099560873092,0.09385945111707453,-0.031100922593728382
23.639999987599207,-0.9978885030827833,-0.055089355619111435,-0.03440491698395492
23.839999987599207,-0.9889644125550276,-0.14702170275968487,-0.018275929999084742
24.039999987599206,-0.9292125055235019,-0.3692913319805884,-0.013712465232005816
24.23999998759921,-0.7634577544684011,-0.6445993213878224,0.04029853605808995
24.439999987599208,-0.572890072737789,-0.8196298120779347,-0.0019838627926227607
24.639999987599207,-0.5640299179413104,-0.8255419744683519,-0.018726987424945864
24.839999987599207,-0.3454168041824913,-0.937359649587298,0.04521193110156661
25.039999987599206,-0.32046617563728663,-0.9470805143510815,0.018437180069161476
25.23999998759921,-0.389232173334522,-0.9211350718530783,0.0029145571720288906
25.439999987599208,-0.014210642052876421,-0.9995070030884834,0.027996578889640324
25.639999987599207,-0.6932898993748808,-0.7203968944445677,-0.019427555157308204
25.839999987599207,-0.6969969007979517,-0.7155136347621948,-0.04728169569128027
26.039999987599206,-0.6937803093405277,-0.7166219954407144,-0.07156673823733405
26.23999998759921,-0.6310330519030372,-0.7696611380339496,-0.09705163577304932
26.439999987599208,-0.6240301048160689,-0.7783721692747766,-0.06872550022898838
26.639999987599207,-0.6172135771200801,-0.7862919628908087,-0.028148700004695673
26.839999987599207,-0.6023102591158783,-0.7982606653213098,-0.0015039828933569078
27.039999987599206,-0.4900279701909891,-0.8496074988837123,-0.19503765346994362
27.23999998759921,-0.4731454766577362,-0.8571333644424232,-0.2036068600954692
27.439999987599208,-0.4622424398393739,-0.8634003836608646,-0.20216751545590766
27.639999987599207,-0.459316738361131,-0.865348861853947,-0.20049808265759156
27.839999987599207,-0.48188770481089194,-0.8536451706017875,-0.19767185601479975
28.039999987599206,-0.5246380666962809,-0.8467943924248448,-0.08771633787970344
28.23999998759921,-0.5490833908073436,-0.8349010008815151,-0.03804929258941134
28.439999987599208,-0.6122438479918405,-0.7906518719024149,0.005204618463634681
28.639999987599207,-0.6647338474795521,-0.7469950510678737,0.011282982546155127
28.839999987599207,-0.6559685590288465,-0.7521127631705129,0.06349520487119512
29.039999987599206,-0.656226491808425,-0.7538600091736489,0.032586469853498494
29.23999998759921,-0.666188803345002,-0.745310523381537,0.026546224486609295
29.439999987599208,-0.5244337728648106,-0.8513403044616272,0.01374423071561139
29.639999987599207,-0.5389261253472237,-0.8423529310909107,-0.00041340147555663594
29.839999987599207,-0.5639775011973636,-0.8257880956889163,-0.0018436815483072388
30.039999987599206,-0.5739434918867118,-0.8188619274430595,-0.007349279224917625
30.23999998759921,-0.5754177607406401,-0.8178593187964889,-0.0007316296677477601
30.439999987599208,-0.57809290771094,-0.8159700918481584,0.001182904737871877
30.639999987599207,-0.8268471493069917,-0.5621239058644125,-0.018452808421460916
30.839999987599207,-0.5831227165224786,-0.8102787106172696,-0.058449196708427464
31.039999987599206,-0.5984969512345824,-0.7968740514201571,-0.08242054074158316
31.23999998759921,-0.5891076465549951,-0.8055087974257531,-0.06409179385968213
31.439999987599208,-0.5758595718122332,-0.8161637678045393,-0.04756529906696069
31.639999987599207,-0.5603645063038304,-0.8272132697515479,-0.041350047422192136
31.839999987599207,-0.5551776356891094,-0.8310039592496287,-0.034788109205482226
32.03999998759921,-0.5577882479256502,-0.8285096915553938,-0.04943643873520502
32.23999998759921,-0.5579364178435542,-0.8276606504828564,-0.060702564082566045
32.43999998759921,-0.5599549091481493,-0.825418632802711,-0.07165598609321953
32.63999998759921,-0.5690981597121011,-0.8183970649168869,-0.07970902550981762
32.839999987599214,-0.5636831360471894,-0.8206273844107892,-0.09397881724682638
33.03999998759921,-0.6263100444901005,-0.7341370939820557,-0.2622564687674838
33.23999998759921,-0.6528264050161877,-0.7138767142399666,-0.2533726934371376
33.43999998759921,-0.6958352259541669,-0.7007977417596902,-0.15714917583567678
33.63999998759921,-0.7499540106946266,-0.5963617973194559,-0.28621947617335924
33.839999987599214,-0.768827364683536,-0.5637979044489013,-0.3017223993222862
34.03999998759921,-0.6190699128849066,-0.7056680642661516,-0.34465203616914436
34.23999998759921,-0.6265210725041769,-0.6936935370737991,-0.3553317074653739
34.43999998759921,-0.8460059960502537,-0.5196965027066347,-0.11911926679387991
34.63999998759921,-0.8640963593415301,-0.4952943559972107,-0.08955993909121214
34.839999987599214,-0.8699224126141285,-0.4021363333439955,-0.2855194659498038
35.03999998759921,-0.8766676685420925,-0.3588741751335345,-0.32041086959589415
35.23999998759921,-0.6151553982816573,-0.7022204323145976,-0.3584275385692839
35.43999998759921,-0.6656139583142218,-0.744784388945614,-0.04747917943880195
35.63999998759921,-0.6733299901061751,-0.7388980888870169,-0.025619107375808373
35.83998888888889,-0.6693714899728106,-0.7428740111924456,-0.008944937474687697
