0.03333333333333333,-0.9912764229326493,0.09259482364103515,0.09379366701828547
0.23333333333333334,-0.9919413447564928,0.08569417122653225,0.09332136722357917
0.43333333333333335,-0.9995262169319619,-0.010775371025307482,0.02883111244727584
0.6333333333333334,-0.8889176100688357,0.45581157379878057,-0.04540145042383597
0.8333333333333334,-0.9138754406918894,0.397460093290799,-0.08280792921861337
1.0333333333333334,-0.9432853091480644,0.30402748580370026,-0.13334209170896508
1.2333333333333336,-0.9759720980927384,0.08597175931108482,-0.20021818185523219
1.4333333333333336,-0.9430969684953421,-0.22782814839355234,-0.24220330884292518
1.6333333333333335,-0.9335276013907283,-0.25361543019904587,-0.2533879061964603
1.8333333333333335,-0.8800250244357163,-0.3404916048207895,-0.3310912614574423
2.033333333333333,-0.8585530931586031,-0.36689612421742535,-0.3581533474114491
2.2333333333333334,-0.8789668981289893,-0.20539572558626812,-0.43038330346842446
2.4333333333333336,-0.8712582751420472,-0.08964525237492102,-0.48256890360148735
2.6333333333333333,-0.8682572052430889,0.0571295680911603,-0.49281399938838893
2.8333333333333335,-0.8641353897748824,0.08581003864925875,-0.49588977142670027
3.033333333333333,-0.8626213770870167,0.08939803822402223,-0.4978878895436154
3.2333333333333334,-0.86344746537409,0.0927739352547992,-0.4958341168943478
3.4333333333333336,-0.6115222744968689,0.7572665322765413,-0.22932053307115455
3.6333333333333333,-0.5303712204356584,0.8181416985967789,-0.22214979079613714
3.8333333333333335,-0.48381103267627307,0.8750802834190876,-0.012703630657725144
4.033333333333333,-0.4452912421783191,0.8922694648388971,0.07463854068373307
4.233333333333333,-0.4623580318276508,0.8831394404741053,0.07930812747471525
4.433333333333334,-0.48010894883716554,0.8742775867689752,0.07165262395675974
4.633333333333334,-0.4793047782678849,0.8751550528215695,0.06611023408255376
4.833333333333334,-0.4652622415549481,0.8827699592940061,0.06517856665595095
5.033333333333333,-0.4435923416473695,0.8938384711829024,0.06541117538475748
5.233333333333333,-0.4280432227607043,0.901390507285122,0.06537700532221132
5.433333333333334,-0.4250204287747233,0.9027402652874692,0.06646539364857625
5.633333333333334,-0.42352961617729024,0.9032009738709249,0.06964671578280325
5.833333333333334,-0.4224151028715188,0.9036304842024244,0.0708338117436594
6.033333333333333,-0.41874648702863054,0.9054149532993506,0.06982221668721024
6.233333333333333,-0.4310788162563371,0.8965687504718407,-0.1016638079770658
6.433333333333334,-0.425819157457784,0.8983918595038748,-0.10756445471954629
6.633333333333334,-0.40815267125217825,0.905214828753149,-0.11831107621486077
6.833333333333334,-0.39246419712961067,0.9110572306544003,-0.12627975468674738
7.033333333333333,-0.3676234931050961,0.9154199909178543,-0.16388778949379665
7.233333333333333,-0.24911890427728284,0.9427335692334124,-0.22179537635423624
7.433333333333334,-0.25207146759863164,0.961847068624346,0.1063493855244349
7.633333333333334,-0.2040033885307539,0.9705208927967311,0.1283425654761757
7.833333333333334,0.003801868444273715,0.9976640179744719,0.06820596040937194
8.033333333333333,0.5222667446281842,0.8356027529258543,-0.1703099725741642
8.233333333333334,0.5216872156660729,0.8147056194019201,-0.25317425367820057
8.433333333333334,0.6438961218938215,0.7104514226345309,-0.28400098641847726
8.633333333333333,0.6869433583124743,0.579516520955462,-0.4384853753662227
8.833333333333334,0.7083425346540201,0.4368337088148874,-0.5544611478209709
9.033333333333333,0.6722131564456029,0.35852518253720256,-0.64775702681492
9.233333333333334,0.699728892554165,0.23818294804342172,-0.6735342308942183
9.433333333333334,0.7442776346221501,0.19303195663539147,-0.6393664569859525
9.633333333333335,0.4276393872222296,0.8716698276741929,-0.23940815779467192
9.833333333333334,0.34618684201945554,0.918949762404942,-0.18890739686019958
10.033333333333333,0.3360972486443435,0.9198547569024592,-0.20225198554679283
10.233333333333334,0.22952380016519802,0.9683241911170413,-0.09832134079259658
10.433333333333334,-0.09769774568243716,0.9897614393240934,0.10405500331877109
10.633333333333335,-0.15930713502914207,0.9765404774713171,0.1448790274294329
10.833333333333334,-0.11397754204414579,0.9848045243647316,0.13103117453617522
11.033333333333333,-0.07579545867934867,0.9857399325513786,0.15023925524706047
11.233333333333334,-0.07470061146934598,0.9855799191322829,0.1518289881719193
11.433333333333334,-0.05507672872174002,0.9905339882612333,0.12573373474373273
11.633333333333335,-0.032964313826849945,0.9930146544349098,0.11329276274962202
11.833333333333334,-0.025979921037589615,0.9903655352450286,0.13601893361480494
12.033333333333333,-0.06799168581993359,0.9849733498281183,0.15875966360426222
12.233333333333334,-0.11794370828073192,0.9779864921572592,0.1721386151766325
12.433333333333334,-0.13489664831137393,0.9787075649310538,0.15470745496285648
12.633333333333335,-0.12997324067908383,0.9803674108593343,0.14827911664271076
12.833333333333334,-0.13549963628113598,0.981381930223522,0.1361225756384069
13.033333333333333,-0.13928837827470597,0.9807053693240948,0.13717042777688296
13.233333333333334,-0.1310661149869381,0.9807675998696361,0.1446256842617664
13.433333333333334,0.16057052180419001,0.9450005795998421,0.28494036583729837
13.633333333333335,0.9356544185843866,0.27984120494821174,0.21503420424817632
13.833333333333334,0.9906758527447604,0.10903828684649423,0.08168235299024863
14.033333333333333,0.9945281359435145,-0.08516350008964514,-0.06050590937420514
14.233333333333334,0.9492086824376644,-0.2944954195723268,-0.11079406588744806
14.433333333333334,0.9709078811901672,0.006530668014544312,-0.23936423420825453
14.633333333333335,0.8844663210540537,0.35827491779309456,-0.2989287711168979
14.833333333333334,0.6009135719447711,0.7667011578338434,-0.2259916229173558
15.033333333333333,0.3560682039762964,0.9197806698645663,-0.1649816761358188
15.233333333333334,-0.013075153709353082,0.9943875690276789,-0.10498763221779965
15.433333333333334,-0.27149066269210764,0.9624318956767693,0.004203124435561502
15.633333333333335,-0.32204960396164706,0.9341039291014066,0.15405811314390605
15.833333333333334,-0.3484041897902219,0.9257330112782401,0.14708131209076397
16.033333333333335,-0.3162303864741786,0.9395437119072312,0.131361927840504
16.233333333333334,-0.9322960624259262,0.36158962534118827,0.008774669836137
16.433333333333337,-0.979768694626861,-0.14791547339936098,-0.1348121573086775
16.633333333333336,-0.8913378302794531,-0.44708316235366186,-0.0750567668672594
16.833333333333336,-0.9953999623828823,-0.09576167149827639,0.0029354999595534925
17.033333333333335,-0.9834980598026325,-0.17113023908993688,0.05870270550391077
17.233333333333334,-0.7799309603271122,-0.6171803406754073,-0.10390439936314845
17.433333333333337,-0.6800666447808258,-0.7239166281497004,-0.1159916986034715
17.633333333333336,-0.20373864820802284,-0.9740273994672017,-0.09879872627482546
17.833333333333336,0.07849818089461297,-0.9940282372569301,-0.07580170929548552
18.033333333333335,0.5539911880456558,-0.8246347687729424,-0.11432961864083428
18.233333333333334,0.886216465497167,-0.41877787682762996,-0.19810468485487776
18.433333333333337,0.9076049098953115,-0.3780465218389985,-0.18257643566287396
18.633333333333336,0.9739446597886571,-0.2120320707432758,-0.08046241759651239
18.833333333333336,0.7374187879717868,-0.655655738431799,-0.16226239184627267
19.033333333333335,-0.73020291595713,-0.6004507939268481,-0.3259793637645212
19.233333333333338,-0.7660347551810299,-0.6425850260267999,-0.016590303821093097
19.433333333333337,-0.9303732296639774,-0.36339231998788313,-0.04849407487976783
19.633333333333336,-0.9993883893714721,0.028833317571094242,0.019786030105595213
19.833333333333336,-0.995212689606603,0.07464526043666919,0.06308555730381517
20.033333333333335,-0.9972516117421016,-0.017764499237063667,0.07192805742293706
20.233333333333338,-0.9959334887916665,-0.04113853610792334,0.0801505255762985
20.433333333333337,-0.990577468997045,0.08925388750097774,-0.10387502818950954
20.633333333333336,-0.9863160939424768,0.1134121110662437,-0.11965891481019499
20.833333333333336,-0.9912663903041936,-0.09411576298184077,0.09237514065829598
21.033333333333335,-0.9911076593666058,-0.09402277807930709,0.09415585349354291
21.233333333333338,-0.9931458088823195,-0.06615298221184757,0.09635966606398584
21.433333333333337,-0.9944101687255471,-0.03223379494374497,0.10054550610919077
21.633333333333336,-0.9946574868340853,-0.047654746781754166,0.09157242485633407
21.833333333333336,-0.9913399216287433,-0.09335415437522127,0.09235887421360647
22.033333333333335,-0.9839620516324641,-0.15846782499022577,0.08189401315175028
22.233333333333338,-0.9662378898605476,-0.24959091891831903,0.06394304802983192
22.433333333333337,-0.8929945848508121,-0.3816277044255502,-0.23858115315760176
22.633333333333336,-0.8660379945769399,-0.3086579280472113,-0.39332998284233905
22.833333333333336,-0.5107816855231727,-0.6707731408482817,-0.5377410745429795
23.033333333333335,-0.46046127918439295,-0.5503676523751864,-0.6964702847867227
23.233333333333338,-0.14990395043359922,-0.3789577739762372,-0.9131920998275094
23.433333333333337,-0.050814688116312054,-0.14969658307481742,-0.9874253391965219
23.633333333333336,0.055232505460560244,-0.12170546799752667,-0.9910283292621116
23.833333333333336,0.06267770941868649,-0.12578389493472647,-0.9900757125175206
24.033333333333335,0.057300725035478006,0.10024186251204951,-0.9933117314874139
24.233333333333338,0.09162406500278314,0.19188850318550865,-0.9771304073958555
24.433333333333337,0.07496150097351441,0.2140120918007824,-0.9739505110296169
24.633333333333336,0.37121085485384303,0.31467962338236033,-0.8736013025783644
24.833333333333336,-0.11167403545710503,-0.17177612766535408,-0.978785917230638
25.033333333333335,-0.15974868922653027,-0.23749918486962693,-0.9581620392588449
25.233333333333338,-0.27486829407028585,-0.08432030496731198,-0.9577773786664154
25.433333333333337,-0.6422677677285255,-0.39374207828728564,-0.6576163701756712
25.633333333333336,-0.4891418411061276,-0.46393340220001994,-0.7385838189416438
25.833333333333336,-0.6517751625621385,-0.5072985638105123,-0.5637706134793559
26.033333333333335,-0.8921205936380038,-0.4365248870447883,-0.11647690499627303
26.233333333333338,-0.8669346156608672,-0.48480357121505024,0.11571460368543986
26.433333333333337,-0.8837405051087509,-0.4573649498395005,0.09909602559356688
26.633333333333336,-0.9069314658364894,-0.41037024351863793,0.09524483980841339
26.833333333333336,-0.9199755013345885,-0.3700518395607164,0.12925445053034898
27.033333333333335,-0.9535550290236204,-0.2991719443139251,0.03505644533018186
27.233333333333338,-0.9983670852627161,0.05049173060783096,-0.026716066406850158
27.433333333333337,-0.9976965912271883,0.0448489599438837,-0.0508928545632905
27.633333333333336,-0.9449045220716572,0.30260341666011203,-0.12484637116936785
27.833333333333336,-0.8768717075662901,0.46462184932599593,-0.12337968065557045
28.033333333333335,-0.7067395265966865,0.6959115166706382,-0.1273828972470932
28.233333333333338,-0.46709176871527386,0.8791443985302346,-0.09450082608818595
28.433333333333337,-0.26455997926637553,0.9641948573309065,-0.018338333272347948
28.633333333333336,-0.15405308917170585,0.9794908471314021,0.12986657038076782
28.833333333333336,-0.19894058655028857,0.9699680953579676,0.13994476414165766
29.033333333333335,-0.22349151196959216,0.9652340011698827,0.1355539267713205
29.233333333333338,0.34698796311761165,0.9377422270029311,0.015455392168255864
29.433333333333337,0.5822155496680009,0.802899864677816,-0.12797211034101372
29.633333333333336,0.8580943101180476,0.5045388530081898,-0.09547094190492034
29.833333333333336,0.9689881233407727,0.1914463093114646,-0.15623804746458703
30.033333333333335,0.9798883645511728,0.12002803647487421,-0.15941161650649663
30.233333333333338,0.9488915221440167,-0.22196260680402485,-0.22436015774636234
30.433333333333337,0.7966204766756135,-0.5921712974614117,-0.12136297048105953
30.633333333333336,0.7265051351220195,-0.6786903416687751,-0.10756258070006279
30.833333333333336,0.540380570182289,-0.7852966754816331,-0.30215554081790236
31.033333333333335,0.2954404585583052,-0.8832179941395111,-0.36419899817961776
31.233333333333338,0.19009546877720568,-0.8884675881769367,-0.4177188737768877
31.433333333333337,0.6134378953195624,-0.6283663307449098,-0.4783823815443921
31.633333333333336,0.7729922855648581,-0.2779580785250383,-0.5702825905109554
31.833333333333336,0.8025480595652683,0.09828390384766279,-0.5884359662125405
32.03333333333333,0.7741802001714885,0.29480447619953715,-0.5601208248897289
32.233333333333334,0.6325811904944325,0.5398294140183634,-0.5553604605958516
32.43333333333333,0.4361629994508974,0.7563279748364,-0.48757546327708706
32.63333333333333,0.36016865885350413,0.7865451366181587,-0.5016226522416929
32.833333333333336,0.20741013556330778,0.9177879720830538,-0.338594556904399
33.03333333333333,0.11583788253035726,0.9567017889251085,-0.2670267253261002
33.233333333333334,-0.28087136277575686,0.9559877105384331,-0.0848455942991397
33.43333333333333,-0.5144773969259656,0.8481071010047051,-0.12659918355849523
33.63333333333333,-0.5758891769531617,0.801400237298406,-0.16158377247195485
33.833333333333336,-0.6033181329654161,0.7731824025825565,-0.1954384884606665
34.03333333333333,-0.7619520650886783,0.6453947021229858,-0.05380268560844315
34.233333333333334,-0.9269872673897588,0.33772986337841704,0.1631966466556964
34.43333333333333,-0.9423416304595481,0.3177245851454487,0.10508729465065494
34.63333333333333,-0.9399898326816752,0.3318554561652973,0.0793162698845479
34.833333333333336,-0.9898815677484865,-0.09118167592360674,-0.10872158850734971
35.03333333333333,-0.8929095092243658,-0.45016718507734194,-0.00788123189888185
35.233333333333334,-0.8907257966992831,-0.4486122062790355,0.07317542942739722
35.43333333333333,-0.897793201579005,-0.43786259680087786,0.047367853247878074
35.63333333333333,-0.8480173685296626,-0.5267389522183066,-0.05841762480610918
35.833333333333336,-0.9173488514933235,-0.3372084279853824,-0.2115692812284137
36.03333333333333,-0.9244647540755249,-0.3131630399235198,-0.2174714438677872
36.233333333333334,-0.9521261230843198,-0.18507732944318273,-0.24331507940652283
36.43333333333333,-0.9510627953761893,-0.05569494727700966,-0.30393688834861715
36.63333333333333,-0.9372621625881259,-0.0128329150714242,-0.3483890854653724
36.833333333333336,-0.9733343711613467,-0.11689253644540143,-0.1973735971180208
37.03333333333333,-0.9784090070197216,-0.0704255765650809,-0.19430916897603767
37.233333333333334,-0.9836832390454,-0.05354954157894402,-0.17175485966293808
37.43333333333333,-0.9971134839133469,0.02836388406854776,-0.0704286183219132
37.63333333333333,-0.9968154280508534,0.06561422938790663,-0.045318597745572294
37.833333333333336,-0.930694295081946,0.13190081574640034,-0.34118954249413047
38.03333333333333,-0.9041711654256716,0.12848323156338007,-0.4073899395171831
38.233333333333334,-0.9713412369155364,0.10973039704938663,-0.21084459070789477
38.43333333333334,-0.9741264262206516,0.1077917546943146,-0.19864199797249013
38.63333333333333,-0.9726455761366395,0.1111832658261123,-0.20395799720056323
38.833333333333336,-0.9706815158852977,0.11158840602538568,-0.21289768049308247
39.03333333333333,-0.916307833923192,0.14734171185879993,-0.37238471160549325
39.233333333333334,-0.9109453990193034,0.1500451326675567,-0.3842719586026773
39.43333333333334,-0.9073802603687537,0.15474317410268612,-0.39078845065042384
39.63333333333333,-0.9048706937441803,0.15516428326497123,-0.3964001422827614
39.833333333333336,-0.9024053105816924,0.15539590075273751,-0.40189148966257593
40.03333333333333,-0.8989061365913071,0.15668519765513186,-0.4091668442509277
40.233333333333334,-0.8978789096082477,0.15338409423812674,-0.4126581918676204
40.43333333333334,-0.8957660641843043,0.15662504581188577,-0.41601893380011695
40.63333333333333,-0.8965827076134564,0.1557677162859836,-0.41457914440016586
40.833333333333336,-0.960047990331865,0.17766443457750591,-0.21620176906307478
41.03333333333333,-0.9936730706737875,0.11129596166095974,-0.015067764787387904
41.233333333333334,-0.9916377202603869,0.11045734202715632,0.06673685150708666
41.43333333333334,-0.9905133334840718,0.10818718419797527,0.0847282087948593
41.63333333333333,-0.8629898222949889,0.4798225113345563,0.1581737153634053
41.833333333333336,-0.8580799876613225,0.48912582858835874,0.15637985350707934
42.03333333333333,-0.9015127686591365,0.411368146044594,0.13435392202824564
42.233333333333334,-0.9664722336203563,0.2513914789013723,0.052285236698902206
42.43333333333334,-0.9723365628012668,0.08565458944154576,-0.21731290791717486
42.63333333333333,-0.9925416286737108,0.06603005380385685,-0.10247510597407493
42.833333333333336,-0.9946145717712751,0.05993614315463376,-0.08455478912510243
43.03333333333333,-0.9951472535103925,0.0648073993403698,-0.07404015681683102
43.233333333333334,-0.9296881684438305,0.1459675920406508,-0.33819132385294853
43.43333333333334,-0.9868264671484195,0.1189934405356881,-0.10960878087475265
43.63333333333333,-0.990325340699144,0.11088445797502565,-0.0834287513313552
43.833333333333336,-0.9927998574869652,0.1066275257159499,-0.054580342006591134
44.03333333333333,-0.9900741968598094,0.11772804662183123,-0.07676712676016875
44.233333333333334,-0.9876882962208304,0.12606171204294428,-0.09262976986473874
44.43333333333334,-0.9864547300907072,0.12692862696360838,-0.103904711821955
44.63333333333333,-0.9933738093255163,0.07447971918770017,0.08752854606261144
44.833333333333336,-0.9084780721033667,0.4038352327986541,0.10763223150063783
45.03333333333333,-0.8885402053506155,0.4231067535263351,0.1774175261801694
45.233333333333334,-0.8904984667031608,0.4247423175423513,0.16311481995230204
45.43333333333334,-0.9838532904228492,0.15558119421158131,0.08847143568311258
45.63333333333333,-0.9910874956536484,0.1096622748323824,0.07562910443451276
45.833333333333336,-0.9945797908927314,0.08703656604970943,0.05688300025530695
46.03333333333333,-0.9900707567403555,0.12097853972662494,0.07158274633732406
46.233333333333334,-0.9872359109768682,0.12578585918398477,0.09768916883165395
46.43333333333334,-0.9863284665299838,0.10225165991177002,0.1292313977247732
46.63333333333333,-0.8808167859047149,-0.4662388186883886,0.08235990296584687
46.833333333333336,-0.7661080645623104,-0.6427113098898078,-0.0007781724217565708
47.03333333333333,-0.6932227391951566,-0.7193470172659827,-0.044520811013475776
47.233333333333334,-0.43185058260135684,-0.8986581993432762,-0.07693188584695888
47.43333333333334,-0.2750383400800628,-0.9568135242631035,-0.09413708766062096
47.63333333333333,-0.37125944411974143,-0.9110517258166876,-0.1793074957672871
47.833333333333336,-0.5862824631592667,-0.7293720309649562,-0.35254689594145944
48.03333333333333,-0.618533362337491,-0.612578678048218,-0.4921014558769116
48.233333333333334,-0.7828318616888383,-0.4203472916189124,-0.45878364263935123
48.43333333333334,-0.7812494925026139,-0.382197115658821,-0.49353277018500663
48.63333333333333,-0.79520366950466,-0.308736454484272,-0.5218552727325886
48.833333333333336,-0.7786504890412702,-0.33388787800076636,-0.5312459890106813
49.03333333333333,-0.8986766280269382,-0.07026492684339013,-0.4329470617683239
49.233333333333334,-0.9094833095642495,0.015304747326961101,-0.41545863131401845
49.43333333333334,-0.918046495890638,-0.05757906826695278,-0.39226940013265255
49.63333333333333,-0.9260587523431709,-0.06264114106214529,-0.37214415843197357
49.833333333333336,-0.9266735361488025,-0.2458239366902013,-0.2843356283542504
50.03333333333333,-0.9417476318332785,-0.22576444613518173,-0.24928259625911817
50.233333333333334,-0.9023763029551152,-0.26106865423606196,-0.3428704793948144
50.43333333333334,-0.9104792408184333,-0.2432684349295207,-0.33443687088243035
50.63333333333333,-0.9248828928800622,-0.23247103725359647,-0.30091336177718103
50.833333333333336,-0.9257454663439044,-0.27297339181766694,-0.26168847682552915
51.03333333333333,-0.9627815772396564,-0.242326905777393,0.1197050761842379
51.233333333333334,-0.9680891061338366,-0.23462861057902046,0.08805054050230343
51.43333333333334,-0.9703832523197801,-0.22405303217709713,0.09031379955208861
51.63333333333333,-0.9713235841008346,-0.21940019799438693,0.0916190378116503
51.833333333333336,-0.9723839380876911,-0.20661166207077714,0.10854076674422795
52.03333333333333,-0.895793074114657,0.42966689371594774,0.11375908233060612
52.233333333333334,-0.8751109557268123,0.47037549294690206,0.11370009147693873
52.43333333333334,-0.8829138380833411,0.4534871335273603,0.1217069194667323
52.63333333333333,-0.9942984176681157,-0.07346477469257062,0.07728896106205253
52.833333333333336,-0.971837477012247,-0.20546700635800494,0.11539162696118697
53.03333333333333,-0.9653389474319357,-0.23175865959156478,0.12003599574845926
53.233333333333334,-0.996785434077664,0.048653144584619584,0.06365272918446548
53.43333333333334,-0.9946859181662571,-0.07564724906499318,0.06983851309019472
53.63333333333333,-0.9914755551711754,-0.09898989054417331,0.08471850487385826
53.833333333333336,-0.9868664018869466,-0.12796188797192595,0.09859239348637383
54.03333333333333,-0.999676454030725,0.007665040489559276,0.024253544294575023
54.233333333333334,-0.9939861433517234,-0.10620598045023374,-0.026680265016898824
54.43333333333334,-0.9514400413302919,-0.2946805417337002,-0.0890237388394012
54.63333333333333,-0.9305961574478705,-0.3519544000512778,-0.10059270365092873
54.833333333333336,-0.9036274712031093,-0.42831880751153256,0.0006264335341553592
55.03333333333333,-0.9463296759770833,-0.27565262166619914,-0.16874767119477588
55.233333333333334,-0.9461383622225001,-0.2679549825437913,-0.18172046351713217
55.43333333333334,-0.9475792938031831,-0.2601942809451347,-0.18545192940194913
55.63333333333333,-0.9501954747730494,-0.24939440595893386,-0.18689834134419098
55.833333333333336,-0.9519313920059385,-0.2418939100227145,-0.18792009261268372
56.03333333333333,-0.9520068387809186,-0.2414476442108911,-0.18811170622630957
56.233333333333334,-0.9524372493840041,-0.2403922042378608,-0.18728287195441737
56.43333333333334,-0.9572190597875692,-0.2854366012462486,-0.04751440043179103
56.63333333333333,-0.9593296742826598,-0.27908495682093387,-0.04240475111332622
56.833333333333336,-0.9609970135125095,-0.2737023748012691,-0.03964530297756608
57.03333333333333,-0.961313227919656,-0.27331776201721986,-0.034267751495980985
57.233333333333334,-0.9570939343867273,-0.2871138283367787,-0.039202682790014376
57.43333333333334,-0.9600025731953158,-0.2778393564674333,-0.034646088612357434
57.63333333333333,-0.9599351493281808,-0.27816043481152075,-0.03393054066396663
57.833333333333336,-0.9597754140916522,-0.27889350456741324,-0.03239703096433794
58.03333333333333,-0.9604940707912089,-0.2760708410424891,-0.03515722828985615
58.233333333333334,-0.9627245322874246,-0.2682040285645505,-0.03504388668092198
58.43333333333334,-0.9646471906470145,-0.26097802388283325,-0.0366915334516545
58.63333333333333,-0.9943898146258016,-0.10498037394339853,-0.012962162441839712
58.833333333333336,-0.9218888743018406,0.3786414229149092,0.08216797607011096
59.03333333333333,-0.9047472873531912,0.4167854530336822,0.08787623209122275
59.233333333333334,-0.9080200004251671,0.4109755141624913,0.08123303260839
