0.016683218,-0.7976124277592083,-0.5648324363674336,0.21160986250950342
0.216683218,-0.7970221470547059,-0.5671830444448929,0.20750684614857742
0.416683218,-0.7982412379304146,-0.5678484098636561,0.20089576770712914
0.6166832180000001,-0.7984526524159443,-0.5682435418486055,0.1989287284363317
0.8166832180000001,-0.8008556294836624,-0.5648395039459743,0.1989638045132645
1.016683218,-0.8021674819466462,-0.562543940006168,0.2001790360395257
1.2166832180000002,-0.8025987325587978,-0.5624150433171791,0.1988079312943702
1.4166832180000002,-0.8026113471433248,-0.5625943064758432,0.19824901451896973
1.6166832180000001,-0.8007754393266837,-0.5646005512725604,0.19996227962762858
1.816683218,-0.8011722212729621,-0.5643173689883495,0.19917072806668948
2.016683218,-0.8013749902489602,-0.5643264050023793,0.19832759167742994
2.216683218,-0.8016883974496314,-0.5645253094929645,0.19648635661672373
2.416683218,-0.8017872823433329,-0.5641640927871884,0.19711933005695156
2.616683218,-0.8019587927933566,-0.5636073823253497,0.19801215429813723
2.816683218,-0.8023778449561259,-0.5631865800756687,0.19751118942033602
3.016683218,-0.803246449553084,-0.5625378467031521,0.19582214457753774
3.216683218,-0.8106494625379694,-0.5529461274448954,0.192608486392981
3.416683218,-0.8216715943226857,-0.5380803074940154,0.18795045562690768
3.616683218,-0.8212927427363914,-0.5389358283886638,0.18715342264452595
3.816683218,-0.8211653540454659,-0.5387080070056603,0.188364392875549
4.016683218,-0.818576739685151,-0.5408904909799427,0.193312177614101
4.216683218,-0.8167889278839136,-0.5410847721892768,0.2002076836465716
4.416683218,-0.8094281946934744,-0.5495875002363303,0.20683224414787096
4.616683218,-0.8095403428602351,-0.5478949567461596,0.21084484734955503
4.8166832180000005,-0.8095232169625121,-0.5488203662412847,0.20849068755569786
5.016683218,-0.8093572234725823,-0.5495011495421859,0.20733878427484015
5.216683218,-0.808006031514631,-0.5517979521685532,0.2065073195278281
5.416683218,-0.8082955688503946,-0.5520212141518321,0.2047702432072456
5.616683218,-0.8095598231085981,-0.5501737124575353,0.20474808650893103
5.8166832180000005,-0.8133720449164291,-0.547410470824909,0.1968951319350434
6.016683218,-0.8187699978223764,-0.5405910152024603,0.19333143807544523
6.216683218,-0.823786168032308,-0.5317643556461076,0.19647651112264536
6.416683218,-0.8260709022363655,-0.5252690664799265,0.2042039967231389
6.616683218,-0.8289082749735873,-0.5181293940051076,0.2108388075004519
6.8166832180000005,-0.8279184191239847,-0.5185631715852734,0.21364299274880152
7.016683218,-0.8263603731536067,-0.5189378642223496,0.21870534231650254
7.216683218,-0.822725342756908,-0.5220809689551155,0.2248432170211417
7.416683218,-0.820726706733176,-0.5268593344594148,0.22096813016337427
7.616683218,-0.8096249219659944,-0.5444154733044914,0.2193610680093534
7.8166832180000005,-0.8043532114779121,-0.5519409611608025,0.21994791787616194
8.016683218,-0.8043125283482228,-0.5505504778267003,0.223552070236178
8.216683218000002,-0.8001309906482019,-0.5563592038427101,0.22417589991752657
8.416683218000001,-0.7997218678686409,-0.5562736806975366,0.2258418168008474
8.616683218,-0.7987502651340632,-0.5569632427589265,0.22757407621195572
8.816683218000001,-0.7975607802427271,-0.5571548236181944,0.2312472796328452
9.016683218,-0.7972556786402848,-0.5569307495198733,0.23283368122986636
9.216683218000002,-0.7991217193178616,-0.5547270731452916,0.2316945230991089
9.416683218000001,-0.8015456822016114,-0.5504412952084666,0.23353565011188157
9.616683218000002,-0.8005013874465718,-0.551315907844939,0.2350495659498746
9.816683218000001,-0.8005315188112472,-0.5513012532667402,0.23498130890834557
10.016683218,-0.7995492535428972,-0.553427707071708,0.23332116107277456
10.216683218000002,-0.7996670279136973,-0.553225969434711,0.2333959537153511
10.416683218000001,-0.7997703063137162,-0.5527168670299966,0.23424671190736146
10.616683218000002,-0.8004947050394402,-0.5518115900800432,0.23390638353228863
10.816683218000001,-0.8002461987319891,-0.5526448172424969,0.2327868711719143
11.016683218,-0.7999814718862045,-0.5529077788749368,0.2330721619978808
11.216683218000002,-0.7995650518936009,-0.5549023301198331,0.2297370928212568
11.416683218000001,-0.7998649375109784,-0.5562915577163645,0.22529044487962507
11.616683218000002,-0.800560596996502,-0.5567188053757104,0.2217361095483701
11.816683218000001,-0.8035633914605415,-0.5610533858070194,0.1987585826547188
12.016683218,-0.826008087520187,-0.560608100430209,-0.05855934667733088
12.216683218000002,-0.8287854738489115,-0.4794085970699183,-0.2885862702771698
12.416683218000001,-0.8064989730223997,-0.4548126634818749,-0.3777629516645826
12.616683218000002,-0.8111580807098788,-0.43479204167698626,-0.3911245947181332
12.816683218000001,-0.8289979265956813,-0.4261291823778483,-0.36218276826216894
13.016683218,-0.8644870007557227,-0.39403448601702395,-0.3120882076491763
13.216683218000002,-0.8937105063312788,-0.35616351234315,-0.2728169410950874
13.416683218000001,-0.9289324490715213,-0.28848725009726206,-0.23207673643281357
13.616683218000002,-0.9542555218351371,-0.26031873326445554,-0.1470733019916923
13.816683218000001,-0.9568821912058235,-0.28176804955187107,-0.07059205624484977
14.016683218,-0.9617925710539263,-0.27367469304441483,-0.0075639045818840095
14.216683218000002,-0.9958247268170095,-0.09107884526645546,-0.006144705424822618
14.416683218000001,-0.9997363378982616,0.018767869921294117,0.013229578390531183
14.616683218000002,-0.9754508667619842,0.2162961009364559,-0.04137152708059765
14.816683218000001,-0.8259134457045783,0.5482946571136472,-0.13130098699179374
15.016683218,-0.7853215821137469,0.6046744243037584,-0.13281134461814623
15.216683218000002,-0.8180872346438649,0.564288969415511,-0.11095600708719862
15.416683218000001,-0.9209000433141302,0.38605107383519005,-0.053922895088548035
15.616683218000002,-0.9997311948316796,0.02285952623903279,-0.0038704186529233547
15.816683218000001,-0.9740547615207996,-0.2185815937106357,0.05864647005213991
16.016683218,-0.9490696794358832,-0.30322334312433263,0.08557071788861773
16.216683218,-0.9334668286961063,-0.3461423474741467,0.09394229616696269
16.416683218000003,-0.9137202594375492,-0.3976490758083765,0.08360921003168487
16.616683218000002,-0.9033249895119084,-0.42450342558431914,0.06165066901899108
16.816683218,-0.8152236839041677,-0.5788511787815903,0.018483993748125736
17.016683218,-0.6197483971754438,-0.7844875744168631,0.02216235059769753
17.216683218,-0.46938697904434706,-0.8816182374634046,0.04924578434284566
17.416683218000003,-0.3556775545437455,-0.9319141991741556,0.07091828093921193
17.616683218000002,-0.2200720433313017,-0.9709921117092726,0.0935019504735227
17.816683218,-0.20409868686157867,-0.9740461127769556,0.09786672675369203
18.016683218,-0.23408617972841295,-0.967824284307245,0.09230284483874882
18.216683218,-0.27540441538395394,-0.958140166366804,0.07822933964706565
18.416683218000003,-0.4564932660833873,-0.8896950723494453,-0.007521719061281057
18.616683218000002,-0.7068566573526011,-0.7048575290992961,-0.059409844540635075
18.816683218,-0.815730521377561,-0.5763749902743844,-0.04873999465835281
19.016683218,-0.8110808579923632,-0.5831868542928444,0.04517670614806568
19.216683218000004,-0.7874603179511749,-0.6107744412584651,0.08283012469895507
19.416683218000003,-0.7235592122260496,-0.6794312999745413,0.12179973324159606
19.616683218000002,-0.5135900003100714,-0.8473556486637539,0.13495820189647528
19.816683218,-0.3629890570416129,-0.9212864670841939,0.13953562281928292
20.016683218,-0.3814569385547273,-0.9153959853595617,0.12861101825291862
