0.03336666666666667,-0.988061619257261,-0.05021390224432167,0.14564614849736807
0.23336666666666667,-0.9878695346819986,-0.039617126808146504,0.15014747986776014
0.4333666666666667,-0.9912140920979005,-0.01622025895661627,0.13126891035548072
0.6333666666666667,-0.9926513378100131,0.04140306874690906,0.1137062330847809
0.8333666666666667,-0.9842238522868445,0.1536091155290724,0.0877932128129484
1.0333666666666668,-0.9483410259624708,0.30858826089742813,0.07363819465976311
1.233366666666667,-0.8642156657839728,0.49576681720959836,0.08571199430318685
1.433366666666667,-0.7208766876356145,0.6819058343099188,0.123859736628164
1.6333666666666669,-0.6025733341458137,0.7868253536084685,0.13345875728218795
1.8333666666666668,-0.5185281605098604,0.8424709464779383,0.14618909363843585
2.0333666666666668,-0.4062725343774642,0.8981296334813534,0.16824324436113963
2.233366666666667,-0.20093964418740556,0.9678863902039898,0.15106023650097036
2.433366666666667,-0.00787649082863251,0.9920554838273731,0.1255542826838784
2.633366666666667,0.13960906771108417,0.9843028952677493,0.10796813687550662
2.833366666666667,0.3011779459117618,0.948860595627731,0.0946330542747057
3.0333666666666668,0.3880507459867912,0.9161431443370626,0.1004905847494934
3.233366666666667,0.4288406106343167,0.895880692770126,0.11616159000506554
3.433366666666667,0.4688498537630707,0.8756325821898389,0.1159629062843048
3.633366666666667,0.5001130428999465,0.8590350565902194,0.10929645863611184
3.833366666666667,0.5296124814725226,0.8419260143997875,0.10330152828204238
4.033366666666667,0.5139959654666729,0.8544019297736815,0.07619376538137437
4.233366666666667,0.522623062649177,0.8501375080659065,0.06427559230909692
4.433366666666667,0.5316518914600625,0.8460432544410532,0.039459826681447985
4.633366666666667,0.5105324396662735,0.8592932279371475,0.03117332946222701
4.8333666666666675,0.43412036445305563,0.9008536377220736,-0.0014941787220963214
5.033366666666667,0.3664033630122851,0.93038763196078,-0.01128848385301298
5.233366666666667,0.3196782938760073,0.9474064114599186,-0.01506253461953664
5.433366666666667,0.3077263760285909,0.9513262812908923,-0.016816183322989703
5.633366666666667,0.3055141600656265,0.9519905448333399,-0.019367512677561784
5.8333666666666675,0.29954880668456174,0.9540382745090736,-0.009026803731382683
6.033366666666667,0.30422387450676447,0.9525916975962266,-0.004109969687397344
6.233366666666667,0.30431125595651065,0.9525726458732688,-0.00011761025041281205
6.433366666666667,0.2984801797382239,0.9542461287775583,0.017997444720896583
6.633366666666667,0.2869155520354045,0.9579260778243851,0.007556151415223827
6.8333666666666675,0.25980477950555997,0.9654857152305585,0.018406798521305324
7.033366666666667,0.23737099658542093,0.9712886293420007,0.015918809345602223
7.233366666666667,0.22183014593758105,0.9749984735371992,0.013013952260669084
7.433366666666667,0.22169649631702792,0.9750772838797261,0.008657596807996833
7.633366666666667,0.2235937031498082,0.9746571208704905,0.0070251439986127075
7.8333666666666675,0.22735868420316335,0.9737928445128067,0.005960259479560939
8.033366666666666,0.2353646443955234,0.9718661640689613,0.008924309858573313
8.233366666666667,0.24636228809076077,0.969138853728294,0.008689372871164062
8.433366666666666,0.2519716483315603,0.9676843273540986,0.00986564900667714
8.633366666666666,0.2466410218873213,0.9690532378702482,0.010199436041578401
8.833366666666667,0.23502895873992635,0.9719763610820543,-0.004831361227891394
9.033366666666666,0.13655326484279673,0.9639483040235258,-0.22837879286602183
9.233366666666667,0.07133871631005023,0.9380145883296498,-0.3391746152588551
9.433366666666666,0.07257433387007417,0.9426261910861069,-0.32586627616526015
9.633366666666667,0.006046049949925636,0.9229849022057758,-0.38478866352869207
9.833366666666667,-0.2476899492739504,0.7809712671466396,-0.5733529182973088
10.033366666666666,-0.4061604116423455,0.6270921157370802,-0.6646722488527058
10.233366666666667,-0.48778903704850707,0.5578230634699337,-0.6714873678605642
10.433366666666666,-0.5367566312675098,0.4933033335793122,-0.6845028413892025
10.633366666666667,-0.5610166246038127,0.4425566731363105,-0.6995741118571107
10.833366666666667,-0.5795326042133758,0.4192276468274163,-0.6988491545313692
11.033366666666666,-0.6333621543277408,0.35382766126154824,-0.688228426898734
11.233366666666667,-0.7988161179847112,0.2571428706978346,-0.5438477302491138
11.433366666666666,-0.8973763470338529,0.1430864313786779,-0.4174230048038714
11.633366666666667,-0.9471427590321858,0.08847656289036732,-0.3083707052104751
11.833366666666667,-0.9625591654084649,0.07618818278033856,-0.2601446018905431
12.033366666666666,-0.9682203982585095,0.043720682835387395,-0.24624735996258054
12.233366666666667,-0.9754501546734181,0.033385791944261195,-0.21767495180626245
12.433366666666666,-0.9828977984014491,0.05367192408518397,-0.1761568689054702
12.633366666666667,-0.9922677463236574,0.06082482587594406,-0.10818992634682205
12.833366666666667,-0.988087579436935,-0.1534085066530467,0.012196944246021536
13.033366666666666,-0.9573556191980835,-0.2841831775076173,0.05205900509545344
13.233366666666667,-0.9070930361437718,-0.41413965773392153,0.07530317172273966
13.433366666666666,-0.7967673158256035,-0.6022410950810754,0.04967401561793359
13.633366666666667,-0.6773021315487648,-0.7341104296471941,0.048411772150085505
13.833366666666667,-0.5801525987977282,-0.8140625987967423,0.026926703261577655
14.033366666666666,-0.507061668739162,-0.8527485026583492,-0.12533337667756175
14.233366666666667,-0.44516044905032087,-0.8440579675760835,-0.29899552165985427
14.433366666666666,-0.2827289173788696,-0.9110546047928205,-0.3000731016995194
14.633366666666667,-0.1710694464081844,-0.9550468748301215,-0.24211714392585995
14.833366666666667,-0.05911636678820864,-0.9787786430710779,-0.1962081115695819
15.033366666666666,0.025718563498059177,-0.9871291671432334,-0.15784347584459507
15.233366666666667,0.12190038003037451,-0.9845540014727167,-0.12567305014406152
15.433366666666666,0.15804485486460618,-0.9762507619610762,-0.14817649483384124
15.633366666666667,0.1443398250348863,-0.9790325433369247,-0.14374037009876825
15.833366666666667,0.1839723199951646,-0.9739170639710565,-0.13281467532465455
16.033366666666666,0.24668373823215461,-0.9605949871199515,-0.12807967837182388
16.233366666666665,0.32077420576229404,-0.9403417912597124,-0.1134073389514333
16.433366666666668,0.35333221029993034,-0.9315497110689261,-0.08585735246306216
16.633366666666667,0.34396754986883926,-0.9371252948722044,-0.059012764279533364
16.833366666666667,0.3428738156999753,-0.9390569630956982,-0.024689401953549617
17.033366666666666,0.31682243655395337,-0.9484583214995652,-0.007096201395368484
17.233366666666665,0.2676822349105538,-0.9632532301589689,-0.022123193747826286
17.433366666666668,0.2349254126557258,-0.971080470009735,-0.042576651514753025
17.633366666666667,0.2090426040690902,-0.9772066199152083,-0.036992048847108605
17.833366666666667,0.20046001561413707,-0.979321899506356,-0.027283681702496298
18.033366666666666,0.17520984241556714,-0.9843934139834265,-0.01646564990416348
18.233366666666665,0.17402582785559434,-0.9845939439355137,-0.01702283186446016
18.433366666666668,0.1341698306399104,-0.9909526031259601,-0.0033756338576823187
18.633366666666667,0.08573362122734468,-0.9960708527534199,0.022194649948166816
18.833366666666667,0.06263993157128928,-0.9967518380589455,0.050616324430540344
19.033366666666666,0.051825233432720996,-0.9962239193006942,0.06965664212986497
19.23336666666667,0.04086924773030992,-0.9955192687953455,0.08527068691607154
19.433366666666668,0.02217673668656389,-0.9959443906163484,0.0871949720440665
19.633366666666667,0.007757020105214618,-0.9955574846404622,0.09383561911898382
19.833366666666667,0.01731173844484013,-0.9927964736963041,0.11855574860883566
20.033366666666666,0.06649905024202524,-0.9895721755872388,0.12776848445703362
20.23336666666667,0.18434644467434758,-0.9761812461391852,0.1143965166518435
20.433366666666668,0.2195101623323361,-0.9720279537703806,0.08352811336189958
20.633366666666667,0.10142699697883906,-0.9927805957122555,0.06402540949555262
