0.03332834545222605,-0.988127829006151,0.124499066089007,0.09001875408244649
0.23332834545222605,-0.9731332163601599,0.22653511888629846,0.041153166678893
0.4333283454522261,-0.9549739975811131,0.2885287607013235,0.06910729478214721
0.6333283454522262,-0.959358406920988,0.26587152858013136,0.0945715462519723
0.8333283454522261,-0.946249292159074,0.30150608391242445,-0.11707415791815698
1.033328345452226,-0.9584961544990469,0.2476047898760476,0.1413399796270599
1.2333283454522261,-0.9803966190832923,0.1537533140595171,0.12321683207161949
1.433328345452226,-0.9818084074408634,0.12751478381993098,0.14068486409629238
1.633328345452226,-0.987279169665318,-0.08627601052511406,0.13355257823355776
1.833328345452226,-0.9775522479816977,-0.16812939307241698,0.1269807451979644
2.033328345452226,-0.9194520438588245,-0.35518224620565414,0.16868168550300935
2.233328345452226,-0.9165077053589198,-0.3658006978978773,0.1618748758614306
2.4333283454522263,-0.9159187026633189,0.2771265514338347,0.2903339535809294
2.633328345452226,-0.9025991348701494,0.39233247168770524,0.17717232682073664
2.8333283454522262,-0.8507117363982791,0.49564084182471113,0.1750134208268522
3.033328345452226,-0.6416012300463965,0.7111692954506457,0.28737796507593155
3.233328345452226,-0.31520518583433416,0.8848909710125914,0.34294848045083415
3.4333283454522263,-0.18482379313002895,0.9170189980438193,0.35343503323770536
3.633328345452226,-0.07495359957765163,0.9311604804696212,0.35682224919690403
3.8333283454522262,-0.010879280411351,0.9536400288683448,0.3007529494414213
4.033328345452226,0.16804191635719,0.9255839472824834,0.339199455895761
4.233328345452226,0.29589247489260306,0.9018239558895379,0.31489870734202086
4.433328345452226,0.4043087799928893,0.8169404000073869,0.4112697329690479
4.6333283454522265,0.2452567534329933,0.9645296132557347,0.09763068189995917
4.833328345452227,0.2150775495499203,0.9726498725277292,0.08771472596658912
5.033328345452226,-0.008738131727502374,0.9891913474376923,-0.14636981658906312
5.233328345452226,-0.7325752869697905,0.6587621099951624,-0.17136490701380733
5.433328345452226,-0.8836115864009217,0.4535571204529031,-0.11626049571766359
5.6333283454522265,-0.9094228526233666,0.40646669778409245,-0.08794827297265874
5.833328345452227,-0.9940901509633651,0.1078374488681975,-0.012484245240817963
6.033328345452226,-0.9980542755432629,-0.053172855088901065,0.03256241009979479
6.233328345452226,-0.9161354971711948,-0.39346367410709177,-0.07669477153650325
6.433328345452226,-0.8941044872176384,-0.4477884956277497,0.007913856248464668
6.6333283454522265,-0.8009690388315935,-0.577051682473019,-0.15956175791288935
6.833328345452227,-0.7929965657030558,-0.5885535810288965,-0.1573566936651305
7.033328345452226,-0.4964043759297944,-0.6009439003380311,0.6264575996859376
7.233328345452226,-0.3172971734066852,-0.47471685092299803,0.8209545755995762
7.433328345452226,-0.18279649304695594,-0.7309543651141979,0.6574885232840448
7.6333283454522265,-0.2581373359763658,-0.7525328616024104,0.6058542794959132
7.833328345452227,-0.42671173528272993,-0.6626552038178314,0.615471506915755
8.033328345452226,-0.4433238046193439,-0.6478754036636833,0.6194525531349833
8.233328345452227,-0.31534352023974754,-0.6977033088171432,0.643248441201698
8.433328345452226,-0.2978540937380488,-0.6986686456366736,0.6504960126301326
8.633328345452226,-0.2459276535746049,-0.7139372324440518,0.6556014165157188
8.833328345452227,-0.22911784691809423,-0.7125440756270324,0.6631635940794963
9.033328345452226,-0.22430417498459543,-0.7205907247302099,0.6560767062754718
9.233328345452227,-0.28722562495160875,-0.7351586226172407,0.614038467819956
9.433328345452226,-0.3080218383362286,-0.2803938856242729,0.9091214528392191
9.633328345452227,-0.3092399575115924,0.10974349191853239,0.9446306233971857
9.833328345452227,-0.2452737151963274,-0.1017515678195611,0.9640992807175264
10.033328345452226,-0.16065799293793373,0.33481302589025674,0.9284876127333985
10.233328345452227,-0.04507995852567087,0.7887624042464019,0.6130429568853711
10.433328345452226,-0.2010956475605709,0.882026256880671,0.4261340431193771
10.633328345452227,-0.19407246057674715,0.9624839600112328,-0.18963255724369332
10.833328345452227,0.1945446935275919,0.9751345963678124,-0.10613614458250922
11.033328345452226,0.41141457747072047,0.9053554352560531,-0.10521207771406757
11.233328345452227,0.5917280683466095,0.7956406576166904,0.12966818066924055
11.433328345452226,0.5826981001066458,0.7969743277846976,0.15904353172711908
11.633328345452227,0.3190194013074782,0.9336890752206382,0.16263865593101806
11.833328345452227,-0.46263195629239917,0.765217843408607,0.4476754685552341
12.033328345452226,-0.8601106133115515,0.4972938400422911,-0.11361588588229572
12.233328345452227,-0.9878164338275697,0.10581995016028697,-0.11410885683529212
12.433328345452226,-0.9953989227705758,-0.09522657485742882,0.010624687670693357
12.633328345452227,-0.9945070982720525,0.08169149310077448,0.06543799692432782
12.833328345452227,-0.9890938018015486,0.13426550720616504,0.060549358480746336
13.033328345452226,-0.9882920826217513,0.12356919907870731,0.08949532091796168
13.233328345452227,-0.9907769596246494,0.08225077131595558,0.10768392124577668
13.433328345452226,-0.9868103135492023,0.09764320317917237,0.1291170397191487
13.633328345452227,-0.9879214097927036,0.11685162554239487,0.10176927670616924
13.833328345452227,-0.9907581850237968,0.07920609557211052,-0.11011182149331135
14.033328345452226,-0.9904424923616606,0.052280845975310276,-0.1276337826303355
14.233328345452227,-0.9868978688174568,0.07909501392753689,-0.1406292120982157
14.433328345452226,-0.9889550057450495,0.06146766237441456,-0.134869281506335
14.633328345452227,-0.9936166205658,0.04605296967054715,0.1029812377082502
14.833328345452227,-0.9974169467939894,0.015304859158628906,0.0701797373483996
15.033328345452226,-0.9955573994685223,0.025171027323990205,0.09072972912407636
15.233328345452227,-0.98369513772133,0.028203431360284085,-0.1776188123001602
15.433328345452226,-0.9843108629480124,-0.011915540334758692,-0.1760401800188519
15.633328345452227,-0.9908304537073765,-0.07890163810626308,-0.10967927566401321
15.833328345452227,-0.9569964159574342,-0.22968883886704675,-0.17720298288836245
16.033328345452226,-0.5150702961028254,-0.851524001153733,0.09802788139955429
16.233328345452225,-0.17241454942635204,-0.9776174385991461,-0.12057100353299201
16.433328345452228,0.07237177714060522,-0.9750471601302911,-0.20986986776420538
16.633328345452227,0.21921373581594822,-0.9519292663839191,-0.21395328890061463
16.833328345452227,-0.2913924435728404,-0.9051759711888869,-0.3094299678617189
17.033328345452226,-0.34994264245112805,-0.899662428682227,-0.2610510705052152
17.233328345452225,-0.2917422047323548,-0.9266158683814403,-0.23721196943159084
17.433328345452228,0.7192582037776132,-0.671986353307016,0.17635752682474426
17.633328345452227,0.491629183146725,-0.8284030726675748,-0.26841962572324085
17.833328345452227,0.5560326554013517,-0.7822269676732926,-0.2809780368142099
18.033328345452226,0.34899030286855826,-0.842111234404788,-0.41116230054925557
18.233328345452225,0.2943244143975278,-0.8539376410316172,-0.42914291829052637
18.433328345452228,0.1086478737398971,-0.8998822579837967,-0.4223831924896904
18.633328345452227,0.1993950920215744,-0.8459626367396501,-0.49455921234793154
18.833328345452227,0.20729875591901387,-0.8363098926190546,-0.5075558977117047
19.033328345452226,0.265328952636128,-0.8529591858057609,-0.4495121513847974
19.23332834545223,0.26620708614049743,-0.8406084166507679,-0.4717110102006047
19.433328345452228,0.27101996856054333,-0.8316657028481088,-0.48464454536041507
19.633328345452227,0.33959792968284297,-0.8968486459723259,-0.28343562297765695
19.833328345452227,0.3557683449444969,-0.8870275305779902,-0.29429754455680723
20.033328345452226,0.34796998790960193,-0.8887372394960534,-0.2984342585011416
20.23332834545223,0.34410066492974717,-0.8698965680832302,-0.3533761356287722
20.433328345452228,0.3733300251219838,-0.8396106430523622,-0.3945613519031202
20.633328345452227,0.5671759945253535,-0.7523851598344067,-0.335004421605344
20.833328345452227,0.45642886267876015,-0.753747533234209,-0.4727973661698199
21.033328345452226,0.4363465465552567,-0.7593219283892515,-0.4827337779527445
21.23332834545223,0.5201669054510154,-0.7596139827912356,-0.3904010599646865
21.433328345452228,0.5714953643922798,-0.7379395762430897,-0.3589404272192037
21.633328345452227,0.5600975913844053,-0.7487751981881526,-0.3544381338170037
21.833328345452227,0.5545291514718325,-0.7569823781144707,-0.3456517024290352
22.033328345452226,0.5880159086916871,-0.7443006383165648,-0.31662888517481175
22.23332834545223,0.5930775550404889,-0.7477696139205303,-0.2984955915995027
22.433328345452228,0.5659723655024465,-0.7742267505000429,-0.28328116827228234
22.633328345452227,0.5175919457221386,-0.8055087479638594,-0.28853809917802176
22.833328345452227,0.5495714714983588,-0.783584147918676,-0.28977073842210416
23.033328345452226,0.5462982125260303,-0.7910787205015322,-0.2752321219634861
23.23332834545223,0.5795080054357429,-0.7675590961004757,-0.27390419060194754
23.433328345452228,0.5900639941897079,-0.7596718085116481,-0.27335549402477877
23.633328345452227,0.5903051777659762,-0.7600052342927117,-0.2719041024890205
23.833328345452227,0.5374028268196869,-0.8043585969471518,-0.2533879421823757
24.033328345452226,0.3411744845158896,-0.7663403556981864,-0.5443550590778912
24.23332834545223,0.22179714289414504,-0.8027413409829872,-0.5535452708503881
24.433328345452228,-0.36275700478951006,-0.8976261146696731,-0.2503491836199404
24.633328345452227,-0.37385647447841996,-0.8878546170331858,-0.268226612220753
24.833328345452227,-0.27291476098081424,-0.9001746172073882,-0.3394159568646077
25.033328345452226,-0.3334598356639006,-0.899825242223628,-0.28128112531094973
25.23332834545223,-0.2693965441601729,-0.9313807637318811,-0.24485786682231542
25.433328345452228,-0.22390469977390565,-0.9382774557816626,-0.2636325120144481
25.633328345452227,-0.22511067973162546,-0.925615043419911,-0.3042399928765478
25.833328345452227,-0.2571175623759406,-0.9088544640148871,-0.3284419619324955
26.033328345452226,-0.8261097892180744,-0.49280934135824717,-0.2732792879603561
26.23332834545223,-0.8597289359426771,-0.48143723597574234,-0.17054132789124665
26.433328345452228,-0.8973254720864412,-0.4201621823258308,-0.13516929269638325
26.633328345452227,-0.9160713842714303,-0.3643425693074349,-0.16753420877385772
26.833328345452227,-0.86163599341324,-0.47355807595712207,-0.1825545495203221
27.033328345452226,-0.8542100904650034,-0.4904600605829271,-0.17255158741884355
27.23332834545223,-0.8619562374023049,-0.47703922408301186,-0.1716537896160165
27.433328345452228,-0.8381865289668626,-0.5117627400592506,-0.18852649825828305
27.633328345452227,-0.8310218237619519,-0.51417975542422,-0.21218366464751437
27.833328345452227,-0.8555002278583596,-0.47248145293917415,-0.21185050569394903
28.033328345452226,-0.8159512801766129,-0.5441149860542118,-0.19535196525597529
28.23332834545223,-0.8472467435416221,-0.5172511145543756,-0.12093072417865253
28.433328345452228,-0.9773678280356506,0.1988744036988735,-0.0721186541353365
28.633328345452227,-0.7824003119540591,0.5981646150120117,-0.17334602736066018
28.833328345452227,-0.724452679023172,0.6808502978584716,-0.10775522150772993
29.02898888888889,-0.7576664519831544,0.6410414279854021,-0.12250483723386148
