0.033366634783994896,-0.9116375205875575,0.04212320092363979,0.4088308537780841
0.23336663478399491,-0.9918826423182953,0.04040889064052831,-0.12056510865453117
0.4333666347839949,-0.9673511569235725,0.2261286583121142,-0.11444461144409189
0.633366634783995,-0.9695169254968146,0.19351636114909526,-0.15029420861369538
0.833366634783995,-0.8741536925586106,0.47927972465346924,-0.07839813341043816
1.033366634783995,-0.7604826249707491,0.6491373940325746,0.016935784191968624
1.233366634783995,-0.7408121543397195,0.6705122077907464,0.040133915658989834
1.433366634783995,-0.7744924796197287,0.6323008672761024,-0.01889476791000884
1.633366634783995,-0.7996556381830396,0.5981196063695241,-0.05295089044049103
1.833366634783995,-0.8985829613431606,0.05737929535820256,-0.4350359502937107
2.0333666347839947,-0.7913296540422408,-0.390140167392422,-0.4707313760738713
2.233366634783995,-0.46725080017520026,-0.7923820715483246,-0.39218279210646306
2.433366634783995,-0.26177571997476107,-0.9504155760897899,-0.1678800320395745
2.633366634783995,-0.2903639805388791,-0.9250266774363449,-0.24497837626348618
2.833366634783995,-0.13694914891389437,-0.988001315772001,0.07140259550292871
3.0333666347839947,-0.1287791716291366,-0.9656745769135154,0.22558487639337993
3.233366634783995,-0.08695144163466961,-0.958910933812176,0.2700541942150012
3.433366634783995,-0.0661486281250217,-0.9973682044611349,-0.029682043850615687
3.633366634783995,-0.07828603684945207,-0.9953294863112374,-0.05648460067854341
3.833366634783995,-0.3126135558642866,-0.9300036344005557,-0.19330288329883855
4.033366634783995,-0.9776015579700855,-0.20463599157713444,-0.049186429080637584
4.233366634783995,-0.9816252228438278,-0.1336194415963386,-0.1362268942033395
4.4333666347839955,-0.9885289253757595,-0.11110223806189858,-0.10230765559372176
4.633366634783996,-0.9756837129343946,-0.19808154174866616,-0.09383493556786326
4.833366634783996,-0.9934238491254987,0.11294993743609348,-0.018744802529256498
5.033366634783995,-0.8392118489060623,-0.18940354546801164,0.5097546170657169
5.233366634783995,-0.9998644319726052,-0.0046453552082850146,0.015796782934786573
5.4333666347839955,-0.7044423250736582,-0.46202984044886874,-0.5387851493681052
5.633366634783996,-0.9072351154941571,-0.2085314323393133,-0.36529315205847807
5.833366634783996,-0.9036061118717345,-0.23572370152452016,-0.3576734979385881
6.033366634783995,-0.8776858877092726,-0.3626434575518121,-0.3133005030491549
6.233366634783995,-0.6740837785594852,-0.7382626037367176,-0.02407046752451833
6.4333666347839955,-0.19372625303881758,-0.9787948429752553,0.06656421146971903
6.633366634783996,0.026605253707304377,-0.9447115731624514,0.3268213640631482
6.833366634783996,-0.022257469298666288,-0.919444127113357,0.39259024717531693
7.033366634783995,0.2274262955983804,-0.9471431088082775,0.22626800813943965
7.233366634783995,-0.01026614636442974,-0.9323591107113941,0.3613877348669745
7.4333666347839955,-0.15523316550949662,-0.8513441229584399,0.501114606282861
7.633366634783996,-0.12944786168745653,-0.8420133871605706,0.523695242432971
7.833366634783996,0.5071960201482515,-0.8447446178059994,0.1707592686607966
8.033366634783995,0.17322505310197234,-0.9838391568263819,0.045316602619494654
8.233366634783996,0.0066605635177413025,-0.9986044398579517,-0.052390930413698675
8.433366634783996,-0.01603413702095957,-0.8702378599390892,-0.4923707684038804
8.633366634783995,0.06643570851570013,-0.9930274750627219,-0.09737931199475676
8.833366634783996,0.009146985060528412,-0.8904358448047996,-0.4550168556779683
9.033366634783995,0.4377952506563701,-0.7929063171608909,-0.42383356486842666
9.233366634783996,0.39056599930993374,-0.9199837927070758,0.03298516847519455
9.433366634783996,0.2682474114491984,-0.9617680890990196,-0.05518576847000637
9.633366634783997,0.2528441015313218,-0.961101816340412,-0.1111447657246149
9.833366634783996,0.24506212190282262,-0.95199040782579,-0.1834634018439981
10.033366634783995,-0.048819905639606975,-0.9915129910507923,0.12049317570240863
10.233366634783996,-0.03904354707528784,-0.9646773179009053,0.2605249964193367
10.433366634783996,0.023266366746670375,-0.9770006327844114,0.2119632980430078
10.633366634783997,0.010900994056774416,-0.9658822059962067,0.25875226079877245
10.833366634783996,-0.03749848743939366,-0.9485214004735136,0.3144853196629735
11.033366634783995,0.010305346590464504,-0.954773286272769,0.29715614018819714
11.233366634783996,-0.034764321092424444,-0.9353853520926834,0.3519171565431697
11.433366634783996,-0.08857498270755831,-0.692496270696621,0.7159632584914035
11.633366634783997,-0.1762598408799572,-0.7790137242319276,0.6017225988371007
11.833366634783996,-0.048373582258579406,-0.8129325311296224,0.580345325104509
12.033366634783995,-0.03457875147725675,-0.8067668188705803,0.5898572792767062
12.233366634783996,-0.6397157881826507,-0.553511525011819,0.5332810722582803
12.433366634783996,-0.950613372036898,0.17654611286783772,0.2552757076885585
12.633366634783997,-0.7890705134620035,0.5348945659821662,0.30208529932381756
12.833366634783996,-0.6537009749182782,0.7376287463815501,0.16905285535144132
13.033366634783995,-0.14317956303667673,0.9892334281140249,0.030279323479909463
13.233366634783996,-0.16474050947103652,0.9850442796944802,0.0504810021731586
13.433366634783996,0.04967717624629159,0.9978251243576891,0.043326658776751625
13.633366634783997,0.5459866744450624,0.837226314495676,0.030832606837719777
13.833366634783996,0.7379580099112646,0.6406621787222774,0.2120611901377295
14.033366634783995,0.6943994045285471,0.6897267595786829,0.20514985769307487
14.233366634783996,0.2989572079564987,0.9501015850353471,0.0890593393427989
14.433366634783996,0.15495633045703822,0.9863545993495565,0.055616004830131134
14.633366634783997,0.23439798825960506,0.9685694548663286,0.0832513915787212
14.833366634783996,-0.14361504446606588,0.9873497312265229,0.06719544069297419
15.033366634783995,-0.10856223091866041,0.9926470014821254,0.05353664601475111
15.233366634783996,-0.11160185713895593,0.9924999152631517,0.04988931434458028
15.433366634783996,-0.10801773083792748,0.9924048015931262,0.058863227906165605
15.633366634783997,-0.11769359954996494,0.9909276814555915,0.06488872590842278
15.833366634783996,-0.1603374188832425,0.9838000595961475,0.08018325788140745
16.033366634783995,-0.17073258780113337,0.982355380298705,0.07634323978529471
16.233366634783994,-0.24636244759044867,0.9669544522317317,0.06560969232114731
16.433366634783997,-0.31621988062050826,0.9476698714618902,0.04389535082164987
16.633366634783997,-0.09568268238997246,0.9919070163935425,0.08345834362075881
16.833366634783996,-0.09158707148395528,0.9924976220896843,0.08099554607084959
17.033366634783995,0.21947349719934423,0.9748900303029402,0.03769367112689016
17.233366634783994,0.35920242232213184,0.9308265589288253,0.06734639552816016
17.433366634783997,0.36973485241262466,0.9257291612489059,0.07950886066855911
17.633366634783997,0.22028911757907943,0.9752796948436282,0.017384519031320895
17.833366634783996,0.217267614344757,0.9760198986823768,0.013414213841304805
18.033366634783995,-0.09236478886977445,0.9957041786804491,0.006475672577812614
18.233366634783994,-0.15637603516164383,0.9876207345304377,0.012321540191206497
18.433366634783997,-0.2734421452727244,0.9617285946921069,0.017535773156484934
18.633366634783997,-0.3227661821649,0.9462286579013321,-0.021755886949021953
18.833366634783996,-0.02110816076236527,0.9995862184956497,-0.019540658709413412
19.033366634783995,0.1548366392099294,0.9875688046935174,0.027082672585836954
19.233366634783998,0.18636013596568168,0.9821255292295623,0.026445123527887197
19.433366634783997,0.20698489256737806,0.9779808808058448,0.026658038695578756
19.633366634783997,0.06632043309191926,0.997520748643782,0.023536273699319515
19.833366634783996,-0.09185431172983355,0.9948302307185273,-0.04330816857314723
20.033366634783995,0.08527262329070529,0.9963296568734873,-0.0074695750535564666
20.233366634783998,0.059482951608240575,0.9980179149341882,-0.020543123871204858
20.433366634783997,0.23744855862655967,0.9713006565913196,0.013900234222518182
20.633366634783997,0.26134415623906165,0.9651524759229095,0.013413807049844193
20.833366634783996,0.5569004975523918,0.8280229703263827,0.06511371927460916
21.033366634783995,0.6343169847990526,0.7704417309277075,0.06372991480110506
21.233366634783998,0.5755411813952052,0.8131054701088347,0.08724587667794047
21.433366634783997,0.32652846027169263,0.9424410235004904,0.07200056844182702
21.633366634783997,0.2944457899023785,0.9517046814886819,0.08694754764391623
21.833366634783996,0.2778958101322318,0.956879597168039,0.08458933286462227
22.033366634783995,0.2751351910935367,0.9574215696933024,0.08743320026132263
22.233366634783998,0.28631737350541775,0.7713468145032807,0.5683717563220402
22.433366634783997,0.20056759934595697,0.9795551554701715,-0.01563123425736316
22.633366634783997,0.05984798064520136,0.9947011319097036,0.08359352481051267
22.833366634783996,0.04354554676777883,0.9956875578339351,0.0819150323895973
23.033366634783995,-0.006406123918772377,0.9977632598482157,0.06653900264806446
23.233366634783998,-0.3556850221443151,0.9338889253557594,0.03660109452001631
