0.03336666666666667,-0.9912000866844031,-0.12576377306361872,0.04130207672302347
0.23336666666666667,-0.9936270339279197,-0.10952635643332075,0.026632587070084646
0.4333666666666667,-0.9612308895727978,0.04919837652700525,0.2713202843102495
0.6333666666666667,-0.966363583695755,0.0819685738742917,0.24376746502294408
0.8333666666666667,-0.9719428921617885,0.1122156910386875,0.2067236151504906
1.0333666666666668,-0.9543871965912262,0.03401672973683467,0.2966276134832224
1.233366666666667,-0.9829745409262788,-0.0170356696606981,0.182950369909392
1.433366666666667,-0.9927640300111266,-0.03771074360310041,0.11400649338072275
1.6333666666666669,-0.993627113076429,-0.02076183353670395,0.1107885663216015
1.8333666666666668,-0.9501333060208063,-0.038008983413709944,0.3095190106759674
2.0333666666666668,-0.9505215204591978,-0.07614615296187557,0.30118200897968933
2.233366666666667,-0.9494014140491945,-0.10742428809715303,0.2951219702567233
2.433366666666667,-0.903694652339941,-0.17908353534277485,-0.38892809451275945
2.633366666666667,-0.7622179665705124,-0.24755584331353836,-0.5981135978043273
2.833366666666667,-0.6675700927757766,-0.22174615154640975,-0.7107593231929481
3.0333666666666668,-0.7415734984372794,-0.1998488519057386,-0.640413290623682
3.233366666666667,-0.6079002100789662,-0.09113960784094684,-0.7887654318417783
3.433366666666667,-0.5852334478102447,-0.05380124619535761,-0.8090780169254141
3.633366666666667,-0.8403878233236538,-0.07458545347011808,-0.5368289453261518
3.833366666666667,-0.8743150472588794,-0.049975247670321986,-0.4827791138367455
4.033366666666667,-0.9027157733691293,-0.017550834516330202,-0.4298792862169036
4.233366666666667,-0.8532519225412051,0.2189928900372184,-0.47328983804100905
4.433366666666667,-0.8354789907720546,0.28295161931490376,-0.4710766785838407
4.633366666666667,-0.7440755375066646,0.44792662937601035,-0.4956947943846242
4.8333666666666675,-0.7986654052579572,0.34368445867476033,-0.49397830246841795
5.033366666666667,-0.8302839264585518,0.2551813614197748,-0.4954907408302611
5.233366666666667,-0.7055613302535664,0.41438592106016436,-0.5748630425396444
5.433366666666667,-0.7006981603097812,0.43614721871252726,-0.5646217244738427
5.633366666666667,-0.71277540559251,0.35901747129359934,-0.6025426760723116
5.8333666666666675,-0.9653638770178297,0.12141715227021765,-0.2309338868241212
6.033366666666667,-0.9754880894403111,0.026160822728537356,-0.21849164449529515
6.233366666666667,-0.9010357760281603,-0.34757784701624106,0.2594690166106267
6.433366666666667,-0.8006987838079824,-0.40767421870780646,0.43895693297793775
6.633366666666667,-0.7527845038091412,-0.4297459407869357,0.49863204590356647
6.8333666666666675,-0.7888221689973582,-0.3930315751066293,0.4725312335364772
7.033366666666667,-0.9005914460605693,-0.26647339316723356,-0.34340497669147674
7.233366666666667,-0.8676070101907796,0.1438830431214473,-0.47597872407275554
7.433366666666667,-0.8558414914990802,0.17783174620471354,-0.4857069193149426
7.633366666666667,-0.7574134414354028,0.1853049083569918,-0.6260886276493023
7.8333666666666675,-0.7103437470938816,0.2922315212145381,-0.6403221837272707
8.033366666666666,-0.6784511528447225,0.3871153837927543,-0.6243762590254819
8.233366666666667,-0.6546580827857975,0.44629331424226076,-0.610118900138229
8.433366666666666,-0.6448961873898493,0.4946301588696632,-0.5826233031956481
8.633366666666666,-0.5284296297494457,0.6149491038170466,-0.5853201911069488
8.833366666666667,0.07076457911291212,0.9973911975438877,-0.014253890870284754
9.033366666666666,0.6589605785267246,0.7451779909294891,0.1023753768345427
9.233366666666667,0.8406871711307206,0.5349099542451747,0.08435888302752631
9.433366666666666,0.9610023315182132,0.2514816848684322,0.11502817477597745
9.633366666666667,0.9591075896246778,0.24608754362303595,0.1398340173131024
9.833366666666667,0.9661291560579,0.2248192838768676,0.12669152857212632
10.033366666666666,0.9934128768556716,-0.10807835598914607,0.038077881559004094
10.233366666666667,0.939070211731362,-0.3436733347975009,0.005981336638266229
10.433366666666666,0.8183724094398106,-0.5745081693625345,0.014386201840271711
10.633366666666667,0.5330383812157214,-0.8399721923849695,0.10157165042919693
10.833366666666667,0.36385139339216566,-0.8574677732462258,0.3638147624420133
11.033366666666666,-0.04144275771601286,-0.440200070412725,0.896942805223122
11.233366666666667,-0.5621460540132668,-0.6894591739111193,0.45676893662672663
11.433366666666666,-0.7488022957190184,-0.5199957775531181,0.41097385957364246
11.633366666666667,-0.7424931010011262,-0.4035508183731248,0.5346501023623892
11.833366666666667,-0.3903102228080822,0.10296755562749844,0.9149074338202762
12.033366666666666,-0.7246784200563037,-0.15750952391139228,0.6708441975465733
12.233366666666667,-0.4211791164606031,-0.7081689932013456,0.5666611235347436
12.433366666666666,-0.16498451869575168,-0.8285498613439137,0.5350562922326142
12.633366666666667,0.3561625118784588,-0.7529637100856948,0.5533479162574058
12.833366666666667,0.496936018138602,-0.7179561371725921,0.48743571778518774
13.033366666666666,0.6434870753125697,-0.7172023350678302,0.2674793346763958
13.233366666666667,0.5435637998272576,-0.7767309035898556,0.3181626925424157
13.433366666666666,0.5422367630233399,-0.776991063542495,0.3197877108349745
13.633366666666667,0.5843979943209827,-0.743522022548174,0.3250445911247954
13.833366666666667,0.7994960707863684,-0.5386817501552753,0.26575929870243054
14.033366666666666,0.9432197294625649,-0.26857405887608005,0.1954597576264582
14.233366666666667,0.983333883874254,0.04403502582017751,0.17639554791941844
14.433366666666666,0.9540845812160313,0.25997396151231567,0.1487822275052476
14.633366666666667,0.9579207039777831,0.23476106056608545,0.16515195830687449
14.833366666666667,0.967575622636948,-0.24688136453996654,0.05335734552624229
15.033366666666666,0.9136305103734849,-0.3932094812417947,0.10327436456470848
15.233366666666667,0.6468166251224715,-0.6396162146953338,0.41535448879720677
15.433366666666666,0.5537431132051213,-0.6719309846382853,0.49181024436354037
15.633366666666667,0.4245697214140667,-0.7120806632272415,0.5591794709359716
15.833366666666667,0.36407621424804565,-0.7418127697013779,0.5631716655929895
16.033366666666666,0.4390148774240671,-0.7463150119310553,0.5002797620998477
16.233366666666665,0.5759906545433406,-0.7097764611818274,0.40552699174153134
16.433366666666668,0.7383915531854026,-0.48779473503115217,0.46565460446594636
16.633366666666667,0.8006995988860004,-0.3351278643286398,0.4965576168928661
16.833366666666667,0.8198119832162014,-0.32187205492195853,0.4736102748414936
17.033366666666666,0.8275000433927172,-0.2984471901284243,0.47557644274028027
17.233366666666665,0.8021065949519481,-0.3711988616389082,0.4677995462295471
17.433366666666668,0.8211035766251197,-0.3520477860365755,0.4492786137801155
17.633366666666667,0.8179398584184507,-0.3739299022593067,0.43720797820573953
17.833366666666667,0.7871549820163016,-0.43983764876895576,0.43235387937696684
18.033366666666666,0.7876496408290568,-0.42998895163048956,0.44126810985790765
18.233366666666665,0.7367554628813049,-0.5062612622188346,0.448208570077756
18.433366666666668,0.6572356121842069,-0.6084614787893767,0.44476508283170696
18.633366666666667,0.5579141548511795,-0.7097735060675141,0.43006204889681077
18.833366666666667,0.5069812410500766,-0.765275712403564,0.3966397675833097
19.033366666666666,0.5924489860521236,-0.7132930169644477,0.3744559665375446
19.23336666666667,0.6821224688205492,-0.618524182668838,0.39004714200209833
19.433366666666668,0.7462848096925216,-0.4314170079125614,0.5068908640979538
19.633366666666667,0.7958481726722167,-0.3590135911499679,0.4875806881162311
19.833366666666667,0.9010091650497015,-0.12436434851704761,0.41559113719420265
20.033366666666666,0.8651721257494971,0.3630547964761109,0.34593121799251625
20.23336666666667,0.5426809323861421,0.7619510754878337,0.3534515018887907
20.433366666666668,0.23431914807773757,0.8882117888604497,0.39518901170635257
20.633366666666667,-0.5304350057378567,0.7241820409654446,0.44068024261475913
20.833366666666667,-0.7462917477282011,0.5755966530433408,0.33427102817637455
21.033366666666666,-0.941248589239992,0.2669605008961775,0.20684096358068774
21.23336666666667,-0.9204651745404238,0.03437591276568579,0.3893098497081644
21.433366666666668,-0.8827853164286683,0.014799039053866852,0.4695434735368158
21.633366666666667,-0.871472308740347,0.13661602454163202,0.47103298922390713
21.833366666666667,-0.7873718880096131,0.3603410958146563,0.5001997647333213
22.033366666666666,-0.7306017767232045,0.45458930952499527,0.5094797380804119
22.23336666666667,-0.4661920896599964,0.6352299821711336,0.6157497911402876
22.433366666666668,-0.13627817454907074,0.7524004788725562,0.6444546365213932
22.633366666666667,0.42650640197676176,0.7036753773449833,0.5682721640123086
22.833366666666667,0.6625416340443381,0.5594001084383698,0.49810651655745164
23.033366666666666,0.9010380668539753,0.07888824180405195,0.42650562409552895
23.23336666666667,0.9367183697806838,-0.1040580310682991,0.3342613077901883
23.433366666666668,0.9270234363713217,-0.29255272460924725,0.23460701554303992
23.633366666666667,0.9409865439341848,-0.3096983946728058,0.13649625808748778
23.833366666666667,0.9299246558029303,-0.342614123557426,0.13362521045363662
24.033366666666666,0.9162522282296519,-0.3406279267212258,0.21084228655987616
24.23336666666667,0.9869708745304794,-0.13236689786522807,0.0914740246085048
24.433366666666668,0.9955232152011265,0.01912721871534822,0.09256174965841475
24.633366666666667,0.9951826856425001,0.04187562328671554,0.08864453943548861
24.833366666666667,0.9851363290484992,0.12158797662113491,0.12133745147326035
25.033366666666666,0.9637820818768452,0.2231945656607085,0.1459735747067328
25.23336666666667,0.9413822522266351,0.30926227901723413,0.13474530778388835
25.433366666666668,0.9161175852813987,0.33147242732913823,0.2255096447132763
25.633366666666667,0.8708296209129813,0.4669897646110408,0.15354585988908354
25.833366666666667,0.7974281140861907,0.5755722309550395,0.18117673641607454
26.033366666666666,0.660656958482938,0.6782130108739924,0.32180661132007127
26.23336666666667,0.5763975746537289,0.7592833657070459,0.30208377396656005
26.433366666666668,0.33665261905293287,0.46744545477548455,0.8174103993065798
26.633366666666667,0.28571729958649195,0.4970714058544438,0.8193202317768613
26.833366666666667,0.3937911304419847,0.9070986508417395,0.14866264906263468
27.033366666666666,0.4135443815094842,0.8979428911030182,0.15059750608656083
27.23336666666667,0.33028725269880416,0.9203231301989753,0.2095606516630377
27.433366666666668,0.09801117787228547,0.995185268319048,0.00030121890925007905
27.633366666666667,-0.3701323873964605,0.8976966369743914,0.23904552655313355
27.833366666666667,-0.9052157579882502,0.015958605131344845,0.42465251019159134
28.033366666666666,-0.8683448406212262,-0.3409491355257812,0.36018179403007106
28.23336666666667,-0.9628394973989374,-0.06448532321112069,0.26226274104210734
28.433366666666668,-0.9667604321321787,0.023730608645261136,0.2545802920041703
28.633366666666667,-0.9829633745489524,0.025174294289546383,0.1820693801888702
28.833366666666667,-0.5744238692322221,0.7523004655662949,0.32261622396435546
29.033366666666666,-0.08274710334030722,0.9878612895979771,0.1314647838875854
29.23336666666667,-0.08263581639114592,0.98199734956241,0.16986031703070353
29.433366666666668,0.2273476797136546,0.9375575899400262,0.26324664874346887
29.633366666666667,0.27900380832753824,0.9255791383708044,0.25585178043447226
29.833366666666667,0.5715361555200722,0.8172883351102407,0.0733907366502536
30.033366666666666,0.8267852169285069,0.5394655742282625,0.1593834975493167
30.23336666666667,0.8666671438801165,0.4823843966201059,0.1272531163317348
30.433366666666668,0.9965645886630333,0.029615990907624925,0.07734283228224186
30.633366666666667,0.9970249033203794,-0.037196163141913936,0.06751138871707289
30.833366666666667,0.9347153709629605,-0.3234466839703091,0.14727327630696077
31.033366666666666,0.4617644101600663,-0.8584814045401722,0.22312173262203747
31.23336666666667,-0.20526921891230343,-0.9502681316860516,0.23421149773022285
31.433366666666668,-0.4463380246458003,-0.8529103686672961,0.27078823972820876
31.633366666666667,-0.4040091099086381,-0.9120894447634947,0.06978168715250874
31.833366666666667,-0.3171742858238277,-0.9447668800188866,0.08255915958586169
32.033366666666666,-0.21171815226296403,-0.9707017804813839,0.11363748225223724
32.23336666666667,-0.012222023504919688,-0.8515544140747959,0.5241237468491353
32.433366666666664,0.21007526791367004,-0.8749415782994988,0.43628616339941667
32.63336666666667,0.7787362643913317,-0.6271820938549518,-0.01457572192218352
32.83336666666667,0.8358586499248712,-0.5487472089381696,-0.01472474204665743
33.033366666666666,0.9207234242756785,-0.390132323541882,-0.008071314507632052
33.23336666666667,0.9969114910542662,-0.0144040333612436,0.07720105457108577
33.433366666666664,0.9917169913563807,0.09563286815567454,0.08574242580757549
33.63336666666667,0.8664910916616134,0.4844654199922373,0.12035964815007719
33.83336666666667,0.7035986783403504,0.6973668894074821,0.1364856087499507
34.033366666666666,0.42424037238291473,0.8934233393914879,0.14769848703006
34.23336666666667,-0.04280914252798823,0.9876398442380662,0.1507810180010307
34.433366666666664,-0.2634313597481513,0.953360821009036,0.14733317232116155
34.63336666666667,-0.430711796287497,0.8893573080158779,0.15339793746184754
34.83336666666667,-0.49364411997135066,0.8572871250037802,0.14619941217550608
35.033366666666666,-0.25557849220004303,0.9667742713196689,-0.005209859794310765
35.23336666666667,-0.15166081987824975,0.9206667063742162,0.3596829318829428
35.433366666666664,0.048521383421994524,0.9535184490909865,0.2974024925819148
35.63336666666667,0.2251567288911076,0.9075951413330864,0.3543663455572939
35.83336666666667,0.6202371573400947,0.722927367513321,0.3044370049040337
36.033366666666666,0.7170263736060316,0.6727273052955268,0.1825134303639122
36.23336666666667,0.8056557858604974,0.5740514690561087,0.14623154784118436
36.433366666666664,0.9692861233552144,0.21213468123260615,0.12443186123080117
36.63336666666667,0.9913216007153538,0.061241288466129966,0.11632277740046001
36.83336666666667,0.9994026139431951,-0.017216471206091193,0.029966787660999642
37.033366666666666,0.9981999384443611,-0.045542540391916415,0.03902255635301498
37.23336666666667,0.9909582254353996,-0.13197876972121567,0.02415367021382789
37.433366666666664,0.9654087888663471,-0.26071701544942555,0.0035366982846796644
37.63336666666667,0.9630956787560081,-0.23017338510564486,0.13952392751966342
37.83336666666667,0.9692473018524925,-0.22167643211993115,0.10686078464170586
38.033366666666666,0.9748478241458334,-0.19959541954192264,0.09916344213478007
38.23336666666667,0.9870676286413839,-0.12156901198075833,0.104491491588061
