0.03336666666666667,-0.9916289159287938,-0.015466196971035781,0.12819083370170656
0.23336666666666667,-0.9938775029097341,-0.015406231719509986,0.10940821374154822
0.4333666666666667,-0.9958764865719234,-0.01872063680871169,0.08876689276209881
0.6333666666666667,-0.9975086092208721,-0.034890423070571885,0.06131258360400418
0.8333666666666667,-0.9981200081872283,-0.036918719558022985,0.04892297417904397
1.0333666666666668,-0.9988983019221198,-0.03495320650316213,0.03131223039409907
1.233366666666667,-0.9214284426333047,-0.3186108431156804,-0.22238874916568588
1.433366666666667,-0.8977244396108898,-0.43373445202459454,-0.07723506750329741
1.6333666666666669,-0.9953798653837745,-0.020107531067932227,-0.09388615863337367
1.8333666666666668,-0.9939884401922362,-0.03423549256537727,-0.10399476820019102
2.0333666666666668,-0.9941686570049875,-0.03922734031835313,-0.10044848032920894
2.233366666666667,-0.9280032423028388,-0.2949658060307784,-0.22760745934180673
2.433366666666667,-0.865724372484534,-0.4410084711995425,-0.2367125666636696
2.633366666666667,-0.5245530909570107,-0.8440429645498493,-0.11151470199640831
2.833366666666667,0.06494579358775576,-0.9890842387402903,-0.13226644536993196
3.0333666666666668,0.2504461441142282,-0.9649622263534087,-0.07826001922686097
3.233366666666667,-0.0010361574145142383,-0.9784050258992871,0.20669429521113447
3.433366666666667,-0.0902282241723496,-0.9792077880093384,0.18168922770644202
3.633366666666667,-0.07575984319012896,-0.9827718251045526,0.16858228240379897
3.833366666666667,-0.09210700673160221,-0.9838673193033869,0.15336687164349377
4.033366666666667,-0.373090997523838,-0.9069459122802578,-0.19558174701336184
4.233366666666667,-0.3093625068585862,-0.9397966773725814,0.14517935304177346
4.433366666666667,-0.3462566707126873,-0.9291855699939277,0.1293077511289478
4.633366666666667,-0.02043351377188468,-0.98379630982907,0.1781215660206228
4.8333666666666675,-0.05583509092733824,-0.8411559740847686,0.537902472463773
5.033366666666667,-0.08687613674925981,-0.8593379900811617,0.50397495539639
5.233366666666667,-0.0687443802852199,-0.9959841816409913,0.05735608163156174
5.433366666666667,-0.04515215816014628,-0.9972133837536887,0.05938644522110432
5.633366666666667,-0.035593175881900085,-0.9974900820381924,0.061209983385724365
5.8333666666666675,-0.021489915766228385,-0.9972259371859722,0.07126439310006438
6.033366666666667,-0.019826331133406372,-0.9973427713622811,0.07010216120201325
6.233366666666667,-0.031860754889760534,-0.9968683946351533,0.0723760739152589
6.433366666666667,0.004612998571858151,-0.9994417617050805,0.03308904960891044
6.633366666666667,0.6325580787635539,-0.7614617267790967,-0.14158501206539312
6.8333666666666675,0.8044476205610855,-0.5799045510428654,-0.12874291224522094
7.033366666666667,0.9127298820128678,-0.33349549348740953,-0.23601889395632308
7.233366666666667,0.9889128740790463,0.10141693141142157,0.10847088781701557
7.433366666666667,0.9888510839138962,0.13418148268521962,0.06456673715396465
7.633366666666667,0.8166355232021681,-0.04769629797013625,-0.5751795245001905
7.8333666666666675,0.806486840482022,-0.050904492931269196,-0.5890566260799853
8.033366666666666,0.761113669433472,-0.03134436915159022,-0.6478607201582793
8.233366666666667,0.7426740843400944,-0.03325912117522075,-0.6688266107955445
8.433366666666666,0.7333367598237607,-0.13377596220320417,-0.6665742183941674
8.633366666666666,0.5376134157305973,-0.5350591152056914,-0.6516774957460038
8.833366666666667,-0.4707399691303484,-0.882239162336321,-0.007611957912732371
9.033366666666666,-0.7943585232764798,-0.6032858953741206,-0.07099764038794765
9.233366666666667,-0.945109135989013,-0.3159071181462927,-0.08349499251215906
9.433366666666666,-0.9884623466575134,0.0012542994358363893,-0.1514615990053135
9.633366666666667,-0.98993906247087,0.023213290560006147,-0.1395772034956706
9.833366666666667,-0.9899012379307317,-0.025851375292803378,-0.1393816542399897
10.033366666666666,-0.9059589572786497,-0.27511950327772183,-0.3217881704519315
10.233366666666667,-0.6524975176327454,0.7000155857991315,-0.2902157285906529
10.433366666666666,-0.38309139670639175,0.8893637535272012,-0.24954577872918124
10.633366666666667,0.08291298888609189,0.9757664787196679,-0.20249744512214202
10.833366666666667,0.599310479645594,0.7937679507001648,-0.10372747672737972
11.033366666666666,0.6526891773045396,0.7509703899957604,-0.10020135318017952
11.233366666666667,0.9504904736784269,0.2486089791730686,-0.18644418714748162
11.433366666666666,0.9857934236573239,-0.014321583429300478,0.1673505844688014
11.633366666666667,0.7957296984022181,0.04464070090853644,-0.6040045156313902
11.833366666666667,0.754268591054753,0.012567042833510681,-0.6564457037582766
12.033366666666666,0.7306816821215922,-0.011621729604406168,-0.682619377701046
12.233366666666667,0.703324373396794,-0.008211268221174583,-0.710821637867199
12.433366666666666,0.6876299666503592,0.026725336319633492,-0.7255692836408034
12.633366666666667,0.7628055408851668,0.2612968511444517,-0.5914825968503916
12.833366666666667,0.7534194611787501,0.29429078794194957,-0.5880068431996588
13.033366666666666,0.776557222845943,0.4124363040808467,-0.4762931604819956
13.233366666666667,0.789588472856639,0.4767179945657851,-0.3863806376995318
13.433366666666666,0.7933667640805365,0.4707593353320599,-0.3859466619237636
13.633366666666667,0.8658368880790618,0.47959570870750867,-0.1425287319487148
13.833366666666667,0.8713324970904903,0.4741168515595354,-0.12646300083947185
14.033366666666666,0.7720970624213441,0.4315411927223591,-0.46651722924678174
14.233366666666667,0.7739831736599809,0.4362985287169681,-0.4589048275303201
14.433366666666666,0.7846076736570338,0.4136643379792612,-0.46181447998376723
14.633366666666667,0.7790903799086678,0.4087745618263033,-0.475312042281154
14.833366666666667,0.7701763574883628,0.3749929679059161,-0.5159541184902694
15.033366666666666,0.7625951466401142,0.353972132615837,-0.541435473212034
15.233366666666667,0.7581298807019,0.3438615251491331,-0.5540743050431368
15.433366666666666,0.7521246418779084,0.3412088651263808,-0.5638129418869303
15.633366666666667,0.7504885027669725,0.3384163345132792,-0.5676630970471694
15.833366666666667,0.735786454110112,0.34195094141959753,-0.5845407151005982
16.033366666666666,0.7269069565861799,0.3370069988280228,-0.5983582198044466
16.233366666666665,0.7271455697677591,0.3323283320472418,-0.6006806140419542
16.433366666666668,0.7859221853740018,0.3720435594729418,-0.4938723604248943
16.633366666666667,0.7957398725482208,0.3602402047797437,-0.4868521850594796
16.833366666666667,0.7967858903497027,0.36124883593247364,-0.48438778213025235
17.033366666666666,0.8009726637268376,0.3459680094403006,-0.4886194105909528
17.233366666666665,0.7999458612977272,0.3342030558347214,-0.4983923519310582
17.433366666666668,0.8046081629648355,0.34816835741595115,-0.4810244265987238
17.633366666666667,0.8088706631194774,0.34395359009398024,-0.4768901112479889
17.833366666666667,0.8212386222421437,0.33751292303028024,-0.46005668360038193
18.033366666666666,0.8214822492041433,0.3503986240224021,-0.4498752255078172
18.233366666666665,0.7972152191653631,0.36758482884188287,-0.4788833761328596
18.433366666666668,0.7834849522972729,0.37888060736848256,-0.49254524145892414
18.633366666666667,0.7687657970531705,0.3904231903797765,-0.5065262892435892
18.833366666666667,0.6290859476226665,0.2639382136494336,-0.731154901425982
19.033366666666666,0.6008911990574584,0.254499157650461,-0.757733426509941
19.23336666666667,0.5418553912923414,0.22888094640988396,-0.808706527300194
19.433366666666668,0.5463855722858678,0.20376441761596348,-0.8123686777021082
19.633366666666667,0.7841798104226034,0.20243265686142875,-0.5865859224031829
19.833366666666667,0.7825767252526968,0.18058853974744207,-0.5957864117321338
20.033366666666666,0.7572826454612542,0.31750654231426184,-0.5707123535292066
20.23336666666667,0.7407547313643077,0.41959550847552984,-0.5246160855602446
20.433366666666668,0.7421202084180949,0.4258058728329689,-0.5176359289292403
20.633366666666667,0.7992884160044561,0.18699767987345342,-0.5711128572909502
20.833366666666667,0.7905438347498941,0.1735803231436171,-0.5872906578145864
21.033366666666666,0.6686359787618084,0.11436450496563637,-0.7347425997648455
21.23336666666667,0.7584611351080225,0.08972445445975591,-0.6455123769553527
21.433366666666668,0.7511463459673507,0.09697560129360625,-0.6529738889830441
21.633366666666667,0.7547958780065401,0.07616320196324508,-0.651523099522221
21.833366666666667,0.759246022695333,0.03998315563621281,-0.6495743408469025
22.033366666666666,0.4581869796516269,-0.05039091370852978,-0.887426305387292
22.23336666666667,0.5234557529184791,-0.23552569968676773,-0.8188539060929041
22.433366666666668,0.5079939060925429,-0.24252223310759755,-0.8265138582149395
22.633366666666667,0.5001504303517972,-0.23801807642701564,-0.8325844955996332
22.833366666666667,0.5213936076413266,-0.24597059086045955,-0.8170967961891167
23.033366666666666,0.5216851857962412,-0.2725529670058037,-0.8084302363822585
23.23336666666667,0.502933763746811,-0.28141990079364965,-0.8172273054179966
23.433366666666668,0.5051213063213646,-0.277807001255691,-0.8171142734976048
23.633366666666667,0.5041862721032517,-0.26965990975213355,-0.8204143685328146
23.833366666666667,0.47841739463606253,-0.2620676020846447,-0.8381153670272649
24.033366666666666,0.4742461003639747,-0.2806876942997139,-0.8344489526377711
24.23336666666667,0.5005486112280747,-0.27877486382168104,-0.8195948164177522
24.433366666666668,0.5004983168435672,-0.28049812093912574,-0.8190373855852836
24.633366666666667,0.7035428630069445,0.23547246101965513,-0.6705073899766796
24.833366666666667,0.7167256883323324,0.27709851800066754,-0.6399380430997816
25.033366666666666,0.7186086316598066,0.2219108997186341,-0.6590578025409359
25.23336666666667,0.9443974400732648,0.10062108752053443,-0.3130317426863434
25.433366666666668,0.9939242375665148,0.0811105018004102,-0.07440226122577291
25.633366666666667,0.9917030677303257,0.038633209665933484,0.1226070983474019
25.833366666666667,0.9487115536655542,-0.2921732689549209,-0.12075251073864254
26.033366666666666,0.9491919427157341,-0.2934633325689388,-0.11363946638850234
26.23336666666667,0.9011031320351818,0.4060405715155922,-0.15213217844912746
26.433366666666668,0.8172098928845793,0.5654640127683276,-0.11143806008503145
26.633366666666667,0.45530172477237985,0.8841089160367219,-0.10512737038311525
26.833366666666667,0.3271656816612864,0.9413977292834697,-0.0820544456018902
27.033366666666666,0.3523923146701428,0.8898956314781317,-0.2896643257937643
27.23336666666667,0.4588661848735447,0.8706021648899525,-0.17746462990840317
27.433366666666668,0.47078793838370164,0.8626856838016239,-0.18474882418069208
27.633366666666667,0.5312031137111435,0.8241456532856705,-0.1964871348305576
27.833366666666667,0.7114411186465048,0.6726286531852809,-0.20352451845702774
28.033366666666666,0.6922732354737955,0.6535754142369243,0.3059361785596383
28.23336666666667,0.7361838695915044,0.573395254100651,0.35951521904938694
28.433366666666668,0.7935543045638352,0.49113903007877435,0.3592408924962311
28.633366666666667,0.8501563422161068,0.4260624880044318,0.30936216657051585
28.833366666666667,0.8376678229227423,0.47773686175537156,0.2647264802772898
29.033366666666666,0.7928476719070857,0.502886209677237,0.34423542709601546
29.23336666666667,0.7760856040952681,0.5267467136371061,0.3467405871665319
29.433366666666668,0.7799903932501604,0.5196710840920744,0.34865018398966685
29.633366666666667,0.7839794899779843,0.5118533852291725,0.35125812634485204
29.833366666666667,0.7882247439761736,0.5078971879896775,0.3474797827440805
30.033366666666666,0.7914762255110152,0.5056967924383974,0.34327268835191793
30.23336666666667,0.7945402080944445,0.5030848163837666,0.34001694846779223
30.433366666666668,0.7985558014759304,0.5013652206676371,0.3330788907061299
30.633366666666667,0.7969859766187162,0.5033775283671766,0.3338029613530466
30.833366666666667,0.7945074188877261,0.5080307195373204,0.332660110831996
31.033366666666666,0.7959773758007174,0.5094081398231238,0.3269913826010531
31.23336666666667,0.9121323319630829,0.4066956067391227,0.05112037212975822
31.433366666666668,0.8076400832705459,0.4990768854353781,0.3140696711222986
31.633366666666667,0.8101917527808754,0.5004073381697394,0.3052569731090986
31.833366666666667,0.8124324694696464,0.49506478625992734,0.3080005518775327
32.033366666666666,0.932481458638079,0.34612762998384883,0.10331501854989007
32.23336666666667,0.9517036322688144,0.3032154131814229,0.04817270529630635
32.433366666666664,0.9496347921918431,0.3028479901987162,0.08047891830382455
32.63336666666667,0.917370046720705,0.27466717596837026,0.2880800927263322
32.83336666666667,0.9207312230898202,0.2661718456827324,0.28531835446281967
33.033366666666666,0.9311064284867856,0.24488201017628067,0.27032132716936447
33.23336666666667,0.948664576578761,0.17470415399643813,0.2636550392483131
33.433366666666664,0.955674416404616,0.12763176209526372,0.2653234688717817
33.63336666666667,0.9659109774239956,0.0793524408698694,0.24641260888967384
33.83336666666667,0.9687569503979653,0.07250942381066189,0.23717578821262536
34.033366666666666,0.9618316287412613,0.04145648394633412,0.27048341518795554
34.23336666666667,0.956810088861675,0.002892054326754166,0.2906993117884612
34.433366666666664,0.9657515008324344,0.016498498249223024,0.2589436969602098
34.63336666666667,0.9798595893117222,0.09127300622670033,0.17760749862605485
34.83336666666667,0.9829980494494018,0.118160448974185,0.1405451638331626
35.033366666666666,0.9830884898167546,0.15724949989074943,0.0938595545158943
35.23336666666667,0.9865896079531135,0.12088186732908023,0.10967460795442507
35.433366666666664,0.9877168987810123,0.06943025914981016,0.13998130938382528
35.63336666666667,0.9802331942100647,0.061442171100245184,0.1880631398738773
35.83336666666667,0.9716287615113433,0.0692859605994449,0.22613492757145226
36.033366666666666,0.970569739249179,0.06564696334623692,0.23169992977383125
36.23336666666667,0.9692406133070782,0.07732244823262097,0.23365331693650981
36.433366666666664,0.9691490119162344,0.07714638437235814,0.23409106792028536
36.63336666666667,0.9679433756346991,0.07263627810381616,0.24043625489540646
36.83336666666667,0.9682638809316295,0.0651340569615019,0.24129362094128237
37.033366666666666,0.969204729148575,0.05630132815273984,0.23973392218097764
37.23336666666667,0.968833901412242,0.0523637856439463,0.24211341438955586
37.433366666666664,0.9680032614637903,0.0568000015543898,0.24442472382900707
37.63336666666667,0.9670166285672014,0.06010028440381269,0.24752130390959204
37.83336666666667,0.964691429930497,0.07500354810040083,0.25247754908309117
38.033366666666666,0.9627993316740259,0.08678427463196917,0.25590220125010965
38.23336666666667,0.9443738709869147,0.20903174727990964,0.2538970665964822
38.43336666666667,0.9461099605016474,0.1866887996048745,0.2646190369978365
38.63336666666667,0.9482566594594544,0.17918272300102625,0.2621123033524627
38.83336666666667,0.9481552655871658,0.1770235385899496,0.2639398778593793
39.033366666666666,0.9482124590788558,0.17640125222703426,0.26415096187665893
39.23336666666667,0.977709083182847,0.09810398806722087,0.1856355466689059
39.43336666666667,0.9811797767600449,0.08809126505661286,0.1718318209699054
39.63336666666667,0.9888310333437461,0.06651667957764333,0.1333743559845938
39.83336666666667,0.9913026376340045,0.05452261804191764,0.11977631127113834
40.033366666666666,0.992485249711427,0.043657238994193825,0.11431130560294749
40.23336666666667,0.9925801294787232,0.053770991920064126,0.10905671456601657
40.43336666666667,0.9923153234973586,0.06356042404802367,0.10616200472470184
40.63336666666667,0.9915290616641931,0.08262974688641424,0.10021199930552929
40.83336666666667,0.9900029765837814,0.09077535497110349,0.10795342183147051
41.033366666666666,0.9880733296510377,0.09396142483252361,0.12199322061390976
41.23336666666667,0.9886311280498414,0.08833052588046608,0.12168077435888734
41.43336666666667,0.9715721447793756,-0.04398283183203286,0.23262217863488382
41.63336666666667,0.9724050807091057,-0.09556751619411079,0.2128267108696786
41.83336666666667,0.9705432076710283,-0.1217436951354521,0.20790467704791366
42.033366666666666,0.97014849570909,-0.12461252072137326,0.2080471483891462
42.23336666666667,0.981563614003363,0.023764253676684853,0.18965266123059724
42.43336666666667,0.9790863750233929,0.119237875457448,0.16483992022549138
42.63336666666667,0.982179511025816,0.12022823287213617,0.14445961422325804
42.83336666666667,0.9751323759485934,-0.06398631780461497,0.21218529758363985
43.033366666666666,0.9798805365058065,-0.04789562752854299,0.1937527884721668
43.23336666666667,0.9823335431238379,-0.02619978980956916,0.18529538868439643
43.43336666666667,0.9587580535268341,0.14738787949748808,0.24302223720200944
43.63336666666667,0.9403426279229317,0.2546522955267913,0.22562790273796046
43.83336666666667,0.8373626204593783,0.5465117371314072,-0.012196845289481027
44.033366666666666,0.7905420573944263,0.6122099620677103,-0.01556334911388691
44.23336666666667,0.7805866373078594,0.6246077013237424,0.02344613195133298
44.43336666666667,0.42771397985686677,0.8998600882304357,-0.08551358397887428
44.63336666666667,0.28880169884637813,0.9546539092129325,-0.07231522915618527
44.83336666666667,0.22553320662662008,0.9732454183059897,-0.043910459518367424
45.033366666666666,0.07614986333307083,0.9963547035973086,0.038451306009991054
45.23336666666667,0.07336508350131116,0.9968997890587212,0.028431937983936423
45.43336666666667,0.35081797202256093,0.936016960057293,-0.028266605581170782
45.63336666666667,0.2977213239817438,0.9535393999099726,-0.0460936662231091
45.83336666666667,0.27731546992621464,0.9596087718004931,-0.04740395788488627
46.033366666666666,0.26991106681145755,0.9623728296745596,-0.031409436748872706
46.23336666666667,0.187302250612344,0.977775236294973,-0.09419901381575238
46.43336666666667,0.21021104015906372,0.9693205691070998,-0.12739290757782654
46.63336666666667,0.34677639656495896,0.8827845930240755,-0.31691874842732154
46.83336666666667,0.3136586975824272,0.925099261938694,-0.21403171959169823
47.033366666666666,0.32634667062190437,0.9184451530594293,-0.22350917519341298
47.23336666666667,0.3259652445756783,0.9181692551313521,-0.22519298004213312
47.43336666666667,0.33848370235523284,0.9122197428118166,-0.2308331086829564
47.63336666666667,0.3345450250276202,0.9090388086128245,-0.24845134466338964
