0.016683163,-0.9524979833235789,0.16328109805605634,0.2570736757859974
0.216683163,-0.9882098169337823,0.05816051942837315,0.14162878131058793
0.416683163,-0.9901166318533292,0.07389216569680253,0.1192015233797608
0.616683163,-0.9838293712585973,0.12144011614154004,0.13165130626181562
0.816683163,-0.978314251210934,0.176754985894586,0.10797639019245822
1.016683163,-0.9698882883814388,0.23433336546967978,-0.06636702410215585
1.2166831630000001,-0.9601131456120928,0.25930606005926543,-0.104609343939217
1.416683163,-0.9463767434949031,0.2907282138119951,-0.14088351594728712
1.616683163,-0.9214252763222682,0.3270784420998003,-0.20975021541824432
1.816683163,-0.9030518782915957,0.3539046982638487,-0.2434107016151812
2.016683163,-0.8870848412008654,0.4079766762517061,-0.2159525784663068
2.2166831630000003,-0.7896048157608634,0.5989655260448852,-0.13328365817694002
2.4166831630000005,-0.8253563367420206,0.5536663648661847,-0.11063667482194992
2.6166831630000003,-0.9024852278933141,0.4241111149636394,-0.0751676499476441
2.8166831630000004,-0.9186211795688716,0.3902269204996646,-0.062113436266589155
3.016683163,-0.9301255466739344,0.3606518221241618,-0.06925843358781084
3.2166831630000003,-0.9420446183333654,0.32037628595163953,-0.09955386717238761
3.4166831630000005,-0.9583818451648334,0.27298832739151957,-0.08355604087335952
3.6166831630000003,-0.9648042721697708,0.2597265763756818,-0.041168215010202514
3.8166831630000004,-0.9623206365324308,0.27150264341562114,-0.015010233913813268
4.016683163,-0.9626823761835477,0.2706211360570227,-0.0026159711017674637
4.216683163,-0.9648054469942337,0.2628719401366992,-0.0069851656404761675
4.416683163,-0.9639746000612913,0.26471771199981187,-0.026028895294630667
4.616683163,-0.9610570061482351,0.27283304519372625,-0.04394952085870669
4.816683163,-0.9599097749956095,0.27486556280124863,-0.05497405073152305
5.016683163,-0.9572367796097568,0.2828874644961134,-0.06060057914989307
5.216683163,-0.9528024209906791,0.2930342977228825,-0.07936275519636105
5.416683163,-0.9470913777372981,0.3067423729722047,-0.09448300820278385
5.616683163,-0.9471144103453664,0.30524157945528096,-0.09900440337578316
5.816683163,-0.93386201015409,0.32284119196746713,-0.15386783536524962
6.016683163,-0.9130709404161144,0.35245737918999526,-0.20512253318968285
6.216683163,-0.8970685657531998,0.3663149596270098,-0.24714639121573181
6.416683163,-0.8665163383092003,0.3819848932092798,-0.3213051148100673
6.616683163,-0.8388946813731091,0.3752143611992092,-0.39429671151783613
6.816683163,-0.8424604343444537,0.350149622044984,-0.40945776185817934
7.016683163,-0.8413855203201757,0.3483604312595041,-0.4131772212117212
7.216683163,-0.8376290295836573,0.3464503783932646,-0.42231474531432744
7.416683163,-0.8240235697541395,0.3587269463802154,-0.43852039226285877
7.616683163,-0.8133054466158265,0.36642255369761484,-0.4519610189460475
7.816683163,-0.8066049835620319,0.38339386619645033,-0.4498861454366339
8.016683163,-0.8216082883264012,0.41971098348106334,-0.3857492850268419
8.216683163,-0.8307273471554301,0.47051961709370305,-0.29749515057912584
8.416683163,-0.6450843700860764,0.7487325089245518,-0.15253126089492836
8.616683163,-0.13808380183991442,0.9899626455647482,0.030113519486764353
8.816683163,0.18800740300799562,0.9795107693371666,0.07219327646464531
9.016683163,0.36340970175460025,0.9292544379626706,0.06647990822281637
9.216683163,0.5741813325361056,0.8126686534016615,0.09942563625842155
9.416683163,0.7725045304072513,0.6290962430784337,0.08645615909160262
9.616683163000001,0.8967195424595427,0.43581853950623145,0.07717682808851598
9.816683163,0.963410443203066,0.25959288151703763,0.06672221363948865
10.016683163,0.9939051801750839,0.10367065001975519,0.03748185088300169
10.216683163,0.9999308955018847,-0.011560530252283702,0.0021350318696685875
10.416683163,0.9925681988794122,-0.12130963894866338,-0.009609478207722323
10.616683163000001,0.9850562249470688,-0.16984008682874466,-0.028610812624504513
10.816683163,0.9787250119142215,-0.2007280259550878,-0.042492477565803884
11.016683163,0.97470376968869,-0.21815367805146227,-0.04859561819008582
11.216683163,0.9704493734957388,-0.23761686989859343,-0.04202661800957374
11.416683163,0.9819792198949646,-0.1865146090428203,-0.03048134360687986
11.616683163000001,0.9994812786418023,-0.03166740717673388,0.005860799199035029
11.816683163,0.994818695049756,0.09305846037125554,0.04093759803447249
12.016683163,0.956906462244369,0.24801524903753047,0.15105779940081784
12.216683163,0.9093141886670898,0.35511181770378963,0.2168946823133809
12.416683163,0.8573076275461923,0.45705128311320553,0.23691297211358398
12.616683163000001,0.8306151536937719,0.5091765391893737,0.22542785629421117
12.816683163,0.8275672037039501,0.514960339646703,0.223491324092407
13.016683163,0.8278087247198127,0.5149604378958421,0.22259483974225458
13.216683163,0.8274504858701952,0.5103860266823569,0.2341619038199311
13.416683163,0.82329269983908,0.5147230785915254,0.2392682234584052
13.616683163000001,0.8148907356248369,0.5285226113820369,0.23794314079360243
13.816683163,0.7921139909266027,0.5555381814640183,0.25284927192693535
14.016683163,0.7717425280629319,0.5844999782235352,0.25054589566728486
14.216683163,0.7744715814106192,0.5948364910584162,0.21532143063951031
14.416683163,0.7753221220552711,0.5953156041973773,0.2108908211630443
14.616683163000001,0.7663390672841698,0.6075159702752166,0.20892290399712238
14.816683163,0.7320103501811052,0.6491904711049153,0.2066702190793685
15.016683163,0.14544542476180167,0.9673086910343297,0.20774870556831643
15.216683163,-0.8282595758392595,0.5277803896326597,0.1882390377944193
15.416683163,-0.9075300311028731,0.39623535305595287,0.13923644506752886
15.616683163000001,-0.9085013949674763,0.39166858114990494,0.14567408102394117
15.816683163,-0.9140466205771477,0.3830744168902307,0.13331453985108227
16.016683163,-0.9070251596574297,0.40091749142650196,0.1287265505507514
16.216683163,-0.8808943574778505,0.4534118558640203,0.13580434428113997
16.416683163000002,-0.8588621373282717,0.4939041162824094,0.13570023206761664
16.616683163,-0.8190657254729798,0.553256457974235,0.15178481170797337
16.816683163,-0.7387884040001507,0.6378123593070291,0.21768575614888377
17.016683163,-0.5996283706248458,0.7587769267918645,0.2543686154188163
17.216683163,-0.5771271620335023,0.7755688785416447,0.2557677725609908
17.416683163000002,-0.6311695150953557,0.7332929162672159,0.2527974330696726
17.616683163,-0.6809269840797021,0.6763721195289369,0.2808187997197741
17.816683163,-0.7475413586185704,0.5910219911743901,0.30310876447730944
18.016683163,-0.7426213781596883,0.5956056236113138,0.3062146793065015
18.216683163,-0.752140478390342,0.5868296017253288,0.29985949927530947
18.416683163000002,-0.7649314760728928,0.5805324817044706,0.27903740716791786
18.616683163,-0.7643786007976177,0.5876789266416871,0.2652523964527955
18.816683163,-0.7727746911887183,0.5853532697785548,0.24531780656474061
19.016683163,-0.7690011085626998,0.5930628119940676,0.23856612512892097
19.216683163000003,-0.7674086110109207,0.5967632885551396,0.234430375973645
19.416683163000002,-0.757693325838042,0.606732018204312,0.2403686378590379
19.616683163,-0.6885560473787652,0.6683223840140118,0.2814884733767266
19.816683163,-0.05255770782074776,0.9137985402366221,0.40275292079641994
20.016683163,0.7298788644446061,0.5333686169103281,0.4275450405889601
