0.03336666666666667,-0.9952356389208016,0.09748234395768798,-0.0017932201256095277
0.23336666666666667,-0.9953837230494744,0.09591818690314274,-0.0033083695956083897
0.4333666666666667,-0.9334303555184023,0.10101996971243392,-0.3442422651507056
0.6333666666666667,-0.903358141708612,0.11293269972877806,-0.4137514630073624
0.8333666666666667,-0.8910566651557986,0.10475310049420272,-0.44163877481294456
1.0333666666666668,-0.8834970926769762,0.12239699551291176,-0.4521635353727046
1.233366666666667,-0.9572849265255432,0.2735858616523425,0.09357534798722715
1.433366666666667,-0.9256059383322272,0.3314242519115346,0.18278843554502347
1.6333666666666669,-0.8382408384738994,0.4531347985792673,0.3033498822005726
1.8333666666666668,-0.8082789143462383,0.478788630326412,0.3427048935942193
2.0333666666666668,-0.8093205927325067,0.43411830579723515,0.3956532253765184
2.233366666666667,-0.6466414161074493,0.6106464332648217,0.45712778576182017
2.433366666666667,-0.5872281753894747,0.6635649261693396,0.46351338576855344
2.633366666666667,-0.5210004265997876,0.7087501888418019,0.47563822943446216
2.833366666666667,-0.46123727061595254,0.7350427950983823,0.4969630464820338
3.0333666666666668,-0.5301861642770833,0.6425200692026559,0.5532364701291556
3.233366666666667,-0.5344542983638514,0.6503140067715185,0.5398613669796875
3.433366666666667,-0.6942033763146325,0.45642818721591616,0.5565563603339354
3.633366666666667,-0.8379887786838602,0.5084125227783722,0.19822087045027312
3.833366666666667,-0.8446967857839683,0.5014208243384579,0.18725516549877802
4.033366666666667,-0.6988203248115281,0.5241579994095457,0.48673251923956495
4.233366666666667,-0.8400873442174006,0.492944090764001,0.22640533886507055
4.433366666666667,-0.8568155957614743,0.4837387327106558,0.17850454710006458
4.633366666666667,-0.8731616326389747,0.4530955845540324,0.1797029619813753
4.8333666666666675,-0.8746785246113385,0.28494156694671197,0.3921042999122615
5.033366666666667,-0.6237258453629279,-0.06519884752298018,0.7789192385016409
5.233366666666667,-0.6349687028606125,-0.058025278539605415,0.7703556408814778
5.433366666666667,-0.8701872772949846,0.1632155715268395,0.46490297874406994
5.633366666666667,-0.888723236145277,0.17980321187874757,0.42171295276947846
5.8333666666666675,-0.9659222865046102,0.2251956451251539,0.12759724860031624
6.033366666666667,-0.9650766582811541,0.2361184227941901,0.1134686479079803
6.233366666666667,-0.9634205516164811,0.24810555480058452,0.10131374240491411
6.433366666666667,-0.9312517370861682,0.33126526381475396,0.15176800441376165
6.633366666666667,-0.9284604035904472,0.34552024658120645,0.13629760880927472
6.8333666666666675,-0.7837147913068183,0.6072080287957197,0.1307269507520429
7.033366666666667,-0.7513308978521486,0.6427166681505003,0.14972363345245027
7.233366666666667,-0.7034922218063877,0.6876028658201304,-0.17972476950564148
7.433366666666667,-0.6877992593932909,0.6614644439986412,-0.29899325762232276
7.633366666666667,-0.6673513520272416,0.603740646102766,-0.4360497737539002
7.8333666666666675,-0.622339144948869,0.7014988360996234,-0.3472655635319818
8.033366666666666,-0.6082020580088344,0.7122375211235874,-0.3504396811685946
8.233366666666667,-0.5148985338241274,0.6827142791717263,-0.5184406551195556
8.433366666666666,-0.37271759824086687,0.5695507999931447,-0.732593665130083
8.633366666666666,-0.3034482342983464,0.5945462948261244,-0.7446031643833804
8.833366666666667,0.03903317443269877,0.6219931607327559,-0.7820491795887157
9.033366666666666,0.0951724870112618,0.5874893056930314,-0.8036158991784643
9.233366666666667,0.12699626199145808,0.5694336575141012,-0.8121682455811176
9.433366666666666,0.29273488320122887,0.5083610648826131,-0.809861294215607
9.633366666666667,0.25153071641306357,0.5822215297136443,-0.7731431879274596
9.833366666666667,0.3098042324791531,0.5547211000960421,-0.7722084165859887
10.033366666666666,0.7072192232332632,0.3184152420874459,-0.6312311018127456
10.233366666666667,0.7300479070583688,0.27147900793328505,-0.6271596301192025
10.433366666666666,0.9091584873437074,0.05376853218679335,-0.4129646350928601
10.633366666666667,0.9592653080527986,-0.051791514331905895,-0.27771875667584534
10.833366666666667,0.9736291218033813,-0.07138439782094029,-0.21668087346168238
11.033366666666666,0.9615354232400307,-0.11718392987927062,-0.24843018422217736
11.233366666666667,0.944625740413591,-0.10646480617493961,-0.31039886532364613
11.433366666666666,0.9519361750181664,-0.11004171100205927,-0.285846708099852
11.633366666666667,0.9489463679083444,-0.10655484913491978,-0.2968953602860707
11.833366666666667,0.8548820823945376,-0.16808858130117885,-0.4908389288116178
12.033366666666666,0.8317818570887073,-0.21710796704729765,-0.5108845983807406
12.233366666666667,0.5753038228892637,-0.7533870990498944,-0.3184860913041309
12.433366666666666,0.6042550910270248,-0.745300894588084,-0.28178424635547633
12.633366666666667,0.5179763992860549,-0.8390583642476318,-0.16637761618902372
12.833366666666667,0.6020427444316259,-0.7811413388504458,-0.1654168752460555
13.033366666666666,0.8441800643140875,-0.48999253895456135,0.21741051212746326
13.233366666666667,0.9400019491298683,-0.1452183621920465,0.3087198777440606
13.433366666666666,0.9696529497118349,-0.08022151739883675,0.23094948638472101
13.633366666666667,0.9379529366418392,0.2629289731740649,0.22608105562072664
13.833366666666667,0.9405498559115055,0.2871620072202933,0.18139446009748555
14.033366666666666,0.735340723319789,0.635725536885453,0.23479152961559832
14.233366666666667,0.7420680582133135,0.6371474206552976,0.2082742454837465
14.433366666666666,0.4178785010647492,0.7742864032400711,0.47524533044042894
14.633366666666667,0.40313458010150754,0.7930190273073828,0.4567311382584221
14.833366666666667,0.4374542396782519,0.7916837321994129,0.4264629601247108
15.033366666666666,0.47252925274422175,0.7849398473530909,0.40073125824958317
15.233366666666667,0.4688483759909481,0.8723612626224797,0.1384450353258059
15.433366666666666,0.47403356081013115,0.8736025180382107,0.1100491876524559
15.633366666666667,0.36525645400314627,0.9308298357419473,0.011980805551686804
15.833366666666667,0.30365150946037756,0.9524428451476699,-0.025463454782205592
16.033366666666666,0.32506949406708885,0.8694521676463318,-0.3719983228484536
16.233366666666665,0.35197880633324374,0.8737245406123934,-0.33573255282127124
16.433366666666668,0.3629864607558155,0.8671580604137733,-0.3409952016779558
16.633366666666667,0.3295211341529409,0.7607195944853621,-0.5592150934234398
16.833366666666667,0.322915535137402,0.7542280753586553,-0.5717215821601492
17.033366666666666,0.32392745135661216,0.7554456936816255,-0.5695373650213805
17.233366666666665,0.33049501976108675,0.7535250324118408,-0.5683071946068018
17.433366666666668,0.4057303744099586,0.8450736434871886,-0.3481858704261895
17.633366666666667,0.32172170558758656,0.8962732126326736,-0.3052695079285195
17.833366666666667,0.0008367863726345126,0.9685363035423361,-0.24887090731765832
18.033366666666666,-0.009923176262193079,0.9629344673933569,-0.2695528558163346
18.233366666666665,-0.2466205368371357,0.8804575831797824,-0.40493549490181724
18.433366666666668,-0.23281186848755375,0.8903929321064032,-0.3911509431744937
18.633366666666667,-0.24829773647681103,0.877794446634961,-0.40966467203960233
18.833366666666667,-0.48776181771922367,0.8095782061612772,-0.32660608886536036
19.033366666666666,-0.48768365807277647,0.8026998420764687,-0.3432748362160671
19.23336666666667,-0.513839400470752,0.7884576757326464,-0.3380881010951607
19.433366666666668,-0.6877377140085984,0.618728884087902,-0.3797254333404164
19.633366666666667,-0.6797137643663838,0.615179015946329,-0.399429564341683
19.833366666666667,-0.6745647891104545,0.6220466036226047,-0.39751775836300796
20.033366666666666,-0.6629754170400823,0.604148735425742,-0.44211752044451436
20.23336666666667,-0.6055629673644162,0.4847776045632341,-0.6310975888646189
20.433366666666668,-0.5713966073541834,0.5020742283167523,-0.6491743882534704
20.633366666666667,-0.44679206026074125,0.7491230996345796,-0.489072015639663
20.833366666666667,-0.37509123409761924,0.8293015111350153,-0.4142047437346721
21.033366666666666,-0.38553327612115695,0.8236200472558162,-0.4159496493106051
21.23336666666667,-0.5640958057339824,0.6830929753200012,-0.46387488509489005
21.354666666666667,-0.5559765476350991,0.6849297467436706,-0.47091540695267964
