0.016683201,-0.9280927846170521,0.3225425905371794,0.18603779301886925
0.21668320100000002,-0.9180260315002637,0.35478454298087947,0.17707663185673406
0.416683201,-0.9193908044773025,0.35125259424983263,0.17703718161827162
0.6166832010000001,-0.9206137290412629,0.3409416721180347,0.1903395337655799
0.816683201,-0.9201565942531563,0.3368635875389491,0.19958648612273677
1.016683201,-0.8518574014993925,0.48088052431354655,0.20758826760352214
1.2166832010000002,-0.49752980085133364,0.8324855391222213,0.24378663707680231
1.4166832010000001,-0.16330053436038644,0.9555641304338013,0.24541827174419167
1.616683201,-0.1095725853938686,0.965640210535249,0.23565405221965463
1.816683201,-0.300556347633991,0.9320382109363524,0.20241209265130194
2.016683201,-0.7155586225224339,0.6873112510830259,0.12481627245068373
2.2166832010000004,-0.9718212675347505,0.2187865053228721,0.08772621646780296
2.4166832010000006,-0.9803744744895728,-0.18857067594534022,0.057506433925356086
2.6166832010000003,-0.9002278169322904,-0.43513425542131084,0.01574983746785869
2.8166832010000005,-0.8277786754524981,-0.5610233313442876,-0.005940214934282295
3.016683201,-0.7591139032864456,-0.6509263889447575,-0.006396718889883517
3.2166832010000004,-0.6679899731067592,-0.7441397149830746,0.00674391679515369
3.4166832010000006,-0.6040348689570865,-0.7968777915022202,0.011298782878686143
3.6166832010000003,-0.5601933817056811,-0.8283160217949669,0.008714535610884611
3.8166832010000005,-0.6069117389587442,-0.794602759002182,0.016266422476783976
4.016683201,-0.6980198316736453,-0.7157086100801588,0.023010868028467885
4.216683201,-0.810144175144552,-0.5857826465771254,0.02291520125271077
4.416683201000001,-0.8847644964444839,-0.46518844520524094,0.028133543660011858
4.616683201000001,-0.9409774006867291,-0.33664201628917284,0.035123841840090333
4.816683201000001,-0.9559709885370928,-0.29052314254956885,0.041421886950461055
5.016683201,-0.9585826707239512,-0.2799985404893263,0.052154393022871726
5.216683201,-0.9705493339428896,-0.2339698048742778,0.057377005761069286
5.416683201000001,-0.9930093936251763,-0.11058731527353212,0.04126487456363269
5.616683201000001,-0.9622602094462355,0.2720973068438253,-0.0042830975735027475
5.816683201000001,-0.6943966522300045,0.719227344994742,-0.022919764038412005
6.016683201,-0.3526326404836956,0.9354770786748483,-0.023083676905295718
6.216683201,-0.037699625956773064,0.9988989038115944,-0.0279234340064941
6.416683201000001,0.2235458310374187,0.974455316479867,-0.021542924822596177
6.616683201000001,0.348151263874949,0.9369771399395045,-0.029403004830488664
6.816683201000001,0.4199142545823661,0.9066040000518795,-0.04172775920736363
7.016683201,0.5486457302965437,0.8343242651276936,-0.05376693450910341
7.216683201,0.6472949446391063,0.7595532330510718,-0.06393857056832482
7.416683201000001,0.6919909476171967,0.7192504953296989,-0.061864799230557085
7.616683201000001,0.611658421026106,0.7859380900742282,-0.09041733549671271
7.816683201000001,0.41592890756398543,0.9048748520065935,-0.0905795013161087
8.016683201,0.25057500095326113,0.9653302327883982,-0.07314171560723898
8.216683201,0.13444863317802225,0.9893092077091052,-0.056487667490743326
8.416683201,0.0806943947822848,0.9944580189071885,-0.067391863618025
8.616683200999999,0.030631084724462077,0.9967786256711273,-0.07412225073337785
8.816683201,-0.022901974412385062,0.9975447951589318,-0.06618067104026037
9.016683201,-0.08011517554559616,0.9949374033369303,-0.06067225138780339
9.216683201,-0.1326855941263318,0.9897172079785612,-0.053426410533214765
9.416683201,-0.1814801737276613,0.9820301960958817,-0.05178455850601175
9.616683201,-0.23930377952341836,0.9695815370567618,-0.05143290876913797
9.816683201,-0.3062523456533819,0.9503916780029992,-0.05445327505710653
10.016683201,-0.3667738257520457,0.9283574509897192,-0.06024453448304937
10.216683201,-0.42151778283558883,0.904452601373377,-0.06548473579621933
10.416683201,-0.4815011529964114,0.8709109757282844,-0.09833977841715096
10.616683201,-0.5439674199039177,0.823052087892359,-0.16335454293990131
10.816683201,-0.5963906097907764,0.7778464566827941,-0.19817449477520463
11.016683201,-0.6386293823399224,0.7423874729361105,-0.20251753514119453
11.216683201,-0.6819064527332852,0.705031293216167,-0.19476772141873905
11.416683201,-0.736086941233712,0.6575165534798411,-0.16077312227231816
11.616683201,-0.8138289089195999,0.5736857968637176,-0.09255870290564344
11.816683201,-0.8664020472309272,0.4913008659938407,-0.08928018608717221
12.016683201,-0.8162443803571452,0.5309693415781134,-0.22763275212386597
12.216683201,-0.7279037995179345,0.5927676182107517,-0.3446485303147356
12.416683201,-0.7252193445977241,0.5723650797728356,-0.3826945487956194
12.616683201,-0.7330537007538309,0.5398385209669807,-0.41377124488211564
12.816683201,-0.7436735264510638,0.5174340058588957,-0.42333407096128656
13.016683201,-0.7685971425878966,0.4910432013175154,-0.41004268905269736
13.216683201,-0.8239327972642495,0.4345191939726963,-0.36376890419829444
13.416683201,-0.9325011016039135,0.2906327440152384,-0.21441619251740598
13.616683201,-0.9854216730466543,0.14294121509168925,-0.09226015021689539
13.816683201,-0.9928448028101381,0.10852261952747354,-0.04982006206131337
14.016683201,-0.9952751091698243,0.09434954674664367,-0.02292640607896889
14.216683201,-0.9987831838412149,-0.049309453889033225,0.0008540685987716082
14.416683201,-0.9222340148997836,-0.3866258810662532,0.0022022378547557077
14.616683201,-0.8598153375719589,-0.5100263639540599,0.024304183751357098
14.816683201,-0.8815901408026583,-0.4696058076029018,0.04763621631883851
15.016683201,-0.9609384265549635,-0.26038401470803596,0.09379501721624657
15.216683201,-0.994077598907221,-0.02971739216944079,0.10453039727037677
15.416683201,-0.9937259447104703,0.045462757282370786,0.10218553963046105
15.616683201,-0.9867294376961504,0.14195434993509923,0.07882879751932231
15.816683201,-0.9619175305296537,0.2635791391064022,0.0723926922255319
16.016683201,-0.9522917311650003,0.300138086439578,0.05529545933578209
16.216683201,-0.9473819020850898,0.3133095195293069,0.06561003409504507
16.416683201,-0.9471010410780465,0.3124582815823317,0.0732764645673959
16.616683201,-0.9500779237946106,0.30580089938035504,0.06194956542453264
16.816683201,-0.935414902889342,0.3301172254617898,0.1265763678809472
17.016683201,-0.9246138951607759,0.336831223773705,0.17785913405480888
17.216683201,-0.9317379193971307,0.32742414853838936,0.15702826660005018
17.416683201,-0.9528564236440531,0.27932264701562604,0.11850525213866592
17.616683201,-0.9624127777254096,0.2549591854787999,0.0935812962661243
17.816683201,-0.9368263029372434,0.31352269286509316,0.15511285950415837
18.016683201,-0.8684646655766892,0.4444315912450463,0.21965811013519618
18.216683201,-0.778596199914633,0.5582246032395322,0.28665876895109943
18.416683201,-0.7325593406038142,0.6059683589880257,0.31009540531820984
18.616683201,-0.7510880028568852,0.5888280708741935,0.2985771506914609
18.816683201,-0.8013247796118704,0.5408352417933769,0.25568699383090804
19.016683201,-0.9073772908886141,0.36571252811627436,0.20717335436402656
19.216683201000002,-0.9862378258118069,0.054332297637171206,0.15615041585428602
19.416683201,-0.9918605694394828,-0.02131389706350272,0.1255321814641649
19.616683201,-0.9950919960535648,-0.037958960760712576,0.09138400674132943
19.816683201,-0.9967561733891594,-0.04083075336497458,0.06935402216345408
20.016683201,-0.9976188140534246,0.04997639250129904,0.04752959119532276
20.216683201000002,-0.9919326854944929,0.11679246991974242,0.04928555993117749
20.416683201,-0.9915461517497087,0.11725569350589508,0.0555637587893012
20.616683201,-0.9913063026537605,0.11844294337452572,0.05729819790979326
20.816683201,-0.9959568016987,0.013240896306472369,0.08885228086603746
21.016683201,-0.9868889034384263,-0.12071969875319695,0.10713097872715512
21.216683201000002,-0.9778018451122896,-0.17985324127080965,0.10750052697259707
21.416683201,-0.9777913790325696,-0.18679730371706119,0.09503044992854479
21.616683201,-0.9927326166564482,-0.10703099348444459,0.05501198287804856
21.816683201,-0.9945691413086939,0.09842337085956304,0.03383878285531325
22.016683201,-0.9872680632521109,0.1562514853942352,0.02978665128074888
22.216683201000002,-0.9770004530582335,0.211363627458467,0.028205171717351187
22.416683201,-0.9716695751961302,0.2349295917543152,0.02581324381636554
22.616683201,-0.970281396811887,0.24062404813676447,0.025574957654894127
22.816683201,-0.9305042284263709,0.3659014070849712,0.01667456667748851
23.016683201,-0.7689312862944981,0.639331007160966,0.0007350102269431748
23.216683201000002,-0.5670141923860713,0.8236799593104895,0.006799284009482051
23.416683201,-0.2779814190490709,0.9604405426424387,0.016742004424872683
23.616683201,0.03642408807002784,0.9991312826074115,0.020247615255541324
23.816683201,0.2414818467126475,0.9703378817361323,0.01144172085332885
24.016683201,0.37587459782743565,0.9265461589415179,-0.015182294252948736
24.216683201000002,0.4759752902328679,0.8789768841887452,-0.02910601569405962
24.416683201,0.5615077632605877,0.826319079399335,-0.04365559321241639
24.616683201,0.6334231607752285,0.77242214837631,-0.04625066584650384
24.816683201,0.693139332671729,0.7190329815314916,-0.050491949589257
25.016683201,0.7225887070250715,0.6887433256621539,-0.05914551407901831
25.216683201000002,0.7302785670933836,0.6815640294524422,-0.046515461951750825
25.416683201,0.830839404297183,0.556509305324789,-0.0018103463822051957
25.616683201,0.9098943831195678,0.4147206853979979,-0.009948098837265754
25.816683201,0.9545627537975669,0.2976454901588661,0.01473469546661936
26.016683201,0.9917081538757467,0.11454386777315605,0.05826353827157689
26.216683201000002,0.999249379089382,0.020843459483748362,0.03265315583881591
26.416683201,0.9989400310342392,-0.043093971323457735,0.016177887157668186
26.616683201,0.9892832677731601,-0.14572340800490435,0.009127127888568617
26.816683201,0.9576038160988273,-0.2880856840336089,-0.0012530155031557657
27.016683201,0.9085443803979077,-0.41697076650074966,-0.026124485280286762
27.216683201000002,0.8371484633686289,-0.5458800191650879,-0.03460426210549977
27.416683201,0.765433606317925,-0.6429224331956496,-0.02760686894455562
27.616683201,0.7166728477842688,-0.6972827927685847,-0.01329421519417373
27.816683201,0.6981219701799464,-0.7159699967406304,0.003560690844735868
28.016683201,0.7255509154769175,-0.6876219581738071,0.0274210081475167
28.216683201000002,0.8495292040693714,-0.5257910649392029,0.04294051074869981
28.416683201,0.9833305739042897,-0.17224411079349453,0.05824902335678472
28.616683201,0.9569176349656169,0.2857558473013538,0.05149986043569422
28.816683201,0.7602426903932701,0.647832847372794,0.04841129587669305
29.016683201,0.4620789003604862,0.886081630966992,0.036639229038277314
29.216683201000002,0.09013059833118292,0.9955711364352876,0.026731770263371406
29.416683201,-0.28210155657620284,0.9593577554989626,0.0071699889313937785
29.616683201,-0.5703476187736515,0.8212316035616153,-0.01680021044046293
29.816683201,-0.7496848107184282,0.661115194496829,-0.02998973463528246
30.01389724899973,-0.8524275122629379,0.5216915830955777,-0.03471640051112777
