0.0,0.9971424908526825,0.013857375836944302,0.07426187494954559
0.2,0.997260818477503,0.015210018045103404,0.07238449613452444
0.4,0.9978303110160693,0.01741279530912306,0.06349381841642077
0.6000000000000001,0.9989184411260074,0.0246727397094209,0.03941070785483098
0.8,0.9983925476344405,0.056086026331567014,-0.008165689091952364
1.0,0.9855844074886412,0.15973934171143153,-0.05573794421094375
1.2000000000000002,0.9878179625845582,0.14403296973182272,-0.05890820338055156
1.4000000000000001,0.9990196420844604,0.004981222099401099,-0.04398797740102418
1.6,0.9912448823687545,-0.12560130394075436,-0.04071726447265739
1.8,0.9616914688509524,-0.2694663397263155,-0.05037271576756828
2.0,0.9304621127127679,-0.362036256233199,-0.056302806135584624
2.2,0.907426723361646,-0.4165273131355812,-0.05551341406543447
2.4000000000000004,0.896958173306551,-0.43839759132987655,-0.05721527116721312
2.6,0.8832845251393221,-0.4661073444538154,-0.05052119451888472
2.8000000000000003,0.8816370077181146,-0.46959784303832175,-0.04684071344039649
3.0,0.8868436014432972,-0.4590168677718013,-0.05302774443673227
3.2,0.8850055978415662,-0.46222175162213175,-0.05582243380990497
3.4000000000000004,0.8755969776381213,-0.4793524379038268,-0.05959171944696221
3.6,0.8580726931455492,-0.5095828314611922,-0.06353417315065882
3.8000000000000003,0.8246415563448923,-0.561211983734273,-0.07076307555579964
4.0,0.782766603105697,-0.6178421215015344,-0.07448193043182778
4.2,0.7359142452937385,-0.6720559079331621,-0.08228657354563253
4.4,0.7062761757782823,-0.702875150005786,-0.0845014025466379
4.6000000000000005,0.6889786178546929,-0.7202638020642389,-0.08079925479238022
4.800000000000001,0.69634914285605,-0.7126228101539689,-0.08524436457564072
5.0,0.7195314032944231,-0.6884546905554096,-0.09113011974870361
5.2,0.7280544206658738,-0.6794524922583994,-0.09100039182733767
5.4,0.7361701825960048,-0.6722727528890808,-0.07812047093753255
5.6000000000000005,0.7014192490717026,-0.7099926754685424,-0.06262138462785877
5.800000000000001,0.66450851490431,-0.745063802957909,-0.05751837220894702
6.0,0.7035434611416888,-0.7076366477701473,-0.06539857045380851
6.2,0.7608365487932259,-0.6455379768464522,-0.06639628355113196
6.4,0.8265626882925854,-0.5579720569438678,-0.07390064947187035
6.6000000000000005,0.8992392970812518,-0.4284634514249197,-0.0882482712457404
6.800000000000001,0.91375288358044,-0.3956254424225879,-0.09239143389061005
7.0,0.8921891498895868,-0.44348766693227976,-0.08554069264542889
7.2,0.852563929262569,-0.5158884098583756,-0.08362951090473654
7.4,0.8059410280435648,-0.5834939599757349,-0.09996928522259861
7.6000000000000005,0.7806003713947283,-0.6142261877002857,-0.11571192903752825
7.800000000000001,0.7765888236497829,-0.6192616906082988,-0.11586525591046609
8.0,0.7784750590468255,-0.617341090498762,-0.11343086186678338
8.200000000000001,0.7789905356935102,-0.6167776268235684,-0.11295620545071791
8.4,0.7786324334268776,-0.6175995672771537,-0.11091577036116841
8.6,0.7799797016736961,-0.6168018046194524,-0.10576955514323816
8.8,0.7885700440242174,-0.6083974130907805,-0.08949789613220104
9.0,0.7824405737789991,-0.6193315725427658,-0.06492420008052592
9.200000000000001,0.7572944942604481,-0.6503846631761429,-0.0592016796051188
9.4,0.7365222587768436,-0.6751094403287731,-0.04197863629546207
9.600000000000001,0.7310740027502968,-0.6821599993034034,-0.013730908674953581
9.8,0.7727887904016423,-0.6343362538578354,-0.020371609439961424
10.0,0.7800884059113493,-0.624778961776555,-0.033366568359663555
10.200000000000001,0.7215973192956764,-0.6913114621637149,-0.03722594614459201
10.4,0.7042245303681831,-0.708767739731635,-0.041425860804837025
10.600000000000001,0.6921321104924711,-0.720646457276109,-0.040271891445903915
10.8,0.6715958278635366,-0.7399998498861343,-0.03686822703615417
11.0,0.6499670093610201,-0.7594407350904695,-0.028154158263719607
11.200000000000001,0.5602620709912723,-0.8282790210629597,-0.007763702438613223
11.4,0.36865892670804135,-0.929552641538987,0.0047415573777649924
11.600000000000001,0.154593582600637,-0.987974246062654,-0.0027772892594665924
11.8,-0.04759367243776741,-0.9981956533193578,-0.03660983526632336
12.0,-0.20174190360083671,-0.9742128940974494,-0.10104178000106054
12.200000000000001,-0.2393196224208416,-0.9683302811061014,-0.07115184479214025
12.4,-0.34148441011700814,-0.936012540164242,0.08525797500716627
12.600000000000001,-0.5108339764102485,-0.8580086787673694,0.053570100847086265
12.8,-0.6882114178138053,-0.7249126660449593,-0.029439276456826053
13.0,-0.827549576304765,-0.5561964799318582,-0.07620481919940576
13.200000000000001,-0.9124370827567286,-0.40119848141163234,-0.08061233480920427
13.4,-0.927117625862639,-0.3693544908135857,-0.0634836036363788
13.600000000000001,-0.927697821453232,-0.3683367649870002,-0.06086690093834944
13.8,-0.9255323254851344,-0.3714176472824825,-0.07374853062417576
14.0,-0.9126191525218211,-0.40226959640783105,-0.07283854924580738
14.200000000000001,-0.7122317711108714,-0.6987400034524068,-0.06699486394942446
14.4,-0.3298365148865464,-0.9427570980410611,-0.049162257278265536
14.600000000000001,0.16652495093776398,-0.9838716559405071,-0.06531466414259317
14.8,0.4979572900194818,-0.864489169964032,-0.06853475272701343
15.0,0.671919553764634,-0.7369643830193688,-0.07353646326562234
15.200000000000001,0.7167382443449017,-0.6924256196482266,-0.08266226677364759
15.4,0.694241578896405,-0.7159277954334233,-0.07400014768407603
15.600000000000001,0.6677368020692346,-0.7411452442974422,-0.069507481738567
15.8,0.6421031958800547,-0.7635553910052707,-0.06845911705104386
16.0,0.6272157192824339,-0.7758179394289152,-0.06860733448613164
16.2,0.6097182565326734,-0.7891828045483157,-0.07371667827575824
16.400000000000002,0.5946399054900585,-0.8010436852846977,-0.06879242010777832
16.6,0.6039259118937561,-0.7941143466364478,-0.06823413668731741
16.8,0.7183571951855401,-0.68985565926008,-0.08978925053704136
17.0,0.813873949406044,-0.5710258399493816,-0.10741826934144666
17.2,0.8236127229658758,-0.5573371168323301,-0.1050591298734257
17.400000000000002,0.8144575812179327,-0.5712845897359887,-0.10145326967041403
17.6,0.8496624345054724,-0.5157123207073777,-0.11006611495298672
17.8,0.8959396886543236,-0.4292513481714527,-0.11417247648616469
18.0,0.9451878685008825,-0.30669146697263805,-0.1120724646152228
18.2,0.9867137258348545,-0.11514067684919448,-0.11462394070965008
18.400000000000002,0.9857405897166145,0.11326245635560045,-0.12444720071354341
18.6,0.9319964939961147,0.3388046425465704,-0.12881750412052162
18.8,0.8134221154772653,0.5631922819534109,-0.14546104495912404
19.0,0.6242651644073838,0.7683463051940111,-0.14119829957238744
19.200000000000003,0.41827962405667835,0.8994405319513861,-0.12668419625988042
19.400000000000002,0.26360394719356983,0.9598199091620885,-0.09622214402127183
19.6,0.10248277432324093,0.9917771631415245,-0.07665076410552982
19.8,-0.03354580611816249,0.9979286402847432,-0.054891782548269534
