0.0,-0.9971083668021259,0.04793534865910115,0.05896700095924457
0.2,-0.9972751981651551,0.04492417771753435,0.05851493297487583
0.4,-0.9973215813818839,0.027653949317120258,0.06771205503530477
0.6000000000000001,-0.995628345312221,0.06073203713295971,0.07096349537987666
0.8,-0.9805967204236158,0.18197534008424437,0.07290437226719164
1.0,-0.9377594504125756,0.341453156204631,0.0633794547136566
1.2000000000000002,-0.9048507588471286,0.42276229609464355,0.05017115919092305
1.4000000000000001,-0.8903406598725444,0.4533773413603033,0.041743211649150076
1.6,-0.8865719204446012,0.4601473049450486,0.04748355116227241
1.8,-0.9001824461580354,0.4312947431595073,0.060468240853449325
2.0,-0.8971422020164842,0.4375477548054358,0.06072751950916762
2.2,-0.8870075991046172,0.45750112315721875,0.06253192337155794
2.4000000000000004,-0.8794789864433573,0.471729123698716,0.06315335508907192
2.6,-0.8642027147202718,0.4986385420669227,0.06718089189261331
2.8000000000000003,-0.8447732989164831,0.5312093022203993,0.06461231053196628
3.0,-0.8030101607211478,0.5927442734987746,0.06187817073092636
3.2,-0.693238178465191,0.7183383843747175,0.058401998700255135
3.4000000000000004,-0.565401935816816,0.8228783511486845,0.056496638709035596
3.6,-0.4428162696398752,0.8953284273665232,0.0479662224029963
3.8000000000000003,-0.34382017693838296,0.9385400926843949,0.030498858241360016
4.0,-0.252257510887573,0.967382664543814,0.023171718557701452
4.2,-0.15008736382837468,0.9886631228078541,-0.004360369120988436
4.4,-0.03721535613842114,0.9988849819801068,-0.029048408598280114
4.6000000000000005,0.06438657870457232,0.9970294246610683,-0.042269313251331674
4.800000000000001,0.17058792049947746,0.9848380677482813,-0.03152366878229514
5.0,0.26031582329926417,0.9653649354886009,-0.017498956229325367
5.2,0.3468519496561873,0.9378331467846301,-0.012755932413583571
5.4,0.3989297984362062,0.9169598633767633,-0.006294829284070001
5.6000000000000005,0.41288224498381854,0.9107783577122294,-0.003321882017246561
5.800000000000001,0.30152207967648903,0.9534228258297944,0.0083277040230207
6.0,0.06861290945515414,0.9970927964109922,0.033139462901601226
6.2,-0.23146864929927774,0.9717190711428654,0.04673661486260566
6.4,-0.5467678877381764,0.8355717999116938,0.05352237037599782
6.6000000000000005,-0.7564994918831572,0.6517135523379556,0.05457072914638554
6.800000000000001,-0.8386523267333632,0.541258590274546,0.06083924160217691
7.0,-0.890318606662227,0.4516904795904595,0.05751946868992473
7.2,-0.91482649632647,0.4007047542521555,0.0502810256334894
7.4,-0.9206197465696466,0.3869705640165004,0.05208708871487918
7.6000000000000005,-0.9281376554440345,0.3671795085222724,0.06115309532798471
7.800000000000001,-0.9503418833007169,0.3040394984732738,0.06641000084751356
8.0,-0.980072337994216,0.18876479150178316,0.06185520016813367
8.200000000000001,-0.995111368951308,0.08183699273497087,0.05528173300421885
8.4,-0.9984553514721112,-0.012204517980901506,0.054202959859748726
8.6,-0.9935971340474583,-0.10155619966828872,0.049508317701286685
8.8,-0.9749812919100216,-0.21846646702051178,0.04103514607066599
9.0,-0.9373630860682589,-0.3464200471369809,0.036655092663938335
9.200000000000001,-0.8814980964966296,-0.47096448883763775,0.03396404167235371
9.4,-0.7785553704833259,-0.6271607330156246,0.022824330326992773
9.600000000000001,-0.6225566700398862,-0.7825053295857795,0.01042121675715339
9.8,-0.40664491990190593,-0.9133867327737346,-0.019094122417516804
10.0,-0.16845353771883192,-0.9842353628126386,-0.05389022378023506
10.200000000000001,0.034118335459491056,-0.9964077822720743,-0.07750787452330335
10.4,0.12860154849537514,-0.989067573129423,-0.07215938960707868
10.600000000000001,0.12333234545864313,-0.9900264854928352,-0.06809324919825037
10.8,0.04192050632187366,-0.9988322711575894,-0.02401593728942298
11.0,-0.14500640235384032,-0.9870772878668543,0.06820242703754602
11.200000000000001,-0.35225801771207566,-0.921042535592234,0.16611723747819507
11.4,-0.46860021080895947,-0.856360859477962,0.21693298685069662
11.600000000000001,-0.5768964993331408,-0.7731516570535016,0.263489931975763
11.8,-0.6945082689892654,-0.664852008310734,0.27500922048309145
12.0,-0.7953657738446162,-0.5460026714141871,0.2632002443105365
12.200000000000001,-0.86833509621693,-0.4279738421579571,0.2506642198369982
12.4,-0.9409232121539433,-0.24361470773790983,0.23519222564463801
12.600000000000001,-0.9747492840598547,-0.04651432719539185,0.21840387036488204
12.8,-0.9753736336558653,0.10683318010314377,0.19295840587547317
13.0,-0.950344199085481,0.2592313421029179,0.17217727648007464
13.200000000000001,-0.9187438648849193,0.36678620811202955,0.14621076661833263
13.4,-0.9093062080522386,0.39700654743232194,0.12469170499085398
13.600000000000001,-0.907918011448855,0.4064385151485582,0.10243348032060819
13.8,-0.9105424994106576,0.40487098961002344,0.08361721437116494
14.0,-0.9220121074737812,0.3813496834236501,0.06682883078760925
14.200000000000001,-0.9291621660796329,0.3667934388962935,0.04604608896351114
14.4,-0.9349075893944818,0.3538798796969223,0.0267736818217189
14.600000000000001,-0.9434730151768995,0.3304513091402867,0.02570217734903328
14.8,-0.9575012119227376,0.2875190506098513,0.022895953854309026
15.0,-0.9727937097702698,0.23003550443533521,0.027496634895532432
15.200000000000001,-0.9847328546381904,0.17148952756704114,0.02987552394443084
15.4,-0.9921071137288383,0.12321871807548258,0.023251288232468546
15.600000000000001,-0.9961823990000843,0.08411838922031795,0.023339334125368
15.8,-0.9983077177137187,0.05152901943339597,0.026952938790773744
16.0,-0.9986627788765963,0.04372342419805175,0.027584710672245986
16.2,-0.9981521423461508,0.05407089396909585,0.027724342285653587
16.400000000000002,-0.9978695090586323,0.056761155666393774,0.03216541774173207
16.6,-0.9974215998734498,0.06410692959596341,0.032256064292874004
16.8,-0.9963431832332321,0.07889664976620787,0.03279603452154222
17.0,-0.9954948714220013,0.08862851540519624,0.033688977864631216
17.2,-0.9952002077449701,0.09258760967756548,0.03168723778690253
17.400000000000002,-0.9953504096170886,0.09192459158495203,0.02876510971705127
17.6,-0.9964916748628919,0.07902939883737627,0.027544437702579787
17.8,-0.9984909091200568,0.04393939622789007,0.03294288790818578
18.0,-0.9984017296716499,0.042691003388461664,0.03703328797641852
18.2,-0.9955771408602909,0.08408065207906915,0.04191181864829129
18.400000000000002,-0.978743776740528,0.19724378579791896,0.056173912591094464
18.6,-0.9474918967453014,0.31469634881276554,0.05679184488908284
18.8,-0.9236683687328613,0.37758343240764397,0.06532607575568264
19.0,-0.9081381829600291,0.41319151139460364,0.06751159575583827
19.200000000000003,-0.8886996186154198,0.45387562557034344,0.06488377598395409
19.400000000000002,-0.8688726902380783,0.49104614266517926,0.06272108044423998
19.6,-0.8548086967151688,0.515495402791382,0.059720865039496585
19.8,-0.8466292734899065,0.5293614082746885,0.0547299981672926
