0.03336666666666667,-0.9964582554012393,-0.08314260231584845,-0.012579861798420296
0.23336666666666667,-0.9967485992357584,-0.07945483576258114,-0.013385028781991104
0.4333666666666667,-0.9893680063953398,0.12158458768261138,-0.07980060124686285
0.6333666666666667,-0.8237681712791779,0.5658124363991496,0.03552867579037032
0.8333666666666667,-0.8234615811588905,0.5667033409002168,0.027538114819876353
1.0333666666666668,-0.7526051684839543,0.6556057711801917,0.06137208784508823
1.233366666666667,-0.2955565454164381,0.954768362883955,-0.032614440013487976
1.433366666666667,-0.31008438993688464,0.9474780702124549,-0.07831332954199263
1.6333666666666669,-0.3220512414473766,0.942780070196405,-0.08630606654613156
1.8333666666666668,-0.13655374302925755,0.9481359574308617,-0.2870388153044153
2.0333666666666668,-0.08216762912867392,0.9538345237436678,-0.28887398989535845
2.233366666666667,-0.036687740838399985,0.9604637316449947,-0.2759772270799641
2.433366666666667,0.06095438429354788,0.9583072834707203,-0.2791625216291815
2.633366666666667,0.1561208965427539,0.9456540321624772,-0.2852450124323557
2.833366666666667,0.0005437907592764635,0.9752059321708442,-0.22129865374738594
3.0333666666666668,0.06903953128533613,0.9649726476379326,-0.2531034026451238
3.233366666666667,0.030331426813956563,0.978092865854791,-0.20594744550829283
3.433366666666667,0.05891631115797474,0.9767065627499824,-0.20633264056045883
3.633366666666667,-0.006646480225092011,0.9330272507034543,-0.3597443171828726
3.833366666666667,-0.05136132691993878,0.9367781820766734,-0.3461338638188213
4.033366666666667,0.7376215648612294,0.6480827071951556,-0.1894814811169404
4.233366666666667,0.8114387689075823,0.5465825592402547,-0.20691696462136963
4.433366666666667,0.514120426677584,0.818313854648034,-0.256987591459073
4.633366666666667,0.33827534834743617,0.9309759663617838,-0.13730818896615143
4.8333666666666675,0.029670607663679516,0.9916766064940815,0.1252883201789001
5.033366666666667,0.12357676871131568,0.9922011998523007,0.016296050028298793
5.233366666666667,0.12161784026943778,0.9925724615721908,0.0030015757060462248
5.433366666666667,-0.3776237363943006,0.9251587130660254,-0.038492458347362264
5.633366666666667,-0.6487235602673201,0.7600766196495855,-0.03796412274967559
5.8333666666666675,-0.7766075216341852,0.6274987036756811,-0.05591184334780003
6.033366666666667,-0.998052967314105,0.03188989985865539,-0.05360325290983072
6.233366666666667,-0.9981607908685441,-0.02454429638198666,-0.055431156291347074
6.433366666666667,-0.9893616360580829,-0.14445265594052045,-0.01723320307439386
6.633366666666667,-0.8781571884578678,-0.4519074593807369,-0.15690634313443272
6.8333666666666675,-0.8401449781775553,-0.5189667903652662,-0.157575017502804
7.033366666666667,-0.7842965678564773,-0.5952225389046469,-0.1748971778744757
7.233366666666667,-0.7858165093128358,-0.5982219523002145,-0.1569168871648618
7.433366666666667,-0.5612796270962725,-0.8199072166719648,-0.11277116766222055
7.633366666666667,-0.5156433072281259,-0.8484012466955934,-0.11969671806780664
7.8333666666666675,-0.843164393719356,-0.5372686860960937,-0.02040010059896799
8.033366666666666,-0.9122114757165259,-0.40671903212569865,-0.04949598446149961
8.233366666666667,-0.9834863589410746,-0.01832852296203063,-0.18005178983519743
8.433366666666666,-0.9721768297345232,0.09579392170766136,-0.2137656106374417
8.633366666666666,-0.9687729901088413,0.11788309246432975,-0.21813406461766027
8.833366666666667,-0.9725680148522825,0.09927436290702922,-0.21037123699710977
9.033366666666666,-0.9620287766971496,-0.1949561599512731,-0.19103070042179043
9.233366666666667,-0.9711108752842094,-0.053491356178947756,-0.23255610660413573
9.433366666666666,-0.9763662677233508,0.09231612974653408,-0.19541403081814632
9.633366666666667,-0.9759200556471036,0.11534776201038988,-0.18513492049029753
9.833366666666667,-0.9709047858970283,0.17872846392458572,-0.15937387773849165
10.033366666666666,-0.997124873432228,0.06997793943757998,-0.029070169845286313
10.233366666666667,-0.896847457533467,0.43137158287356575,0.09789379655989718
10.433366666666666,-0.8879159313559853,0.4516242885734311,0.08741167436204218
10.633366666666667,-0.9166178533422656,0.3890646063176883,-0.0918718838659522
10.833366666666667,-0.9714302860222999,0.21221011597907732,-0.10625472259988819
11.033366666666666,-0.9981053528790028,0.04844240294686337,-0.037934656331839595
11.233366666666667,-0.9995783700955935,0.02880430848659023,-0.003659760872832984
11.433366666666666,-0.9615041528397715,0.26804593227160267,0.06050737363760379
11.633366666666667,-0.9094402826074474,0.4046933557535979,0.09561202947212438
11.833366666666667,-0.7756373523669383,0.6088247554763606,0.1664905845156302
12.033366666666666,-0.7986416165985695,0.5888658822341191,0.12413114426869909
12.233366666666667,-0.6603967041696671,0.7503085574866529,-0.030220219789718963
12.433366666666666,-0.6679099254859135,0.7438457245677292,-0.02428722873675941
12.633366666666667,-0.5082246047220577,0.8519671976134814,-0.1259350838556903
12.833366666666667,-0.3435566577733593,0.9307984449301321,-0.12483219863179146
13.033366666666666,-0.2895341544016369,0.9500831812898543,-0.1162407934637357
13.233366666666667,-0.460294280960165,0.8833771732009296,-0.08816997665248599
13.433366666666666,-0.48612766812635455,0.8690735042730259,-0.09160313560482514
13.633366666666667,-0.5053024419130377,0.8582080470143779,-0.09026843433055151
13.833366666666667,-0.512435696677308,0.8540513710863096,-0.08947576384941847
14.033366666666666,-0.5049435109758418,0.8582624151759867,-0.09174790144560288
14.233366666666667,-0.5094839496766298,0.8562805849456115,-0.08490974541890088
14.433366666666666,-0.7483459568472912,0.6593295918154188,-0.07254528397370476
14.633366666666667,-0.7775120046357791,0.6217867998951742,-0.09410769428357607
14.833366666666667,-0.9984959092630872,-0.04708554279992923,-0.028086844680682444
15.033366666666666,-0.9927565353126038,-0.11940308637879728,-0.013317828551709859
15.233366666666667,-0.844309456627796,-0.5250986274494708,-0.10683151641513838
15.433366666666666,-0.7718587632719283,-0.6288927093589103,-0.09342381749606937
15.633366666666667,-0.7633114476352356,-0.6374074222775515,-0.10520176773461704
15.833366666666667,-0.8599257536128095,-0.45254448528995495,-0.23607453718495755
16.033366666666666,-0.9577285486400848,-0.16501188429594682,-0.23564190026575818
16.233366666666665,-0.9618842360931437,0.039107688998029036,-0.27064608812384994
16.433366666666668,-0.9704659173036327,0.059964129548826954,-0.23366687082141185
16.633366666666667,-0.9685220759027471,0.0733337090642346,-0.23788054902390704
16.833366666666667,-0.9672074889844202,0.09944200328932656,-0.23371127750765072
17.033366666666666,-0.9683751453071576,0.10595707353137923,-0.22588199689220007
17.233366666666665,-0.9695941821948886,0.12062304703107542,-0.21292534461346793
17.433366666666668,-0.9620569076797707,0.17874187616913254,-0.20615006206444758
17.633366666666667,-0.9583369201022182,0.19705530387860337,-0.206783835882562
17.833366666666667,-0.9580599064317963,0.20292291463918702,-0.20234501822934897
18.033366666666666,-0.9596720366732,0.20011563647659084,-0.19744192580371978
18.233366666666665,-0.9760408193960817,-0.012791338298732576,-0.217211188793656
18.433366666666668,-0.9755294613665455,-0.09954685776688559,-0.19604257985100396
18.633366666666667,-0.9511157451235979,-0.2271412887428039,-0.20925026720709647
18.833366666666667,-0.9448890136044732,-0.2564145995204309,-0.20355909491433424
19.033366666666666,-0.9338547627619821,-0.2958874540214716,-0.20091265918167867
19.23336666666667,-0.8207871132447614,-0.5449650018337331,-0.17123568993551147
19.433366666666668,-0.5075557447350474,-0.8530630832746571,-0.12112201261697736
19.633366666666667,-0.4191054362501858,-0.899479041127594,-0.12364500749211793
19.833366666666667,-0.3445708209825725,-0.9333062657387485,-0.10104634412084919
20.033366666666666,-0.41054996667642707,-0.9093431365277391,-0.06740760277504342
20.23336666666667,-0.0769902933320139,-0.9741017384013829,-0.2125989133934004
20.433366666666668,0.004080840853586232,-0.9741133434575467,-0.22602331923031146
20.633366666666667,0.0315579133023311,-0.9766518219530056,-0.21249780418601333
20.833366666666667,0.01859196094206661,-0.9791611211784648,-0.20223213829868888
21.033366666666666,0.19459228452241795,-0.9380484063862815,-0.2867037322402767
21.23336666666667,0.22835398116935407,-0.9320756453531416,-0.2812284669510379
21.433366666666668,0.2633461420709471,-0.9220135485489017,-0.28379539416384236
21.633366666666667,0.2958514015672838,-0.9151572136247246,-0.2737868195171271
21.833366666666667,0.09041033659791248,-0.9948986350335461,-0.04475127981007355
22.033366666666666,0.0790225151025683,-0.9943898794592076,-0.07031507474195484
22.23336666666667,0.3014642097823806,-0.9434544084544743,-0.1378880320698761
22.433366666666668,0.3491303987576562,-0.9281312660794881,-0.12915230384707244
22.633366666666667,0.37917297376593634,-0.9156280761572038,-0.13361542619830458
22.833366666666667,0.27867639892005613,-0.9557290154914257,-0.09445376452391922
23.033366666666666,0.27431547569587167,-0.9578268996621893,-0.08554910915530407
23.23336666666667,0.39845178629068556,-0.9116902467786451,-0.10028493371616035
23.433366666666668,0.3913477563251924,-0.9150861926719923,-0.09728408708681616
23.633366666666667,0.3862852417468888,-0.918470916031556,-0.08482268807755726
23.833366666666667,0.2994103265192993,-0.9245970381030667,-0.2355287105739824
24.033366666666666,0.28334772327755386,-0.9263619916604944,-0.2481280478306099
24.23336666666667,-0.04674398472923624,-0.9815110762568806,-0.1856098248388087
24.433366666666668,-0.2125803776198512,-0.9627248186482575,-0.16724385372766623
24.633366666666667,-0.2916064599517549,-0.9389253104885676,-0.18271544499125508
24.833366666666667,-0.4171779195364545,-0.9050285424831102,-0.08298144818050389
25.033366666666666,-0.3691693320878111,-0.9236094627705425,-0.10324516708567796
25.23336666666667,-0.17797192105192067,-0.9665499819243448,-0.18468115160767673
25.433366666666668,-0.15857407637043647,-0.9650494727864884,-0.2086474954984684
25.633366666666667,-0.43954689599803554,-0.8871364384939622,-0.14066792710046214
25.833366666666667,-0.5934022735354801,-0.7997080168934793,-0.091328141770333
26.033366666666666,-0.3588151678199685,-0.9283362876952038,-0.09717722104801917
26.23336666666667,-0.3416966687049202,-0.9345778037607417,-0.09903390991831341
26.433366666666668,-0.32923353909272096,-0.9389663865311415,-0.09973666177054866
26.633366666666667,-0.33633561068044,-0.9359494599584326,-0.10429269097944364
26.833366666666667,-0.33634312864164173,-0.7594806374499634,-0.5568325252301175
27.033366666666666,-0.337162955086316,-0.7592867893822836,-0.5566010359198111
27.23336666666667,-0.34784887292685157,-0.7540619032472718,-0.5571281788552983
27.433366666666668,-0.45974493151091117,-0.8754910502627532,-0.1488288240222614
27.633366666666667,-0.44434106915350935,-0.8847370951717226,-0.14071704477645458
27.833366666666667,-0.4195652756228321,-0.8992648127305183,-0.12364374661212456
28.033366666666666,-0.7389224831937585,-0.6711634898650054,-0.05944016910302756
28.23336666666667,-0.8558873362331166,-0.4978296287683752,-0.1400804354509294
28.433366666666668,-0.8684994306741936,-0.47751061859013827,-0.13301258606712815
28.633366666666667,-0.9190940096552815,-0.39399731289727685,-0.005684966622876619
28.833366666666667,-0.9349835766425011,-0.35446609599360684,0.012629259671423632
29.033366666666666,-0.9331087535980406,-0.35870122430944057,0.025327566752850014
29.23336666666667,-0.9259893700441304,-0.37565021690033407,0.037823287905817904
29.433366666666668,-0.9830081232009283,-0.17840430574234029,0.043208024874805184
29.633366666666667,-0.9856939803150839,0.16743798700571166,0.01928464876740095
29.833366666666667,-0.918295799514151,0.3930706195329455,0.04720500666934302
30.033366666666666,-0.24972371821672484,0.9617073223751571,-0.11294729146827619
30.23336666666667,-0.28243483814178977,0.9530997922532969,-0.10877200104136799
30.433366666666668,-0.06263940950747598,0.9850292827062941,-0.16060391211822572
30.633366666666667,-0.01237951206338117,0.9819809974100714,-0.18857377444012272
30.833366666666667,-0.035985812634113545,0.9537544512851988,-0.2984249787513308
31.033366666666666,-0.02879183892395276,0.9432073018292474,-0.33095470352809336
31.23336666666667,-0.006742598815035972,0.9416020022100803,-0.33666037306934093
31.433366666666668,-0.0012628858027989853,0.9428176597512272,-0.3333065639627712
31.633366666666667,-0.10621407266048383,0.9541261215389242,-0.27993198274931586
31.833366666666667,0.647881225009598,0.7145047541579469,-0.2640698289577115
32.033366666666666,0.6701812765806281,0.7075417022503855,-0.22414681817368357
32.23336666666667,0.5293895792396919,0.8196455756928258,-0.21892419610357886
32.433366666666664,0.1662153408077071,0.9586875917172931,-0.23084748637893887
32.63336666666667,0.04668813141183206,0.49728919269460276,0.866327696206477
32.83336666666667,0.030851577606556144,0.4533671180728309,0.8907897823894942
33.033366666666666,0.19841354699994018,0.9790442281633057,-0.045874433696997834
33.23336666666667,-0.12887060292903052,0.9634749271366948,-0.23475185298448498
33.433366666666664,-0.15402385547803232,0.9625134004360789,-0.2232590556386444
33.63336666666667,-0.15465925686725707,0.9640342177496224,-0.21614472298240808
33.83336666666667,-0.19040364102396823,0.9552421897252887,-0.22640409107092432
34.033366666666666,-0.22887402979980437,0.9452398913477609,-0.23267622630615237
34.23336666666667,0.18611858409846943,0.952297567732653,-0.2418454364747334
34.433366666666664,0.22432350939926188,0.9429114787134404,-0.24616438905989668
34.63336666666667,0.23474741953898082,0.9422342496632294,-0.23893151274237753
34.83336666666667,-0.6047528310522858,0.7956313621496248,0.035280999109689654
35.033366666666666,-0.6162628763923121,0.7844227237944489,-0.07000755370366395
35.23336666666667,-0.7584531360456993,0.6514314941469199,-0.01964303581311426
35.433366666666664,-0.8930820456599451,0.44976996352718196,0.010556496985514129
35.63336666666667,-0.9824908208307266,0.18481073975734094,-0.023596132176909798
35.83336666666667,-0.975052509929855,0.21684448280906335,-0.04744547559841447
36.033366666666666,-0.9908919995784722,-0.13028902050973015,-0.03402669989864368
36.23336666666667,-0.8929554500595595,-0.44753735529551586,-0.04838263969674594
36.433366666666664,-0.4649649755381415,-0.8492016192119728,-0.25032814753954274
36.63336666666667,-0.4396661287785095,-0.8754225815345715,-0.20082081302560736
36.83336666666667,-0.3506640415299171,-0.9178726827045617,-0.18586142236256423
37.033366666666666,0.04049589376510776,-0.976530884754749,-0.21153608133902857
37.23336666666667,-0.4017160368050283,-0.9039202837512237,-0.1468071742006121
37.433366666666664,-0.4246438461166142,-0.8934955144594654,-0.14609370142516376
37.63336666666667,-0.3179358009546615,-0.9442688326521519,-0.08528304727822908
37.83336666666667,-0.3256405226903993,-0.9422271981439779,-0.07852488178706878
38.033366666666666,-0.31607027982990127,-0.945940003088231,-0.0727811017070087
38.23336666666667,0.04884202984407432,-0.9987941034276361,-0.004979465723858307
38.43336666666667,-0.03449428039787533,-0.9991720255074397,0.02157331831669223
38.63336666666667,-0.8996276120443516,-0.4365045552461184,0.011572938121591941
38.83336666666667,-0.9185278973140987,-0.39462896582393064,0.023968337207154446
39.033366666666666,-0.9972054868180882,-0.07451219079839855,-0.005399118661669649
39.23336666666667,-0.9990681234947609,0.04044128961114071,0.015079347175686776
39.43336666666667,-0.9972163961423641,0.060847918784324134,0.04309280734010458
39.63336666666667,-0.998297844364876,0.05351437840602416,0.023186747082306725
39.83336666666667,-0.9980330672075779,0.059003682525408385,0.021179287256089488
40.033366666666666,-0.9978895650805168,0.05176390093676927,0.039203500650131576
40.23336666666667,-0.9983293284393129,0.024675432621509955,0.05224629176172632
40.43336666666667,-0.9269022220154537,-0.3752879369196741,0.003351898773708052
40.63336666666667,-0.9227997544505554,-0.3846426470079946,-0.022150559556782436
40.83336666666667,-0.9232597623717921,-0.38366322251961904,-0.01984799413148076
41.033366666666666,-0.9641130947120269,0.08212928121615187,-0.2524692491605991
41.23336666666667,-0.956954758344217,0.10820260946489324,-0.2693135454954859
41.43336666666667,-0.948818278760443,-0.09447000992793611,-0.3013623916720304
41.63336666666667,-0.9527426300662307,-0.1797621312451208,-0.2448817204788741
41.83336666666667,-0.9539857405288896,-0.18362759147442928,-0.23704875978761578
42.033366666666666,-0.9568121800630701,-0.18611297138337238,-0.22332132447620678
42.23336666666667,-0.9590818549738027,-0.17846391783409854,-0.21980133186883571
42.43336666666667,-0.9877693003754224,0.15338676597097115,-0.028005521970059028
42.63336666666667,-0.8856075592605651,0.45282591432357855,0.10318886712024725
42.83336666666667,-0.88870998286042,0.45134604477194035,0.08050660987122683
43.033366666666666,-0.807184159224063,0.5715032021507558,0.14777626003243896
43.23336666666667,-0.8069735142021678,0.572033092021417,0.14687371789609235
43.43336666666667,-0.8015175450199822,0.5781535414401845,0.15266993006258242
43.63336666666667,-0.7977601673976293,0.5845991713769437,0.1477244872697071
43.83336666666667,-0.8078220473462809,0.5711497263586925,0.14564178624849908
44.033366666666666,-0.8137929477114224,0.5642509964769908,0.13914686927803063
44.23336666666667,-0.8605013475305702,0.507427695401369,0.045327307858822344
44.43336666666667,-0.8633123099889844,0.5029254193238913,0.04192705593494351
44.63336666666667,-0.8633460843203782,0.5028602882537865,0.042012726476507646
44.83336666666667,-0.8625037054125595,0.5041579634438215,0.04372763480664452
45.033366666666666,-0.864644669134509,0.5004115883045197,0.0444728954288269
45.23336666666667,-0.8637965689258131,0.5016354263140035,0.04708913440233498
45.43336666666667,-0.8617977102035276,0.50468332105538,0.050984822608977035
45.63336666666667,-0.8632827284593833,0.5020074518408482,0.052263266640937237
45.83336666666667,-0.8647139017507176,0.49945047646317164,0.05309510033667408
46.033366666666666,-0.8623499552896714,0.5033214668872531,0.05495503236615803
46.23336666666667,-0.8674974712243664,0.49470175127293836,0.05213745972731918
46.43336666666667,-0.8687197902890758,0.493461577719918,0.042680174253088544
46.63336666666667,-0.8633578740857715,0.5034050503401958,0.034590989377035454
46.83336666666667,-0.8649752490894669,0.5003008535704271,0.038947071511433444
47.033366666666666,-0.8558881097305199,0.5154796925276517,0.041668095871009815
47.23336666666667,-0.8521637370633148,0.5215031828417382,0.0430278458701143
47.43336666666667,-0.8539912277922008,0.5185706594976903,0.04223095975821459
47.63336666666667,-0.9508699010344617,0.3017917774533466,-0.06905182378665423
47.83336666666667,-0.9602943666800485,0.2622597620419437,-0.09515538101582986
48.033366666666666,-0.9582050669790102,0.26835374055329514,-0.09914292484491787
48.23336666666667,-0.9515655203105746,0.2913853000346579,-0.09806970724835294
48.43336666666667,-0.9580498653574312,0.2733851198365233,-0.08602924933171296
48.63336666666667,-0.9673381586551761,0.24243857590805304,-0.07402988397457319
48.83336666666667,-0.9776790843401288,0.2042351764317582,-0.049311263943812564
49.033366666666666,-0.9875046841972602,0.14843569438109389,-0.052927717899716634
49.18246666666667,-0.9909538251816449,0.12205910066621045,-0.05578613001833093
