0.0399999838501292,-0.9077921570465215,-0.06908475224723552,-0.41369154766777894
0.23999998385012922,-0.9193538584798271,-0.04561406150222409,-0.3907785054113465
0.43999998385012923,-0.995069920343774,-0.012318732791661168,0.09840783733749775
0.6399999838501292,-0.9652148572583523,-0.0012856787813783307,0.2614548266102752
0.8399999838501292,-0.9330353245614027,0.025963794937461645,0.3588467144520675
1.0399999838501293,-0.9280501648971221,0.02052944256180763,0.3718890068589367
1.2399999838501294,-0.9876903115775975,0.14799706446090752,0.05064303828467437
1.4399999838501294,-0.9845414202194747,-0.0890568437069198,0.15082131965071008
1.6399999838501294,-0.9815675926355807,-0.09061285441832256,0.16826874844056838
1.8399999838501293,-0.9812097516497796,-0.04232869621600673,0.18824373759578594
2.0399999838501293,-0.9804952505176591,-0.022309737455701056,0.19527247457583646
2.2399999838501294,-0.9813263310380175,-0.05563736150897142,0.1841279881380965
2.4399999838501296,-0.9840650025291673,-0.062099023281557,0.1666126709009446
2.6399999838501294,-0.9878670936718319,-0.07408060286904193,0.13649421056926883
2.8399999838501295,-0.9887147079304103,-0.07998541786398235,0.12667106714324117
3.0399999838501293,-0.9905768073450582,-0.06411463711644058,0.1210243862099653
3.2399999838501294,-0.9887051391122649,-0.07108573846479095,0.13194303952809505
3.4399999838501296,-0.9847015374692507,-0.10604654499836744,0.1382642846132092
3.6399999838501294,-0.9808804439697149,-0.1421002824791236,0.13297016340942183
3.8399999838501295,-0.9538071846900366,-0.012818514308777791,0.3001458647467631
4.039999983850129,-0.9390712939779143,0.008369564311865361,0.3436205104761284
4.239999983850129,-0.9601449409649856,0.001291154286652619,0.2794995979602701
4.43999998385013,-0.7522438546815431,0.4864532314159584,0.4444012114506725
4.63999998385013,-0.6109295651765663,0.6750370819430209,0.4136302749981235
4.83999998385013,-0.531305280257688,0.746612758682451,0.40035495218977835
5.039999983850129,-0.30470769940473114,0.862455729522164,0.40413281546772223
5.239999983850129,-0.44208666809023406,0.8492503931596813,0.28867481292104813
5.43999998385013,-0.3665988356522437,0.9122967130886801,0.1825376700465143
5.63999998385013,-0.1872038029210752,0.9817298543619755,0.034076813617207685
5.83999998385013,-0.7734800415067136,0.6095703738663407,0.1736449961709885
6.039999983850129,-0.96944840030583,0.08251271275573151,0.23100097700693256
6.239999983850129,-0.9795982093441444,-0.04793996279716227,0.19516431081719912
6.43999998385013,-0.9801776613610347,-0.10647031840120212,0.16708029048442105
6.63999998385013,-0.966909495949722,-0.1898977653591352,0.170366855209168
6.83999998385013,-0.9800927496951439,0.05959558263166936,0.18938471038023202
7.039999983850129,-0.9795157359407771,0.07684545865522838,0.186128177685339
7.239999983850129,-0.9852823524492721,-0.0002635749474334703,0.17093453858210106
7.43999998385013,-0.9841470314799042,0.0121018927363759,0.17694113320957727
7.63999998385013,-0.9836164134417503,0.013221001944356457,0.17978864345551615
7.83999998385013,-0.9827383747079179,0.014678361229839947,0.18441754956631962
8.039999983850128,-0.9832481796528133,0.00876094027732064,0.18206115218488092
8.23999998385013,-0.983175489017593,-0.0017342386816360778,0.1826552769870396
8.439999983850129,-0.9818744125881523,-0.011848672638809397,0.1891619593400567
8.639999983850128,-0.9814242149959439,-0.009851873837211311,0.19159710541000288
8.839999983850129,-0.983607281674803,-0.007850126352604958,0.180152965428141
9.039999983850128,-0.9834321581152002,0.008493109743716191,0.18107749024039702
9.23999998385013,-0.9810079195943131,0.017305051203840904,0.19319419477839106
9.439999983850129,-0.9793392240119512,0.02279332372521525,0.20093568300634687
9.63999998385013,-0.9746776754048527,0.027797413742483578,0.2218799965220438
9.839999983850129,-0.9747558088322869,0.023887191404104436,0.22199215129039548
10.039999983850128,-0.978680393080327,0.0200170204644819,0.2044113673254546
10.23999998385013,-0.982343843855871,0.023108489038996954,0.18565174433009501
10.439999983850129,-0.9832377034854651,-0.002905939815018637,0.18230516711936648
10.63999998385013,-0.9852490250832895,-0.01976584129432433,0.1699813815991482
10.839999983850129,-0.9828489128575344,-0.06987060778506772,0.17066374149920668
11.039999983850128,-0.9737798277246831,-0.11421474580950394,0.19674307854701606
11.23999998385013,-0.9622067517360462,-0.1600212106107831,0.22034377474352657
11.439999983850129,-0.9568794648183315,-0.19117691767302622,0.21870774096502418
11.63999998385013,-0.8790145326341906,-0.46657485755590666,0.0981903952257085
11.839999983850129,-0.8016095915517432,-0.5964240060796384,0.04123672761220242
12.039999983850128,-0.8279637924304151,-0.5606736985739141,0.010998279487839012
12.23999998385013,-0.8224202363423462,-0.5688333857587338,-0.007316700134272799
12.439999983850129,-0.8384498084150391,-0.5449722665873454,0.0026734658096546227
12.63999998385013,-0.9830453375070284,-0.13727754803790046,0.12155961175651658
12.839999983850129,-0.9998421215546326,0.005185152710531635,0.016995474588841507
13.039999983850128,-0.9992682360528125,0.032526124510346255,0.020125696018724583
13.23999998385013,-0.998691790784761,-0.005683618387599634,0.05081735433049689
13.439999983850129,-0.9757677845614722,-0.04445402312932395,0.21424535103384232
13.63999998385013,-0.48982838998674316,-0.8656795785244995,0.10328124558040609
13.839999983850129,-0.2981480817639411,-0.9492015545795404,-0.10061873644737475
14.039999983850128,0.27378132006797934,-0.9495913111254909,-0.152709301016036
14.23999998385013,0.6225858610457107,-0.7817937327356399,-0.03442971218651788
14.439999983850129,0.7529421870585996,-0.6569319979453724,0.038966819512424075
14.63999998385013,0.8373650121222904,-0.5426259845826226,0.06615797252921062
14.839999983850129,0.9821916776426362,-0.18513626532326902,0.032001119225683015
15.039999983850128,0.9925872027201611,0.10194751493833731,0.06616153863132121
15.23999998385013,0.9727953899747681,-0.029463237335402792,0.22978478385123008
15.439999983850129,0.8636906921233328,-0.4670365749626207,0.18951312879772655
15.63999998385013,0.8506705344335496,-0.49273831727133804,0.18321733689569278
15.839999983850129,0.8562378367858348,-0.49330589342011627,0.15331686917392806
16.03999998385013,0.8635277443848096,-0.48476317529898827,0.1390125841487921
16.23999998385013,0.8191190805970002,-0.513630596284594,0.2553968331092958
16.439999983850132,0.8122189509400106,-0.5212915721846461,0.2618309998895634
16.63999998385013,0.7885915495599958,-0.5484216620502971,0.27813135126510774
16.83999998385013,0.5596023928289116,-0.8078933997618011,0.18480642997870989
17.03999998385013,0.48314533339383003,-0.8519319907772649,0.20194670066641696
17.23999998385013,0.4139027111754835,-0.8871772422645208,0.20396344400285013
17.439999983850132,0.6208900103267714,-0.7284650410170663,0.28954149804894125
17.63999998385013,0.6918145559130224,-0.6421529854161115,0.3302001870805696
17.83999998385013,0.25883222951657675,-0.8790218151147177,0.4004079488670336
18.03999998385013,-0.08568746715065229,-0.9346074374703458,0.34520515030691473
18.23999998385013,-0.11888331675788366,-0.9444129611686203,0.30651413633528063
18.439999983850132,0.07853512915772165,-0.9417499993110247,0.32701555358402307
18.63999998385013,-0.11009584445006682,-0.9432449667304611,0.3133174712212492
18.83999998385013,-0.12154865005533139,-0.9426085383582695,0.3109904646187953
19.03999998385013,-0.4408996605553265,-0.8294415125318535,0.34297852208421087
19.239999983850133,-0.6547376371935747,-0.6576797206982438,0.37252652445759465
19.439999983850132,-0.755230427996878,-0.4853374566606607,0.440538935611614
19.63999998385013,-0.8900726644469972,-0.2480359411073678,0.38242492586546467
19.83999998385013,-0.8859117883911976,-0.20496746962763282,0.41611133075651285
20.03999998385013,-0.8663494879167691,-0.11377724488823748,0.48630577143603204
20.239999983850133,-0.8385275079382746,-0.0013795560929365253,0.544857518307139
20.439999983850132,-0.7832771145923232,0.11406892139572798,0.6111180270025913
20.63999998385013,-0.6416878893973076,0.08701979012187352,0.7620132602048167
20.83999998385013,-0.4692817115003416,0.14824572208410644,0.8705158706968371
21.03999998385013,-0.4672817253309984,0.14857376724690102,0.8715352114847391
21.239999983850133,-0.5377143188811694,0.22791546885479955,0.8117375501520532
21.439999983850132,-0.49715668735706536,0.7917674086000508,0.35487969636893746
21.63999998385013,-0.4932329601903331,0.8108234517878624,0.3150977261306363
21.83999998385013,-0.5861219759559134,0.696692318947333,0.4136191992900272
22.03999998385013,-0.41956077761742316,0.9076319514958504,-0.013152737695913528
22.239999983850133,-0.3745000275537709,0.9271999054741131,-0.00707563785256411
22.439999983850132,-0.4333532029603194,0.9012158086312962,0.0038817208903881564
22.63999998385013,-0.8504255363132996,0.5196474870395825,0.08211514111102516
22.83999998385013,-0.8491284595462016,0.5265465075573649,0.041588875529846456
23.03999998385013,-0.9261820433099077,0.36945703525396695,-0.07542096360849505
23.239999983850133,-0.9989026731024282,-0.03150370568478502,0.03465495919706503
23.439999983850132,-0.9812660832970461,-0.007237451145055826,-0.19252140938554524
23.63999998385013,-0.9162643438724255,-0.37047934899712825,-0.15233090334760588
23.83999998385013,-0.8431516990822329,-0.5087774496710495,-0.17389858838118
24.03999998385013,-0.8475087042691803,-0.49654655126642183,-0.18753804577577743
24.239999983850133,-0.9495151016055368,-0.2911779519990719,0.11677530600539443
24.439999983850132,-0.7819382132559628,-0.6169725475509937,0.08898036984924836
24.63999998385013,-0.6482544917870735,-0.7609290516742834,0.027442525320367984
24.83999998385013,-0.7617386505913395,-0.6475242391392985,-0.021600646341211283
25.03999998385013,-0.09645617199742462,-0.9932188306358278,-0.06490424758058834
25.239999983850133,0.21461858434270153,-0.9741477482663192,-0.0705338769840044
25.439999983850132,0.4497838818579443,-0.89197035463137,-0.04564368608676088
25.63999998385013,0.5211951612110337,-0.8500906751426867,-0.07550793313060492
25.83999998385013,0.5499731956888371,-0.8334420372647421,-0.05388742472789597
26.03999998385013,0.6539124941541378,-0.7531691078604563,-0.0716571347026854
26.239999983850133,0.5752524078869581,-0.8176714459913076,-0.02231756327964952
26.439999983850132,-0.3769398970057843,-0.9260172269122768,0.020209144142347302
26.63999998385013,-0.9308873162258327,-0.3653015516685842,-0.001892310331666782
26.83999998385013,-0.9750024341550875,0.18413022568067566,-0.12436363368138581
27.03999998385013,-0.9422717046256077,0.21103987224621684,-0.2599734736165441
27.239999983850133,-0.8189262482579588,0.26882412312586534,-0.5070437759599787
27.439999983850132,-0.7713301158530479,0.30607856557673335,-0.5580015807079883
