0.04,-0.9948291539138906,-0.013452317459391884,0.10066771914543662
0.24000000000000002,-0.9936776940739025,0.0689287895974538,0.08861976226892959
0.44,-0.9828791996916146,0.16559900307696182,0.08078025125912741
0.6400000000000001,-0.9719733767929253,0.23010304838980628,0.04816992762582045
0.8400000000000001,-0.9473980963782271,0.3200381437935791,-0.003526116287356447
1.04,-0.9243456449489789,0.36409787827694307,-0.11409585311519771
1.2400000000000002,-0.8250424310890727,0.5526730060666443,-0.11771803289170249
1.4400000000000002,-0.6753173898993948,0.7268211645962053,-0.1252094948256118
1.6400000000000001,-0.6237289318937128,0.7779838307729893,-0.07552071619438826
1.84,-0.5826036110099839,0.7975941944551665,-0.15625790671047993
2.04,-0.49313987450257385,0.8593893719388774,-0.13514056228271282
2.24,-0.16928309316257278,0.9854490398498406,0.015278227264290309
2.4400000000000004,0.11348489885203383,0.9929574938619642,0.03400872117429935
2.64,0.22849910675899576,0.9735441210932387,4.9951323171476704e-05
2.8400000000000003,0.12023816977627655,0.9919885422527335,0.03874938151955735
3.04,-0.2960465629066414,0.9543883799262057,0.03872018663431844
3.24,-0.6830149094854903,0.7291481145559481,0.042821261775361184
3.4400000000000004,-0.8944042646157269,0.42660182242085365,0.1343573464474781
3.64,-0.9633440202105996,0.19848412531905313,0.1804781170136992
3.8400000000000003,-0.9897396577981532,-0.02863087404713081,0.13998458069691813
4.04,-0.949274411388881,-0.2751760131653311,0.15217178996360436
4.24,-0.8479114641073223,-0.5020699000800326,0.1702115286019237
4.44,-0.7450545454574646,-0.6555505149391264,0.1230741510481279
4.640000000000001,-0.5619454774841979,-0.816572797465048,0.13200813147364468
4.840000000000001,-0.42783962748272314,-0.8931618827053345,0.13861855733525355
5.04,-0.3149071114718435,-0.92798589730745,0.19918756372561838
5.24,-0.22226013041049003,-0.9492248610761125,0.2226490456861358
5.44,-0.034028895292463,-0.974715647513703,0.22084257011979808
5.640000000000001,0.26250735939326314,-0.9489241443005217,0.17502244035522516
5.840000000000001,0.5427443397696418,-0.8259574771998344,0.1523903786520026
6.04,0.7212737438623747,-0.6791963742664449,0.13585459726512447
6.24,0.827675566153285,-0.5570678504258382,0.06803357417316498
6.44,0.8686875016996713,-0.4702225961457109,0.15579709389064572
6.640000000000001,0.8403546161606091,-0.5113613974333548,0.17975995191521887
6.840000000000001,0.6791103431127359,-0.7146946826057264,0.16739370517555982
7.04,0.3251961254676171,-0.9053868875109653,0.2729872962319989
7.24,-0.14559485067837902,-0.9655727398312183,0.2155723162903226
7.44,-0.59488055680141,-0.7537935026566192,0.27912806826313497
7.640000000000001,-0.8420012976294258,-0.46174839517547595,0.27896636776363526
7.840000000000001,-0.9860878139564728,-0.07396397057187339,0.14886287053455463
8.04,-0.9752192332778019,0.20052591311173512,0.0934708789718007
8.24,-0.9545166592286872,0.29242701263537013,0.05817550632404861
8.44,-0.9251868473598375,0.3716537791769945,0.07682945981732986
8.639999999999999,-0.8731157649569226,0.4801744956998748,0.0842692984607024
8.84,-0.8216388588215834,0.5682411492848282,0.04485066257954484
9.04,-0.7896490307419715,0.6078299339132163,0.08364914636336648
9.24,-0.7762727707947626,0.624239094914076,0.0878984510869066
9.44,-0.8119969244971852,0.5815002606652966,0.05018407569443714
9.64,-0.8689995928918043,0.49250687696778345,0.047714606708205876
9.84,-0.8525638578596757,0.5222727678333656,0.01913176027191009
10.04,-0.7327026817135562,0.6794931213261095,-0.03789298457846798
10.24,-0.5411168642339594,0.8409400854401344,-0.003508837634653816
10.44,-0.37565921031268806,0.9267501580209127,0.0037818402214879663
10.64,-0.26860880204496196,0.9577382817837621,-0.102891666668673
10.84,-0.34895377090395124,0.9304104815777009,-0.11210531451391265
11.04,-0.616447312366933,0.7846403017760858,-0.06582026970712285
11.24,-0.8312366238999507,0.555632909732629,0.01782539507176634
11.44,-0.9559353666130549,0.2934977497515908,-0.006829769331171432
11.64,-0.9963734517093681,0.08020740064080847,0.028402774709605186
11.84,-0.9931895849383829,-0.052829747023980356,0.10384346969985381
12.04,-0.9949160811103857,0.03316886839437597,0.09508847310473109
12.24,-0.9524600866382794,0.2768696945309994,0.12713361322369737
12.44,-0.8193264958813244,0.5474720995257728,0.17023041264025884
12.64,-0.47882743068700784,0.8650776637270845,0.1495490800445399
12.84,-0.0964803567926048,0.9815350768167743,0.1651678955834373
13.04,0.18544116990427062,0.9705296290485677,0.15389545686401931
13.24,0.29763391688020846,0.9496136778273695,0.09822379755294632
13.44,0.3455741950749931,0.9355357956292962,0.07315224394733491
13.64,0.4702439913433955,0.8822591823756323,-0.02212066272320092
13.84,0.43565148879731364,0.8746142964327422,-0.2127383669772407
14.04,0.38674926249276953,0.8458979415005521,-0.36726241371317514
14.24,0.32037060171715676,0.7890784741244129,-0.5241353253014671
14.44,0.23824063897604808,0.7127716212858194,-0.659695394731439
14.64,0.2631828960011506,0.6681265165257402,-0.6959466367241295
14.84,0.31142857814033265,0.6523036306921989,-0.6910225858126972
15.04,0.4591549949999393,0.6528396480625772,-0.6024757957662168
15.24,0.4984725839173818,0.7356266945006317,-0.4586703057979696
15.44,0.5347764039614921,0.7959551155484268,-0.2836717324625527
15.64,0.5396987843004047,0.825341649095759,-0.16594090662810687
15.84,0.5287131112658116,0.8357672408861043,-0.14817410380108312
16.04,0.4979072664020636,0.8539369226106017,-0.15126164836586783
16.24,0.27020897739528804,0.9592952955780675,-0.08209533736322007
16.44,0.08804833467189249,0.9959947311070453,0.015555911047313572
16.64,0.1757365290280264,0.9842206152895909,0.02065073374387638
16.84,0.38608260565733027,0.921789532787837,0.03527433701188726
17.04,0.3860327822573438,0.9212319548310784,0.048066375157315724
17.24,0.36744869043823847,0.9280950084601826,0.06017570245969369
17.44,0.4037368752120892,0.9101727982742067,0.09263915411788906
17.64,0.4219594132668186,0.9065680410804393,0.009200024298732783
17.84,0.5112815272606831,0.8588498123468651,-0.03111590772800959
18.04,0.5632279182248918,0.8259262857350973,-0.02490145907132499
18.24,0.5680110610533842,0.8208022800444496,-0.060390823763565554
18.44,0.456705947398527,0.8865036788460159,-0.07437005447957107
18.64,0.3117852735075355,0.9484480275008719,-0.05688833231460704
18.84,0.26882629453603035,0.9623754553726621,-0.03957153348417798
19.04,0.1961495781484125,0.9769895939419276,-0.0837656034502662
19.240000000000002,0.02513894519086285,0.998837125062179,-0.041139166644596166
19.44,-0.11361555352467273,0.9917917112316093,-0.05865754452377043
19.64,-0.19480380509122613,0.9795732444154915,-0.04987721270567416
19.84,-0.2662681011630172,0.9626010305009836,-0.05000554350755299
20.04,-0.3852905848728425,0.9208986612171848,-0.059133924076962004
20.240000000000002,-0.4358037431762456,0.899992876244053,-0.00937657418944152
20.44,-0.4487071476893996,0.8935890142816566,0.01267158899193174
20.64,-0.48152502229110883,0.8764085332155389,0.006460326194169117
20.84,-0.49322381347944566,0.869283900275874,0.032798941110315935
21.04,-0.5045443150820255,0.8633850930300558,-0.0011023846388651807
21.240000000000002,-0.5242496425082369,0.8488749262017111,-0.06762892869198626
21.44,-0.5267117784394384,0.8312712415448177,-0.17765929593945037
21.64,-0.5201663118747979,0.8135804922902229,-0.2598341597160948
21.84,-0.5244577885629595,0.8051561323397746,-0.276889202699031
22.04,-0.5050364140515535,0.8234556768213229,-0.2585710130557655
22.240000000000002,-0.4730291355783096,0.8622646533982671,-0.18095055787149106
22.44,-0.44304355222390174,0.8925115501091843,-0.0844721478034524
22.64,-0.41450463291154926,0.9088308636631719,-0.04703584322742718
22.84,-0.40945858697402915,0.9123285607081708,-0.0005127078986034556
23.04,-0.4261878924862839,0.9040508476067275,0.032495311041101385
23.240000000000002,-0.44277178138622925,0.894993568302606,0.054218652740858304
23.44,-0.42066421200243315,0.9051362723598768,0.06139991204260073
23.64,-0.43555739283876593,0.8951527376188531,0.09482264432597465
23.84,-0.4552010072602266,0.8903500611077787,0.008295280263503199
24.04,-0.47781832843931754,0.877892725585486,-0.03152788244623104
24.240000000000002,-0.537531515382924,0.8420717660479445,-0.04444109354002252
24.44,-0.5674354266127342,0.8220406085956757,-0.04760540352182164
24.64,-0.5593591001446205,0.8288215783473336,-0.013122055907334226
24.84,-0.5524505563230514,0.8335456169943725,-0.0002953097051453044
25.04,-0.5520400789231141,0.833730316254357,0.012062794907162961
25.240000000000002,-0.5450307605154724,0.8373519824034432,0.04222709624102769
25.44,-0.5671587971033747,0.8235975293173685,-0.004243650619352193
25.64,-0.5569778931768702,0.830347963661156,0.017259367196595075
25.84,-0.5347076309587662,0.8449516762598303,-0.012017245115544762
26.04,-0.45557507963695426,0.8834112766815042,-0.10970808104117975
26.240000000000002,-0.38774809644851255,0.9050365562419695,-0.17481488942945336
26.44,-0.42770319858950223,0.8714273881855752,-0.2401755213096792
26.64,-0.4832441177606021,0.8375177503021158,-0.25502772511760513
26.84,-0.5482432866975764,0.8013160028890608,-0.2394200536816788
27.04,-0.5856596817611519,0.7810255828979863,-0.2167989299288344
27.240000000000002,-0.5969792147984647,0.7965850563508333,-0.09522638865959696
27.44,-0.5795209231689968,0.8147627763296383,-0.017807804945399127
27.64,-0.5417809765531066,0.8401833535985096,0.023776159932258043
27.84,-0.5038550124134171,0.8620078450561729,0.05543105201499039
28.04,-0.4919495780266099,0.8690674196848558,0.05203299647096468
28.240000000000002,-0.5168040319675935,0.854825030455721,0.04677349514858632
28.44,-0.666093759465329,0.7401195692372915,0.09242362702984021
28.64,-0.8045726363288035,0.5916353025924658,0.0512888057692975
28.84,-0.8874558870887775,0.4584786215424052,0.047110530245870565
29.04,-0.9219797448089634,0.3837968710468398,0.05151030903280026
29.240000000000002,-0.9228689440581828,0.3796879085643972,0.0644205260994437
29.44,-0.8949813624927412,0.43908365175573466,0.0788283423109059
29.64,-0.8212631069223574,0.5595325064014567,0.11158083835650708
29.84,-0.5489676548734165,0.8207271851486695,0.15824475176360006
30.04,-0.07218565382243813,0.9813410456705192,0.17821050323850074
30.240000000000002,0.3374373131891199,0.9231588401201893,0.18415704052697685
30.44,0.6034418311173322,0.7821939237879223,0.1550181345746848
30.64,0.7806150411601286,0.613468146927416,0.11957002224643476
30.84,0.8836409254484122,0.46659033648893267,0.038368903656715754
31.04,0.9424155689648479,0.3339045486481106,0.01899072838949418
31.240000000000002,0.9695483507118939,0.24131631211838314,-0.041742462043222024
31.44,0.9672021608798838,0.2445093646954576,-0.06881243031246224
31.64,0.9761151702832317,0.20939086033245669,-0.05791927099136538
31.84,0.9891599847996791,0.14037612854692813,-0.04309370029685111
32.04,0.9747239235976312,0.22221326583801013,-0.023120061679099715
32.24,0.9247714364472238,0.3789174828524875,0.03491892781963992
32.44,0.8315584261251083,0.5551568260343568,0.01764886534005566
32.64,0.8134604079654494,0.5812714893974751,-0.02014001703886913
32.84,0.9129531293409185,0.4072163152632529,-0.02629555494836687
33.04,0.9538438962081173,0.2978071543495336,-0.03863574102759642
33.24,0.9698227865581353,0.2032909951702877,-0.13459767440519638
33.44,0.9677531807005075,0.16560286018133127,-0.18981431438069482
33.64,0.9841554015172495,0.10747297623074226,-0.14102377474925143
33.84,0.9910034009852995,0.12401194835372756,-0.05033185771538642
34.04,0.9848430976218442,0.17146762329688192,-0.026132876373062077
34.24,0.9831519818038671,0.1827375216729205,0.004379366160450383
34.44,0.9662553125819611,0.25699938406455075,0.01737778747648838
34.64,0.8853908798068677,0.46474399396549504,0.009798470687864812
34.84,0.7467445445165546,0.6635737240198636,0.045194004305589904
35.04,0.5431815577379334,0.8379546147557039,0.0527812366567147
35.24,0.3734320070496546,0.927215896659024,0.02862196872455233
35.44,0.24633207911228594,0.9691801815970092,0.0032066181262055005
35.64,0.20241384822350106,0.978741801101307,0.033062377777814955
35.84,0.2701550924744223,0.9594389319596655,0.08058015791888519
36.04,0.3413304532293664,0.930002173744851,0.1363432379257856
36.24,0.4916984676642542,0.8634214596230846,0.1128538876555301
36.44,0.5788678771999867,0.8144176262430486,-0.04044639428452773
36.64,0.6360371382303986,0.7652400848751715,-0.09931954133968542
36.84,0.6573221506405107,0.7475054910226655,-0.09572424545692519
37.04,0.6345785303961827,0.7714276824873004,-0.04700446204876289
37.24,0.5961213664631274,0.8028695425019569,-0.00630984697376624
37.44,0.5598502320788732,0.8284105675689566,-0.017425532454162104
37.64,0.5345878286791778,0.8450537447743839,-0.01000109348385164
37.84,0.5593370867239738,0.8289372205087053,-0.0022600598309726536
38.04,0.6310296310043403,0.7757337191251594,0.006229109629382919
38.24,0.6823566230010683,0.7310178528375381,-0.0015290125487268738
38.440000000000005,0.7027631277383761,0.7113846923819562,0.007470323688074561
38.64,0.6626171337134795,0.748900065265938,0.009339505019365679
38.84,0.6686356383689249,0.7427205406655335,0.03595249054624362
39.04,0.7296741813864099,0.6758782824324867,0.10375035592316971
39.24,0.7574510580481588,0.6458238242755592,0.09580961673974575
39.440000000000005,0.8027391027677255,0.5871657550185063,0.10414561450783287
39.64,0.8316645272430659,0.5489946322714214,0.08330070745638418
39.84,0.8437497278549748,0.527984140697949,0.09653571316411622
40.04,0.8473057717891983,0.528334085051493,0.054185087113638286
40.24,0.8638009024497135,0.5035581083038488,0.01665029995254821
40.440000000000005,0.8544671378675813,0.5195043497205278,-0.0010681412991085048
40.64,0.8740248611618766,0.4858615188178282,-0.004373397191569973
40.84,0.8871640822135041,0.45894992309980037,-0.04800895038384887
41.04,0.8849089497382765,0.4608295077619414,-0.0676188986082074
41.24,0.8990391516769206,0.4345440974421458,-0.0538519371075366
41.440000000000005,0.8852821209031003,0.4594880754420815,-0.07173754202536338
41.64,0.8619164085039486,0.5008156694552197,-0.07927023388242999
41.84,0.8735035613194522,0.477326582428119,-0.09566013835305943
42.04,0.8862109437350791,0.4540787924017166,-0.09188369548063982
42.24,0.9138172553940003,0.40138111141982324,-0.06189690735056291
42.440000000000005,0.9093260276822155,0.413731965475667,-0.04418185287336826
42.64,0.6962154103377757,0.717187773168849,0.03042696871708367
42.84,0.18880222784982376,0.9767331455204326,0.10171568807565967
43.04,-0.38728604930827676,0.9131366273590121,0.12724392239551546
43.24,-0.7627130733336861,0.626539354261402,0.1603658483829678
43.440000000000005,-0.957537317082123,0.21968189516896294,0.18671408980080414
43.64,-0.966394901520181,-0.18679377009523349,0.17660402534882536
43.84,-0.8661206279576833,-0.47643309982962917,0.15115078303772958
44.04,-0.7490960373973037,-0.6547783308690919,0.10060051779162901
44.24,-0.6157565346004457,-0.7795207555622562,0.11485330532683528
44.440000000000005,-0.4498465652950857,-0.8807042323442912,0.148317641644771
44.64,-0.26324601531221764,-0.948102153339662,0.17833631782375636
44.84,-0.08527164710604951,-0.9753291227945035,0.20362182699486325
45.04,0.117197163479839,-0.9618249645317033,0.24730055090085834
45.24,0.28248517499562176,-0.9134393378695285,0.2929687729778899
45.440000000000005,0.4395108610346339,-0.849677525444817,0.2913388161343548
45.64,0.5307479961406006,-0.8104634551835147,0.2479023041537455
45.84,0.49325978715718366,-0.8373314682568739,0.2357345851597475
46.04,0.20467486716316935,-0.9403463361227336,0.27176638293263855
46.24,-0.3516200521223624,-0.8885247152399957,0.2947662961621503
46.440000000000005,-0.7878605767041066,-0.5523048726008166,0.27246107864586533
46.64,-0.9328292634899839,-0.20674041122315748,0.29510670535251127
46.84,-0.9504692504695181,0.10224610205506296,0.2935199116354084
47.04,-0.914858435280924,0.31285811495286137,0.2552525089073197
47.24,-0.8488500138947188,0.4981668771179368,0.17687118604650845
47.440000000000005,-0.722119496846802,0.6911270754257691,0.02977915188759977
47.64,-0.5890904780036462,0.804895963234413,-0.07151850875390528
47.84,-0.4729992978738131,0.8729326140129126,-0.11941656335477084
48.04,-0.3293046510732266,0.9425464898472263,-0.05625443323164026
