0.03336666666666667,-0.9990292587958286,0.0417109669316289,-0.01416810881825376
0.23336666666666667,-0.9954186146129305,0.05246219797379702,-0.07993434472010412
0.4333666666666667,-0.9753999022418902,0.0736358374118253,-0.20778063950996642
0.6333666666666667,-0.9130112090416711,0.02751809618262568,-0.4070052659938813
0.8333666666666667,-0.8356011574396964,-0.11317561575349519,-0.5375518446478045
1.0333666666666668,-0.7501257616894683,-0.23529928638317796,-0.6180174653497765
1.233366666666667,-0.6584607821664229,-0.3102374896593145,-0.6856982560563134
1.433366666666667,-0.6250427750969697,-0.3644540831343259,-0.69028599188003
1.6333666666666669,-0.5941765673667829,-0.432653048856576,-0.6780601345805076
1.8333666666666668,-0.5903711893000639,-0.5048128842904104,-0.6297823518477033
2.0333666666666668,-0.5775078190969499,-0.6041667264878128,-0.5490603659770797
2.233366666666667,-0.47405461067230514,-0.804228465490163,-0.3584533461911984
2.433366666666667,-0.2565408248502569,-0.9469978004969503,-0.19334417767051776
2.633366666666667,-0.07086198455557774,-0.9923084811096694,-0.10150102197843504
2.833366666666667,0.08804510098600116,-0.9952255100392172,-0.04212178010893315
3.0333666666666668,0.3372491957039155,-0.9389828058692337,0.06763335182440329
3.233366666666667,0.612698501653513,-0.7809714924914384,0.12117786096162707
3.433366666666667,0.8096184204097214,-0.5733856274719227,0.12548679429285536
3.633366666666667,0.9176477516608951,-0.3876268796203145,0.08756715176093421
3.833366666666667,0.9498653212082809,-0.29231286608600876,0.1109462026681049
4.033366666666667,0.9683461433018089,-0.20493267976732432,0.14250734548049213
4.233366666666667,0.9600774933374869,-0.1602056635153767,0.2293149628009608
4.433366666666667,0.9352722300898499,-0.14538328469194942,0.32269111570500103
4.633366666666667,0.8942427919950802,-0.2192997598354044,0.3901761708523179
4.8333666666666675,0.8009898538810497,-0.35169486541685924,0.4844852687327368
5.033366666666667,0.6760369666007495,-0.46626875765937104,0.5705851955843617
5.233366666666667,0.5904389765165009,-0.4983022877609071,0.6348831743103556
5.433366666666667,0.5261811306275694,-0.5056389660201039,0.6837124057771753
5.633366666666667,0.4859105254531792,-0.5126837587879204,0.7078462578335104
5.8333666666666675,0.38773579841750444,-0.5076257242324255,0.7694004644676569
6.033366666666667,0.2644336309144536,-0.5240370557065385,0.8096048536711107
6.233366666666667,0.20818189578403665,-0.5378329134593982,0.8169431164209296
6.433366666666667,0.2769496912444242,-0.5963141962471803,0.7534641649565675
6.633366666666667,0.587797229963157,-0.6854790191797405,0.42966606883953523
6.8333666666666675,0.8503811292796025,-0.45630614157870303,-0.26198595405613734
7.033366666666667,0.713536975316602,-0.12033780933848534,-0.6902056190003449
7.233366666666667,0.5006414248256283,0.023962250886120258,-0.8653230461977973
7.433366666666667,0.4199120646411091,0.058515976551877895,-0.9056763983106887
7.633366666666667,0.3438612093646918,0.16366038149839804,-0.9246484457468421
7.8333666666666675,0.4864631170483861,0.29399281977074243,-0.822752610250989
8.033366666666666,0.6351918801570015,0.42066815428202403,-0.6477419079815427
8.233366666666667,0.781018235300125,0.4316839254934604,-0.4512864994648467
8.433366666666666,0.8286767894158549,0.4658326082434066,-0.3103139696832481
8.633366666666666,0.8469089224058542,0.4879768196606936,-0.21124369960590506
8.833366666666667,0.8473566415509084,0.507212401752268,-0.1572332710601082
9.033366666666666,0.8386441442061983,0.5259332285057332,-0.1416694693368659
9.233366666666667,0.8248461415417639,0.5464076697486139,-0.14514648195376567
9.433366666666666,0.8185594166084564,0.5346521157477319,-0.21001808638328617
9.633366666666667,0.7198813109277745,0.4385954400464539,-0.537963695938087
9.833366666666667,0.4888875356255683,0.2842401595220358,-0.8247402677357557
10.033366666666666,0.40101653846888907,0.23810362401891594,-0.8845860049217877
10.233366666666667,0.3812344029333744,0.2545693477998813,-0.8887377437584028
10.433366666666666,0.39689941250105404,0.40348881009310605,-0.8244195755111399
10.633366666666667,0.39910915405795555,0.6483626822100987,-0.6483345706226606
10.833366666666667,0.42227916121492515,0.8003208040972645,-0.42563707607858486
11.033366666666666,0.44818071436860396,0.8777919700001086,-0.16916058841047046
11.233366666666667,0.474553711774867,0.8759347257413755,-0.08681665094368829
11.433366666666666,0.6576492306672239,0.753322435625933,-0.0016725386154700051
11.633366666666667,0.8396906907334603,0.5417398691410619,0.03791382437303157
11.833366666666667,0.94344414611568,0.3238490867801801,0.0709571148772216
12.033366666666666,0.9943988600335701,0.06925102007756946,0.07984487073164045
12.233366666666667,0.9921900506470206,-0.07428560327485637,0.10020255756792626
12.433366666666666,0.9933125046677828,-0.06426600965450464,0.09591740235068341
12.633366666666667,0.9947911752810932,0.05152088600654551,0.08795519250142102
12.833366666666667,0.9271000528082067,0.3636848889753465,0.09065756236525349
13.033366666666666,0.7125311425347832,0.6996471051217584,0.05285167180723395
13.233366666666667,0.4929428292975872,0.8666437799452242,0.07704495912351365
13.433366666666666,0.29266471331892946,0.9505636651952225,0.10380791871805406
13.633366666666667,0.12446747429610916,0.9835549039983948,0.13087245188753602
13.833366666666667,-0.13886028688884644,0.9641183086468665,0.22626026530757307
14.033366666666666,-0.4996867993018745,0.8308388179191436,0.24498971660493915
14.233366666666667,-0.8254055157278419,0.5252582313624968,0.20690462776843996
14.433366666666666,-0.9784214795408267,0.09483576206823643,0.18356902409196743
14.633366666666667,-0.9730310772814394,-0.17712178605443768,0.14777819713817028
14.833366666666667,-0.9599180375429123,-0.24957353346237973,0.12755552749632923
15.033366666666666,-0.994722415043017,-0.03575015767520088,0.0961729860053572
15.233366666666667,-0.9588993152137386,0.28063748931055243,-0.041889173733711545
15.433366666666666,-0.9029034467360779,0.30753356867110127,-0.300313952410686
15.633366666666667,-0.8968384945234174,0.20623457486157343,-0.391341302283105
15.833366666666667,-0.846682048380895,0.3737025970941967,-0.3787820981442825
16.033366666666666,-0.5236943174421209,0.8110318176504447,-0.26071373695577926
16.233366666666665,0.11446015096566803,0.985537557632362,-0.12495837841839638
16.433366666666668,0.5358981281644797,0.8422217339081379,-0.058955467622403196
16.633366666666667,0.7105426461643923,0.7032601855320078,-0.02354271494941547
16.833366666666667,0.7652148490975844,0.6437534679111058,0.005263769845511478
17.033366666666666,0.7969975163713799,0.6039607085061227,0.005140182743304142
17.233366666666665,0.8189062863124006,0.573379230708035,-0.025074928328801843
17.433366666666668,0.8288410179800177,0.5528404452913328,-0.08596516133834939
17.633366666666667,0.9087259337949554,0.4126455703273972,-0.06277587544323043
17.833366666666667,0.9673246134148827,0.24891142247906872,-0.04823065457978063
18.033366666666666,0.9865356885803657,0.15850494098819362,-0.04029291301945135
18.233366666666665,0.9965892808805944,0.07876944431684697,0.024600403978687166
18.433366666666668,0.9913625524622777,0.1273436960549679,0.03136674434074427
18.633366666666667,0.9702177359109503,0.2367789315437957,0.051120274850669764
18.833366666666667,0.88799553722816,0.4539184671270448,0.07363389887752231
19.033366666666666,0.833834736718736,0.5494599546133172,0.05304140003362906
19.23336666666667,0.8089768580736237,0.586482089356395,0.03993997953786807
19.433366666666668,0.8019393523110113,0.5952478351566094,0.0507276054665125
19.633366666666667,0.8163144778285489,0.5760060283170593,0.04298521408473351
19.833366666666667,0.8368044059177551,0.5462858797714553,0.036470862328175396
20.033366666666666,0.8613158053633826,0.5067538238017469,0.03654648401058088
20.23336666666667,0.8751752226864609,0.48362243322907766,0.013329353821186342
20.433366666666668,0.877894931930037,0.47870904974516254,-0.01175304997179404
20.633366666666667,0.8768217787516631,0.48004348065189056,-0.027236464351809812
20.833366666666667,0.8793936198309973,0.47367794188351015,-0.047917311835466776
21.033366666666666,0.8743203744124585,0.4832718576580225,-0.044857490823966936
21.23336666666667,0.86874967435272,0.49496514429310595,0.01683773283276754
21.433366666666668,0.8595830875815067,0.507094097947063,0.0630277032034215
21.633366666666667,0.9190270898941564,0.37731230388230697,0.1141255159011534
21.833366666666667,0.9675499604899177,0.2171150433136683,0.1292599393581095
22.033366666666666,0.9849391628952945,0.11883982516275783,0.1255863899887314
22.23336666666667,0.9950749377642831,0.016696377883311624,0.09770925851210828
22.433366666666668,0.9931558174203959,-0.0926551573039651,0.07110938158219847
22.633366666666667,0.9890471351449658,-0.12811229805549,0.07330077454213385
22.833366666666667,0.9898739525528811,-0.11931240367753615,0.07690324041303823
23.033366666666666,0.9925766472294846,-0.09328152299647129,0.07803945695694257
23.23336666666667,0.9950109351768687,-0.06814725828305489,0.07286418919439173
23.433366666666668,0.9965490813416683,-0.043244401307075436,0.07085090142453705
23.633366666666667,0.9980056716046976,-0.02712780725638551,0.05699790801702528
23.833366666666667,0.9984780669175009,-0.015589276617367509,0.05290108070009157
24.033366666666666,0.9986799434566173,-0.006416791179160172,0.05096268564794324
24.23336666666667,0.9984039091146982,0.03307859539110295,0.045775984876804635
24.433366666666668,0.9861691262192241,0.150800842982429,0.06877179834641897
24.633366666666667,0.9406121043895304,0.32584309478015816,0.09526356417848468
24.833366666666667,0.9302171875933444,0.35484208747775764,0.0937180711514952
25.033366666666666,0.9133144969711884,0.40276902353614513,0.06028053833539553
25.23336666666667,0.8665482807507648,0.4976011424773789,0.038563974550104865
25.433366666666668,0.8180657838355052,0.5738132329672994,0.03881683899052618
25.633366666666667,0.7859608968807282,0.6173281836662997,0.03422546165808026
25.833366666666667,0.8208528480018904,0.5704000940130677,0.02905743755166494
26.033366666666666,0.8826062974372849,0.4680207793648171,0.044302074520236906
26.23336666666667,0.9509139019983934,0.3068245009435617,0.04026756271398396
26.433366666666668,0.9850683284432967,0.172033997938561,-0.006685196422286363
26.633366666666667,0.9788485741791918,0.20252985280932023,-0.02893315655779758
26.833366666666667,0.9853964463738998,0.15634427835457299,-0.06745598638725846
27.033366666666666,0.9933640681921106,0.08783458839642405,-0.07424899397332509
27.23336666666667,0.9947472634039548,-0.00705792010380388,-0.10211791083914527
27.433366666666668,0.9719993645506291,-0.20660198011338599,-0.11195024397651505
27.633366666666667,0.9112055226696605,-0.3944425652269227,-0.11882574718265515
27.833366666666667,0.8678456480011302,-0.476663547024885,-0.14012777805686488
28.033366666666666,0.8471711764133351,-0.5122543962996325,-0.14105471040041367
28.23336666666667,0.8382141730656378,-0.5253024223137343,-0.14647308689043254
28.433366666666668,0.8389834521033293,-0.5287264673185906,-0.12866658405966966
28.633366666666667,0.8801829796098608,-0.4660172356454682,-0.09003254126405474
28.833366666666667,0.9086937551467834,-0.4117808684067545,-0.06864528950639207
29.033366666666666,0.9235162280018718,-0.378063886475795,-0.0646952421744606
29.23336666666667,0.9383189799149876,-0.3380985395375263,-0.07243527796515417
29.433366666666668,0.9447304022298467,-0.3182835592349585,-0.07861324966797086
29.633366666666667,0.9432696250618957,-0.3200126912362197,-0.08851153531231022
29.833366666666667,0.9390161990122533,-0.329477117808334,-0.09845510059561781
30.033366666666666,0.934740436241859,-0.3406284806252588,-0.10115609245768105
30.23336666666667,0.9337658289904701,-0.34112591053213254,-0.10823349654041284
30.433366666666668,0.9365458706041982,-0.3293319939278645,-0.12009275594190369
30.633366666666667,0.9381899916233024,-0.3217992014303751,-0.1274551433902953
30.833366666666667,0.9398452629527363,-0.31446057520346316,-0.13343698268474619
31.033366666666666,0.9420621739629607,-0.30475469698774127,-0.14015503933890833
31.23336666666667,0.9485793110339005,-0.26130294454249003,-0.1786562673176489
31.433366666666668,0.9550802397428702,-0.16752726353521466,-0.24445112318233395
31.633366666666667,0.9519749988887255,-0.014131481465590259,-0.30584947723087424
31.833366666666667,0.8856139917300471,0.2984846737573341,-0.355801569957118
32.033366666666666,0.6612100621236717,0.648285641769674,-0.3775274565136857
32.23336666666667,0.4766321861091866,0.8142323042856933,-0.33143251775042853
32.433366666666664,0.4751114660219958,0.8454960223330915,-0.24373258106652534
32.63336666666667,0.5972796864281423,0.7847608960437981,-0.16555153946984183
32.83336666666667,0.6777224836517136,0.730353628997375,-0.08529836905426422
33.033366666666666,0.685725606294042,0.7254883067867144,-0.058712090649327045
33.23336666666667,0.6771966146589361,0.7341318035795892,-0.04955037908488166
33.433366666666664,0.671658832956949,0.7383600513797638,-0.06081814398172984
33.63336666666667,0.6751510210422581,0.7350541160965924,-0.06218155027863
33.83336666666667,0.6840016507441943,0.7275406445708986,-0.05316344868966437
34.033366666666666,0.7025254019756538,0.7095563544617193,-0.05466113264414684
34.23336666666667,0.7185385532338815,0.6930077256435108,-0.05867401226240619
34.433366666666664,0.7459136096212619,0.6635551910274322,-0.05750995950552962
34.63336666666667,0.7759347723237551,0.6286273730393205,-0.05246765636623542
34.83336666666667,0.8773388070430281,0.4786121649198747,-0.0347420961806725
35.033366666666666,0.9664960807943557,0.2538134737084332,-0.03826285892623
35.23336666666667,0.9876088685416042,0.14669586313954183,-0.055758824554651754
35.433366666666664,0.9915174851200598,0.11428541191266642,-0.0619025146916001
35.63336666666667,0.9930911402886572,0.09811696744739423,-0.06436651131684432
35.83336666666667,0.9982119675647302,0.01866115405407375,-0.05678581812319663
36.033366666666666,0.9877776007097897,-0.14733640631058084,-0.050866441899305045
36.23336666666667,0.959417843458945,-0.27769545270143153,-0.049016703291171686
36.433366666666664,0.9394854972065185,-0.33810930096238184,-0.05521866660242705
36.63336666666667,0.9405686388888388,-0.3337927946215639,-0.06255402303228234
36.83336666666667,0.9536692498067206,-0.2911087335985982,-0.07596490765943974
37.033366666666666,0.9595828858541036,-0.2655072637369588,-0.0933090460717697
37.23336666666667,0.9574610964981439,-0.270003062194634,-0.10181647753724786
37.433366666666664,0.9559183156279007,-0.2742704077872643,-0.10486141930817314
37.63336666666667,0.9505666694369012,-0.2928780966457609,-0.10317668079945785
37.83336666666667,0.9388647253762985,-0.32653318685593014,-0.10912884735851572
38.033366666666666,0.940348106203037,-0.3208461224159735,-0.11315124785434658
38.23336666666667,0.9533709588042497,-0.27801527236115214,-0.11743646470590009
38.43336666666667,0.9578721424371403,-0.26441006221443497,-0.11210833038914428
38.63336666666667,0.9562455211205046,-0.2809027204842482,-0.08178120176130185
38.83336666666667,0.9725500266952668,-0.22806849542510915,-0.046164997233431045
39.033366666666666,0.994430799907271,-0.10401528155863113,-0.016976613268389323
39.23336666666667,0.9999486368766537,0.004174956260893914,0.00923543982395594
39.43336666666667,0.99391451519204,0.10873723145573069,0.017611104051577616
39.63336666666667,0.9849830291821001,0.17193902047363072,0.015665422491048162
39.83336666666667,0.9825643099864694,0.18481660814838208,-0.02025334770700805
40.033366666666666,0.9883926972778162,0.14035308741497118,-0.05814539380697696
40.23336666666667,0.9936565702011624,0.09871590619232129,-0.053868268588206814
40.43336666666667,0.9942813161613436,0.10241416393606152,-0.030265547372283198
40.63336666666667,0.9914690331122843,0.13032811309539938,0.001933731208185869
40.83336666666667,0.9899897551052602,0.13174647741945872,0.05062756634671439
41.033366666666666,0.9901947799631914,0.12538205509591244,0.061592515726931835
41.23336666666667,0.9909011014583741,0.12077473284500549,0.059400934629002096
41.43336666666667,0.9915983602551167,0.11623335772001359,0.05676705463995463
41.63336666666667,0.9911365408077277,0.12385427696005262,0.04804659774005023
41.83336666666667,0.9827013129453134,0.17928716056255162,0.046413829759836274
42.033366666666666,0.9345741865463397,0.35155938096408695,0.054562729929826956
42.23336666666667,0.735565046666541,0.6768769436138616,0.027958278316203115
42.43336666666667,0.4755210100447577,0.8795968870746994,-0.013750827411895879
42.63336666666667,0.41442444098006004,0.910049495157092,-0.007892976795031377
42.83336666666667,0.5232150194356625,0.8522005924544419,-0.0004400650380331625
43.033366666666666,0.6342555973369893,0.7731192419575066,-0.0025445946138760197
43.23336666666667,0.6993724927869205,0.714755039089854,-0.00183041762193491
43.43336666666667,0.7632125118417378,0.6460459874183256,0.01145617339716339
43.63336666666667,0.8580353542129884,0.5127249820823303,0.029806436708635732
43.83336666666667,0.9379362843328288,0.34623553072827784,0.019911900794130244
44.033366666666666,0.9729999126700046,0.2297540416873581,0.02200568727595607
44.23336666666667,0.9873584890742255,0.15672248383136284,0.02369128774024681
44.43336666666667,0.9917505187153347,0.12474128482181597,0.02950458420088524
44.63336666666667,0.9936283840545562,0.10991303729166038,0.024935088418796447
44.83336666666667,0.998064015796277,0.056241551663369076,0.026553874276747182
45.033366666666666,0.9934439996629815,-0.11413304395172061,0.006532060313016913
45.23336666666667,0.9568969366265855,-0.289758661016229,-0.01970205676416158
45.43336666666667,0.9038325590363079,-0.42298664615415515,-0.06456781242336414
45.63336666666667,0.8553564536415347,-0.5044104863300527,-0.11804828882307779
45.83336666666667,0.8412028425701398,-0.5224893637377112,-0.13922155879345247
46.033366666666666,0.850051982228751,-0.5008969583116119,-0.16283078536673284
46.23336666666667,0.8718701083405799,-0.45626798286310427,-0.17793830952389117
46.43336666666667,0.8904318711762503,-0.42099336250668284,-0.17290364807857142
46.63336666666667,0.8920184820977537,-0.41944357692458056,-0.16843429987010677
46.83336666666667,0.8773697803255326,-0.45321356530673745,-0.1575427967045219
47.033366666666666,0.8481198149903051,-0.5051685398417225,-0.1596794469397756
47.23336666666667,0.8114647650606759,-0.5630138657549385,-0.15665350948096268
47.43336666666667,0.7707454988532503,-0.6137833498320898,-0.1709426086917881
47.63336666666667,0.7500283244021956,-0.6426234923001526,-0.15650098957639536
47.83336666666667,0.7759027260770651,-0.6153862527524295,-0.13883342389173597
48.033366666666666,0.8310977565990846,-0.5413987036703457,-0.1271375736752819
