0.03336666666666667,-0.9990974084931941,0.04175783156365763,0.007787929460718444
0.23336666666666667,-0.9986457971378425,0.02995898101000277,0.04253270877531457
0.4333666666666667,-0.992043796496479,-0.11941645191146567,0.039859965450677645
0.6333666666666667,-0.9400252251845586,-0.34060649205334004,0.01843349092921807
0.8333666666666667,-0.835510543685765,-0.5444003456677633,-0.07450097332745034
1.0333666666666668,-0.5737116497515926,-0.8175838667344022,-0.04910767551950878
1.233366666666667,-0.20270782578908847,-0.9777427915648237,0.0541162721081836
1.433366666666667,0.11213825141582123,-0.9889880725397979,0.09657952652305925
1.6333666666666669,0.4071785227230698,-0.9085143298670344,0.09384755222866283
1.8333666666666668,0.6493014093358531,-0.7566314846162677,0.07691863442533452
2.0333666666666668,0.7508464719902875,-0.6473650719546401,0.13095052162134385
2.233366666666667,0.8578220874338972,-0.4556043369017795,0.23783598236356296
2.433366666666667,0.9048794245818795,-0.3428752113018393,0.25224951227521936
2.633366666666667,0.9191200765052135,-0.2855834968387768,0.27140440545132505
2.833366666666667,0.9018595325484102,-0.3144093554402881,0.2963041355823202
3.0333666666666668,0.742905234151307,-0.541493416842236,0.39354376197204854
3.233366666666667,0.004323450723705546,-0.8571267085329156,0.5150874812042808
3.433366666666667,-0.7616362698182445,-0.4030695925715112,0.507390476892882
3.633366666666667,-0.8915112004359597,0.2537163886519278,0.37528092627611354
3.833366666666667,-0.7000377182147174,0.6863902167665827,0.19701691146664463
4.033366666666667,-0.3817798013693184,0.9194447617912087,0.09415685466874658
4.233366666666667,-0.07618531954204805,0.9937975515774786,0.08100755251755698
4.433366666666667,0.047347871332586056,0.9958237039184976,0.07805978346317441
4.633366666666667,0.03228281321168813,0.9940045906235474,0.10446383963101077
4.8333666666666675,-0.04370787250454722,0.9874995482440216,0.15144062895729105
5.033366666666667,-0.11937676783963469,0.9806030845010332,0.15545667553122983
5.233366666666667,-0.18985434396343087,0.9718103512224852,0.13978544035429827
5.433366666666667,-0.27441633973323853,0.95390702966396,0.1214786040629907
5.633366666666667,-0.29514095499066473,0.9448583839665818,0.14189591585122396
5.8333666666666675,-0.2779156300409312,0.951144576064258,0.13448753846544742
6.033366666666667,-0.24556112079678616,0.9611745269947184,0.1258700306248698
6.233366666666667,-0.22358978373913874,0.9667886662225206,0.12380340654103567
6.433366666666667,-0.20967064104413946,0.9710962563596226,0.1140626282726564
6.633366666666667,-0.19489880182256952,0.9761782374296368,0.0953441441143304
6.8333666666666675,-0.1503232348587235,0.9819415872254442,0.11486359013536193
7.033366666666667,-0.06708476620233927,0.9902658285034944,0.1219558241408157
7.233366666666667,-0.09237897787759519,0.9876096926924498,0.12685905307157028
7.433366666666667,-0.08241522585135835,0.9875839958649658,0.13373698687818983
7.633366666666667,-0.013948267676900716,0.9878773652467652,0.15460839906655385
7.8333666666666675,0.2662295863361784,0.9429461715892795,0.19993580180745088
8.033366666666666,0.42826650912812686,0.8861950037156466,0.17676598244185257
8.233366666666667,0.5948761052502693,0.7859266461467698,0.16864674997983278
8.433366666666666,0.7892108182574437,0.587046035956983,0.1803419973622589
8.633366666666666,0.9822990766177583,-0.02950489034238689,0.1849810409792939
8.833366666666667,0.9184902265926038,-0.3520969130151302,0.18000963168420686
9.033366666666666,0.951145635276183,-0.2598323168856688,0.16676074956923173
9.233366666666667,0.9810866073259988,0.06787598730646724,0.181278568156122
9.433366666666666,0.8028266067042803,0.5712551565261054,0.17069559370419002
9.633366666666667,0.7496977317938855,0.6452038634601545,0.14719132283933403
9.833366666666667,0.6965978010988995,0.7060036459217747,0.12771200197843466
10.033366666666666,0.684629065672387,0.7165064043217493,0.13379691701407836
10.233366666666667,0.6613566724686442,0.7375179762637029,0.13665499064832756
10.433366666666666,0.5993074084915486,0.7827301573464076,0.1678217235867033
10.633366666666667,0.5692500977907937,0.802504108414292,0.17872180097390059
10.833366666666667,0.5692924056803212,0.806697504580246,0.158572673997497
11.033366666666666,0.5628770395405758,0.8170392742654988,0.12496504577578245
11.233366666666667,0.5506750336909852,0.828592362756395,0.10095396798148762
11.433366666666666,0.5488793383525177,0.8295320169034536,0.1029956545772261
11.633366666666667,0.5722346871312607,0.8133855634735181,0.10464887948112803
11.833366666666667,0.5872812082264008,0.8027273160608124,0.10358396842148591
12.033366666666666,0.5847118592841049,0.8049423668514066,0.10089513199446513
12.233366666666667,0.5773314373312878,0.8091203453695802,0.10960236392523866
12.433366666666666,0.5754259737495093,0.8115233974618743,0.10156143021032422
12.633366666666667,0.5957412052935693,0.7980902134621252,0.09024648187793859
12.833366666666667,0.5966115125169148,0.797618518548029,0.08865326841987675
13.033366666666666,0.5973532870098326,0.798065474129045,0.07912363428035542
13.233366666666667,0.6106995454137666,0.7881980489714645,0.07609139786464425
13.433366666666666,0.6256310235980024,0.776426560997689,0.0758130443196791
13.633366666666667,0.6523538253353932,0.7535802380669288,0.08094017151742774
13.833366666666667,0.6529312182803939,0.7536912686148558,0.07503529708484125
14.033366666666666,0.656953725378394,0.7504619893937272,0.07223991408258487
14.233366666666667,0.6619038582016457,0.746465268091683,0.06835851103255279
14.433366666666666,0.6720570323940157,0.7376053720675343,0.06540382486417375
14.633366666666667,0.6746279536548163,0.7354483671298835,0.06318879199275208
14.833366666666667,0.6775423549972044,0.7330401123985649,0.05990451401640761
15.033366666666666,0.6752327906706332,0.7348975729986074,0.06313664232365891
15.233366666666667,0.6724620254813691,0.7371745460086291,0.06609472749370175
15.433366666666666,0.6750492035404994,0.7351343167437618,0.062338664928116364
15.633366666666667,0.6782938359251667,0.7320471386579265,0.06343862331943953
15.833366666666667,0.683085820297182,0.7273700768322177,0.06577638966999898
16.033366666666666,0.6781964573070438,0.7309801628985343,0.07561459346585529
16.233366666666665,0.6641554701601868,0.7435822328334208,0.07734968953244431
16.433366666666668,0.6638799056503883,0.7442043687579343,0.07364325084647096
16.633366666666667,0.6681043547713135,0.7402766457543878,0.07501372465249308
16.833366666666667,0.8275234966918087,0.550627338941203,0.10961020040804688
17.033366666666666,0.9848622540856169,0.14251609287201164,0.09866865637016967
17.233366666666665,0.9968120928540101,-0.01038147675726608,0.0791067410550262
17.433366666666668,0.9966753452454381,-0.02695556740182885,0.0768872783100874
17.633366666666667,0.9975975872817375,-0.0026926286032730373,0.06922285461364093
17.833366666666667,0.9967633853850865,0.036157407664424365,0.07180108235012705
18.033366666666666,0.994693536267006,0.06268618172295687,0.08157947983184674
18.233366666666665,0.9919903513885977,0.08111967192691281,0.09682324916256688
18.433366666666668,0.989042852555676,0.09864013201456191,0.10983788128273972
18.633366666666667,0.9871789755917312,0.10529820947962458,0.11995814782683933
18.833366666666667,0.9875148806094397,0.09852543405416625,0.12291094100755233
19.033366666666666,0.9854807316684593,0.11628075796073536,0.12371949255584166
19.23336666666667,0.9825781990479148,0.13694144979182943,0.1256468148608146
19.433366666666668,0.975776340715435,0.17144923284173363,0.135888533210043
19.633366666666667,0.9746117679849031,0.1855452144348353,0.12531909314096076
19.833366666666667,0.9779263737416214,0.16410295460389435,0.1293453819463038
20.033366666666666,0.9815124879136673,0.14842730706111673,0.12084109643705014
20.23336666666667,0.9864928299660696,0.12768054457776631,0.10261371722075217
20.433366666666668,0.9913122428366437,0.09890465692342881,0.0867058593235891
20.633366666666667,0.9914860086617735,0.0865130562490852,0.09731898954668698
20.833366666666667,0.9907703435275991,0.08845796567654499,0.10270985685206108
21.033366666666666,0.9887350548125104,0.10136158289751383,0.11013092616251252
21.23336666666667,0.9884420292103259,0.10498019139569086,0.10936870807089877
21.433366666666668,0.9877225359983065,0.10704609637715302,0.11377752472033655
21.633366666666667,0.9863541121497343,0.10271773773327846,0.1286648040462765
21.833366666666667,0.9844231034575102,0.11090911203244541,0.13641965491548086
22.033366666666666,0.9829142631265,0.11401882543626017,0.14449657016215037
22.23336666666667,0.9806356802530478,0.13117026862310968,0.14542359933650437
22.433366666666668,0.9762619620066588,0.1559357032670166,0.15032178147404232
22.633366666666667,0.9740732422822095,0.16364385872652507,0.15621141498276384
22.833366666666667,0.9702925733548962,0.1619560453495384,0.17972913360685855
23.033366666666666,0.9703065121030225,0.15810994152801536,0.18304785975387647
23.23336666666667,0.9684338361815746,0.16375859770223433,0.18793356969215716
23.433366666666668,0.9488468464665727,0.25574265751057257,0.18516304998533256
23.633366666666667,0.744606195661185,0.6413875678979736,0.1848880773032693
23.833366666666667,0.6055111619007316,0.7812609624743473,0.15161642828955685
24.033366666666666,0.5632133294615311,0.8159660738388437,0.13034612330590936
24.23336666666667,0.5499225327836887,0.8253226159347306,0.12817093103908297
24.433366666666668,0.5602583444275615,0.8169794925230858,0.13658366042835793
24.633366666666667,0.605669503266831,0.784355323951706,0.13398200849787423
24.833366666666667,0.6720141470868394,0.7307114710661322,0.12024031007743169
25.033366666666666,0.6930902648289408,0.7089971998380517,0.13018776986011613
25.23336666666667,0.6976619536061903,0.7025224545135303,0.1404635162406192
25.433366666666668,0.865492132226741,0.460969590129112,0.19603674663135953
25.633366666666667,0.94673250071379,0.22312433787148964,0.23219195063917078
25.833366666666667,0.9544137962561539,0.20635943283841562,0.215661980874063
26.033366666666666,0.9604395812863835,0.19017181548711817,0.20344653177867209
26.23336666666667,0.964709162352959,0.1747329359763781,0.1969889163311647
26.433366666666668,0.9640273729718053,0.17239398756006036,0.20231543988094802
26.633366666666667,0.961992626138323,0.1802925178879671,0.20509703861613915
26.833366666666667,0.96210628037826,0.18146394501699048,0.2035247943509092
27.033366666666666,0.9639383104662564,0.1780632768554914,0.19777867188082635
27.23336666666667,0.9680119610395731,0.16786816272894034,0.18647552983254925
27.433366666666668,0.9751046922424406,0.14507171408544292,0.16770520844352682
27.633366666666667,0.9791285475229128,0.13569644301622807,0.1513068497405674
27.833366666666667,0.9823310234493102,0.1322871324612645,0.13238532756392188
28.033366666666666,0.9817958454730606,0.1392074797978319,0.12922149736082675
28.23336666666667,0.9809326334500263,0.14530539640645435,0.129063977964262
28.433366666666668,0.9799146876101488,0.15077334257448072,0.13051668159596772
28.633366666666667,0.9818968933523663,0.13502050784136557,0.13284559942742605
28.833366666666667,0.9821305685336891,0.14126351877967305,0.12435499432542932
29.033366666666666,0.9804719107477121,0.1480480293352722,0.1294473377272509
29.23336666666667,0.9573508780691801,0.2585537554593216,0.12895445629388325
29.433366666666668,0.8499198613906518,0.5112644867144971,0.1274553013344572
29.633366666666667,0.7574011869653646,0.6372304508349681,0.1424106544894731
29.833366666666667,0.75397377790661,0.6391215965401844,0.15181280270504077
30.033366666666666,0.757782046191842,0.6342917218523966,0.1531025213993153
30.23336666666667,0.7654431713432107,0.6253377971482567,0.15182025853559167
30.433366666666668,0.7802438706614563,0.6076390807488089,0.14830458469639923
30.633366666666667,0.79070049708075,0.5951340153325781,0.14355566066992295
30.833366666666667,0.7919480186481715,0.5962969963777001,0.13133250880939068
31.033366666666666,0.792317408196991,0.5966338510497549,0.12751930226260413
31.23336666666667,0.7950984462194043,0.5940978928476949,0.12192684090641644
31.433366666666668,0.8053676049164702,0.581133659674594,0.11690462156955739
31.633366666666667,0.8934218089944852,0.4346482596594083,0.11348286913921854
31.833366666666667,0.9810513955248106,0.1688981100548539,0.0949293830103181
32.033366666666666,0.9887335641839686,0.13770323695765693,0.05868353761873622
32.23336666666667,0.9935963329393087,0.1045456654242872,0.04285476648578546
32.433366666666664,0.9965474022476054,0.07590485005908189,0.03364117731378088
32.63336666666667,0.9978415077561837,0.05657515906439245,0.03334031757054597
32.83336666666667,0.9983889411100437,0.04486572648917232,0.03473598790540514
33.033366666666666,0.9967980067768231,0.07200862574518505,0.03476336439475721
33.23336666666667,0.9698507063913792,0.23950165320006098,0.0450395984282813
33.433366666666664,0.7944136686470971,0.6056629485483994,0.04559951559302644
33.63336666666667,0.5241144494907833,0.8482137686124792,0.07640318430005905
33.83336666666667,0.34892630560891125,0.9258731440832039,0.14494603933740133
34.033366666666666,0.3803009700721969,0.9140148650639056,0.14123738387678034
34.23336666666667,0.4664996257068901,0.8797697989796363,0.09155981661548873
34.433366666666664,0.586926305659687,0.8046152534310107,0.09006556317939934
34.63336666666667,0.6655432241886096,0.7397263525060068,0.09928313121970339
34.83336666666667,0.7093968471603845,0.6976661566884741,0.10009019457689117
35.033366666666666,0.7951686224852972,0.5947302813229918,0.11833323409892209
35.23336666666667,0.9792666331634662,0.15762418016286478,0.1272457425640408
35.433366666666664,0.9911978818601299,0.07623605608337991,0.10823503475697453
35.63336666666667,0.9947689939969037,-0.00012800268502459163,0.10215004746793412
35.83336666666667,0.9893944930333419,-0.12058284008418833,0.08098342937001306
36.033366666666666,0.9704572037387429,-0.23307707501177613,0.062352969580726676
36.23336666666667,0.9471665210013107,-0.3161595273699743,0.05402531580165477
36.433366666666664,0.9392666443805595,-0.3383922816444297,0.05717372191454145
36.63336666666667,0.9436377617234764,-0.3251557393888116,0.06181844216755105
36.83336666666667,0.9450511430644658,-0.31848000281696653,0.0738161554014538
37.033366666666666,0.9440706965849911,-0.3204708922346483,0.07764616590572128
37.23336666666667,0.9457151858467489,-0.3117614966829926,0.09180172353954087
37.433366666666664,0.9464934262853585,-0.305779113403013,0.10319558035628422
37.63336666666667,0.9535018722788792,-0.27907363145678,0.11380723960362558
37.83336666666667,0.9630712101610346,-0.2397077315773743,0.12261340701974409
38.033366666666666,0.9838469089133014,-0.13060863851043217,0.12241994677418105
38.23336666666667,0.9789741513483537,0.15554939118814298,0.1319621077914737
38.43336666666667,0.9250928410966637,0.3479030447587635,0.15220613259420573
38.63336666666667,0.909062881433412,0.38875096752304344,0.14992452384410138
38.83336666666667,0.9158830246808665,0.3726724839230901,0.14924310646734
39.033366666666666,0.8999651310041993,0.4093167950668467,0.15007506206162238
39.23336666666667,0.6387167336737638,0.7482404055677381,0.17938012599211048
39.43336666666667,0.2687297309396737,0.9542568063320953,0.1310659348494512
39.63336666666667,0.06821422526243137,0.9930579275371346,0.09582678136876611
39.83336666666667,0.07041798423316786,0.990999646245442,0.11384642567048944
40.033366666666666,0.27906902017278445,0.9473734340282907,0.15685680883291503
40.23336666666667,0.7092842956825263,0.688567697678052,0.15096461046380827
40.43336666666667,0.8604096198438885,0.491342480669021,0.13519560928561314
40.63336666666667,0.8313118999652068,0.5367097602294553,0.14444084689130962
40.83336666666667,0.7538870112994442,0.623548801417352,0.2069813190724599
41.033366666666666,0.7278371571304733,0.638713740179456,0.24959533410342763
41.23336666666667,0.7336801625597229,0.6217985176041202,0.2740073403609062
41.43336666666667,0.7300810469159212,0.5884553041672175,0.3474219623622262
41.63336666666667,0.6761096591080736,0.6253983454329992,0.38955441005131974
41.83336666666667,0.5082328933467808,0.7969927943588082,0.3263461534329739
42.033366666666666,0.3584386832455829,0.8879888655805689,0.28809284086576453
42.23336666666667,0.4147407061100753,0.8708157767051383,0.2639508093125356
42.43336666666667,0.4592180448281199,0.8511795723945765,0.2541891477668262
42.63336666666667,0.5171242221409955,0.8300587465864491,0.20877024713881842
42.83336666666667,0.5953423744473836,0.7858694551300127,0.1672622392562304
43.033366666666666,0.6766664416030447,0.7200238723637001,0.15390955147311408
43.23336666666667,0.7253794848436652,0.6745790528809348,0.13699527138627687
43.43336666666667,0.8291947142994414,0.5437754585102558,0.12940006375511728
43.63336666666667,0.9110793442797332,0.407645409482845,0.061315973076967054
43.83336666666667,0.9756778342036454,0.21918988450581847,-0.0029254698784544355
44.033366666666666,0.997462994415096,-0.029654901378809568,-0.06471600726777953
44.23336666666667,0.9904369815766562,-0.1281676018798526,-0.05106516771430545
44.43336666666667,0.9862500070233607,-0.15559226015296454,-0.05569535193274883
44.63336666666667,0.9879704656598338,-0.14524814771223898,-0.05307856978154693
44.83336666666667,0.9940982050337951,-0.10022076533954076,-0.0415277851967047
45.033366666666666,0.9960676926488337,-0.08238975381602079,-0.03257422489275981
45.23336666666667,0.9999001858347143,-0.013773174510176586,-0.0031492906529111213
45.43336666666667,0.9991903218570767,0.035421877203403646,0.01907855661570312
45.63336666666667,0.9983119362656807,0.046773236435237224,0.034431704326696365
45.83336666666667,0.9987339138175675,0.028844506225504888,0.04121363671468647
46.033366666666666,0.9968877406104325,0.04803172045397867,0.06251229039842804
46.23336666666667,0.9945169293939372,0.09479671313509616,0.04415495813198213
46.43336666666667,0.9914251111326503,0.13048765386051656,0.007015782607100564
46.63336666666667,0.9854776367585544,0.16973012070194463,0.00505109644319518
46.83336666666667,0.5604622475292369,0.8019641683420242,0.2067257646979731
47.033366666666666,-0.8980344606795284,0.4244138405308725,0.11578859787502346
47.23336666666667,-0.8807437037255398,-0.4735677042983815,-0.0049150578206070645
47.43336666666667,-0.6494449780975787,-0.7593795842358393,-0.03954576424397071
47.63336666666667,-0.40107483797278914,-0.9140861714735488,-0.05987858937826544
47.83336666666667,-0.3555759723113164,-0.9330944461042497,-0.05385612838169274
48.033366666666666,-0.34645610708633456,-0.9366164962454887,-0.05213161059670495
