0.03336666666666667,-0.9874742678269588,-0.06098553648421221,0.14551747221328684
0.23336666666666667,-0.9911201211258416,-0.0380896864464524,0.12739733625907568
0.4333666666666667,-0.9944278025101241,-0.015729415830070096,0.10423977682502188
0.6333666666666667,-0.950898032344233,0.3081269996482372,0.029166490560942976
0.8333666666666667,-0.78610381176653,0.4953832201488679,0.3696434259135013
1.0333666666666668,-0.863520405423019,0.45676028795678497,0.2137815444880587
1.233366666666667,-0.8765990760506682,0.4429794149217787,0.18799813249783429
1.433366666666667,-0.8882898904527509,0.42813966967652844,0.16624528194422172
1.6333666666666669,-0.80877095656838,-0.32514275576083057,0.49007318656270105
1.8333666666666668,-0.6242535583049384,-0.7787271341155816,0.0623822533718993
2.0333666666666668,-0.613778380433658,-0.7889156210172077,0.029803399592495585
2.233366666666667,-0.17053352644557002,-0.9843031210111868,0.04544977805968594
2.433366666666667,0.34825305980545374,-0.9363855290808744,-0.043611320366048485
2.633366666666667,0.4747039785807048,-0.8801053181957882,-0.008411991627460877
2.833366666666667,0.6208864060553567,-0.7827068325622691,0.043244479832722615
3.0333666666666668,0.730505111856725,-0.681478777572132,0.04414699616040081
3.233366666666667,0.9022884552489697,-0.4295094028786828,0.03737935744800138
3.433366666666667,0.9386079158051841,-0.3438862429960141,0.02752148734961394
3.633366666666667,0.9307009815407321,-0.35577294998502135,0.08497817965850187
3.833366666666667,0.9994980409736556,0.006971450838231439,0.030904125340074206
4.033366666666667,0.9445768364901768,0.3278438680167385,0.0171171893146339
4.233366666666667,0.8665145877960134,0.49888444878569943,0.01633327574289898
4.433366666666667,0.7102377068998695,0.701130422506704,-0.06307559221430989
4.633366666666667,0.5803222941870314,0.8142986281248216,-0.011990792448142523
4.8333666666666675,0.6326914371668316,0.7736230933312733,0.03476858927712102
5.033366666666667,0.5848476391592559,0.809605861275365,0.04991581270918905
5.233366666666667,0.2701067282939543,0.73055213841564,0.6271649929537452
5.433366666666667,0.14263308014809362,0.7449834703789714,0.6516559163466342
5.633366666666667,0.16943948969099837,0.9807512774242197,0.09704221330954638
5.8333666666666675,0.2371568606646317,0.9249816900971817,-0.29692675262538704
6.033366666666667,0.2086294089681267,0.9148025571770432,-0.3458468607576954
6.233366666666667,0.7328128779830995,0.566293601448942,-0.377222537529392
6.433366666666667,0.7159378725247362,0.5228052577483462,-0.46271765165750856
6.633366666666667,0.7431391581364603,0.4843918116264943,-0.461637048419466
6.8333666666666675,0.7536399472902152,0.4788043776969167,-0.4503034507381334
7.033366666666667,0.746085783194724,0.4961666948442789,-0.44404348327840637
7.233366666666667,0.6274342565817642,0.614248623742473,-0.4785654416045593
7.433366666666667,0.5785129845515559,0.6631525184271241,-0.47492258738558046
7.633366666666667,0.22541060200387425,0.9412267073029131,-0.25155982581478825
7.8333666666666675,0.11957185892159361,0.930669520843724,-0.34576988522216395
8.033366666666666,0.024499752520817875,0.9342042889843944,-0.35589620476984724
8.233366666666667,0.010412641563990577,0.952830805735622,-0.30332331353996844
8.433366666666666,0.693507841670502,0.6529659985776853,0.3044376426182677
8.633366666666666,0.6427401380369846,0.6687491912504253,0.3737106289070467
8.833366666666667,0.6896109528500156,0.7014896683366761,0.17985821895647072
9.033366666666666,0.673938511171797,0.7287654887804537,0.12127549431821859
9.233366666666667,0.6647254058046268,0.7401165241804856,0.10182173399069237
9.433366666666666,0.6560402186100444,0.7492678078395167,0.0906034419956015
9.633366666666667,0.6315631978219687,0.7694559251080569,0.09521295328364396
9.833366666666667,0.15535410124924215,0.9744090814702678,0.1624562869614741
10.033366666666666,0.11868960274604068,0.9820308016276381,0.14672519502309633
10.233366666666667,0.17423899699175915,0.9778730784315495,0.11578002593759382
10.433366666666666,0.18417332713949908,0.9713005917596244,0.15051692933942823
10.633366666666667,0.22364235357288098,0.874454693271191,0.43048006586178805
10.833366666666667,0.20977618164843248,0.8091829915634037,0.5488322510362386
11.033366666666666,0.49930114978555923,0.8663866409266722,-0.008517643254816968
11.233366666666667,0.5475592504510969,0.8358141061798335,-0.039920510470679814
11.433366666666666,0.6215308499193497,0.7813532142770051,-0.05644959820515696
11.633366666666667,0.5339419669151936,0.8411570683555772,-0.08579488517496577
11.833366666666667,0.546866277571881,0.8341591076650114,-0.0715252232026323
12.033366666666666,0.5454089119229327,0.8359732528655548,-0.06064519179973077
12.233366666666667,0.7155279707991804,0.6983748478671634,0.017096633309614223
12.433366666666666,0.7217958543276364,0.6916372876732743,0.02546776345489326
12.633366666666667,0.7149126247340943,0.697520298344425,0.048635094256234454
12.833366666666667,0.6939114342276348,0.717768361965546,0.05740644571338649
13.033366666666666,0.8407686172907003,0.5350510803440951,0.08263457872889123
13.233366666666667,0.7001924692607976,0.7127065655613712,0.0421883561682853
13.433366666666666,0.6999465335737538,0.7133008723439968,0.035731157991019974
13.633366666666667,0.6936495290510561,0.7197253974055339,0.029080632329683307
13.833366666666667,0.6817915724150702,0.731126570598102,0.02478284788407525
14.033366666666666,0.673013215067187,0.7390614700675275,0.029006133947044543
14.233366666666667,0.6714515643734226,0.7405655563962468,0.02674796029608882
14.433366666666666,0.6722969770242345,0.7395386625203313,0.03315631646783966
14.633366666666667,0.6767027307764681,0.733096381195144,0.06814037010653148
14.833366666666667,0.6372190654180971,0.7683697934128143,0.05966341624845045
15.033366666666666,0.624747516881772,0.7792802111455711,0.04912120384288342
15.233366666666667,0.6296306382819012,0.7748828853439309,0.055872831839726314
15.433366666666666,0.6366805086944766,0.7691176537426465,0.05564139241561561
15.633366666666667,0.6456193230754732,0.7616596598118262,0.05522908913698725
15.833366666666667,0.6421068974872017,0.7645501304034495,0.05623015471638221
16.033366666666666,0.635643658503727,0.769560866365098,0.061100019340399984
16.233366666666665,0.5267008150241614,0.8454911353288341,0.08792605719150279
16.433366666666668,0.23929053923548693,0.961829852920338,0.13275304841558644
16.633366666666667,0.17157685670177175,0.9758318194193423,0.13532790714806664
16.833366666666667,0.1313888496418985,0.9849267017404871,0.11250049950282037
17.033366666666666,0.18797460861041704,0.9774028317156058,0.09669152533741344
17.233366666666665,0.20042832518122577,0.9733197525619558,0.11170114474696242
17.433366666666668,0.2237075845047875,0.9659354592832712,0.1300907572975495
17.633366666666667,0.22529761265219028,0.9596882875033873,0.16804575734614655
17.833366666666667,0.19729036383956172,0.9639728915576415,0.17841742257429055
18.033366666666666,0.185627864685379,0.9682349029825483,0.16752154637156957
18.233366666666665,0.19208644467591024,0.9684538014971198,0.1587451798875968
18.433366666666668,0.19248392931840191,0.969532368755392,0.1515154212933697
18.633366666666667,0.1938294915255439,0.9702613259022833,0.1449934056200231
18.833366666666667,0.17618282562810433,0.9550601075628035,-0.23836904768829167
19.033366666666666,0.13705432477663831,0.9231313529660986,-0.35922780687329864
19.23336666666667,0.1139797131420694,0.61560663395365,-0.7797673353150342
19.433366666666668,0.13298669005599975,0.4595592722954301,-0.8781342810272497
19.633366666666667,0.10982904495029386,0.3353173184157593,-0.935681503961562
19.833366666666667,0.0930746651184175,0.28190255911143997,-0.9549178257208921
20.033366666666666,0.12028661188761498,0.23447014865295585,-0.9646527252805848
20.23336666666667,0.12396892039313925,0.21217448346725812,-0.9693367295950166
20.433366666666668,0.23326642345448165,0.14144678465394916,-0.9620704666498264
20.633366666666667,0.11462097148925894,0.2390484478698699,-0.9642187886915837
20.833366666666667,0.10307025935316654,0.24599991912851138,-0.9637741236543121
21.033366666666666,0.21672818022967177,0.13496741650774619,-0.96685712097267
21.23336666666667,0.23512690193335542,0.10299904348575312,-0.9664918711651136
21.433366666666668,0.1029153995560746,0.5440681724745764,-0.8327053766095116
21.633366666666667,0.12454847967811916,0.5550409194117226,-0.8224458973017366
21.833366666666667,0.34951417510733906,0.45610397775743206,-0.8184185988067989
22.033366666666666,0.33207644226373184,0.6506941083634004,-0.6828780373058002
22.23336666666667,0.15080304353368706,0.9239530158760081,-0.3515242047350452
22.433366666666668,0.10950336321635051,0.9919763826029775,-0.06318124565264016
22.633366666666667,0.18980821468299108,0.9671242389232875,0.1692440490117967
22.833366666666667,0.18484330773969337,0.95640985871044,0.226082139377096
23.033366666666666,0.17744625596043995,0.9604185961023202,0.214729938542511
23.23336666666667,0.18580248937362953,0.9608899562493363,0.20534830635218468
23.433366666666668,0.21038130693344836,0.9585180167182982,0.19230943117640872
23.633366666666667,0.2412553303185505,0.9528025206150943,0.1842911346278233
23.833366666666667,0.2573621145590525,0.9508101117582715,0.17240902925287
24.033366666666666,0.21514987092499915,0.9719123676715585,0.0953775791683834
24.23336666666667,0.5618726900161933,0.8238847877027353,0.07424915357083826
24.433366666666668,0.675688086642616,0.7341895413985108,0.06641782042708647
24.633366666666667,0.6523598843353438,0.7551983360284525,0.06404728385992214
24.833366666666667,0.6638780556365749,0.7422211535800985,0.09150784896624313
25.033366666666666,0.6594919331312659,0.7487252021667054,0.06693998636997513
25.23336666666667,0.6604741047292135,0.7482047988578969,0.06295661957377854
25.433366666666668,0.6587720878579868,0.7495473837417288,0.06479240530462113
25.633366666666667,0.6625676911684153,0.7462453665834163,0.06420208308566111
25.833366666666667,0.6610703768447243,0.7478403596586479,0.060997978032052605
26.033366666666666,0.6503250076342607,0.757192318051903,0.06113246215133849
26.23336666666667,0.33204781833354724,0.9376069431104547,0.1031380946643893
26.433366666666668,0.12867124860828388,0.9810023993647461,0.14518265124385962
26.633366666666667,0.20743715551416592,0.9710760859314904,0.1182415402647001
26.833366666666667,0.21277738695763287,0.9697921405490219,0.11928532067621793
27.033366666666666,0.22055615409892476,0.967418605728541,0.12432306374658376
27.23336666666667,0.6997163478583809,0.7081864691419181,0.0941751424954182
27.433366666666668,0.7083871978102256,0.7011337460692553,0.08123452530463497
27.633366666666667,0.7389908737168775,0.6693132821761502,0.07689095438187173
27.833366666666667,0.8658448050993305,0.4951827976758526,0.07146167062431803
28.033366666666666,0.8298606369687627,0.5517417030941761,0.08314094223989757
28.23336666666667,0.8405113831832081,0.5353881794371946,0.08306691313860502
28.433366666666668,0.5965568157299954,0.6136715734221896,0.517230282929782
28.633366666666667,0.6328874358101154,0.7675994079690796,0.1012158212890424
28.833366666666667,0.6207864279013432,0.7798806644664588,0.08006472459732507
29.033366666666666,0.6202693203014402,0.7808317437975952,0.07461741198135967
29.23336666666667,0.6335514406228204,0.7690893854930202,0.08434506035754256
29.433366666666668,0.6360876322305893,0.7669896470795612,0.08437656899905593
29.633366666666667,0.6284593678423569,0.773294893312217,0.08398708798637931
29.833366666666667,0.6364308029864224,0.5887110331449295,0.49837250371934416
30.033366666666666,0.96045204928117,0.23522987329821096,0.1489925090053476
30.23336666666667,0.9785711841636286,-0.10863131049331728,0.1749219137360946
30.433366666666668,0.8098885900520828,-0.5857687122741305,0.030910959612361816
30.633366666666667,0.6499732890279855,-0.7599410398401683,-0.004933509581140751
30.833366666666667,0.5120538671827275,-0.8574879829353954,0.05015173201994951
31.033366666666666,0.47053827839828843,-0.8801177376703344,0.06313870762081498
31.23336666666667,0.36060384748518426,-0.9282313815265162,0.09138581688783633
31.433366666666668,0.313350275422224,-0.9441936311961685,0.10153812929835851
31.633366666666667,0.5249555003637604,-0.8491499511278293,0.05801795530212247
31.833366666666667,0.544651252615495,-0.8358358802608857,0.06879966782537944
32.033366666666666,0.2559112479073042,-0.9659870578372315,0.03712731185388349
32.23336666666667,0.12855740993287368,-0.9913920441573628,0.024795304653039092
32.36566666666667,0.20088969704555493,-0.9794056508001197,0.020196554204595717
