0.03336666666666667,-0.9964193265818145,0.07761740016884779,0.03352707570415533
0.23336666666666667,-0.9991460010037274,0.02800681431177712,0.03037905578462413
0.4333666666666667,-0.9150962313683053,-0.3937394450168291,-0.08699503878592475
0.6333666666666667,-0.7750811838663475,-0.6248035858885507,-0.09417875279037087
0.8333666666666667,-0.666398766610326,-0.7415815259320551,-0.07726269640985362
1.0333666666666668,-0.5113175322114187,-0.8584257528195914,0.040738288493040176
1.233366666666667,-0.42891739706440024,-0.9013334685701547,0.060231594124631097
1.433366666666667,0.1560432600993214,-0.9867194589677731,-0.045113304821529567
1.6333666666666669,0.44426959908779634,-0.8933669449184963,-0.067231131578763
1.8333666666666668,0.691284775035936,-0.7219760076611209,-0.02959736753876177
2.0333666666666668,0.9005494388515476,-0.43423317370355324,-0.021266382849531112
2.233366666666667,0.9405482429859297,0.3292058917045723,-0.08362107080800746
2.433366666666667,0.9154873856932109,0.40084595275140694,-0.034718421614856686
2.633366666666667,0.6401130359678213,0.768280180369161,-0.0009303956086187774
2.833366666666667,0.6113860187819659,0.7913323950598805,-0.0004201984420648091
3.0333666666666668,0.6001924313286598,0.7997974066821496,-0.009651613352189803
3.233366666666667,0.6907351154941164,0.5862728070026878,-0.4232838243927105
3.433366666666667,0.7063534675790859,0.5115701868053778,-0.48924505394629353
3.633366666666667,0.7263373197122551,0.6873243748224874,-0.004393377754506287
3.833366666666667,0.6818741714485065,0.7300318632014783,0.04583768124579556
4.033366666666667,0.648398009968081,0.7598122434779132,0.04759595918239769
4.233366666666667,0.7094266750899679,0.7016483561663807,0.06635794571722178
4.433366666666667,0.9767694045844038,-0.21195767997376624,-0.0315511040689239
4.633366666666667,0.7277219626936093,-0.6858288612527353,0.007714796571334238
4.8333666666666675,0.6582760051207973,-0.7521886976991032,0.02974666596328302
5.033366666666667,0.41846404818601163,-0.9069158722698037,0.04890236191511222
5.233366666666667,0.22353650237029693,-0.9743221798416867,0.026976322518052535
5.433366666666667,0.03235853535417221,-0.9771928741430532,-0.20987379996982033
5.633366666666667,-0.023212970771435804,-0.9754709203527292,-0.2189009856856835
5.8333666666666675,-0.826832705544687,-0.5606749013722276,-0.04462434327692048
6.033366666666667,-0.8799773681249569,-0.4702880073234758,-0.06685074237126366
6.233366666666667,-0.9969460385777105,0.04946895633885713,-0.060426968507072035
6.433366666666667,-0.8087006899224833,0.5860550525846249,-0.05042488928031811
6.633366666666667,-0.37869402625960313,0.9127746528054392,-0.1530792855718935
6.8333666666666675,0.0678078383975661,0.9632653487185763,-0.25984988937832815
7.033366666666667,-0.2539795735285628,0.9152524630225661,-0.31274159486927244
7.233366666666667,-0.9405267752125128,-0.33479946729924914,0.05760817480610129
7.433366666666667,-0.9714263382387455,-0.23582109097095205,-0.0268194412569035
7.633366666666667,-0.948277104542752,-0.3147115643755598,-0.041559165635300106
7.8333666666666675,-0.9409043670608552,-0.33785243282997807,-0.02355219048573884
8.033366666666666,-0.996222584191629,-0.08654909554506353,-0.00705810221550012
8.233366666666667,-0.9951378458176768,-0.09770716941452419,-0.012408741529873006
8.433366666666666,-0.9963122522638957,-0.08524464510082076,-0.009759429823427018
8.633366666666666,-0.9947773860494047,-0.10052118400087304,-0.017704343302594662
8.833366666666667,-0.9947467228034752,-0.10059001477631263,-0.01898963925533026
9.033366666666666,-0.9551939504822378,-0.295980575470856,0.00012611929862083965
9.233366666666667,-0.9830679942112033,-0.18033400575459113,-0.032511000077902696
9.433366666666666,-0.9281987511811516,-0.37138238133805646,-0.022851808187222607
9.633366666666667,-0.9426032196105709,-0.3316175414377622,-0.039102130256040035
9.833366666666667,-0.9966314033484465,-0.024447618800944593,-0.07828256379724553
10.033366666666666,-0.7264406237601042,0.6325805485705951,-0.26856259925975523
10.233366666666667,0.2495077020064596,0.9468228894670471,-0.20315590717655221
10.433366666666666,0.7734966280270278,0.6098019866780368,-0.17275561777938556
10.633366666666667,0.6490438686150682,0.7598368731135257,0.03728247403601139
10.833366666666667,0.6433106128222074,0.764377150382959,0.04334774968488967
11.033366666666666,0.5151207805849876,0.8071629423961725,-0.2883375900431061
11.233366666666667,0.5082419118369853,0.8553774609709593,-0.10009774380654879
11.433366666666666,0.5111477517542853,0.8523963334189159,-0.11022008279133261
11.633366666666667,0.4976538118667953,0.8616476815941676,-0.0995186230704819
11.833366666666667,0.4945358398751451,0.8650261061289277,-0.08464123578026261
12.033366666666666,0.4925100696421185,0.8670140070998673,-0.07563426996902435
12.233366666666667,0.49181303589160014,0.8675678540375334,-0.07379672328631777
12.433366666666666,0.4901358791115047,0.8687347301577062,-0.07118137836126778
12.633366666666667,0.4784783157198368,0.8751389692949931,-0.07204363821466438
12.833366666666667,0.61169859845954,0.7907552957203678,-0.023040983764328955
13.033366666666666,0.6190788624590025,0.7851055153527792,-0.018726767449682564
13.233366666666667,0.6340765468134543,0.7731915020910349,-0.011037838345216723
13.433366666666666,0.6557305548296283,0.7549783564709441,-0.005012057786998282
13.633366666666667,0.6499549906303016,0.7599726595863263,-0.0002585266917975582
13.833366666666667,-0.12381177591056464,0.9839039637812858,-0.1288550899318563
14.033366666666666,-0.9411881288116974,0.31274779879830406,-0.12788166612439417
14.233366666666667,-0.9226402604290228,-0.37485906485497406,-0.09064011987811722
14.433366666666666,-0.8395933279840122,-0.5375731009092333,-0.07809100321780066
14.633366666666667,-0.8492191487082728,-0.5220843912242239,-0.07908682511789179
14.833366666666667,-0.7320701025697367,-0.6297117774112397,-0.2598777449361765
15.033366666666666,-0.7296962451551638,-0.6345796689062323,-0.2546606243951187
15.233366666666667,-0.7307617420924378,-0.6240822563914044,-0.2766019044609775
15.433366666666666,-0.955906325614663,-0.28761607418955654,-0.05933035072930189
15.633366666666667,-0.9704361900402216,-0.23286427335599327,-0.0634651971918814
15.833366666666667,-0.9789796141143059,0.18762979559692497,-0.07996233458861207
16.033366666666666,-0.7264594213389625,0.6775543179664486,-0.11479048459206345
16.233366666666665,-0.1789108212173779,0.9795783778992337,-0.09174486145627005
16.433366666666668,0.2917149211130388,0.9563162746084611,0.019015459999913283
16.633366666666667,0.29564025749775796,0.9532513922931,0.0625189670254186
16.833366666666667,0.3011313471391826,0.9445190994753384,0.1311624279145427
17.033366666666666,0.3511084935997829,0.9289900062243336,0.11704868242489498
17.233366666666665,0.9862842042095471,0.16322559713615986,0.02451271030066823
17.433366666666668,0.9835211433502173,0.15271198757847956,-0.09677401217739932
17.633366666666667,0.9410431887391755,-0.32375273208382893,-0.0980912095748701
17.833366666666667,0.8323445059686766,-0.5497302449883222,-0.07070559474920321
18.033366666666666,0.6687179701904634,-0.7421591276133133,-0.04490106507191694
18.233366666666665,0.6493084717306823,-0.7600715346253396,-0.026263487792888736
18.433366666666668,0.7289857446530608,-0.6839244768589638,-0.02875924278933334
18.633366666666667,0.8865230872053522,0.42843677960687,-0.17469614114795445
18.833366666666667,0.12787980585323294,0.9909671120690426,0.04038487405553139
19.033366666666666,0.16433855039967532,0.9842722207763763,0.06481540141412077
19.23336666666667,0.16953537038855193,0.9833063157113726,0.06607910160817164
19.433366666666668,0.17317680304349609,0.9798790196106832,0.09923155654548987
19.633366666666667,0.1655347460356979,0.9800198837115511,0.11026910439871332
19.833366666666667,0.12521122107791655,0.9852444476400172,0.11668559684337593
20.033366666666666,0.2086561950412763,0.9701780925510151,0.12335745216634031
20.23336666666667,0.19056982037518577,0.9738804836332082,0.12345018088491302
20.433366666666668,-0.40256934357000357,0.9141356053132143,0.0478959154444274
20.633366666666667,-0.5199894286136865,0.8502907349388977,0.08134285590684263
20.833366666666667,-0.9879821757190659,0.13767902456271922,-0.07025458459687424
21.033366666666666,-0.9713256773880582,-0.22490996491037646,-0.07708395507914247
21.23336666666667,-0.9407516465176775,-0.3363056281099044,-0.043415021316145656
21.433366666666668,-0.8940290243582687,-0.44539279368204,-0.04834628156446276
21.633366666666667,-0.8931166090784555,-0.44770008314060433,-0.043673311576952194
21.833366666666667,-0.9501703835550499,-0.3037434921445575,-0.07011514240646306
22.033366666666666,-0.9986202328204498,-0.03974182407863471,-0.03432518056083315
22.23336666666667,-0.9977141854691725,-0.06120320599714835,-0.028645622514741235
22.433366666666668,-0.9953630174613474,-0.09605876729637997,-0.005017638462673668
22.633366666666667,-0.9953610077204432,-0.09544441877441426,-0.012117228831629122
22.833366666666667,-0.9954078871150422,-0.09384589422184793,-0.0188702519026552
23.033366666666666,-0.994849728352662,-0.09913777325041839,-0.02111207975505356
23.23336666666667,-0.9946762726762696,-0.10170646511101733,-0.016580335625820525
23.433366666666668,-0.9945717663302519,-0.10320030109356544,-0.013292835398069514
23.633366666666667,-0.9945147862179365,-0.10376828359414111,-0.013133290289104985
23.833366666666667,-0.9943698449750114,-0.10542521715472779,-0.010683397973071959
24.033366666666666,-0.9947767010355679,-0.10178400161402817,-0.0077027327765983615
24.23336666666667,-0.8543810647055748,-0.4954398378164884,-0.15675574431879755
24.433366666666668,-0.8675402462553453,-0.4846192575541824,-0.1118842988754352
24.633366666666667,-0.9973004800318716,-0.0727486907889855,0.00996897771527135
24.833366666666667,-0.9963497636982913,-0.08499474678548766,-0.007939861285324772
25.033366666666666,-0.9957756154831424,-0.09026233349486343,-0.01684145959325498
25.23336666666667,-0.9805406332644647,-0.1866097365580092,-0.06096616060630037
25.433366666666668,-0.9523092645735874,-0.2886816516200104,-0.09884315163558934
25.633366666666667,-0.7707901195076171,-0.6100003314913462,-0.18379931243038183
25.833366666666667,-0.743079353073448,-0.6332924560031493,-0.21627237504000668
26.033366666666666,-0.6405344375622961,-0.7116243004664118,-0.2886286355898235
26.23336666666667,-0.6579218458765692,-0.6800683421368358,-0.32349017719495526
26.433366666666668,-0.6658032535680788,-0.6663103808598616,-0.33576257072006555
26.633366666666667,-0.6608921694361978,-0.6716211355859939,-0.33488295061423523
26.833366666666667,-0.40441026957912196,-0.8519097031771069,-0.33271938851175414
27.033366666666666,-0.05465563505380172,-0.943761994603563,-0.3260767687198364
27.23336666666667,0.0028638745720291348,-0.968491531220543,-0.24903002264089283
27.433366666666668,-0.01585197591837184,-0.9694449531573632,-0.24479623701601622
27.633366666666667,-0.8093645110151216,-0.5178521069260245,-0.27705285355240505
27.833366666666667,-0.7796299827921045,-0.5477678710983587,-0.3035250390395411
28.033366666666666,-0.9849489397465752,0.10162061361652967,-0.1398171555292733
28.23336666666667,0.03150612610917075,0.9994769971453966,-0.007286713581185239
28.433366666666668,0.20778529604428192,0.9691196252248531,-0.13278713323146227
28.633366666666667,0.5936826962966161,0.8021277268024695,-0.0642803703527212
28.833366666666667,0.7010957152073078,0.7110146400771429,0.054064588354344044
29.033366666666666,0.6039228901944151,0.7957320318301894,0.04569109561636002
29.23336666666667,0.5596496893249825,0.8269155133759267,0.054799260731132546
29.433366666666668,0.5218380534113458,0.8490186240675772,0.08277935731965808
29.633366666666667,-0.25925478509445976,0.9640758843141716,-0.057832911819084704
29.833366666666667,-0.9658491765744547,0.08021896450616585,-0.2463742799969298
30.033366666666666,-0.7720358251109462,-0.6127251428430887,-0.16890406766320776
30.23336666666667,-0.7087884699347831,-0.6426385177266211,-0.2909203334619989
30.433366666666668,-0.7530640043272883,-0.5930739950105341,-0.28488215428277575
30.633366666666667,-0.9205266766055017,-0.387440326475115,-0.050205886890746454
30.833366666666667,-0.9920645653162232,-0.12553809763783758,-0.006934283337610926
31.033366666666666,-0.9991286649268067,-0.029607049728649908,-0.029416551938354706
31.23336666666667,-0.9893050572841444,0.11385750510439635,0.09117001789743216
31.433366666666668,-0.990881753897022,0.11605514633830212,0.06844379301556058
31.633366666666667,-0.9838537159861522,0.1671725635650394,0.06391556564196788
31.833366666666667,-0.9871544802845851,0.1496307406143817,0.05600601322414092
32.033366666666666,-0.9958880914924539,0.06651474378902764,-0.061503642836809674
32.23336666666667,-0.9893324397682769,0.12980340020816702,-0.06612413263360775
32.36566666666667,-0.9795244423711522,0.19468981587049672,-0.05126150986652157
