35.0,0.7537358723451418,0.6480189132118872,0.10933308218372216
35.2,0.7066816560434886,0.702261434084172,0.0861969559188412
35.400000000000006,0.7476904561438901,0.6620727475581004,0.051172831973710656
35.60000000000001,0.8725465299119984,0.48830543916801356,-0.014844231790930246
35.80000000000001,0.9789513107367926,0.1928361249563628,-0.0668472895376437
36.000000000000014,0.9971445109212227,0.010277067718966599,-0.07481447867074958
36.20000000000002,0.9894893858800112,-0.13625027920111726,-0.04844188939767198
36.40000000000002,0.9809056307157864,-0.15925243933938005,-0.11163693024498068
36.60000000000002,0.9879028827906357,-0.09171789447834384,-0.1250428806706374
36.800000000000026,0.9904798340536749,-0.06855189196424331,-0.11937477305162737
37.00000000000003,0.9960451252660223,-0.0706300119189265,-0.05390278146929469
37.20000000000003,0.9958839748365893,-0.06940178344773996,0.05829666472405496
37.400000000000034,0.9934060023790154,-0.07484331309081575,0.08685040542757218
37.60000000000004,0.9928333396075665,-0.0788271328196785,0.08982339837211559
37.80000000000004,0.9927672931941371,-0.07176882692734873,0.09624103618238145
38.00000000000004,0.9941060102144278,-0.06483877785660379,0.08688597897022307
38.200000000000045,0.9952159340228547,-0.053996727835169726,0.08142234367857337
38.40000000000005,0.9960073168896262,-0.0495529917162706,0.0742558126633543
38.60000000000005,0.9965076796472082,-0.04366098416917355,0.07117698269465962
38.800000000000054,0.9969825694604149,-0.040664003306437026,0.06612257577562866
39.00000000000006,0.9977728015770595,-0.03238500753941163,0.05831507283488418
39.20000000000006,0.9984010161103959,-0.024392997708377193,0.050994045657584836
39.40000000000006,0.9990397439974075,-0.012802066323999862,0.041901038309699976
39.600000000000065,0.9991429381541386,0.005320627829411752,0.04104972662779441
39.80000000000007,0.9990952126250331,0.010932430878747184,0.04110034141976601
40.00000000000007,0.9990362679175189,0.010888972865545344,0.0425201793901304
40.200000000000074,0.9991295079960746,0.016458762258319548,0.0383319109417507
40.40000000000008,0.9990054773118585,0.022042499261525537,0.038758025326519174
40.60000000000008,0.9989664827191607,0.02233616828206168,0.0395861338120279
40.80000000000008,0.9987991963334749,0.026330528418462295,0.04131426723069203
41.000000000000085,0.998792294666403,0.025736914702294007,0.04185168260211395
41.20000000000009,0.9985367854350988,0.027164344803746587,0.04675881204995019
41.40000000000009,0.9985922264348125,0.027242397117751626,0.04551282350330172
41.600000000000094,0.9985118259366053,0.02776958787872877,0.046935950547446106
41.8000000000001,0.998382257702094,0.02774043745515807,0.049632002130336875
42.0000000000001,0.998188735737545,0.029138338560311835,0.052632737650879134
42.2000000000001,0.9980127022846601,0.032402961563752254,0.05404344696971674
42.400000000000105,0.9954329125328967,0.06829953448028132,0.06669700320142785
42.60000000000011,0.9780504760139482,0.19123249157749675,0.08274902134739598
42.80000000000011,0.9748325789101778,0.20885767919636522,0.07797379647061016
43.000000000000114,0.9365882407914264,0.3436180821072886,0.06876831290739528
43.20000000000012,0.9155459097937577,0.39577339969306913,0.07168753835438195
43.40000000000012,0.9336151300385906,0.3494202198164014,0.07917258961587216
43.60000000000012,0.9390498159408454,0.3292963108448193,0.09873896315769516
43.800000000000125,0.944183403369449,0.3137818260793755,0.10029290315858264
44.00000000000013,0.9545275923566423,0.2788619369657985,0.10541866789859533
44.20000000000013,0.9617149855830069,0.2525816086280568,0.10633352005807016
44.400000000000134,0.9642033541302161,0.2396261532118715,0.11353941421780248
44.600000000000136,0.9660553582579048,0.23038511069983364,0.11687491411340982
44.80000000000014,0.968806772347206,0.21684623014000193,0.11996312070073345
45.00000000000014,0.9746983493087237,0.18658950794834284,0.12307511275008072
45.200000000000145,0.9759527193560816,0.17875953941137437,0.12474500651690502
45.40000000000015,0.976107851441872,0.17700218371986146,0.12603050944883631
45.60000000000015,0.9870201768571699,0.08603202527702142,0.13560848462974326
45.80000000000015,0.9758116205684279,-0.15018641201220234,0.15885755509424188
46.000000000000156,0.9293072561531732,-0.32495470851999436,0.17547780791811332
46.20000000000016,0.8918346845629024,-0.41113818311033723,0.18866979037280943
46.40000000000016,0.8563942203430585,-0.47699784400564565,0.19764107917376642
46.600000000000165,0.8061115500838417,-0.5427836932461005,0.23573296580569555
46.80000000000017,0.7971153720472111,-0.5596932708426797,0.22660654496165744
47.00000000000017,0.7831319182182415,-0.5793573130462519,0.22594136957990762
47.20000000000017,0.7574979074840208,-0.6160600464740347,0.21602532095969787
47.400000000000176,0.7152704446579179,-0.6769275456667919,0.1736585411559091
47.60000000000018,0.6547150504554858,-0.7423568591009336,0.14231829275559443
47.80000000000018,0.5845789344239073,-0.8026899009555963,0.11813717590878871
48.000000000000185,0.4744104037111916,-0.8759214069013537,0.08772945789492764
48.20000000000019,0.3811241600984969,-0.9231147979697292,0.05102395867159921
48.40000000000019,0.3150553610201339,-0.9489001186183882,0.01812965467079886
48.60000000000019,0.21416234546603619,-0.9767962564760033,-0.0018876225663862
48.800000000000196,0.19350072237427957,-0.9810866507495095,-0.005143360938319149
49.0000000000002,0.2016333214718991,-0.979460723073864,0.0008340430647973735
49.2000000000002,0.1880591247092907,-0.9821575712400656,0.0005204511415613976
49.400000000000205,0.2041022239593065,-0.9789461373163135,0.0025966147835898993
49.60000000000021,0.2072038171821186,-0.9782416601826494,0.010480096767338194
49.80000000000021,0.2031931394678977,-0.9789272589883999,0.020346244927209045
50.00000000000021,0.20529318903875893,-0.9784925466947917,0.020175296702576236
50.200000000000216,0.20307623772276961,-0.9789751629263239,0.019174776289260682
50.40000000000022,0.2031332706002763,-0.9789194229664315,0.02129877260086587
50.60000000000022,0.2064320800115717,-0.9780990024048385,0.026610859376500547
50.800000000000225,0.20919267724833857,-0.9773732824437434,0.031303203523197966
51.00000000000023,0.22077375433691288,-0.9737814209137993,0.05485156040703228
51.20000000000023,0.2503576758920439,-0.9641746703954912,0.08768260425923087
51.40000000000023,0.2913790005870845,-0.9482172405299232,0.126421290844104
51.600000000000236,0.33943318500041514,-0.9238758710918185,0.1767441306940855
51.80000000000024,0.41847109009519784,-0.8779867135575499,0.2324247783067665
52.00000000000024,0.4769937113542819,-0.8350286995206082,0.2742336053538842
52.200000000000244,0.5023613981961307,-0.8129320979694401,0.29457499841879503
52.40000000000025,0.5315668207888693,-0.7902674346195621,0.30481813728226553
52.60000000000025,0.5554500393125243,-0.7750292982966236,0.3013384154228576
52.80000000000025,0.541151712060311,-0.7978632786995015,0.2656482882253823
53.000000000000256,0.4801452330390882,-0.8560721007115519,0.1913141750450034
53.20000000000026,0.3969572109491888,-0.9085186887899493,0.13045598796081628
53.40000000000026,0.30985218302506756,-0.946935695779542,0.08546585711917368
53.600000000000264,0.27078524722339137,-0.9611667773129497,0.05323322342302484
53.80000000000027,0.2757493681969456,-0.9605224876393142,0.036862401958753975
54.00000000000027,0.26740966656970344,-0.9630213431337105,0.03289320437452888
54.20000000000027,0.2607007271266729,-0.9648292464337338,0.0337587929543938
54.400000000000276,0.2713824841662964,-0.9618908356998488,0.03343003865353907
54.60000000000028,0.2756072565732447,-0.9606397385817673,0.03481282496040549
54.80000000000028,0.28210438130371907,-0.9586045420574106,0.0386581168210304
55.000000000000284,0.28704562347007245,-0.9569664648938268,0.04266140076567622
55.20000000000029,0.2851333795173629,-0.9574628968932748,0.044314297441634835
55.40000000000029,0.2832520691066587,-0.9581789909755106,0.040758883693603365
55.60000000000029,0.28295034831805294,-0.9583417003595573,0.038990841727833465
55.800000000000296,0.28294305769035233,-0.9583304013617648,0.039320070328434445
56.0000000000003,0.2809514548181094,-0.9587457588174766,0.04327643683448988
56.2000000000003,0.2831090812822349,-0.9580061635533619,0.04553502705938058
56.400000000000304,0.2850103252073999,-0.9574149313165282,0.04610600630438231
56.60000000000031,0.28498973233887126,-0.9573247782987723,0.04806372141881387
56.80000000000031,0.2924049163345754,-0.9546270990148752,0.056448797416896915
57.00000000000031,0.29806236006219433,-0.9508065144751328,0.08441446289472337
57.200000000000315,0.30029948624844693,-0.942778260907575,0.14487708348461284
57.40000000000032,0.30418018726829926,-0.9303028057678301,0.20496610269487447
57.60000000000032,0.3062543309180078,-0.9264295111629183,0.21894438937867186
57.800000000000324,0.3092565379921158,-0.9227130754337768,0.2301325142883383
58.00000000000033,0.21587832975487686,-0.9325962866125275,0.28924161688589944
58.20000000000033,0.03675161446105035,-0.9231551131778274,0.3826668993369283
58.40000000000033,0.04242544116376462,-0.9380516368880725,0.34388836629590785
58.600000000000335,0.060605868080637004,-0.9500933637163713,0.30602210537198704
58.80000000000034,0.11436509264046107,-0.9536615479997081,0.27829889948064723
59.00000000000034,0.3063008136948948,-0.9257934267844037,0.22155437809403938
59.200000000000344,0.6125970212562065,-0.7680970477423165,0.18641838642569786
59.40000000000035,0.8528314605335849,-0.5179280134524362,-0.06655127951711766
59.60000000000035,0.81448226801032,-0.4641375387831205,-0.3481306941209188
59.80000000000035,0.7556961635774058,-0.4283260625196376,-0.4954392924676187
60.000000000000355,0.67173512958298,-0.35910954998740274,-0.6479291989036936
60.20000000000036,0.4745802877182977,-0.3211371372065225,-0.8195391934593594
60.40000000000036,0.3321156629817933,-0.2989751896583756,-0.8946021587112916
60.600000000000364,0.28316862109451774,-0.29139035845968886,-0.9137325599015085
60.80000000000037,0.2767385487012156,-0.2989904149913915,-0.9132472323560693
61.00000000000037,0.3001535628645809,-0.3001560264863523,-0.9054359162655423
61.20000000000037,0.3822003333806096,-0.2821247591493126,-0.8799593885167047
61.400000000000375,0.4693038620458878,-0.12339758182414462,-0.8743723016363038
61.60000000000038,0.5017797451147922,0.15176510993395806,-0.8515776176011604
61.80000000000038,0.4192959477855985,0.45728658568149455,-0.7842702893303675
62.000000000000384,0.25640244015275176,0.6906706160235305,-0.676189240409363
62.20000000000039,0.06318767868276703,0.7811413836622855,-0.621148497537307
62.40000000000039,-0.09775461685977216,0.8301482938982958,-0.5489060438912549
62.60000000000039,-0.23337409856650987,0.844059836349906,-0.4828038139650922
62.800000000000395,-0.2996982755519068,0.8499918466981123,-0.43323758398590767
63.0000000000004,-0.3392924042327655,0.8405631480957834,-0.4222964107037336
63.2000000000004,-0.3897672878509094,0.8004901608949188,-0.45529876304661054
63.400000000000404,-0.40713967762628933,0.7579224751206387,-0.5096967771227974
63.600000000000406,-0.40121024798236443,0.7291515379497199,-0.5544081273028811
63.80000000000041,-0.387977541009692,0.6663805722572772,-0.636718431168862
64.00000000000041,-0.3497982584791601,0.613330120001737,-0.7081435887329647
64.20000000000041,-0.24925987700827035,0.6130253052796206,-0.7497129375972182
64.40000000000042,-0.16901261388611144,0.6023272881332259,-0.7801516354641951
64.60000000000042,-0.07341823072841908,0.5995606808172085,-0.7969546746300664
64.80000000000042,-0.01273392372892157,0.5684192219266456,-0.8226405261903725
65.00000000000043,0.0706252694405178,0.5172768884114008,-0.8528989928660212
65.20000000000043,0.09476092495159612,0.49200294153519397,-0.8654209799993493
65.40000000000043,0.1392557518112375,0.46210852605762265,-0.8758216403653991
65.60000000000043,0.17440224115453132,0.43556787016345394,-0.8830993651688064
65.80000000000044,0.18062993855659507,0.42480340503213093,-0.8870822354044455
66.00000000000044,0.1938850153922039,0.4119625759748395,-0.8903344522158736
66.20000000000044,0.20062963041882487,0.4007392364677463,-0.8939551530995578
66.40000000000045,0.2238147459289762,0.37558782910810556,-0.899355737253401
66.60000000000045,0.2397377588699508,0.3477666368135481,-0.9064128051232545
66.80000000000045,0.24328418380737296,0.33508228450372957,-0.9102376989121808
67.00000000000045,0.2488266671938904,0.3346300055119672,-0.9089048625154573
67.20000000000046,0.24670333197555377,0.3137634741043033,-0.9168914593942719
67.40000000000046,0.23752297141393972,0.3096762146054901,-0.9206972793260048
67.60000000000046,0.23862354095810026,0.3046498362228172,-0.9220885440075851
67.80000000000047,0.23668852054037245,0.30043978449598724,-0.9239667094308183
68.00000000000047,0.23372815899520583,0.30125675942903685,-0.9244541700868825
68.20000000000047,0.2385484106537379,0.2997850151985104,-0.9237010341214331
68.40000000000047,0.235922918488908,0.2960269900831986,-0.92558543510254
68.60000000000048,0.23675940234361004,0.29331362675106337,-0.9262354461820355
68.80000000000048,0.23810429465728844,0.28985296967763174,-0.9269798276310082
69.00000000000048,0.23754484918512134,0.28864622843227444,-0.9274997571091009
69.20000000000049,0.23803259619888056,0.2887524009292101,-0.9273416490724644
69.40000000000049,0.23952938920233838,0.28796941186688996,-0.9271997031585983
69.60000000000049,0.2420455118933001,0.2866854402411138,-0.9269441345227172
69.8000000000005,0.24344383506964856,0.28400784849519584,-0.9274020924926318
70.0000000000005,0.2446740774167406,0.28121477545263973,-0.9279293323887269
70.2000000000005,0.26598042865473287,0.24661027247349768,-0.9319000939388256
70.4000000000005,0.28933630684608524,0.1595610261155202,-0.9438351447607949
70.6000000000005,0.2727274611956724,0.1391340934927173,-0.9519776446627953
70.80000000000051,0.2681286126984866,0.1684935536206267,-0.9485341161184866
71.00000000000051,0.27070524437126275,0.20175907628308207,-0.9412820755795217
71.20000000000051,0.2613841304276027,0.24102615094785448,-0.934657547404325
71.40000000000052,0.20276946804246238,0.2883247888804576,-0.9358169473496494
71.60000000000052,0.13624573968713483,0.3269198998698999,-0.9351793825176858
71.80000000000052,0.09466454094644111,0.3459892251078332,-0.9334506311512575
72.00000000000053,0.056876675237541585,0.3474953059451208,-0.9359551571309549
72.20000000000053,0.03563479415462441,0.34917295922034475,-0.9363804814256145
72.40000000000053,0.02175103856865985,0.3471770927100764,-0.9375473100695045
72.60000000000053,0.024389015582624365,0.3480380608619182,-0.9371631043262358
72.80000000000054,0.02852481302235168,0.35156948947325434,-0.9357271125245624
73.00000000000054,0.04117673518419396,0.3530129185672147,-0.934711910592899
73.20000000000054,0.08477767709225079,0.3435678592631217,-0.9352934681415229
73.40000000000055,0.15288129573132864,0.31867994104787317,-0.9354519787724189
73.60000000000055,0.23161547109833383,0.27202007464922784,-0.9340017947176152
73.80000000000055,0.31392717352324634,0.17880477002219547,-0.9324583550706249
74.00000000000055,0.3323064310317385,0.10018470544600362,-0.9378355189955464
74.20000000000056,0.3599218120446339,0.03616882242341768,-0.9322811300777306
74.40000000000056,0.38847504619023715,0.006763383172766983,-0.9214344225909684
74.60000000000056,0.4472847620909286,-0.006266720971331925,-0.8943696494232846
74.80000000000057,0.5253169777216132,-0.04250538023098887,-0.8498443184306459
75.00000000000057,0.624407968247396,-0.14030485177074964,-0.7683939339679527
75.20000000000057,0.7596887386973226,-0.25668669598970717,-0.5974821841681631
75.40000000000057,0.876933889520024,-0.3728909815522046,-0.3032148896217274
75.60000000000058,0.8858774790106515,-0.450262466487435,-0.11173541718893111
75.80000000000058,0.9011438328349228,-0.43260405478057357,-0.028169563911985364
76.00000000000058,0.9532194059781932,-0.3010488028653517,0.027246694476925265
76.20000000000059,0.986454584915898,-0.12586634382599668,0.10519037689009285
76.40000000000059,0.9881306463481639,0.009773100888525576,0.1533046386988403
76.60000000000059,0.9853431278061892,0.09589371468137059,0.14107911245015806
76.8000000000006,0.9818065167398857,0.05847250714470396,0.18065693896251342
77.0000000000006,0.9771453504933061,-0.00998459179656342,0.21233763664496705
77.2000000000006,0.9618651981910289,-0.1571379571444658,0.2238816717228045
77.4000000000006,0.9379809695108431,-0.26597182790083695,0.2223751056179337
77.6000000000006,0.9388587377375643,-0.2918760255605073,0.1826270962284339
77.80000000000061,0.9479858599969015,-0.2631740544940355,0.17905928148829844
78.00000000000061,0.9645516693468015,-0.22624607003054548,0.1358410576962352
78.20000000000061,0.9803814785467954,-0.1720184822063585,0.09623823721276287
78.40000000000062,0.9727927465426981,-0.16268081633558387,0.164952187831209
78.60000000000062,0.9825164654597522,-0.1258093307120566,0.1372348622116825
78.80000000000062,0.9922781385308662,-0.11972669824551731,0.032397739441911905
79.00000000000063,0.9866895870759401,-0.13888584404962875,-0.08458357451971954
79.20000000000063,0.9829852408643014,-0.1364343003682645,-0.12298657620233924
79.40000000000063,0.978391437471871,-0.15801641286669732,-0.13334544741560506
79.60000000000063,0.9782366605102097,-0.16661601753743788,-0.12366138740042193
79.80000000000064,0.9805706002795951,-0.15427879911462122,-0.12115836748266778
79.982,0.9817214087395602,-0.15013436069033786,-0.11697328482400064
