0.0,-0.9622618557778848,0.23992106137415964,-0.1284134152804827
0.21199256499999322,-0.9635246793117758,0.23754443701765232,-0.12325920979426358
0.4039771749999927,-0.9628448753834803,0.2397353218199227,-0.12432506352167483
0.6079808699999995,-0.9606726232538806,0.23133501191576708,-0.15359760151916288
0.8039945559999906,-0.9258551203902947,0.23826849177620799,-0.29329238291125775
1.0039580569999962,-0.8487909149228232,0.4536245293724663,-0.27162247531470035
1.2080623929999998,-0.7388182889360424,0.6440499041233612,-0.19836143005208381
1.4000147869999926,-0.6136576741686595,0.7632596054016924,-0.2021361761188835
1.6120090629999906,-0.4733535300127991,0.8426080374163617,-0.2568036816437202
1.811952321999997,-0.3057940658141646,0.8923753666860677,-0.3318978671892134
2.011962010000003,-0.09978428706791712,0.8889030150035173,-0.44709565640028776
2.2039928070000023,0.004711673254431733,0.8653692048836049,-0.5011127012701444
2.404015325000001,0.04827943914042532,0.865912819586652,-0.4978595029039621
2.607977394999994,0.05702573908123347,0.8459180293084589,-0.5302553656240853
2.803984807999994,0.08857949403832201,0.8159857975875762,-0.5712450011783754
3.0080603489999924,0.12086613525278368,0.7705234952664191,-0.625847362055219
3.207934897999993,0.1553088660830699,0.8520138867374689,-0.49995149056933763
3.4079611219999935,0.20932237377903198,0.9590712950083384,-0.19069975072490258
3.6119933270000044,0.23270418075696306,0.9725472230130773,-0.0008144125382694898
3.8119237569999966,0.257481412726101,0.9534386345121836,0.15702895376367412
4.01193059399999,0.3412418383220405,0.898143191829924,0.2772955368341704
4.2119736390000035,0.4259799440829117,0.8195008387451507,0.383352921646769
4.404024393999993,0.4300731437180984,0.7599458091818533,0.48735968048184936
4.603938001999995,0.5799224275903608,0.6784317522798399,0.4510214357169831
4.803950540999998,0.7421357260220496,0.5530000663435344,0.37871558033143
5.004005275000004,0.8279166797313112,0.4595064309275187,0.3215708496722532
5.20800497899999,0.8913761119477606,0.36872767655189975,0.2636067669721914
5.400038912000005,0.9647923618195183,0.18509233585095375,0.1868596419346709
5.607998125999991,0.9937901351075751,0.03900061693174839,0.10421189587475421
5.807959061000002,0.9918675617305903,-0.11870654060075027,-0.04590748528525656
6.011957909000003,0.9774481099098047,-0.1956839073247579,-0.07939144064611782
6.211999243999991,0.971376459016605,-0.22620674891074638,-0.07251400978840307
6.404026904999991,0.9709550653503928,-0.22848543019700762,-0.07099767079350594
6.600020063000003,0.9721501307048473,-0.21944326445452356,-0.08227257778926207
6.803962176000001,0.9843173020114371,-0.15221349084712854,-0.08916558845797264
7.004012063000001,0.9992324787778585,-0.01064336688382228,-0.03769843626508828
7.204014908999991,0.97068956899954,0.2213223362861633,0.0936919638833648
7.407968425999991,0.820617331465347,0.5135313791784667,0.2507443277479169
7.6079678500000005,0.5672154593156107,0.7472576146293334,0.34622634228472504
7.808024294999995,0.2532070876346869,0.8865462755936966,0.3871974586725813
8.008019442999997,-0.03591179040095885,0.9247147909936171,0.3789629251362574
8.200148885999996,-0.2310758080154508,0.9048320093593508,0.3576073346405608
8.404049373999994,-0.3602346787018762,0.8486017402236555,0.3874352368460301
8.604023138999997,-0.4502219942055482,0.7679134139262495,0.4556414650201537
8.815981776000001,-0.4859741406070096,0.715178873832049,0.5023428242600869
9.003969528999994,-0.51007990156886,0.6877365500983522,0.5165626115722264
9.204016279999998,-0.5284961520398402,0.6761655304156396,0.5133147112218963
9.407987472999999,-0.5954040042956708,0.6964710468273376,0.40052734313641214
9.607964659999999,-0.6918454381573563,0.7081158438171319,0.14114475348381517
9.807981474999991,-0.7674444738511166,0.6232589680404054,-0.15025724046644698
10.00802566099999,-0.8592849274011289,0.4677737710028668,-0.20692296320851902
10.211975185999998,-0.9374085166667084,0.26220028956292785,-0.2291643101223189
10.41192985,-0.9638622926929438,0.1566579221720898,-0.21547105639836095
10.615982011999991,-0.9767312798841665,0.09388326140807962,-0.19282619148658242
10.803932986999994,-0.9800228985608544,0.07180453018273258,-0.18547028802915622
11.003960351,-0.9795607977329588,0.08981280313315246,-0.17998417691045798
11.20395835,-0.9829552306918011,0.1123532872039673,-0.1455189104896362
11.408005951,-0.9918734048439647,0.09646808957055307,-0.08295213353403479
11.607952630999993,-0.9983555018066698,0.05193552811184333,-0.024269176584641724
11.807927821999998,-0.9994222973387336,-0.024875227150195658,0.023158036540134305
12.008033018999996,-0.987882784899939,-0.13960980099480577,0.06779901743042827
12.200007935999995,-0.9628676975614745,-0.2473684636652165,0.10814175963324979
12.403988537999991,-0.9175155922377348,-0.37111274676033434,0.14297016189624573
12.616021301999991,-0.8515015185605145,-0.5004297153442651,0.15657350953975507
12.800026736999992,-0.7693804230676325,-0.6172347459088787,0.16454492712652308
13.003962006999993,-0.6834396505522902,-0.7245315714283047,0.08924262466218143
13.203979962999991,-0.5953559654398664,-0.803440684393784,0.00586012593828109
13.407984513999997,-0.4805598981235945,-0.8751276993393492,-0.056689453732225656
13.608062626,-0.2290579042939099,-0.9561749276066833,-0.18237868377865862
13.807980796000002,-0.04610344421312812,-0.944910242889995,-0.32406651371787504
14.007981360999999,0.04425773514534066,-0.9223531381491376,-0.38380456149744097
14.208062894999998,0.1393983501019948,-0.9041299370897242,-0.4038776508386827
14.411991608,0.1982406300382237,-0.8140830819933866,-0.5458657236117662
14.611965657999999,0.2343935358599625,-0.7331412210700528,-0.638407096071916
14.812000149999994,0.29811556270368667,-0.7194204721870974,-0.6273446385137584
15.004022964999999,0.4240989745844941,-0.7647613178995949,-0.48505688986020534
15.204017827999998,0.5244701926324455,-0.7732109050715856,-0.35647708666682226
15.407980467999995,0.5497239816518603,-0.7840131645388874,-0.2883173630334197
15.608004411,0.5555443895281718,-0.8021591668394075,-0.21888604870863412
15.807959359,0.5657952380446156,-0.8094410124483695,-0.15710186495581516
16.007967622,0.5723065776225168,-0.8099204223493763,-0.12842932169644872
16.200039474000004,0.5441665132997064,-0.838750243225086,-0.019515001744795417
16.407969322,0.47860060980878744,-0.8630909641574251,0.16129303729691166
16.611973016999997,0.45620232775514524,-0.8457965835187031,0.27660002794446054
16.811965884000003,0.44257660792224757,-0.8399305661995958,0.31407417926926695
17.012018052,0.4400214304255377,-0.8412809310473264,0.3140502122629552
17.20401349699999,0.4426218200683155,-0.8404150150851379,0.31271157129031724
17.403959036999993,0.44247729658156565,-0.8430703104031043,0.3056898652665517
17.608001221,0.4221437046846808,-0.851548475707074,0.3109017306417765
17.804022318,0.3672243915165059,-0.8727913670610907,0.3215298988569561
18.00795559299999,0.3020662706445365,-0.9024897608539701,0.307031268265376
18.200022599000004,0.2924569312065695,-0.9261223106982693,0.23825702301534404
18.400016890999993,0.2837619835000241,-0.9458633713525851,0.1575487843610791
18.611957566999994,0.31491026265013183,-0.948846008860565,0.02286433788679843
18.811928766,0.31370788695973817,-0.9489945668528039,-0.03157014005536303
19.00000262,0.2468868051915633,-0.9681747734160252,-0.04104282572059696
19.203943877,0.09599708974790241,-0.9950231117387385,-0.02671265366247331
19.403985497,-0.06932044315744276,-0.9973862743964531,-0.020378807767352618
19.608020552999996,-0.1965069391116929,-0.9794083148880837,-0.046307403393385765
19.804045356999996,-0.3821114629171289,-0.9222403692745391,-0.05885177302081461
