0.041666656,-0.966725621089321,0.10602204093810945,0.23281086822737598
0.241666656,-0.9754159112904734,0.08092710157996723,0.20497464289819134
0.44166665600000005,-0.9809451183939821,0.051999536559603085,0.18719701625988472
0.6416666560000001,-0.9856889425550807,0.017569074826816668,0.16765630359272707
0.841666656,-0.987391420049188,0.0033265766612267022,0.15826281149077734
1.041666656,-0.9893896877379742,0.0022498325080082516,0.14526866162885843
1.2416666560000003,-0.9965088831193555,-0.013887292044961697,0.08232368422193345
1.4416666560000002,-0.9999054477349655,-0.013387196170811615,-0.003143019030040238
1.6416666560000002,-0.9828958987627255,0.119396139993011,-0.14021488490949696
1.8416666560000001,-0.9326973894050471,0.17388338844144496,-0.31597491517703064
2.041666656,-0.8135814606719068,0.1535500522517582,-0.5608097612421246
2.241666656,-0.7521877685560407,0.16753729464526426,-0.6372949205333668
2.441666656,-0.7456870583925745,0.1833364334556549,-0.6405767425637536
2.641666656,-0.7513973557582238,0.17669148626351114,-0.6357532008897329
2.841666656,-0.7503989788711455,0.16867603142889448,-0.6391007502190409
3.041666656,-0.7574171397818308,0.13594178720797573,-0.6386228204937658
3.241666656,-0.7590812125550349,0.06605810907425592,-0.647635730153542
3.441666656,-0.7355966540188286,-0.013491946756472825,-0.6772854124879885
3.641666656,-0.7026980228231201,-0.07438589560987856,-0.7075890242611127
3.841666656,-0.6904038525621534,-0.06724504192386083,-0.7202920412610394
4.041666656,-0.6847728610365073,-0.012309618557139721,-0.7286525935443132
4.2416666560000005,-0.6939453418145678,0.051711488590198716,-0.7181683538848314
4.441666656000001,-0.7131958313267439,0.12632849571965488,-0.6894873583666082
4.641666656000001,-0.7302972797524113,0.12296439294939307,-0.6719714586593802
4.841666656000001,-0.7135132603898551,0.04230455204340031,-0.6993633906090925
5.041666656,-0.696006389885273,-0.031442640453403885,-0.7173468237890147
5.2416666560000005,-0.694304683943992,-0.05876363262130809,-0.7172780781081918
5.441666656000001,-0.7109734329370873,-0.037190018935189875,-0.7022347756621381
5.641666656000001,-0.7081195184420207,0.0009668440520045191,-0.7060919294355513
5.841666656000001,-0.6992253573733781,0.045265928809286614,-0.7134668144315508
6.041666656,-0.7095884470090751,0.08510852446872047,-0.6994574861519508
6.2416666560000005,-0.7130678243872313,0.13451069508809518,-0.6880706001062521
6.441666656000001,-0.7091423204992023,0.14626418174292338,-0.6897274522708803
6.641666656000001,-0.7062992815627391,0.12805146759577038,-0.696235697526727
6.841666656000001,-0.7104886315050055,0.08207021109567324,-0.6989065638215571
7.041666656,-0.7131237208039164,0.02540162594124261,-0.7005778445157392
7.2416666560000005,-0.7049513605710618,-0.008004761933366607,-0.709210478641848
7.441666656000001,-0.7043188717149818,0.001677186119531924,-0.7098817605720378
7.641666656000001,-0.7046222052128129,0.015989890845541904,-0.7094024748418771
7.841666656000001,-0.7051912053320114,0.04230985899992425,-0.7077536575347327
8.041666656,-0.7034260669341462,0.0774241960801238,-0.7065389318494096
8.241666656000001,-0.7055251950490747,0.10525801998246935,-0.7008244775836073
8.441666656,-0.6950150436788577,0.13036239876246458,-0.707078308286269
8.641666656,-0.6959941526541829,0.09398478639639037,-0.7118700719915193
8.841666656000001,-0.7013795316756893,0.05179710965973433,-0.7109035180509998
9.041666656,-0.6921261288338463,0.013178082587717974,-0.7216562616126776
9.241666656000001,-0.6923929312963231,-9.963763982522153e-05,-0.7215206294786218
9.441666656,-0.6849595097225637,0.0033187082771686887,-0.7285735763915656
9.641666656000002,-0.6867999839547883,0.016148125367272136,-0.7266670627507656
9.841666656000001,-0.6865691730657992,0.029149080170299192,-0.7264799389666381
10.041666656,-0.6838243199933196,0.04617229264732216,-0.728184330219598
10.241666656000001,-0.6785714202373613,0.0649807749615216,-0.731654513088282
10.441666656,-0.67004234853672,0.07496833510197527,-0.7385275891254401
10.641666656000002,-0.6900053302469695,0.15693987405698434,-0.7065851117606062
10.841666656000001,-0.7140873423229648,0.22231169998868655,-0.6638198366893425
11.041666656,-0.7642798157446944,0.34502777488901987,-0.544823088534607
11.241666656000001,-0.8042174328114702,0.4085589982414854,-0.4316408990330306
11.441666656,-0.8655455582448921,0.3956191498484941,-0.30710971146431204
11.641666656000002,-0.9258881746031621,0.34001975243644067,-0.1646743941330481
11.841666656000001,-0.9636545288893572,0.2644021587825291,-0.03822888151868767
12.041666656,-0.9904742269060584,0.12891593151401468,0.048388928865187045
12.241666656000001,-0.997381490269247,0.04279759336864309,0.058296902749195835
12.441666656,-0.9997963052613437,-0.010822814722617792,0.017035688047326823
12.641666656000002,-0.9980004039853139,-0.0572491542050427,-0.02679044583351026
12.841666656000001,-0.9947320239821672,-0.08980189605663604,-0.04943500712019878
13.041666656,-0.9924061026073069,-0.1068632627908546,-0.060912811242530424
13.241666656000001,-0.9931294143513598,-0.09048705338462118,-0.07420282689961365
13.441666656,-0.9945622374396631,-0.03713105932854773,-0.09729974456364812
13.641666656000002,-0.9786033807745649,0.011132139435250724,-0.2054543711099532
13.841666656000001,-0.9104271566211595,-0.0068444247443238924,-0.41361279759774056
14.041666656,-0.8319243921532533,-0.007861558630816681,-0.5548333097754088
14.241666656000001,-0.7836156949052091,-0.021400585859617953,-0.6208771679028723
14.441666656,-0.7094630603073897,-0.039929329987888285,-0.7036105561075613
14.641666656000002,-0.6898072878217567,-0.06610567503251867,-0.7209687547990464
14.841666656000001,-0.6802895113605243,-0.05561071145358616,-0.7308307803482863
15.041666656,-0.6722004223983823,-0.04672459041778671,-0.7388933649571678
15.241666656000001,-0.6813889901781188,0.0020944422661522684,-0.7319184772743733
15.441666656,-0.6805715355263972,0.038265074445863925,-0.7316817403139799
15.641666656000002,-0.6826670618251297,0.062442356665043934,-0.7280567524535156
15.841666656000001,-0.6969441393272469,0.046321128722892846,-0.7156278499969384
16.041666656,-0.727983047288249,0.05996614990596944,-0.6829676007881854
16.241666656,-0.7196066735620088,0.05192465242056768,-0.6924377703707558
16.441666656000002,-0.6752935157270041,-0.01989612649059959,-0.7372806872336564
16.641666656,-0.6504757445261191,0.0011215532556247553,-0.7595261996149218
16.841666656,-0.6494566624167055,0.032243963353461934,-0.7597146638507211
17.041666656,-0.642556167111088,0.0489885345768483,-0.764670972109914
17.241666656,-0.6414131519552485,0.06799925452026238,-0.7641762034266194
17.441666656000002,-0.6437922595215634,0.04854334450472362,-0.7636590013117219
17.641666656,-0.6756002721818436,0.08588867477463193,-0.7322481872789287
17.841666656,-0.7076400412756919,0.11116293548795866,-0.6977738700732762
18.041666656,-0.6995342336930463,0.04234997115645733,-0.7133430702225472
18.241666656,-0.6922555850874043,0.00885762732137897,-0.7215980511015334
18.441666656000002,-0.7000471836527463,-0.1047535663918436,-0.7063714539730837
18.641666656,-0.7175861758759029,-0.16124434390571718,-0.677547298533625
18.841666656,-0.7287578626598115,-0.15080071511975246,-0.6679604194343214
19.041666656,-0.7355385964691301,-0.1556077118455305,-0.6593703156181817
19.241666656000003,-0.7496353192817375,-0.16423847216709855,-0.6411494461867568
19.441666656000002,-0.7483977431705247,-0.2154749264103326,-0.6272729661843616
19.641666656,-0.7408019350680954,-0.2664281662325108,-0.6166267308812902
19.841666656,-0.7516197710008494,-0.2647399192249229,-0.6041361560189992
20.041666656,-0.77467928476505,-0.2247516083390876,-0.5910657495616747
20.241666656000003,-0.8190636851469378,-0.17322499032466893,-0.5469257558394345
20.441666656000002,-0.8964101192150726,-0.1518436522583035,-0.416404134750939
20.641666656,-0.942057411014743,-0.2021827111782899,-0.26767514948682886
20.841666656,-0.9606597801541765,-0.264621797401833,-0.08430949610781187
21.041666656,-0.9466133677170369,-0.2987350992973496,0.12116299974502592
21.241666656000003,-0.8963240666657499,-0.2710987675216917,0.3508683880944429
21.441666656000002,-0.8047405559195797,-0.20953498205504,0.5554167164872157
21.641666656,-0.6949086612082688,-0.146743947910613,0.7039660264027938
21.841666656,-0.5428125275708303,-0.08928354012724764,0.8350946110318953
22.00024154900007,-0.4424373616947672,-0.05042271471027638,0.8953807742060468
