0.03334730600670276,-0.997185441151892,-0.07151447835645572,0.022513892158198108
0.23334730600670278,-0.9960236799762818,-0.0871791588108057,0.018347293957021553
0.4333473060067028,-0.9975194714426308,-0.07036555816220226,0.0018953409552455156
0.6333473060067029,-0.9996276571763899,-0.024698470075763656,-0.011598818213877149
0.8333473060067028,-0.9999268867994747,0.006156391344261076,-0.010407684714996824
1.0333473060067027,-0.9999279009311891,-0.00186623717440949,-0.011862128736236642
1.2333473060067028,-0.9992385920673301,-0.034601949768405554,-0.01802612536083502
1.4333473060067028,-0.9979835370097102,-0.05371766134817765,-0.03381231605304174
1.6333473060067027,-0.9987806623540879,-0.032102159019175826,-0.03750519822421006
1.8333473060067027,-0.9990762007396009,-0.02135296109880032,-0.037293379681082595
2.0333473060067027,-0.9989795850871683,-0.03663063710511596,-0.02641940582871432
2.233347306006703,-0.9994480505041996,-0.02868758075389524,-0.016751628393788676
2.433347306006703,-0.9995859847434497,-0.028737550484467668,-0.0014185544122054014
2.6333473060067027,-0.9999455860385803,0.0017013844674573968,0.01029224236277799
2.833347306006703,-0.9993858082454583,0.03422193343208409,0.007540924992470715
3.0333473060067027,-0.9988027977175499,0.04883181224303877,-0.002902651314844158
3.233347306006703,-0.99947462697738,0.0207808639955534,-0.024872187680720085
3.433347306006703,-0.9944374441202122,-0.04510582561742426,-0.09518211085614148
3.6333473060067027,-0.9818526672023873,-0.1198475976427046,-0.14697582538237494
3.833347306006703,-0.9482446834107046,-0.214584885651869,-0.23406269936302718
4.033347306006703,-0.9036731364768757,-0.29326140656251065,-0.31204584571986127
4.233347306006703,-0.8775467202816208,-0.34926365548574023,-0.32852192115551243
4.433347306006703,-0.893042457286866,-0.3229047905614737,-0.3133810232217116
4.633347306006703,-0.9245632176511083,-0.22062928085376002,-0.3106534677041002
4.833347306006703,-0.9552072869619193,-0.09737958187840903,-0.27945707356951344
5.033347306006703,-0.9794911235067648,0.053863065761848766,-0.1941543435470617
5.233347306006703,-0.9848038420135423,0.11265903071755058,-0.1321716140218785
5.433347306006703,-0.9930359061649721,0.0712472699114467,-0.09382705152182248
5.633347306006703,-0.9978993425319003,0.008276456221226271,-0.06425264544608052
5.833347306006703,-0.9971287096298538,-0.0583435502374737,-0.048273870547015534
6.033347306006703,-0.9918490726448439,-0.12076038610997672,-0.04064906198342631
6.233347306006703,-0.9854083091820777,-0.16732723168394334,-0.031177904546437353
6.433347306006703,-0.9733365282237701,-0.22901901790072424,-0.012895435823824799
6.633347306006703,-0.9426606140537251,-0.333585089653358,0.01058086351934864
6.833347306006703,-0.8610212760653774,-0.5085681906564232,0.0008704109382218961
7.033347306006703,-0.7404257693148251,-0.672135933824389,-0.0017223810747672283
7.233347306006703,-0.713504127841044,-0.7005886126845524,-0.00935175547828198
7.433347306006703,-0.709801932790641,-0.7006062253915092,-0.07302145677355552
7.633347306006703,-0.6683570300347939,-0.7324531636791164,-0.12965817914625777
7.833347306006703,-0.622343495182929,-0.7555191957501909,-0.20464437167066238
8.033347306006704,-0.5798825271069321,-0.7766027350041849,-0.2462203215416999
8.233347306006705,-0.43316190702586616,-0.850915025400483,-0.2971773575651581
8.433347306006704,-0.20910127502350123,-0.9227828797853664,-0.32364859579267796
8.633347306006703,0.04391137027895764,-0.9269949814280631,-0.37249442407559524
8.833347306006704,0.23774074249913624,-0.8807711684294284,-0.4095381401278998
9.033347306006704,0.40726710900966934,-0.8088428397375529,-0.42415417305998293
9.233347306006705,0.5453434324914108,-0.717040202460546,-0.4341127603443894
9.433347306006704,0.5817802421734735,-0.7017249578852202,-0.41123452347481804
9.633347306006705,0.5355301643348132,-0.7694157771027125,-0.34814767704661953
9.833347306006704,0.25206889790495896,-0.9388572203162715,-0.23453867606214532
10.033347306006704,-0.253409225903699,-0.9652010190552419,-0.06458139857273609
10.233347306006705,-0.7077078104706276,-0.7018118335359511,0.08130070914682545
10.433347306006704,-0.9351872906893919,-0.3053198654854753,0.17945615362245734
10.633347306006705,-0.9800606194326418,-0.04671737447619471,0.19312863371172548
10.833347306006704,-0.9795307499467723,0.08166912600567673,0.18398278116765077
11.033347306006704,-0.9775918163723287,0.13039113725552845,0.16526461172029802
11.233347306006705,-0.9816840783766965,0.13025473052630496,0.1390326416249647
11.433347306006704,-0.9830874527492689,0.12413639259081746,0.13464477814416903
11.633347306006705,-0.9838680689707233,0.11197842932954051,0.13951506809197772
11.833347306006704,-0.964042204706613,0.12434786439994198,0.23486216418058353
12.033347306006704,-0.945675324935975,0.12456537334112738,0.30030259334814874
12.233347306006705,-0.8696926939456424,0.16896652478684504,0.4637724998304956
12.433347306006704,-0.7286317151717743,0.26092578202312433,0.6332563145531668
12.633347306006705,-0.6640565854867045,0.28435818616289393,0.6914978475988828
12.833347306006704,-0.6427923025969702,0.32282301165704713,0.6946965948288208
13.033347306006704,-0.6579752045715621,0.4221629484276419,0.6235760379808472
13.233347306006705,-0.7205180168908922,0.5579050460626478,0.4118200419035614
13.433347306006704,-0.7969606245646353,0.5996677677415795,0.0724729689289557
13.633347306006705,-0.7711034692272356,0.5230072709498012,-0.3631292253170539
13.833347306006704,-0.6326551543565695,0.3836550125478537,-0.6727230388599543
14.033347306006704,-0.5135924903430461,0.2602160352899797,-0.8176248337967678
14.233347306006705,-0.47862356668789297,0.14771173602839766,-0.8655060510767316
14.433347306006704,-0.4793084607667505,0.05429213678341535,-0.875965617659106
14.633347306006705,-0.4767302211425751,-0.08108071523142073,-0.8753023556845448
14.833347306006704,-0.39520323749151637,-0.35199788142647337,-0.8484762180211649
15.033347306006704,-0.0930903595772466,-0.5911952725614861,-0.8011381495439654
15.233347306006705,0.347155834617063,-0.6072141772100121,-0.7146843845268335
15.433347306006704,0.6450686285914888,-0.36977594554480686,-0.6686944104024949
15.633347306006705,0.7634360964610201,-0.14241048651756888,-0.629987761746361
15.833347306006704,0.8111400333860349,0.15145911484890245,-0.5648999758963432
16.033347306006704,0.812469136167799,0.26179438072881606,-0.5209199602564355
16.233347306006703,0.8418005784438365,0.28361702942846617,-0.4592746093023162
16.433347306006706,0.8982793504487175,0.2934347726920344,-0.327093629917497
16.633347306006705,0.9396120288130477,0.2550329257649895,-0.22822673394144194
16.833347306006704,0.9609712286880122,0.19284250080004434,-0.19835843193329733
17.033347306006704,0.9780842470150374,0.10453324359893323,-0.1800666729956239
17.233347306006703,0.9888192155253345,-0.04988367349332844,-0.14052821114165434
17.433347306006706,0.9733732893746072,-0.17786205265430688,-0.1446012785477835
17.633347306006705,0.9736188212468496,-0.17150457763853946,-0.15050770997833102
17.833347306006704,0.9820587028996631,-0.1161174045804365,-0.14858483237711276
18.033347306006704,0.9931814597222937,-0.050851428237412344,-0.10490338559889088
18.233347306006703,0.9985335982810882,0.04159446583728404,-0.03464900453885519
18.433347306006706,0.9832611218054347,0.18056253803089786,0.024387213981091026
18.633347306006705,0.9423093540815478,0.3168217123185541,0.10806055623563686
18.833347306006704,0.848519417202879,0.4702801012684371,0.2425931264084694
19.033347306006704,0.7090593060413374,0.6004482798747136,0.36972525436014547
19.233347306006706,0.680099903332426,0.6362933245411623,0.36413586287480726
19.433347306006706,0.6296201523248893,0.6366129543154064,0.4453115877497389
19.633347306006705,0.5552408015640149,0.6442078807674019,0.5260264809263153
19.833347306006704,0.44615102343002344,0.6737919106973268,0.5890277797958157
20.033347306006704,0.34677263425743377,0.7086182190664924,0.6144989501514165
20.233347306006706,0.18556168779047183,0.7674317052186826,0.6136900177202631
20.433347306006706,-0.0911593045675293,0.8235464015234973,0.55987615213408
20.633347306006705,-0.2757412707654759,0.865124240796257,0.41895918605914423
20.833347306006704,-0.37757870135535676,0.883686264250183,0.2766458216896797
21.033347306006704,-0.4019614993021774,0.8985765345776381,0.1760317147141086
21.233347306006706,-0.4010390090231431,0.904161981240386,0.1471693749432777
21.433347306006706,-0.3705918575834662,0.920660035367919,0.12266529406958643
21.633347306006705,-0.23739210280423156,0.9671157882131732,0.09128001815840128
21.833347306006704,-0.05518575473295084,0.9958717991792645,0.07206866221881712
22.033347306006704,0.21312817589311994,0.9750779750381571,0.061638650504031105
22.233347306006706,0.4364947505177205,0.899189252416703,0.030512638508720203
22.433347306006706,0.6463215958743593,0.7621200685305931,0.03796571939717993
22.633347306006705,0.8568393129619188,0.5126601065495934,0.054827063714070465
22.833347306006704,0.9646869248987734,0.24352469158981668,0.10037360965628793
23.033347306006704,0.9903155842299223,-0.008961440195982698,0.13854506927697643
23.233347306006706,0.9496387802226114,-0.250102456473155,0.18877221290063864
23.433347306006706,0.8473101785473457,-0.47334081601023004,0.24086081713063076
23.633347306006705,0.6457985014986336,-0.7104372788245357,0.2796840508833287
23.833347306006704,0.3755502036514497,-0.867732389739858,0.3255803193279802
24.033347306006704,0.13722711261897375,-0.9240303159603979,0.3568426750661791
24.233347306006706,-0.0952703722055,-0.9363309483620987,0.3379466101607748
24.433347306006706,-0.29064342368459806,-0.884247241904118,0.36555877154550065
24.633347306006705,-0.3774222545009247,-0.8311184186129745,0.40840496575054935
24.833347306006704,-0.3516227321201658,-0.8035484956374597,0.4802824891822788
25.033347306006704,-0.2910919428700026,-0.7790376136958644,0.5553070117000329
25.233347306006706,-0.2447769109645059,-0.7838331887441371,0.5706923830592734
25.433347306006706,-0.22231632434058407,-0.7759862727296063,0.5902717649243483
25.633347306006705,-0.23921747563622042,-0.7788107646104305,0.579852388351683
25.833347306006704,-0.28537986553728095,-0.7812422409632483,0.5551746511510097
26.033347306006704,-0.32725651514082066,-0.7824847479507103,0.5297365312326485
26.233347306006706,-0.3479272460441717,-0.7896358620135229,0.5053927550749804
26.433347306006706,-0.3603653176956104,-0.8033124935886056,0.4741580701059501
26.633347306006705,-0.3788851343382399,-0.8115765628945986,0.444735356743405
26.833347306006704,-0.39031111101525195,-0.8205003651431366,0.417655824116005
27.033347306006704,-0.4097210324070497,-0.8202202075394411,0.3992085754931345
27.233347306006706,-0.40343558545918634,-0.8361153322947037,0.37168653390581835
27.433347306006706,-0.3590466054760594,-0.876864081373308,0.31967939860657785
27.633347306006705,-0.3419671553082565,-0.8995421034728903,0.27181329763267087
27.833347306006704,-0.33169845738832443,-0.9163868976052197,0.2240785292340322
28.033347306006704,-0.3259099926070218,-0.9244220187657763,0.1980570825289965
28.233347306006706,-0.29793905192380626,-0.9354236588450494,0.19030212771192057
28.433347306006706,-0.2656666717304588,-0.9446887475999757,0.19231325926635862
28.633347306006705,-0.29622974577859584,-0.9348354034172941,0.19578229295207902
28.833347306006704,-0.43374317989723166,-0.8843374525319553,0.17266766906960163
29.033347306006704,-0.6395271919684102,-0.7529761344943177,0.15502229392895522
29.233347306006706,-0.8218814738222555,-0.5680317221242013,0.04302099078788606
29.433347306006706,-0.9306875431502413,-0.36237080877964856,-0.05008087428701053
29.633347306006705,-0.9885914016190995,-0.13153287680101336,-0.0733903465398111
29.833347306006704,-0.9923037145662033,0.09903518013410353,-0.07433284034611508
30.033347306006704,-0.952251929808121,0.29179828464982266,-0.08983330814419867
30.233347306006706,-0.9166008051179044,0.3944246222675492,-0.06536192627447857
30.433347306006706,-0.8714961790733486,0.48676461069275,-0.05962066451902129
30.633347306006705,-0.8569548272563474,0.5109786908437666,-0.06729934283211507
30.833347306006704,-0.9245596277719541,0.37552574425868235,-0.06457484102302402
31.033347306006704,-0.9526882431862012,0.2946461282649439,-0.07462419442290935
31.233347306006706,-0.962183516283509,0.2676631071254884,-0.050589940464800774
31.433347306006706,-0.9450697241439372,0.31788870104423295,-0.0760919854841033
31.633347306006705,-0.9026692249996753,0.42363553969689877,-0.07563861278608139
31.833347306006704,-0.8158436356021265,0.5749079002088981,-0.06229019605764452
32.0333473060067,-0.673858583601841,0.7385594407206016,-0.021084634893516675
32.233347306006706,-0.5771885761359039,0.8165950504038194,-0.005086377315092782
32.4333473060067,-0.5075410157534688,0.8616257078770148,0.0018046754197865854
32.633347306006705,-0.4834789897965175,0.8752677962988419,0.012423815336204418
32.83334730600671,-0.48372265336245335,0.8748800598199533,0.024439221620646254
33.0333473060067,-0.49305346904571534,0.8695565662188774,0.02774265321884599
33.233347306006706,-0.5145486872251346,0.8569173678775863,0.030533147637273963
33.4333473060067,-0.5369818823647422,0.8419187749132169,0.05313411767072722
33.633347306006705,-0.46065353889457833,0.8787557230582222,0.12484669117090032
33.83334730600671,-0.4017707704288551,0.9001632983599968,0.16818526782883195
34.0333473060067,-0.3861865987958849,0.9050682540524527,0.17807685536562937
34.233347306006706,-0.3823044693303393,0.9071522345254454,0.17583548028068552
34.4333473060067,-0.4157919367912585,0.8879555755468459,0.19660102022788273
34.633347306006705,-0.5008273998493737,0.8204224576062599,0.2758240501033591
34.83334730600671,-0.621740920800501,0.7208229729223602,0.3063535035045564
35.0333473060067,-0.7124497614188912,0.6037454823629265,0.3576405038310428
35.233347306006706,-0.7987436664641668,0.4589639686885428,0.38905093590562484
35.4333473060067,-0.8763112099119963,0.3088673535720535,0.3697020709706265
35.633347306006705,-0.9146891555893171,0.18041672555787883,0.36165391437986
35.83334730600671,-0.9357072388479948,0.028437775309955577,0.35162943008639375
36.0333473060067,-0.9286237937430273,-0.1321666439481477,0.3466840462464215
36.233347306006706,-0.9183346239361936,-0.2170554389965974,0.33098104912813975
36.4333473060067,-0.909684793504216,-0.27029425211550595,0.315300798826313
36.633347306006705,-0.899355544399755,-0.32085679829792624,0.2970025584795929
36.83334730600671,-0.8776717349817543,-0.39173988573917407,0.2761017702499865
37.0333473060067,-0.8530557515109166,-0.44499601293919805,0.27253336177863235
37.233347306006706,-0.8150745731415394,-0.5123210260425931,0.270519142562595
37.4333473060067,-0.8043877181358126,-0.5338500348751082,0.26070009431549257
37.633347306006705,-0.8289146480023547,-0.49491267331713185,0.26069513251540155
37.83334730600671,-0.8753238198629476,-0.4094090823805017,0.2572788635797626
38.0333473060067,-0.908399296729885,-0.3233919297337124,0.26500637253424
38.233347306006706,-0.9298084749119708,-0.24726310446331465,0.272611733337066
38.43334730600671,-0.9402139119156774,-0.19234315802281765,0.2810727831043554
38.633347306006705,-0.9412607015309153,-0.19541914360303683,0.2753899963088438
38.83334730600671,-0.9477909383489906,-0.16593951416747435,0.2723167545734248
39.0333473060067,-0.9526257354291555,-0.0908483290561303,0.29025986513083435
39.233347306006706,-0.9490752278556674,-0.05869561974132633,0.3095335782978882
39.43334730600671,-0.946998555505387,-0.0866269919917523,0.3093371948685945
39.633347306006705,-0.9436764571613231,-0.1268657874193133,0.30558111227942686
39.83334730600671,-0.956381911059869,-0.13379571687468836,0.2596773889722813
40.0333473060067,-0.9644160837261259,-0.12792424310287973,0.23138065061045635
40.233347306006706,-0.9717800472613871,-0.1260860018026831,0.19936363734159143
40.43334730600671,-0.9785682668690097,-0.09565537711951913,0.1823573302752204
40.633347306006705,-0.9839162247052374,-0.045847131437016186,0.17264675873236088
40.83334730600671,-0.9876516278417874,-0.015427878054739585,0.1559045945448566
41.0333473060067,-0.9893418292069338,-0.008819885059089353,0.14534426238769463
41.233347306006706,-0.991179353053094,-0.009155821712664837,0.1322106690476081
41.43334730600671,-0.9913442868719516,-0.03235517795497016,0.12723854504765478
41.633347306006705,-0.991629065324259,-0.04846703953914387,0.1196776624205544
41.83334730600671,-0.9923558379213294,-0.056887417299919696,0.10951581025770209
42.0333473060067,-0.9933137790061486,-0.04863452444252709,0.10470157338251188
42.233347306006706,-0.9946242324712649,-0.040510365148922096,0.09529714841719102
42.43334730600671,-0.9989074485301916,-0.008324926812007624,0.04598483298303119
42.633347306006705,-0.9972659320256582,0.05266199206825245,-0.05183990173986408
42.83334730600671,-0.9738258884924222,0.11503464411319045,-0.19603614349322404
43.0333473060067,-0.9217499938715958,0.17672579638046704,-0.34517378476848903
43.233347306006706,-0.8969261211101875,0.2316566214691234,-0.3766413984146521
43.43334730600671,-0.853931296066697,0.3616930538821551,-0.37413831181964197
43.633347306006705,-0.8100932028315546,0.4545361736721817,-0.3703321071005947
43.83334730600671,-0.7620542818438032,0.5357255109112039,-0.36369141931375737
44.0333473060067,-0.6724473500749993,0.6590282639922983,-0.3368921320488341
44.233347306006706,-0.6033309773648847,0.7318509997657049,-0.31683725458643863
44.43334730600671,-0.579105215967255,0.7586576416818764,-0.29845557719234006
44.633347306006705,-0.6083619641985403,0.7359596797860652,-0.29708428138440246
44.83334730600671,-0.6291524697920873,0.7168299496706791,-0.3005361758751321
45.0333473060067,-0.6411476740297202,0.704688005427604,-0.3038823375794408
45.233347306006706,-0.6591899012392222,0.6873467010175868,-0.30499702736988216
45.43334730600671,-0.6258401187534759,0.7305584493228814,-0.27314556170946974
45.633347306006705,-0.5761091555598721,0.7789742203993454,-0.24758312711758734
45.83334730600671,-0.5385542101567187,0.8116739440096088,-0.2261520977978307
46.0333473060067,-0.5188379093611754,0.8308812133786705,-0.2011060244351553
46.233347306006706,-0.5284868901397382,0.8246864741603241,-0.20147909640317888
46.43334730600671,-0.5381255471738042,0.8199114439623794,-0.19536150986931883
46.633347306006705,-0.572688751332533,0.7948913537138916,-0.200437845448611
46.83334730600671,-0.6328079858356161,0.7499986470068891,-0.19249956506576033
47.0333473060067,-0.7184452987461595,0.6694104187065539,-0.18901334354128896
47.233347306006706,-0.774905772449856,0.612443231144539,-0.15631485037938367
47.43334730600671,-0.806040397386474,0.5748590852573842,-0.14084001518779596
47.633347306006705,-0.7961445101922523,0.5887039025253591,-0.13993439192046922
47.83334730600671,-0.7851185666698853,0.6018946429824891,-0.14598518767055532
48.0333473060067,-0.8091540011296172,0.5637271965005869,-0.1657753008789917
48.233347306006706,-0.8038101179862572,0.5667655794208566,-0.18073757829145579
48.43334730600671,-0.8088500996704276,0.5586847359923581,-0.1833926989612412
48.633347306006705,-0.8220183045548569,0.5379099922957807,-0.18691909256443537
48.83334730600671,-0.8550100705298308,0.4865054452087187,-0.17963916909972874
49.0333473060067,-0.8970848285678465,0.4074992052902641,-0.17083093408747982
49.233347306006706,-0.9338117939474933,0.3232049193360107,-0.15340832311698918
49.43334730600671,-0.9780020429431584,0.1824326091135844,-0.1011451784862672
49.633347306006705,-0.997855959978594,-0.010174729655679749,-0.06465259477880564
49.83334730600671,-0.9776184430466522,-0.20869641286447346,-0.026608026468369354
50.0333473060067,-0.9369905601131437,-0.3493536262153703,0.0008568016271767474
50.233347306006706,-0.8656183161658991,-0.4963303634797366,0.06603863267956386
50.43334730600671,-0.7590878037313784,-0.6406873385566988,0.11534921083131335
50.633347306006705,-0.680719244707341,-0.7289048719299267,0.07293145797174322
50.83334730600671,-0.654424837459251,-0.7555083556054328,0.030581967346929882
51.0333473060067,-0.5808369418037711,-0.8139108006330718,-0.013328752712661334
51.233347306006706,-0.4973511456301783,-0.8672311538348211,-0.023493908969657147
51.43334730600671,-0.4467449617207482,-0.894424923364937,-0.020566857824046127
51.633347306006705,-0.38454431993597216,-0.9230181055114061,-0.012776654613607679
51.83334730600671,-0.2639109050019577,-0.9641074399262378,-0.029118353317513664
52.0333473060067,-0.20507473962135309,-0.9787166423766228,-0.007621358426418133
52.233347306006706,-0.17281078683879775,-0.9848387222445002,0.015136813402294936
52.43334730600671,-0.15343382966627117,-0.9881543846350336,0.0029953364585431877
52.633347306006705,-0.17203900090308416,-0.9850255820058588,-0.011277631058353138
52.83334730600671,-0.2111379480010397,-0.9766879187732346,-0.03874888690424623
53.0333473060067,-0.2448221898824805,-0.968107638491883,-0.05319488353983213
53.233347306006706,-0.2996269432960095,-0.952384888531806,-0.0564510314108539
53.43334730600671,-0.3924648794650911,-0.9184688708904846,-0.04884927421784277
53.633347306006705,-0.492803347619517,-0.8690434943855561,-0.04368369765873418
53.83334730600671,-0.5509466516684602,-0.832865022806242,-0.05285490328503952
54.0333473060067,-0.5986975818404415,-0.7983625159929717,-0.06464130688484183
54.233347306006706,-0.662181314361407,-0.7451414112294534,-0.07924761309704031
54.43334730600671,-0.7231909198857707,-0.6851560582815799,-0.08692565326082505
54.633347306006705,-0.771857681116632,-0.6296466378652356,-0.0882090217963012
54.83334730600671,-0.7937215190381942,-0.6021175431486823,-0.0863748484704666
55.0333473060067,-0.8114077304145224,-0.5780858118876598,-0.08622232377835404
55.233347306006706,-0.8147776027019968,-0.574193864047961,-0.08024253625639427
55.43334730600671,-0.8100342136231881,-0.5826131051168645,-0.0663817934824622
55.633347306006705,-0.805173316257379,-0.5893954455288536,-0.06564251348736629
55.83334730600671,-0.8108212325241558,-0.5816842791483638,-0.06490245203116132
56.0333473060067,-0.815924435094535,-0.5743950397387584,-0.06586087259651549
56.233347306006706,-0.813868708431721,-0.5772107250020696,-0.06667461569643823
56.43334730600671,-0.816356397738034,-0.5732407719495258,-0.07040773570349051
56.633347306006705,-0.823661911172014,-0.563035686419108,-0.06761561878019959
56.83334730600671,-0.8353236664455346,-0.5445651005569172,-0.07538715760276098
57.0333473060067,-0.8585226950379887,-0.5067519249043838,-0.07836624726507262
57.233347306006706,-0.8804419187821412,-0.46631150469890964,-0.08588136140432652
57.43334730600671,-0.9041791136941404,-0.41610509038704246,-0.09652297194590666
