0.01999981,-0.9842635393023084,-0.1658809479076206,0.060899887695814274
0.21999981000000002,-0.9850484057252831,-0.16302156374065888,0.05571003620200159
0.41999981000000003,-0.9903502151042652,-0.13434346193934046,0.0340335962996798
0.61999981,-0.9922115887133612,-0.12314101174754347,0.018773770231339942
0.81999981,-0.9972313267094526,-0.07328028783989803,0.012636472743875672
1.01999981,-0.9997952275671743,-0.006470288271321789,0.019173896411230094
1.2199998100000002,-0.9993875171947014,0.02292462107947772,0.026439595756617654
1.4199998100000002,-0.9986180149886303,0.04219210278452048,0.031335069854529204
1.6199998100000002,-0.9973740789863661,0.06472750487926593,0.03248533019999717
1.81999981,-0.9964985078279791,0.077142970457793,0.03224416234853541
2.01999981,-0.9965894071792389,0.07738315486881474,0.02866009142837297
2.21999981,-0.9966777433880075,0.07781955620912497,0.024033154316567485
2.41999981,-0.9970532828522634,0.07425639003983063,0.019254601833787622
2.61999981,-0.9977500353505683,0.06545204419182672,0.01452228869879572
2.81999981,-0.9978809078471317,0.06385410113369343,0.01250390029520309
3.01999981,-0.9977087486691348,0.06702183232041185,0.009237251836109997
3.21999981,-0.9977206839701347,0.06718891021558256,0.006251969466430125
3.41999981,-0.9978029008650435,0.06609347092270773,0.004585207377401296
3.61999981,-0.9982783107697347,0.05851070983021037,0.0041123085840470775
3.81999981,-0.9988686182337938,0.047536487477105406,0.0013288589280921912
4.01999981,-0.9997840029053761,0.02028642123460942,-0.0045175931639377075
4.21999981,-0.993392763736352,-0.11402292927189363,-0.013022617114427301
4.41999981,-0.9626777911946411,-0.27017630730372455,-0.016007289349864205
4.61999981,-0.8658369291341789,-0.4989837616634738,0.036628100464870195
4.8199998100000006,-0.6627685702679317,-0.74137202672142,0.10538187823329018
5.01999981,-0.49501086632847235,-0.8613276719664862,0.11436294732792056
5.21999981,-0.44328475660250355,-0.8911809790291346,0.09641103246274366
5.41999981,-0.47764013347874035,-0.8731575215755785,0.0972411713545445
5.61999981,-0.4970009048975443,-0.8620896771254899,0.09895195361735201
5.8199998100000006,-0.4955630192580278,-0.8616527099844713,0.10941618399617249
6.01999981,-0.5722207254806104,-0.815848767560997,0.0833920247964188
6.21999981,-0.6255158292170082,-0.7787170735765341,0.048266621171965875
6.41999981,-0.7192003106867022,-0.6944901936115987,0.020839483810187447
6.61999981,-0.7975035375789825,-0.6032960868705723,0.004683920971106181
6.8199998100000006,-0.8358950718229308,-0.5488881620579558,0.0011020230383494436
7.01999981,-0.8591442299075762,-0.511690077963052,0.006667558074980195
7.21999981,-0.8884577141697365,-0.4583311903289446,0.023987707350626768
7.41999981,-0.8982189159926915,-0.4382054765017946,0.03433277321670568
7.61999981,-0.898635021036665,-0.4372552684381927,0.03553771502891841
7.8199998100000006,-0.9059473025419186,-0.42132306832787514,0.04178943780198807
8.01999981,-0.9118444097202009,-0.40759783387183063,0.0490283416506252
8.219999810000001,-0.9206650941830374,-0.3856594404206521,0.06035379331382729
8.41999981,-0.9425946893834182,-0.3145569384057807,0.11211237240804316
8.61999981,-0.9567735157117934,-0.20667772456728745,0.20461856660670655
8.81999981,-0.9482174344167158,-0.18862970996118922,0.25554359625734874
9.01999981,-0.9443123133648078,-0.19486263723764385,0.26514676584185504
9.219999810000001,-0.9444427860092257,-0.19432950002360716,0.2650733282993721
9.41999981,-0.9461830185435114,-0.18715309656168597,0.26402919131653085
9.619999810000001,-0.9464624200610885,-0.19469085027107436,0.25749633052304655
9.81999981,-0.9462069321677675,-0.2021740854835618,0.2526224073128655
10.01999981,-0.9434818613946157,-0.21073679266034237,0.25579675806894586
10.219999810000001,-0.9425330625746885,-0.2121840723717181,0.25808786369244807
10.41999981,-0.9422332762456163,-0.21583997225747192,0.2561436306281026
10.619999810000001,-0.9433345682036733,-0.21669768843174883,0.2513205209693914
10.81999981,-0.9432117617670595,-0.2180532307584568,0.25060798275410107
11.01999981,-0.9442515740743127,-0.21523654238417692,0.24912285258620345
11.219999810000001,-0.9451256218715751,-0.2135598801479634,0.24724428501596485
11.41999981,-0.9456204739868586,-0.21201816744169721,0.2466783651874104
11.619999810000001,-0.9452224997468299,-0.2139673740389409,0.2465205646984327
11.81999981,-0.9453270272972504,-0.2139301163300168,0.24615181654493093
12.01999981,-0.9453702283273544,-0.2142878161432657,0.24567430318377875
12.219999810000001,-0.9450540670308073,-0.21477189082876783,0.246466722496905
12.41999981,-0.9439258571128941,-0.21769981090993992,0.24821516594169746
12.619999810000001,-0.9441246108525138,-0.21621867425634744,0.2487532996472963
12.81999981,-0.9440649559993186,-0.215926312057893,0.24923319725727194
13.01999981,-0.9436300721573871,-0.2162844699524655,0.25056598926754914
13.219999810000001,-0.9430389157435897,-0.21724636491278837,0.25195559197075645
13.41999981,-0.9431781683642211,-0.21506686768189795,0.2533005826021928
13.619999810000001,-0.9433990754473807,-0.214774220466559,0.25272557976589805
13.81999981,-0.9440029302457134,-0.21420434508669442,0.25094813454873127
14.01999981,-0.9446640601996164,-0.2147295768842812,0.24799399625449328
14.219999810000001,-0.9447926562140703,-0.21461781999059099,0.24760054140984497
14.41999981,-0.9453014105814157,-0.21423136540780438,0.245988140422041
14.619999810000001,-0.9455080310234844,-0.2143169432317485,0.24511795347116647
14.81999981,-0.9460814154060673,-0.21455875360670226,0.24268188369548913
15.01999981,-0.946092185475532,-0.2144041846623304,0.24277648605541152
15.219999810000001,-0.946341780817391,-0.2145873234022755,0.24163922387397269
15.41999981,-0.9464812648326,-0.21425561109633998,0.24138713394590003
15.619999810000001,-0.9465697928272527,-0.21438795117996368,0.24092204900305386
15.81999981,-0.9461618579306266,-0.2156367542196059,0.24140946300196764
16.01999981,-0.9464488824515276,-0.21505102458767336,0.24080608324966862
16.21999981,-0.9467595445340368,-0.21624846114028226,0.23850150500188347
16.419999810000004,-0.9520545446389639,-0.24261804937133644,0.18635618087829428
16.619999810000003,-0.9573763948214981,-0.2861224078805337,0.03955257699867902
16.819999810000002,-0.9270431054594005,-0.36775508398954077,-0.07312509022241574
17.01999981,-0.9076472337749057,-0.4040929395201065,-0.11351385488459557
17.21999981,-0.9154494629435422,-0.3883495497863864,-0.10553154967634587
17.419999810000004,-0.9182157472394341,-0.3909161350836842,-0.06375277917677602
17.619999810000003,-0.9268047504564646,-0.3744593031397089,-0.028516395695365935
17.819999810000002,-0.9243455016518858,-0.3801325751458328,-0.03293355263135091
18.01999981,-0.9183799264615702,-0.3916847437434752,-0.05622608105718126
18.21999981,-0.9166049786431074,-0.39332450572034816,-0.07163202025988481
18.419999810000004,-0.9173454513169911,-0.39048335886786156,-0.07746011486757912
18.619999810000003,-0.918604273277211,-0.3872330214602857,-0.07884653579952346
18.819999810000002,-0.9195807387060799,-0.38453658619699005,-0.08064042954216936
19.01999981,-0.9220277374446691,-0.37877481980177413,-0.0799655379948033
19.219999810000004,-0.9225242796030789,-0.3775877747754799,-0.07985252583933665
19.419999810000004,-0.9244242505536283,-0.37280643214177656,-0.0803440672488155
19.619999810000003,-0.9329136880276222,-0.3522708891209511,-0.07468113127581162
19.819999810000002,-0.9935268962152124,-0.11354897364727642,0.003307125733486936
20.01999981,-0.9568292994844408,0.2892364658349637,0.028634917136505053
20.219999810000004,-0.835933985613567,0.5475876851212202,0.03690662270921182
20.419999810000004,-0.53949851140949,0.8363246439903953,0.09748049056751383
20.619999810000003,0.03332110739346045,0.9958456986248954,0.08474106638677115
20.819999810000002,0.5152616294070147,0.8570279941089065,-0.002910425139485112
21.01999981,0.7209303152819478,0.6930075616076523,7.879546259627352e-06
21.219999810000004,0.87906496802058,0.47662872531973016,0.008357044876401652
21.419999810000004,0.9711034659497901,0.23763272009258293,-0.02210766296344102
21.619999810000003,0.9981853626353941,-0.014249800368121235,-0.058505769031064365
21.819999810000002,0.9754170863194068,-0.21273705608975826,-0.05748436902690978
22.01999981,0.9317490762615431,-0.36241797144240184,-0.022290645152967883
22.219999810000004,0.8471087697491204,-0.5306795267248566,0.028035194474337347
22.419999810000004,0.8445764376691981,-0.5313664706256492,0.06588106578409345
22.619999810000003,0.926254663267065,-0.34473937250781383,0.15233864847416442
22.819999810000002,0.9542311934024177,0.22834082993525978,0.19314060920033044
23.01999981,0.501392893757048,0.8537074479634005,0.14067252532656183
23.219999810000004,-0.36066311801165724,0.9321732859037137,0.031226276652570616
23.419999810000004,-0.7771483919565711,0.6288067938780053,0.025345470052436987
23.619999810000003,-0.8438049909780103,0.5360231424928872,-0.02592928677480288
23.819999810000002,-0.8680552197710745,0.4922225635412612,-0.06478490077989653
24.01999981,-0.873571796078354,0.4851344381810562,-0.0389473232352318
24.219999810000004,-0.8871262104363379,0.4603524962298758,0.03290388991874623
24.419999810000004,-0.9335925545535358,0.33349116433504117,0.1311052454811091
24.619999810000003,-0.970312495119476,0.17224978457909035,0.1697753619565392
24.819999810000002,-0.9745795871756281,0.16209774378746017,0.15465752396698126
25.01999981,-0.984936271760589,0.13794253779473417,0.10427078611528408
25.219999810000004,-0.9855983379214888,0.15662452993485196,0.06375478734248442
25.419999810000004,-0.981516183154436,0.1872924950616105,0.039338321005655416
25.619999810000003,-0.9759046585172811,0.21438820470162878,0.04059304335821002
25.819999810000002,-0.9694994240425672,0.24271692601282516,0.03404938484048132
26.01999981,-0.9642229085585075,0.26393375920040374,0.02476193379595778
26.219999810000004,-0.9596987370965696,0.2803047825922173,0.020188186426218422
26.419999810000004,-0.9569065439244315,0.2898534292190765,0.017744175510344986
26.619999810000003,-0.9548358056011241,0.29658758960762205,0.01801071994099176
26.819999810000002,-0.954644854783299,0.29723258243060563,0.017492660672631926
27.01999981,-0.9513476738838483,0.30728366758048514,0.022679308500859807
27.219999810000004,-0.9511589572664317,0.30776923136419737,0.0239736988661643
27.419999810000004,-0.9495197196692062,0.31271958062347693,0.02487500460278291
27.619999810000003,-0.9458643903654692,0.32318315988476115,0.0298864552173732
27.819999810000002,-0.9445841615107905,0.326455200809746,0.034463947644248066
28.01999981,-0.9440164327226559,0.3273400852773429,0.041005405987671974
28.219999810000004,-0.9444016904492218,0.32615825838878465,0.04154801513245782
28.419999810000004,-0.9444175584953876,0.326521027043414,0.03820332582544731
28.619999810000003,-0.9442640321717414,0.32754671607961416,0.032841838137125524
28.819999810000002,-0.9441372279766739,0.32846536246244307,0.02674697012631391
29.01999981,-0.9439381443664716,0.329374094791034,0.022214528817182815
29.219999810000004,-0.9434926205723047,0.33078700210748424,0.02004081241738017
29.419999810000004,-0.9427195149344555,0.3330894711119623,0.018202208550017158
29.619999810000003,-0.9416954965808799,0.33606477886177777,0.01643338455322583
29.819999810000002,-0.942235356641995,0.3347418717481901,0.011849556626768176
30.01999981,-0.944814644668816,0.327458065435256,0.009823573725401652
30.219999810000004,-0.9442523113398055,0.3290592520843663,0.01037213319973121
30.419999810000004,-0.9450476855621152,0.326796288202258,0.009437056263278135
30.619999810000003,-0.9441158379033002,0.32953824314342917,0.007059102357363434
30.819999810000002,-0.9456781331801927,0.32503817179054784,0.006561654050935587
31.01999981,-0.9454722132013625,0.3256352560412438,0.00663129603251866
31.219999810000004,-0.9466099180528266,0.3222979308497139,0.007328493297719664
31.419999810000004,-0.946734589449114,0.32188705724594524,0.009074112527593804
31.619999810000003,-0.9477226522191554,0.3187598003202477,0.014627514159482413
31.819999810000002,-0.9478939750248434,0.31806539848531534,0.018204790522789005
32.01999981,-0.9486855683049196,0.3155660479986001,0.020341136657464964
32.219999810000004,-0.9490308499902737,0.31446176381756163,0.021313020984516182
32.41999981,-0.9487961038752005,0.315242883404256,0.02019598312067491
32.61999981,-0.9489625025739756,0.31486910016407116,0.0181002339875911
32.819999810000006,-0.9492310863038546,0.31407705970235394,0.017774851986114622
33.01999981,-0.9489821102716773,0.3116841060109848,0.047811844185803046
33.219999810000004,-0.9503868493368698,0.3010905085803156,0.07816228150703682
33.41999981,-0.9532500143378723,0.2889564105696397,0.0884228644387669
33.61999981,-0.9663699006717219,0.2455142244087614,0.0764982397751127
33.819999810000006,-0.9855029876549674,0.16104359470661483,-0.05337435645611842
34.01999981,-0.9761436330244884,0.14568153990231225,-0.1609984367546591
34.219999810000004,-0.9410518301218765,0.06390897627198674,-0.3321702812958034
34.41999981,-0.9267738177709686,-0.07047368743380818,-0.3689495223925707
34.61999981,-0.932096912720898,-0.07407132726338661,-0.35455434530352503
34.819999810000006,-0.957010714916702,-0.07599389129999332,-0.2799203815725246
35.01999981,-0.9880743167321064,-0.09746964727096097,-0.1192007234678376
35.219999810000004,-0.9902985072960966,-0.13889847105419484,-0.004010135400500283
35.41999981,-0.981748488153383,-0.17417138419481512,0.07638216373087026
35.61999981,-0.9637031999949535,-0.21955223529099088,0.15189785481768941
35.819999810000006,-0.9639902577482611,-0.1867434866710723,0.18934004635145843
36.01999981,-0.9754877202273506,-0.11214821136426287,0.18933168349075435
36.219999810000004,-0.9853164457475696,-0.05310901825632868,0.16226809273306397
36.41999981,-0.9906745576100701,-0.0018209296561013364,0.1362373117735347
36.61999981,-0.9926710346584361,0.016454918967598008,0.11972239803779344
36.819999810000006,-0.9935933087954175,0.035162658764549826,0.10740541953543106
37.01999981,-0.9935760995961546,0.06651194567754079,0.09155706086086317
37.219999810000004,-0.9934082578865765,0.07795328896265649,0.08404354765632936
37.41999981,-0.9937158634113974,0.07695326973324862,0.08128331367447637
37.61999981,-0.9930804276437515,0.08624513135316297,0.07970596934220163
37.819999810000006,-0.9864616533866173,0.1410939214117292,0.08358176678200967
38.01999981,-0.9749720718027566,0.2046968295877843,0.08676789245654266
