0.019999831,-0.7265578815990454,-0.6335198282575577,0.26601930736475066
0.219999831,-0.7294479053106453,-0.6327554644848467,0.2598581836357633
0.41999983100000005,-0.7298761049164741,-0.6337537125014808,0.2561973914046479
0.6199998310000001,-0.7277767662678862,-0.6385910552100528,0.25008487096657844
0.8199998310000001,-0.7295362001636265,-0.640275059375346,0.24046783775115216
1.019999831,-0.7231177934943877,-0.6506963074304913,0.23172175605266795
1.2199998310000002,-0.7219473188368868,-0.6507881237666681,0.23508910393400037
1.4199998310000002,-0.7158187440073447,-0.6446520327046179,0.26837899034304435
1.6199998310000001,-0.6307675967743533,-0.6251065282096846,0.45975435533460857
1.819999831,-0.5261465404020166,-0.5685611369905224,0.6323828362052798
2.019999831,-0.5009078808611438,-0.555461492320955,0.6637422884220774
2.219999831,-0.48771646912160016,-0.5612582107269304,0.6686717181391509
2.419999831,-0.4972017772637674,-0.5704039537876836,0.6537810965370057
2.619999831,-0.530878633417809,-0.5824410778142298,0.6155731211278135
2.819999831,-0.5875557694595606,-0.6019918622838597,0.5407254529969852
3.019999831,-0.6774880769714732,-0.6052673441298286,0.41792505032783017
3.219999831,-0.7730520873355375,-0.6189298526555621,0.13898312040651828
3.419999831,-0.7833456740938418,-0.6154797762544088,0.08691490033525585
3.619999831,-0.7874752765550359,-0.6116966589803564,0.07556378899208095
3.819999831,-0.7781785935397433,-0.6244970385062926,0.06664477063788937
4.019999831,-0.7675583752892907,-0.6379334333077116,0.06241053750369759
4.219999831,-0.7594357499800343,-0.6479086976640914,0.058920803995571425
4.419999831,-0.7164559323458995,-0.6942092097081021,0.06902514152698482
4.619999831,-0.7042294457332551,-0.707659939440763,0.05725642211078781
4.8199998310000005,-0.7114855894675152,-0.7002192422722283,0.05900227734392567
5.019999831,-0.7138085399972277,-0.6968029630950494,0.07030646377812907
5.219999831,-0.7200628895199193,-0.688773398620281,0.08426529825077425
5.419999831,-0.7244715220466343,-0.6837061164432907,0.08767531055814104
5.619999831,-0.7265214966265279,-0.6815867072719158,0.08721281677470248
5.8199998310000005,-0.7268285170613161,-0.6811527886449522,0.08804081614599539
6.019999831,-0.726240308378389,-0.6813357490401503,0.09141450413561066
6.219999831,-0.7259314573385988,-0.68105502787417,0.09585180360103658
6.419999831,-0.7262378808312585,-0.6804698865535361,0.09766920671091943
6.619999831,-0.7253018535205448,-0.6813011827971934,0.09882266743418476
6.8199998310000005,-0.7238332942591147,-0.6829554023288672,0.09816965188800977
7.019999831,-0.7238503020208091,-0.6826027770321857,0.10046984150645377
7.219999831,-0.7225321355355667,-0.6836421086492458,0.10286292043310158
7.419999831,-0.722302446401607,-0.6838789805634212,0.10290148621759321
7.619999831,-0.7231338263295004,-0.6828481248045467,0.10390335735177333
7.8199998310000005,-0.7273363877780085,-0.6782148309986534,0.10491149616465628
8.019999831,-0.7384365383316377,-0.6656928694532668,0.10753828348948104
8.219999831,-0.7582901198363357,-0.6394500823947725,0.12688453918391557
8.419999831,-0.7742916775812289,-0.6113579406114964,0.16344377161494053
8.619999831,-0.7782419803214045,-0.6028525853041975,0.175807225270932
8.819999831,-0.7759682079652126,-0.6046753460945402,0.1795579740716204
9.019999831,-0.7712805009692368,-0.610301155714995,0.1807177029446331
9.219999831,-0.7698404112606726,-0.6116101536808001,0.18242467241178523
9.419999831,-0.7674145815505723,-0.6133404821746213,0.1867841346296937
9.619999831000001,-0.7629084298889816,-0.6175711066930849,0.1912502438748955
9.819999831,-0.7536972200020688,-0.628843831628064,0.19103909543464756
10.019999831,-0.7389558388839408,-0.6486810559281044,0.1820910647432517
10.219999831,-0.7320110952301998,-0.6619936141018493,0.1610099728223552
10.419999831,-0.7243421680554442,-0.6887788216505064,0.030201960573431188
10.619999831000001,-0.7104785102643152,-0.7001311676147566,-0.07096925099645003
10.819999831,-0.7040560464548797,-0.7003147855126439,-0.11774669695029287
11.019999831,-0.7061246723182822,-0.69645445181884,-0.12782465992568925
11.219999831,-0.7125127954361816,-0.6907075772872368,-0.12348505584771662
11.419999831,-0.7166125386510465,-0.6892576105025032,-0.10672589101283105
11.619999831000001,-0.7186220191176917,-0.6916760496434202,-0.07187931544530185
11.819999831,-0.6878463386106546,-0.7063188452799445,-0.16727553097307074
12.019999831,-0.5446318675193264,-0.6593892883594195,-0.5182488738813326
12.219999831,-0.48945204827532157,-0.6429171453319936,-0.5891470416434705
12.419999831,-0.5084623107891573,-0.6257151146791847,-0.591562907702102
12.619999831000001,-0.5384855948797169,-0.6091390301552038,-0.5822223853894797
12.819999831,-0.5646102863219405,-0.5885187804727964,-0.5786716423069899
13.019999831,-0.5918325360288208,-0.5758965015369644,-0.5639835714053908
13.219999831,-0.6159157181809913,-0.5840717135176957,-0.5286852197348597
13.419999831,-0.6882555089129221,-0.6024872029566661,-0.4041206808918199
13.619999831000001,-0.8542351842740279,-0.4761685622785191,-0.20867618514321662
13.819999831,-0.9954256254544268,-0.0890003511164023,-0.034738475640422116
14.019999831,-0.9945773603678146,0.1038733252646959,0.00511923258354236
14.219999831,-0.9863051736121318,0.16445693113007304,-0.012490889048475952
14.419999831,-0.9882354825081935,0.15007714027132324,-0.029453065711056763
14.619999831000001,-0.9940760849970809,-0.09553320846177374,-0.05182801672720674
14.819999831,-0.9064822876972071,-0.4222133441010266,-0.005074855098064459
15.019999831,-0.7978797422803167,-0.5994472705355854,0.06364657654683381
15.219999831,-0.6206021686327374,-0.7799044929407591,0.08125226260948569
15.419999831,-0.31760265307893043,-0.9406137377497703,0.11989308200905881
15.619999831000001,-0.21945499692935122,-0.9615089831377921,0.16534805613634507
15.819999831,-0.30514490876411177,-0.9299836373995762,0.20498053279371645
16.019999831,-0.3649027246178479,-0.8913906244198346,0.2688284885626683
16.219999831,-0.45716521157659545,-0.8512029100386871,0.25778590975031646
16.419999831000002,-0.5513663433211561,-0.7903560090660602,0.2670815126245687
16.619999831,-0.5831531396899247,-0.7685879740420489,0.26306832159673327
16.819999831,-0.5919976365914399,-0.7677392201839889,0.2451841921116253
17.019999831,-0.627322203996024,-0.7427988987611301,0.23391590021378134
17.219999831,-0.6820554470320822,-0.689597568235643,0.2434246517042894
17.419999831000002,-0.7361507257937565,-0.6236657745855162,0.26291274317532404
17.619999831,-0.7777272849354915,-0.5633823782828239,0.2788199528499675
17.819999831,-0.7844256700572468,-0.5505041285087667,0.2856948943366722
18.019999831,-0.7775415360131478,-0.5649023718443316,0.2762507376622984
18.219999831,-0.7468148964880921,-0.5783713408586766,0.32825920010993903
18.419999831000002,-0.7370612263880284,-0.5901955010163517,0.32925676778987056
18.619999831,-0.7328006873985251,-0.5956571102830457,0.3289312382816517
18.819999831,-0.7249309535558652,-0.6101211498292881,0.3197300347286309
19.019999831,-0.7257717680290581,-0.6225614079973778,0.29269887940389844
19.219999831000003,-0.7361740163818454,-0.6226272015611837,0.26529829528346394
19.419999831000002,-0.7402844756812735,-0.6234716018310253,0.25151949581604494
19.619999831,-0.7395047165090425,-0.6280261715647667,0.24231364404544625
19.819999831,-0.7376238358655808,-0.6304575734375703,0.24173192767641863
20.019999831,-0.7317142575868747,-0.6379060649163958,0.24014599223590594
20.219999831000003,-0.7276879199529065,-0.6434577516917409,0.23755507349333269
20.419999831000002,-0.724644819043478,-0.649215153614481,0.23110510714990895
20.619999831,-0.7060705041302252,-0.6717540266195292,0.22407804648768853
20.819999831,-0.6835979857698989,-0.6986736143990901,0.2110662796228919
21.019999831,-0.6756984028991541,-0.7065865709986026,0.21015966788127863
21.219999831000003,-0.668350061029588,-0.7134491422918985,0.21047212947252686
21.419999831000002,-0.6869363778433379,-0.6959597382109051,0.209185218370906
21.619999831,-0.7013782275639378,-0.6825379181196523,0.20545211663100604
21.819999831,-0.7046728733727413,-0.6796032189421728,0.2039009718859679
22.019999831,-0.7056734072954503,-0.679343907023558,0.20128809757657626
22.219999831000003,-0.7068388853693177,-0.6781090718991187,0.20136255048537763
22.419999831000002,-0.7083817199827295,-0.675683465956326,0.2040764381979368
22.619999831,-0.7085955832199127,-0.6749528298041021,0.20574493184685524
22.819999831,-0.7088947060703669,-0.6730359531267528,0.21092866449150902
23.019999831,-0.7095717663050529,-0.671032780996237,0.21499515178529877
23.219999831000003,-0.7103058199307872,-0.6695643891913192,0.21713859836359806
23.419999831000002,-0.7100164377216297,-0.6699362303148899,0.21693802220118472
23.619999831,-0.7104446800757929,-0.6692215736338064,0.21774030847570838
23.819999831,-0.7102426333918129,-0.6694632765450005,0.21765643356054382
24.019999831,-0.7110252683065652,-0.6684704636140164,0.21815202750659635
24.219999831000003,-0.7112539215098216,-0.6679701583656675,0.21893772326816074
24.419999831000002,-0.7124426081731898,-0.6668072064957282,0.21861765579373055
24.619999831,-0.7105173079956522,-0.6694138274345321,0.2169107712356896
24.819999831,-0.7075694332573996,-0.6725715631144112,0.2167786650241212
25.019999831,-0.7081731066995347,-0.6715142304571186,0.21808138215151193
25.219999831000003,-0.7085609601284389,-0.6715237413958616,0.2167884464715986
25.419999831000002,-0.7050002948403112,-0.676093917205749,0.21417656125837065
25.619999831,-0.7015365275972884,-0.6800610576109486,0.21298699107649
25.819999831,-0.699203179193339,-0.682716560849152,0.21216270112400482
26.019999831,-0.693085365891685,-0.6893429573477055,0.2108055092778852
26.219999831000003,-0.6915296934912731,-0.6910545010985066,0.21031015080437704
26.419999831000002,-0.6896994161852342,-0.6930227084093328,0.20984337240604053
26.619999831,-0.6901513664143568,-0.6921679133132975,0.2111745041805756
26.819999831,-0.6900140684455282,-0.6922985255969765,0.2111950207829304
27.019999831,-0.689805644634931,-0.6925980660823831,0.21089355487717185
27.219999831000003,-0.6921290341158024,-0.6906983831244973,0.20950690605116487
27.419999831000002,-0.6934259927750266,-0.6891420998224748,0.21034152893862768
27.619999831,-0.6943706461145154,-0.6883566874251494,0.2097962742557296
27.819999831,-0.6953481138094895,-0.688783072241076,0.20510699650604303
28.019999831,-0.6889893457893929,-0.6958911177943449,0.20255674159020806
28.219999831000003,-0.6866704116786878,-0.6987005520434291,0.2007517977484352
28.419999831000002,-0.6821694226231086,-0.7024641287785036,0.2029507985141032
28.619999831,-0.6764705671024398,-0.7072073396135999,0.20553673793450616
28.819999831,-0.676917159746278,-0.705503951649368,0.20987456503387691
29.019999831,-0.676935777950644,-0.7043879436230348,0.2135312094492719
29.219999831000003,-0.6778375156822918,-0.7029885856800738,0.21527505832582744
29.419999831000002,-0.680465627443979,-0.7007070517737868,0.2144205154871142
29.619999831,-0.681369234297925,-0.7005362647298428,0.2120964600143513
29.819999831,-0.6839419297915158,-0.6973304469221699,0.21436810506319356
30.019999831,-0.6890034386333707,-0.6925465279687328,0.2136669561486854
30.219999831000003,-0.6907576867030937,-0.691687512970275,0.21076575305676676
30.419999831000002,-0.6951581011836736,-0.6894423118813159,0.20353012785938027
30.619999831,-0.6949479077482387,-0.6877826090578409,0.20976770054976168
30.819999831,-0.6921115548001756,-0.6846380225947342,0.22858778123437826
31.019999831,-0.6942298621822416,-0.6829882944826993,0.22709444743110677
31.219999831000003,-0.6951200202813812,-0.6819106511628115,0.22760936104370436
31.419999831000002,-0.6930129651232522,-0.6847461851509127,0.22551206640078103
31.619999831,-0.693740475334179,-0.6848597111606921,0.22291551967505746
31.819999831,-0.6939149750614634,-0.6843562076821975,0.22391647637520956
32.019999831,-0.6918492945612957,-0.6861051299067857,0.22495400492240653
32.219999831,-0.6918437771743917,-0.6868068275151767,0.22281958994578754
32.419999831,-0.6900624090701362,-0.6894030390898028,0.22031187276691094
32.619999831,-0.6898973334955806,-0.6901600830497769,0.21845074731026415
32.819999831000004,-0.687803189651313,-0.693163074559216,0.2155266210311266
33.019999831,-0.6871720626049792,-0.6937805589261242,0.21555299216520682
33.219999831,-0.686419593052824,-0.6944592463389891,0.21576491245677232
33.419999831,-0.6869391486540805,-0.6937027940670214,0.21654338953201757
33.619999831,-0.6868110735929636,-0.6935663735315719,0.2173849918838571
33.819999831000004,-0.6883624223079696,-0.6919992691103289,0.21747226743903472
34.019999831,-0.689875545431829,-0.6905321131938617,0.2173410510307621
34.219999831,-0.6920415524831423,-0.6905430123122485,0.21030653290720303
34.419999831,-0.6980244470210173,-0.6855288309345346,0.20691083422221745
34.619999831,-0.7005586414123028,-0.6825993120982599,0.20802828909917828
34.819999831000004,-0.6981613560264844,-0.6849713857439912,0.20829047424982508
35.019999831,-0.6969660067174763,-0.6851369791238663,0.21172081928170883
35.219999831,-0.697468946506424,-0.6831682416998018,0.2163751884852331
35.419999831,-0.6840960914658677,-0.6906309203606519,0.23460918456642366
35.619999831,-0.6817619274831865,-0.6937998099047202,0.23203986297743043
35.819999831000004,-0.6873558062926913,-0.689520045092735,0.2282632317545628
36.019999831,-0.6900790542443885,-0.686829628955288,0.22815775174714337
36.219999831,-0.690383598222312,-0.6860326038321642,0.2296296012818783
36.419999831,-0.6931309105835387,-0.6825325548421727,0.23177327795552993
36.619999831,-0.6924021584442367,-0.6834005246913398,0.23139354751886143
36.819999831000004,-0.6897019358798173,-0.6861480880994841,0.2313266972077694
37.019999831,-0.6899923685293851,-0.6854340289161428,0.23257412447431441
37.219999831,-0.6901083048985075,-0.6855863774795017,0.2317797370881296
37.419999831,-0.6905132609383529,-0.6852038258811687,0.23170488442432902
37.619999831,-0.6915550221830175,-0.68398681871806,0.2321932021257162
37.819999831000004,-0.6945772418903018,-0.6801371239326741,0.234469502700567
38.019999831,-0.6953231926936095,-0.678984069444965,0.23559773161539685
