0.03999998263888889,-0.989690184387358,0.022427412826075282,0.1414579445674444
0.2399999826388889,-0.987786412784874,0.045856949829305146,0.14891320582790293
0.4399999826388889,-0.9857028075812069,0.03143260460755326,0.16553539347858903
0.639999982638889,-0.9797363269736843,-0.017740779750782237,0.19950437173643223
0.839999982638889,-0.96873880400559,-0.12383762603567615,0.2149636527221928
1.0399999826388888,-0.9463657515571484,-0.24855023447855876,0.2064331495189818
1.239999982638889,-0.9325891869047556,-0.2964838418889992,0.20585125689940856
1.439999982638889,-0.9129121076920315,-0.3447217765449421,0.2185369085646429
1.639999982638889,-0.8928235230074477,-0.3928047588636764,0.22038733670204014
1.8399999826388889,-0.8837478389580598,-0.37915431068482836,0.27428409692519834
2.039999982638889,-0.9266420438546507,-0.3027654013398491,0.2228623662990132
2.239999982638889,-0.946558279415249,-0.19537793157901137,0.25662207138582327
2.439999982638889,-0.954264739394677,-0.03807874483652912,0.2965279351759018
2.639999982638889,-0.93455055875622,0.042233655159548814,0.353315116433336
2.839999982638889,-0.942280226894151,0.09302362804976891,0.3216435583511134
3.039999982638889,-0.918325378790506,0.19540218357234246,0.3442331845194972
3.239999982638889,-0.8834741603304498,0.3512355038557098,0.3100113366630839
3.439999982638889,-0.7682076373644056,0.5386895427580973,0.34593439033734485
3.639999982638889,-0.7324828171168196,0.5859430469571578,0.3466116967893174
3.839999982638889,-0.7162660278335071,0.6220841443700297,0.316187119748762
4.039999982638889,-0.6884854722835696,0.6417893042413828,0.337778393944657
4.239999982638889,-0.6674162751260196,0.6670579626866198,0.33104258051387486
4.43999998263889,-0.6441990414710348,0.6888493882945875,0.3324065510996624
4.63999998263889,-0.6546425344917948,0.6775594799665426,0.33519591754916694
4.83999998263889,-0.6710438507483514,0.6610269333471182,0.3357730539553899
5.039999982638889,-0.7245928555601855,0.597291061773601,0.3438147483696715
5.239999982638889,-0.7961443474939736,0.4813400405683718,0.36669598211465837
5.43999998263889,-0.806129715840637,0.4552669055635609,0.37800387026758625
5.63999998263889,-0.8201597168735291,0.43277700435840916,0.3742219973712054
5.83999998263889,-0.8289389731732908,0.4080342090624427,0.3825810541430372
6.039999982638889,-0.9202281052568295,0.24731193716761934,0.30334310611883897
6.239999982638889,-0.9604258564801922,0.10930148768734263,0.2561939870364302
6.43999998263889,-0.9650123466204458,0.07772426812097165,0.25041986545631867
6.63999998263889,-0.9736353465328869,0.018516241533779464,0.22735734160402224
6.83999998263889,-0.9801017326556685,-0.007336508396483407,0.19836020087181058
7.039999982638889,-0.9775398317948985,-0.024105292342374317,0.20936764825419008
7.239999982638889,-0.9841595881462583,-0.03670871507781369,0.17344271474213777
7.43999998263889,-0.9983264741398332,-0.046972147101876624,0.03373230540844793
7.63999998263889,-0.9986188916032066,-0.04356864795770973,-0.02936123717285422
7.83999998263889,-0.9976671769309112,-0.06311047565396637,-0.026024448840196744
8.03999998263889,-0.9975768086812641,-0.06792716496956973,-0.015046961171659122
8.23999998263889,-0.9968808862239092,-0.07837839144039305,-0.009237231005566218
8.43999998263889,-0.9962626599090124,-0.08637515457535296,0.00021246906453293936
8.639999982638889,-0.9966594640883196,-0.08153202036847669,0.004737330241550747
8.83999998263889,-0.9956814612394146,-0.09203668201021221,0.012152238834701694
9.03999998263889,-0.9793238744232858,-0.2013034266604194,0.020041941007233735
9.23999998263889,-0.9599971223539848,-0.27866013845985227,0.02746001284785165
9.43999998263889,-0.9311708455103063,-0.36291556204909586,0.034830321477274544
9.63999998263889,-0.8642887111258828,-0.5015638529411642,0.037930531807171486
9.83999998263889,-0.7896717310592637,-0.6112827947654588,0.05245857403319186
10.03999998263889,-0.7471108681949621,-0.6601151471745749,0.0779316565694529
10.23999998263889,-0.7451002905592988,-0.6569808232952682,0.11489888959742149
10.43999998263889,-0.767026299414429,-0.6242180802872366,0.148399610003273
10.63999998263889,-0.7698311318113265,-0.6161484403517636,0.1664966304349174
10.83999998263889,-0.7857738654903055,-0.5892190210497462,0.1880967239098084
11.03999998263889,-0.8162904945858844,-0.532392533859718,0.22411608228585744
11.23999998263889,-0.8742694726095647,-0.39087541845918705,0.2878702772210929
11.43999998263889,-0.9181115393993675,-0.2603172160679709,0.29884134292353953
11.63999998263889,-0.9329834512608226,-0.20396363844273505,0.29654799589045633
11.83999998263889,-0.9427322184484812,-0.15971453112808187,0.29282628441747205
12.03999998263889,-0.9478558282506919,-0.13632148594236673,0.28807252788431764
12.23999998263889,-0.9472852173030281,-0.13249024653227714,0.291713989470802
12.43999998263889,-0.944534082446204,-0.1362934988674219,0.2987966687631973
12.63999998263889,-0.9463617300136087,-0.10282590675585987,0.3063108043564345
12.83999998263889,-0.9477364501672989,-0.08310473598469315,0.3080409451374955
13.03999998263889,-0.9480448715591693,-0.08053117993644052,0.307775324820562
13.23999998263889,-0.947993844590739,-0.07501317820711338,0.30932296021042144
13.43999998263889,-0.9487327718324267,-0.07710885684203052,0.3065295285085529
13.63999998263889,-0.946814497830734,-0.08505774219681284,0.31033447631533967
13.83999998263889,-0.9447696206493413,-0.08642441369303669,0.31613475705134825
14.03999998263889,-0.9459753198296095,-0.08034715756952807,0.3141258164235555
14.23999998263889,-0.9456578769997458,-0.08499366781159994,0.3138586562455552
14.43999998263889,-0.9335320682493992,-0.16811600346113226,0.3166305211603211
14.63999998263889,-0.6928366951533652,-0.6702001596820569,0.2660997177959962
14.83999998263889,-0.4511320094478886,-0.8634879112783342,0.22554054431008694
15.03999998263889,-0.39931498261036186,-0.8951731239534386,0.19802177358646336
15.23999998263889,-0.34340573216677955,-0.9212461050422343,0.1826967899540417
15.43999998263889,-0.3564744521815822,-0.9207787319489151,0.1584060975227551
15.63999998263889,-0.4513329847130359,-0.88331753127206,0.12668336851164136
15.83999998263889,-0.5284403296131066,-0.8429912979126012,0.10058076198766587
16.03999998263889,-0.6637550046532952,-0.7444522587110297,0.07225045534631527
16.23999998263889,-0.9676401235466061,-0.24503004400958273,0.06027328459085859
16.43999998263889,-0.9939204164990605,0.03009061575338771,0.10590920880601755
16.63999998263889,-0.9886785871735718,0.03651263402084273,0.14553858189954336
16.83999998263889,-0.985306824388859,0.11719001597208917,0.12424557122571364
17.03999998263889,-0.9821833817689294,0.06073982660909975,0.17783834805926
17.23999998263889,-0.974575115083128,0.10939990278755954,0.19553773633439658
17.43999998263889,-0.9531490289376965,0.2361664015615425,0.18903004895676864
17.63999998263889,-0.9445188659016122,0.2618453058782284,0.19829560697471085
17.83999998263889,-0.9481491120711386,0.23564050596140756,0.21327637756902132
18.03999998263889,-0.9530658886098107,0.20668176738261249,0.22124208234418596
18.23999998263889,-0.9517049205599035,0.20867966715882494,0.22519001020593654
18.43999998263889,-0.9548485769373234,0.19253763476506408,0.22625970547104252
18.63999998263889,-0.9623870183543599,0.14731474428495986,0.22827525713327454
18.83999998263889,-0.9703240732652075,0.037956816652037303,0.23881053768973481
19.03999998263889,-0.9659822923830059,-0.1135067923439651,0.2323669918345914
19.239999982638892,-0.8907954559916067,-0.40628697661191937,0.20350515526701224
19.43999998263889,-0.6222044118995992,-0.7405140704953376,0.25396964623966356
19.63999998263889,-0.3374382360956689,-0.9116551596274081,0.2345640781223098
19.83999998263889,-0.0951878894021771,-0.973748170271187,0.20676983968817786
20.03999998263889,0.03757905453553434,-0.9941256621210478,0.10149868261511336
20.239999982638892,0.16051513052046668,-0.9702087847368347,0.18146571823204696
20.43999998263889,0.3063563802408371,-0.9293211576372112,0.2061745722769065
20.63999998263889,0.6024789616905348,-0.7748098511784182,0.19154319418129268
20.83999998263889,0.7985847012365977,-0.5830253698804565,0.1494787377074436
21.03999998263889,0.920915580011228,-0.37711781108507175,0.09847157485786542
21.239999982638892,0.9930413472287853,-0.11217298947289088,0.03586227999937594
21.43999998263889,0.9992926191069588,0.03719713731319328,0.005534832794075439
21.63999998263889,0.9930258595000141,0.1176988498261214,0.006828112027959174
21.83999998263889,0.9862768395429684,0.13283904222656812,0.09803970951334792
22.03999998263889,0.9857812780680536,0.07524122088457497,0.15024656565230954
22.239999982638892,0.9858078853867054,-0.003048003352438481,0.16784970296356116
22.43999998263889,0.969633570017145,-0.13169977547449255,0.20607258196027511
22.63999998263889,0.9200481558616033,-0.3245198459511414,0.21954102231589925
22.83999998263889,0.6511753656121515,-0.7468000034287136,0.13513104047092359
23.03999998263889,0.3956177990698186,-0.9138609402222257,0.09134954293975504
23.239999982638892,0.34942275490775493,-0.9326513759221262,0.08980617653168234
23.43999998263889,0.286095287836066,-0.9551216466941703,0.07676018690841643
23.63999998263889,0.1231097609577832,-0.9895841343638736,0.07461385777602067
23.83999998263889,-0.3197395517624605,-0.9441318018299667,0.07988591748263275
24.03999998263889,-0.5327555594103727,-0.8415395641393756,0.08934582198094701
24.239999982638892,-0.4972923611914819,-0.8666895798267388,0.03936343125734533
24.43999998263889,-0.7064184964843275,-0.7071007433660673,0.031328047433211346
24.63999998263889,-0.8217272393351166,-0.5668171424754169,0.059014160425193064
24.83999998263889,-0.8831286761318299,-0.4683817237414029,0.026500985994377342
25.03999998263889,-0.966682097255694,-0.18961371731013701,0.17196616252380664
25.239999982638892,-0.973962239566373,0.08868290109551252,0.20864539044066746
25.43999998263889,-0.9556320397820017,0.12503622303553258,0.26670835658280256
25.599988888888888,-0.9367449569785106,0.16673001253591951,0.30774987976455964
