0.04170832765280618,-0.9994897944441674,-0.004732627988914488,-0.0315872289742948
0.2417083276528062,-0.9990814771585349,0.0047275296505006,-0.04258934681494666
0.4417083276528062,-0.9756240524057265,-0.1640296412568955,-0.145780606242952
0.6417083276528063,-0.9269583882944593,-0.3326680937297649,-0.17343611441894854
0.8417083276528062,-0.7752042563334678,-0.59984032840535,-0.198115979620618
1.041708327652806,-0.16964027762358802,-0.9546817831932531,-0.24455034051651325
1.2417083276528063,0.19983725027395532,-0.8765217083550745,-0.437920961116554
1.4417083276528062,0.4866861061927036,-0.6916194729813885,-0.5336657555361135
1.6417083276528062,0.7194137031030531,-0.40134605297819254,-0.5668908797523364
1.8417083276528061,0.4500508818947128,-0.361062897965915,-0.8167544229560356
2.041708327652806,0.28627372437502974,-0.4079095435459338,-0.8669816370700115
2.2417083276528063,0.04963543700325414,-0.4222772427623061,-0.9051067636685526
2.4417083276528064,-0.3853197295798857,-0.38902052705988316,-0.8367746025797714
2.641708327652806,-0.5392069925356631,-0.33112252544657,-0.7743472685704592
2.8417083276528063,-0.756828407204268,-0.1649612561964289,-0.6324543825468735
3.041708327652806,-0.8705456019620712,-0.0049552279089563125,-0.49206280150085097
3.2417083276528063,-0.738503633065944,-0.36752295815313857,-0.5652780370567817
3.4417083276528064,-0.7278028160191713,-0.4087062137974658,-0.5506925565121654
3.641708327652806,-0.8533388287479595,0.2854128576796307,-0.4362938734639845
3.8417083276528063,-0.220261925833665,0.9469354628710756,0.23408954095641993
4.041708327652806,0.4190798878007256,0.8092874208901132,0.4116137971812419
4.241708327652806,0.36303572460704114,0.8763425086505309,0.31658943474338336
4.441708327652806,0.37187255900059996,0.8460703782410931,-0.3819367944114828
4.641708327652807,0.2848568960438377,0.7370749225849207,-0.612843460659167
4.841708327652807,0.15754632757808498,0.5443043752469732,-0.8239611045150502
5.041708327652806,0.09642876910562612,0.48744411408402316,-0.8678131873471479
5.241708327652806,-0.20629044461537083,0.614371898470237,-0.7615716793778964
5.441708327652806,-0.748241088587208,0.31002975857363463,-0.5865294725319468
5.641708327652807,-0.7632589841870494,-0.29447448228799017,-0.5750830395160106
5.841708327652807,-0.6902419700216345,-0.49503807706411246,-0.5277341424214657
6.041708327652806,-0.7115494144138426,-0.4643730676734729,-0.5273092876736059
6.241708327652806,-0.7250654175472724,-0.4280207761046685,-0.5395167796276196
6.441708327652806,-0.7260638250399833,-0.4214181497565669,-0.5433581369815497
6.641708327652807,-0.7121461801710939,-0.41665014098475384,-0.5650225465281052
6.841708327652807,-0.6684620062616109,-0.4201733336660317,-0.6136879629426306
7.041708327652806,-0.5420291324357237,-0.41607197024403625,-0.7301291222573051
7.241708327652806,-0.5405746452950538,-0.4106071105219768,-0.7342893528119008
7.441708327652806,-0.6528679769618695,-0.3029272513629864,-0.6942611072495577
7.641708327652807,-0.6635454503836917,-0.2889896783069751,-0.6900669540755704
7.841708327652807,-0.6924816311955987,-0.22247438021442914,-0.6862757030559137
8.041708327652806,-0.8385483716835547,-0.020390346993263246,-0.5444454629220029
8.241708327652807,-0.9353960708648578,0.19890721399710784,-0.2923527164753139
8.441708327652806,-0.916412724975688,0.3860353072729652,-0.10566200377288588
8.641708327652806,-0.8548713604010231,0.5107322149139149,-0.09136499228495831
8.841708327652807,-0.668422542336935,0.743779865870355,-0.0016781006242718606
9.041708327652806,-0.4748369049015518,0.8745127527795228,0.0987793448525352
9.241708327652807,-0.4329736614830238,0.8982135197607911,-0.07580423062675777
9.441708327652806,-0.5032511978370899,0.7925619570990621,-0.3443599512644273
9.641708327652807,-0.6656821787068838,0.6132254152061913,-0.42523149824213524
9.841708327652807,-0.8351453120517814,0.3011316560869942,-0.4602738678876274
10.041708327652806,-0.8274403274299593,0.3098712033224524,-0.4683186328709307
10.241708327652807,-0.8762147842080178,0.2477390077154764,-0.4133679184351975
10.441708327652806,-0.9469166788810476,0.03608945944219436,-0.3194469504848295
10.641708327652807,-0.9240149644924724,-0.2349391776614384,-0.3016619435622302
10.841708327652807,-0.6656042773401145,-0.4706487976159471,-0.5791896539901309
11.041708327652806,-0.3265046924355159,-0.6088370567040795,-0.722988329229112
11.241708327652807,-0.1774435349471603,-0.5971253550660348,-0.7822755922580725
11.441708327652806,-0.05208121860999465,-0.45651678598999235,-0.888189152589394
11.641708327652807,-0.0017751313228741572,-0.6728938875139865,-0.7397368890727981
11.841708327652807,0.05818019889676662,-0.7877292930502351,-0.6132679881804615
12.041708327652806,0.6073153904213697,-0.695638546523272,-0.38373822998018975
12.241708327652807,0.7023721185488483,-0.5967108144062797,-0.3880845411193252
12.441708327652806,0.6919776257133596,-0.6827489996161238,-0.23456506354375045
12.641708327652807,0.3039804956143923,-0.9298851094209043,0.20714618404233587
12.841708327652807,0.18167791425696717,-0.9439359507653082,0.2756411731291817
13.041708327652806,0.15238164241718655,-0.9555382455636164,0.25244107494511714
13.241708327652807,0.32866376797030733,-0.9410848422437039,-0.07962064633437645
13.441708327652806,0.4292889626340257,-0.8699811324071951,-0.24257744292513442
13.641708327652807,0.6504055112014727,-0.6922651900691525,-0.3126364943784899
13.841708327652807,0.7833305974590291,-0.6215055919301925,-0.011134373982483799
14.041708327652806,0.7783547101009372,-0.6278124112791796,-0.003939734446458701
14.241708327652807,0.6356871169610272,-0.7719385034682714,0.003582763311109489
14.441708327652806,0.1843235959535081,-0.9681099993633003,0.16966980022254582
14.641708327652807,-0.3288106963119908,-0.9102555552519803,0.25163137746261516
14.841708327652807,-0.7319376891574934,-0.6419925789235028,0.22828216706072124
15.041708327652806,-0.9038239975187498,-0.4142491858731975,0.10723709019094316
15.241708327652807,-0.9893029839816232,-0.1437819666877715,-0.024624214514431298
15.441708327652806,-0.9604498310883628,0.270506544453643,-0.06604794750849088
15.641708327652807,-0.7946877533798524,0.606562144388367,-0.023531672763936393
15.841708327652807,-0.8475524032647631,0.5292300116669281,-0.03962976748793209
16.041708327652806,-0.6284342029152277,0.7769327615432048,0.03802547366111236
16.241708327652805,-0.5962578703660153,0.8021111557904882,0.03307938607397843
16.441708327652808,-0.1660120835547163,0.9823641870743071,-0.08602669392495324
16.641708327652807,-0.17944207168596327,0.9505500533893425,-0.2534859737945435
16.841708327652807,-0.5697514880533412,0.7217974236535302,-0.3929271192831184
17.041708327652806,-0.8955657358438704,0.10353054944619952,-0.432716348332016
17.241708327652805,-0.7709313926087871,-0.4713180765144488,-0.42839708057011294
17.441708327652808,-0.2854620218089138,-0.834580408694398,-0.4711549379219735
17.641708327652807,0.1025270689071186,-0.8710384818927812,-0.48039584011857783
17.841708327652807,0.11008617967604173,-0.9246573410242228,-0.3645405803670538
18.041708327652806,0.22209286394208033,-0.9652850894074586,0.13747529215695126
18.241708327652805,0.13628353343178218,-0.9827262523690291,0.1252034800637393
18.441708327652808,-0.08711977135777144,-0.9677263807478653,0.23646521402355689
18.641708327652807,-0.65875183625266,-0.6941874423032499,0.290085872083115
18.841708327652807,-0.7879460244609484,0.6126194677197925,0.061955228245116886
19.041708327652806,0.49762114031565724,0.8544894167796451,-0.14906722417261106
19.24170832765281,0.63368361631002,0.7245204939537306,-0.27113673351521
19.441708327652808,0.8649858292871409,0.4916411053854222,-0.10044171756713917
19.641708327652807,0.8907955944010858,0.4523286540938469,0.04338199720236403
19.841708327652807,0.8945587332553997,0.42765719588214546,0.12989994444461925
20.041708327652806,0.9776232074865124,0.11825354234209007,0.17397978016807192
20.24170832765281,0.9860943498686803,0.07032485898910884,-0.15057339527694233
20.441708327652808,0.9831862080105901,0.024272664160853455,-0.1809854086723317
20.641708327652807,0.9835752579454394,0.0520773745596513,-0.17282262298824266
20.841708327652807,0.995913308845251,0.0853198154449933,-0.029617737208231607
21.041708327652806,0.9772354627714397,0.1892174055483406,0.09595636372563048
21.24170832765281,0.8943667647697161,0.44354992186179915,0.05806510907372381
21.441708327652808,0.890158654240635,0.4552258063410459,0.019673218385560312
21.641708327652807,0.8777361450908803,0.473628899260166,0.07249086415959344
21.841708327652807,0.8717930175654968,0.4611386776981057,0.16531199126163948
22.041708327652806,0.05984028840634481,0.99744938180574,-0.03890849031757528
22.24170832765281,-0.36213898230784597,0.9321173815964634,0.003541810100902456
22.441708327652808,-0.508126858500004,0.8435270874857668,0.17398031023278535
22.641708327652807,-0.5414176226258152,0.8113819051888982,0.22028699880438876
22.841708327652807,-0.504121346002183,0.8634862110876009,0.015913257571161285
23.041708327652806,-0.4946027457662316,0.7668723316196701,-0.4089926049169051
23.24170832765281,-0.5226885845456579,0.6543463221817933,-0.5464682371673738
23.441708327652808,-0.687960612546475,0.4074383418431469,-0.6005865409587414
23.641708327652807,-0.7756427049396097,0.20773467960609698,-0.5960072962329552
23.841708327652807,-0.8708680461491641,-0.08090624765548754,-0.48481236090537794
24.041708327652806,-0.8565754070718329,-0.16889065606252615,-0.4876007775778189
24.24170832765281,-0.8100670993394368,-0.38083711311406593,-0.44581878363605854
24.441708327652808,-0.56249296951365,-0.7529242426476447,-0.34162368782212255
24.641708327652807,-0.3632645514282185,-0.9302218091954245,-0.052213517146873334
24.841708327652807,-0.21478256149084712,-0.9750532472497531,0.056032279153561876
25.041708327652806,-0.5616800182407471,-0.8235453776843444,-0.079300491825869
25.24170832765281,-0.6067533422397049,-0.7918044290813506,-0.06997233573423085
25.441708327652808,-0.576136617048801,-0.8037091214057639,-0.1487220449857327
25.641708327652807,-0.9228337962439569,-0.33822968135735515,0.18433249078463987
25.841708327652807,-0.9543180474436243,0.2009285969349343,0.22114421370939755
26.041708327652806,-0.8266421976723751,0.5611849631068782,0.04164269696018672
26.24170832765281,-0.40485659087529213,0.913932699775386,0.028603515625018165
26.441708327652808,-0.16397303748828207,0.9829214909650438,-0.08353553480957714
26.641708327652807,-0.1113534146129474,0.9930397946629226,-0.038371646692031185
26.841708327652807,-0.04587756666327114,0.9989298844046941,-0.005859600693000217
27.041708327652806,0.04240839612177644,0.9990324545865543,0.011648288335331724
27.24170832765281,0.15438812574692207,0.9877985764860089,0.020451868388166303
27.441708327652808,-0.15917031584294128,0.9505145899933776,0.2668085919984211
27.641708327652807,-0.4584566039670799,0.8094858996300258,0.36681074218067833
27.841708327652807,-0.40595448266797346,0.8710176027091295,0.27663928457942966
28.041708327652806,-0.444698293615412,0.8944107858980211,-0.047673616653502976
28.24170832765281,-0.4918790060654608,0.8558330294879504,-0.1600152149938608
28.441708327652808,-0.5231274485337929,0.8347929848265816,-0.17163433536111297
28.641708327652807,-0.5603765471206792,0.8098217785070398,-0.17368595940029188
28.841708327652807,-0.7432596890135256,0.6412779062298127,-0.19059822052953337
29.041708327652806,-0.8381390341014301,0.5086926578741616,-0.19686223441900452
29.24170832765281,-0.8534604019148628,0.4759849925600871,-0.21223484450225036
29.441708327652808,-0.8455533448836731,0.4847641940201482,-0.22370341336695876
29.641708327652807,-0.9132127497765439,0.3335767613930073,-0.23402781438136003
29.841708327652807,-0.919195421695248,0.3247230888476737,-0.22278844741979212
30.041708327652806,-0.7951110074017025,0.5965909179729448,-0.10898514807463047
30.24170832765281,-0.5699418320121857,0.8163004917456672,-0.09391387170367935
30.441708327652808,-0.4023267562658939,0.9142794707185805,-0.04718294835124881
30.641708327652807,-0.3084546055958204,0.9512267260164881,-0.004844790880991232
30.841708327652807,-0.35587194986709736,0.9301482825776678,-0.09043963575560209
31.041708327652806,-0.29510520379548977,0.8978365983814028,-0.3268063054773184
31.24170832765281,-0.1848074327047462,0.9069338558987616,-0.3785725740748864
31.441708327652808,-0.15111499986072555,0.7976248037503136,-0.5839168855747944
31.641708327652807,-0.1416149043375085,0.6981691895948288,-0.7017870058429257
31.841708327652807,-0.22866593684430514,0.5013913115254256,-0.8344570941959387
32.041708327652806,-0.4180592046965934,0.41297830435984834,-0.8091201526945897
32.24170832765281,-0.4553004495050247,0.3594863175079054,-0.814537346108285
32.441708327652805,-0.41257800763207686,0.4600222418327111,-0.7862308341941013
32.64170832765281,-0.327834076609019,0.47545831329662125,-0.8163725929568214
32.84170832765281,-0.08692535442150458,0.4581447379525972,-0.8846170820445658
33.041708327652806,-0.01584620545393607,0.4343367380121228,-0.9006111790254998
33.24170832765281,-0.004123105188715087,0.41847723019365984,-0.9082179296914622
33.441708327652805,0.10722285683767264,0.4262261837867387,-0.8982396669186687
33.64170832765281,0.626426903970932,0.6612914075817059,-0.41265361774737824
33.84170832765281,0.9016522599250663,0.40267840526959164,-0.1577127265047421
34.041708327652806,0.9853902062789828,0.17028805238386313,0.0028496639757784772
34.24170832765281,0.9917457789595371,-0.12656039689663934,0.02056151388653307
34.441708327652805,0.9431147590770353,-0.3314935997674166,0.025427239809024508
34.64170832765281,0.8889953648168819,-0.4569387111984816,0.02990410577778684
34.84170832765281,0.6867880779984608,-0.7221694598589286,0.08242212789199027
35.041708327652806,0.4614185999038775,-0.8838654426146516,0.07664695045696245
35.24170832765281,0.2671446886722733,-0.9624379046663943,0.04844579419882913
35.441708327652805,0.331810826872775,-0.9417090332998321,0.05554882331338058
35.64170832765281,0.7244656515662481,-0.6723060154549457,0.15216484904137995
35.84170832765281,0.9328555475583371,0.32623361947657276,0.15281411228302708
36.041708327652806,0.7065165345565154,0.7039806785232259,0.07242645003195039
36.24170832765281,0.45436589428335755,0.8899681026239807,0.03883825979567907
36.441708327652805,0.3256532679782658,0.9443099017377701,0.047209729241748884
36.64170832765281,0.03739640191223037,0.996711739892641,0.07188335470888609
36.84170832765281,-0.2853179790363313,0.9573820709390664,0.04486893226998123
37.041708327652806,-0.5569435522713233,0.8260343392784996,-0.0864936408999672
37.24170832765281,-0.6438495494127504,0.7485275018362212,-0.1586327101067855
37.441708327652805,-0.6888343760585579,0.7016027330886335,-0.18237545690848006
37.64170832765281,-0.7430198897927054,0.6394137720938954,-0.19766504857736472
37.84170832765281,-0.7092450221253443,0.6861421719979074,-0.1618036414806973
38.041708327652806,-0.7309786154663473,0.6649978679675259,-0.1531277222763623
38.24170832765281,-0.7227279571958862,0.5933609419162793,-0.35438269215028995
38.44170832765281,-0.7109568539816193,0.5345851144057925,-0.4569016384653317
38.64170832765281,-0.6024811807142156,0.4940776051274222,-0.6268203466678114
38.84170832765281,-0.5473075614436553,0.48346470167182015,-0.6831663892669031
39.041708327652806,-0.5305678313866442,0.5074885946818773,-0.6789352712633857
39.24170832765281,-0.5068431289924349,0.47525746159245497,-0.7191942629038796
39.44170832765281,-0.5415403326984658,0.46854883739655495,-0.6979943087412476
39.64170832765281,-0.5749223989949203,0.3151174624382817,-0.7550928552174123
39.84170832765281,-0.47685160442897195,0.16339115324554057,-0.8636642162290895
40.041708327652806,-0.4454295275289809,0.16367553002677637,-0.8802288661909261
40.24170832765281,-0.5647053394952115,0.1945777251458467,-0.8020270496826558
40.44170832765281,-0.7404254924064112,0.3293893558449186,-0.585894822003739
40.64170832765281,-0.38938867857291226,0.8062980789087001,-0.44526381499890727
40.79074444444444,-0.049113445438604075,0.9010882571835678,-0.4308454737409113
