0.03333333333333333,-0.899897652923924,-0.2733755685672643,-0.3397793589559815
0.23333333333333334,-0.89346037246064,-0.2719817936395736,-0.3574275685661297
0.43333333333333335,-0.9125193778664467,-0.28434987688594826,-0.2940298157214314
0.6333333333333334,-0.925029877515511,-0.30999876010634,-0.2195916538399644
0.8333333333333334,-0.720122356839477,-0.478647530072302,0.5023149740308783
1.0333333333333334,-0.7332457271139028,-0.4724154558619257,0.48905453758448375
1.2333333333333336,-0.7696527979290504,-0.46433181382912925,0.43821289039248423
1.4333333333333336,-0.7994949689789468,-0.45785855685447263,0.3888101548217238
1.6333333333333335,-0.805458434428707,-0.45291038931012834,0.3822419255688789
1.8333333333333335,-0.809363713530955,-0.45694274490243014,0.3689630158978201
2.033333333333333,-0.8058708768374501,-0.4729735490135187,0.35618555809970215
2.2333333333333334,-0.8002047301420261,-0.4886656934408784,0.3476754663652198
2.4333333333333336,-0.7732620797666203,-0.5394896742374337,0.3331916076166817
2.6333333333333333,-0.7732974540330588,-0.5421675970859654,0.3287329375891917
2.8333333333333335,-0.7769441248686905,-0.5333428063106246,0.33451947295894807
3.033333333333333,-0.7651258701898012,-0.5180114753272931,0.38242190600897996
3.2333333333333334,-0.7309805083979731,-0.5403849092894064,0.4167153058798303
3.4333333333333336,-0.7416380827039563,-0.5406713497412883,0.39704841751621855
3.6333333333333333,-0.8225218758236588,-0.4852996569526579,0.29655017577665077
3.8333333333333335,-0.8415998622001415,-0.4620869164281766,0.2796164401650983
4.033333333333333,-0.8526119914310063,-0.444146185211095,0.2752943120198549
4.233333333333333,-0.8240136280776222,-0.46695560500569216,0.3208644631244195
4.433333333333334,-0.9384588525836718,-0.31041770582538925,0.15144579861270643
4.633333333333334,-0.8423200969418321,-0.5385947899558129,-0.02031025653104562
4.833333333333334,-0.8476364686881483,-0.5305178451187788,0.007951915518521766
5.033333333333333,-0.7088833469674989,-0.7050445736077343,0.019913553636774835
5.233333333333333,-0.6435352389906974,-0.7650592741452601,0.023381685600355816
5.433333333333334,-0.6752493885885923,-0.7330425384810734,0.08177346750600953
5.633333333333334,-0.673399479306064,-0.7336469579932263,0.091078440355592
5.833333333333334,-0.6823872078711927,-0.724983454099568,0.09352373931583899
6.033333333333333,-0.7423850066483887,-0.6646866806049533,0.084000705532993
6.233333333333333,-0.8308789437821081,-0.5526554304739275,0.06490112439092381
6.433333333333334,-0.9052524584690508,-0.4210032005168271,0.05722142597251518
6.633333333333334,-0.9669225797732542,-0.25113892900092566,0.04460900206127867
6.833333333333334,-0.9990629890004542,0.014879551497531996,0.040641640674450884
7.033333333333333,-0.9613291274995973,0.2753197843432284,0.0067323821981020915
7.233333333333333,-0.8741685075422985,0.4831219257741707,-0.04922017124642993
7.433333333333334,-0.7672353281085994,0.6340629444980241,-0.09650975969603028
7.633333333333334,-0.6654603944264282,0.7329941745715726,-0.14100355844432347
7.833333333333334,-0.5969124488800125,0.7903228971702594,-0.13814936330100994
8.033333333333333,-0.6240383875008559,0.7729017181206406,-0.11488700993364562
8.233333333333334,-0.7158377154960517,0.6922956958951886,-0.09112098835279504
8.433333333333334,-0.9981985523963527,-0.0575993960187856,0.016791651857334305
8.633333333333333,-0.9634818657507042,-0.265397035144859,-0.03559646198514895
8.833333333333334,-0.8395459274984164,-0.5432591545883887,0.005668031116095368
9.033333333333333,-0.7637435883439768,-0.6434321440555357,0.05187299161955046
9.233333333333334,-0.5192016340224674,-0.8524644683197754,0.061106411125858386
9.433333333333334,-0.010638546912743685,-0.9207145480105438,-0.39009171024430284
9.633333333333335,0.20538116301262477,-0.906058345934643,-0.36996871711235385
9.833333333333334,0.13063564401907507,-0.9346388200738384,-0.33073343423776247
10.033333333333333,-0.060344854909191836,-0.964472472536306,-0.2571990439439725
10.233333333333334,-0.14402712941325357,-0.9583407351414522,-0.24665607910919035
10.433333333333334,-0.21499800358218701,-0.9571721723852159,-0.19390020852758386
10.633333333333335,-0.36123664372216396,-0.9236586266405162,-0.12791727273868092
10.833333333333334,-0.4345732962860051,-0.8965454875497367,-0.08574519758751062
11.033333333333333,-0.440327463886993,-0.8967641376977107,-0.043884004900767055
11.233333333333334,-0.4685299003993028,-0.8831967504893549,-0.021053084260120324
11.433333333333334,-0.5061153653936655,-0.8610621933385333,-0.04918471424610762
11.633333333333335,-0.48887061995949427,-0.8698477804332138,-0.06610866672253665
11.833333333333334,-0.42262521371541933,-0.9032173716274932,-0.07474161038082688
12.033333333333333,-0.27025690033600497,-0.959368418742428,-0.08107678422599462
12.233333333333334,-0.16125090857291063,-0.9823138801074893,-0.09517134775014847
12.433333333333334,-0.11456638309822031,-0.9871983505920428,-0.11096828579437715
12.633333333333335,-0.03673652056793336,-0.9920266778399716,-0.1205549605381344
12.833333333333334,0.04390543393138158,-0.9915945817355902,-0.12170660764279556
13.033333333333333,0.06709337307089874,-0.9817098085496192,-0.17816938874969251
13.233333333333334,0.030908252380482115,-0.9620482630845132,-0.27112325505359375
13.433333333333334,0.037158128992410944,-0.9570032696397264,-0.28768735694961756
13.633333333333335,0.12545495806607565,-0.9521637468977239,-0.27864897737175887
13.833333333333334,0.4789884793927503,-0.8774359085534947,-0.026005057006745116
14.033333333333333,0.6587152107527001,-0.7523007197879096,-0.01174300343266794
14.233333333333334,0.8268215114777923,-0.5622468554286921,-0.015641666091772685
14.433333333333334,0.9220050008214025,-0.38458723315758736,0.04471508193572244
14.633333333333335,0.9666034595063476,-0.2362287072168516,0.09936674472385636
14.833333333333334,0.9748262673812176,-0.1449273417223059,0.16943970622291907
15.033333333333333,0.974491185783281,-0.03567758510524845,0.22157174628492898
15.233333333333334,0.9790299172145901,0.06403565291423566,0.1933904246715451
15.433333333333334,0.9690323964047856,0.15149097743761,0.19500435501033445
15.633333333333335,0.9563403667918194,0.23832717787170787,0.1691545421565609
15.833333333333334,0.9501235139310087,0.2571079519680377,0.17652424567235275
16.033333333333335,0.9536593264255542,0.2456379806702724,0.1737695933522017
16.233333333333334,0.9557072385337633,0.23870290796474233,0.17217606088926604
16.433333333333337,0.9603199827789425,0.22020325068695862,0.17116091569732894
16.633333333333336,0.960475590087404,0.22419270868005525,0.16499778853352295
16.833333333333336,0.9557928189832186,0.24178001982969424,0.16733950278181495
17.033333333333335,0.9574844864249662,0.23568753591612124,0.16635757773334509
17.233333333333334,0.9596539641686459,0.22785266783904476,0.1647647741904605
17.433333333333337,0.9692420343362591,0.19893351090571748,0.14489767808503576
17.633333333333336,0.97323862129268,0.16851275747866368,0.15623711656088723
17.833333333333336,0.97034257137236,0.1808882948539483,0.1603580960454058
18.033333333333335,0.9691830607735189,0.19351491495116743,0.15243415759309392
18.233333333333334,0.9794696624564462,0.18579534384669275,0.07822576642222277
18.433333333333337,0.9804722774728376,0.19586657774000665,0.01761808251896347
18.633333333333336,0.9691933445344355,0.21687594242126965,-0.1167436786684458
18.833333333333336,0.9143497547408123,0.30398419226948914,-0.2675035268098026
19.033333333333335,0.6457400663193852,0.3139456374043701,-0.6960301024414101
19.233333333333338,0.6651394895495316,0.3268863806481321,-0.6713678228724945
19.433333333333337,0.6925488151919847,0.35289733683709634,-0.6291578563679096
19.633333333333336,0.7085650894040637,0.3809397754661211,-0.5939868698427874
19.833333333333336,0.7578413711669194,0.34771267225924857,-0.5520619111097742
20.033333333333335,0.8103385888507226,0.2556705724033159,-0.5272418134275588
20.233333333333338,0.8517309974868842,0.18571867662122243,-0.4899621220809412
20.433333333333337,0.8700827665373481,0.19132982256826822,-0.4542564015737254
20.633333333333336,0.8633576657108195,0.2604932569090468,-0.4321536811867768
20.833333333333336,0.8372067680308163,0.32041488329317197,-0.443191978862003
21.033333333333335,0.7885422172237131,0.35506021529153586,-0.5021288830300824
21.233333333333338,0.6836248781758028,0.38308957984327957,-0.6212080164925584
21.433333333333337,0.6228253137666356,0.3615234536963416,-0.6938223266506789
21.633333333333336,0.5966904704784033,0.3645586068389774,-0.714882860768032
21.833333333333336,0.5583962707287168,0.3474914776716964,-0.7532883098666825
22.033333333333335,0.5619848319407365,0.2510470218729753,-0.7881297110737879
22.233333333333338,0.5690055082346078,0.22936140954960574,-0.7896999907611076
22.433333333333337,0.6017018427838842,0.17865917493207545,-0.7784830066244657
22.633333333333336,0.6199423236116309,0.15991336166770487,-0.7681791667021086
22.833333333333336,0.6735278161112292,0.11765870628026756,-0.7297374252160101
23.033333333333335,0.7604800288943994,-0.013472214681102088,-0.6492215531575949
23.233333333333338,0.8889601291108701,-0.04552918574912528,-0.45571590064008843
23.433333333333337,0.9654402155923922,-0.045493135650661695,-0.2566233908387655
23.633333333333336,0.9724423585544203,-0.038477235795929314,-0.2299464320545567
23.833333333333336,0.960753128037606,-0.004409759916313356,-0.2773697549904028
24.033333333333335,0.9569592167050361,-0.010907003268611225,-0.2900174043794309
24.233333333333338,0.9452900172293346,-0.0515160914369285,-0.322137976105933
24.433333333333337,0.9275950686057867,-0.06903445380698649,-0.36715341873091306
24.633333333333336,0.9234430610316084,-0.06804228939758154,-0.3776548157856705
24.833333333333336,0.9191781920970812,-0.05018284267107281,-0.390631710789833
25.033333333333335,0.9087542432664015,-0.052891900765934176,-0.4139663901558638
25.233333333333338,0.8941159688654038,-0.0713560640897594,-0.44211417794218955
25.433333333333337,0.8795869944779678,-0.10090126651274811,-0.4649146734201222
25.633333333333336,0.8740276236229281,-0.09221067060768753,-0.47704602018058817
25.833333333333336,0.8692516742943281,-0.0762473070379412,-0.48845457814004506
26.033333333333335,0.8644083447333161,-0.04657658429462243,-0.5006284404135014
26.233333333333338,0.8572658590805202,-0.0022956722261119403,-0.5148688927717114
26.433333333333337,0.8535699762342186,0.07471445107538625,-0.5155929077014338
26.633333333333336,0.8458256825061802,0.12866487179986935,-0.5177106002176097
26.833333333333336,0.8417904339911544,0.13742584855148024,-0.522018200248698
27.033333333333335,0.8401690959575199,0.141142628007317,-0.5236359887909842
27.233333333333338,0.8392814973459393,0.13272377747096026,-0.5272484870595618
27.433333333333337,0.8404294541531541,0.11800748791010685,-0.5289164068063854
27.633333333333336,0.8354757783363034,0.1227447475368902,-0.535643492227296
27.833333333333336,0.8340200108436276,0.12172240536594985,-0.5381396450219244
28.033333333333335,0.8317865892199208,0.1228499150621402,-0.541330738424409
28.233333333333338,0.8315496787116892,0.12038222394113081,-0.5422483305584943
28.433333333333337,0.8294487463934213,0.129207242972857,-0.5434337728460896
28.633333333333336,0.8284375129779888,0.14382352463436918,-0.5413003610312779
28.833333333333336,0.8293423110536966,0.14339299000470307,-0.540027574771534
29.033333333333335,0.8297303474191321,0.13580849735122294,-0.5413904345469447
29.233333333333338,0.8132609626589797,0.134043349951755,-0.5662499332880325
29.433333333333337,0.7926391317024049,0.14273396044459125,-0.5927480269303808
29.633333333333336,0.673951786153269,0.103312886870648,-0.7315158490062064
29.833333333333336,0.6475041939954239,0.21951137500054335,-0.7297623414535087
30.033333333333335,0.6525975450330747,0.23892353093098853,-0.7190493658882354
30.233333333333338,0.6323448901975574,0.23420091722225128,-0.7384374517948663
30.433333333333337,0.6164393384751469,0.21843522319033173,-0.7564975844311159
30.633333333333336,0.6128733130885738,0.20998699272399166,-0.7617688396033072
30.833333333333336,0.6218188939403977,0.19713798391233378,-0.7579431894526932
31.033333333333335,0.6294933690750518,0.157209519967777,-0.7609357825217854
31.233333333333338,0.6461088441461537,0.10361021535052697,-0.7561800610907023
31.433333333333337,0.8830876124203578,0.11137710099311042,-0.4557975539250759
31.633333333333336,0.8840876445007139,0.29913810563914955,-0.3590340242871146
31.833333333333336,0.9746602258515331,0.2159810973488781,-0.05822035495437255
32.03333333333333,0.9873871053928907,0.15468061859548277,-0.03377292310072786
32.233333333333334,0.9729052324452285,0.13177551313211644,-0.18997532160642197
32.43333333333333,0.9826882711716317,0.027230136186564016,-0.18325468993990457
32.63333333333333,0.9762732438468507,-0.15130439853400127,-0.15491136928260785
32.833333333333336,0.8733661185546541,-0.4794491541851645,-0.08579120882648275
33.03333333333333,0.7183400938522068,-0.6920086837079449,-0.07149469376954459
33.233333333333334,0.5730223570935133,-0.8183784906637526,-0.04361220345169688
33.43333333333333,0.42814775975229774,-0.9009078857465166,-0.07109484664045579
33.63333333333333,0.36409666582648464,-0.9275987968837698,-0.08363067591392902
33.833333333333336,0.389191122599015,-0.9160747818221016,-0.09662952033259718
34.03333333333333,0.45128940871824247,-0.8869972884318926,-0.09784518329079284
34.233333333333334,0.4407221345900516,-0.8953145509293302,-0.06462085558548361
34.43333333333333,0.37444138871400456,-0.9267315566743445,-0.03102044941445081
34.63333333333333,0.17778208362664433,-0.983561506447493,0.031627421268689546
34.833333333333336,-0.05818235952645939,-0.9929505912457209,0.10326633713223032
35.03333333333333,-0.18320144204642697,-0.9749180188753838,0.12638072679094137
35.233333333333334,-0.3210308018964544,-0.9346943457627135,0.15259654069779044
35.43333333333333,-0.3759297269154236,-0.9114321306937146,0.16723729117756922
35.63333333333333,-0.37985735968657314,-0.9149682573946921,0.136167082116295
35.833333333333336,-0.44180859419217966,-0.8957412362414802,-0.0495257891861915
36.03333333333333,-0.4899208657630661,-0.828241091051954,-0.27201882358218693
36.233333333333334,-0.5451660844309848,-0.7531534948379064,-0.3681762534434243
36.43333333333333,-0.6146450811938724,-0.6874014854927759,-0.38689872306135
36.63333333333333,-0.6622843702477742,-0.6472665137888314,-0.3773929955009265
36.833333333333336,-0.6238223659999453,-0.5267794159080906,-0.5773639256602039
37.03333333333333,-0.7293153024322963,-0.3979415481937123,-0.5565444401476666
37.233333333333334,-0.8227261214801779,-0.22824422961516144,-0.520601863885988
37.43333333333333,-0.8740033062274669,-0.05666055342564257,-0.48260522416252094
37.63333333333333,-0.8911901886004207,0.0748926611330084,-0.44740489162587765
37.833333333333336,-0.9083794600166004,0.14357655719097528,-0.3927244948372033
38.03333333333333,-0.9298252663313692,0.1967135215616337,-0.3110124829112489
38.233333333333334,-0.9282528953640552,0.25910161338794685,-0.2668574829155281
38.43333333333334,-0.8978031350754063,0.3641264970237417,-0.24771238324716527
38.63333333333333,-0.8878054019875719,0.4264581262679494,-0.17301744057093246
38.833333333333336,-0.8687944111060101,0.4891107430874356,-0.07724604991465629
39.03333333333333,-0.8481142904915306,0.527187675995108,-0.052681159278481667
39.233333333333334,-0.8130582782902979,0.5810956599509537,-0.03555376337017778
39.43333333333334,-0.7945254104984817,0.6068264707173926,0.02215866667678642
39.63333333333333,-0.7595277562957943,0.6447202497054801,0.08633300085124036
39.833333333333336,-0.7141718165519525,0.6843325772181649,0.1471310307203384
40.03333333333333,-0.635838072788204,0.7456738404581333,0.19919957040465952
40.233333333333334,-0.583988848975338,0.7867853158332991,0.19981464175969768
40.43333333333334,-0.5409292212324668,0.8229811074973462,0.17348681309909125
40.63333333333333,-0.48628056290380706,0.8665824556367256,0.11209844657522892
40.833333333333336,-0.4514293611265568,0.8914411580198986,0.03929623011194507
41.03333333333333,-0.7800532451128221,0.5112486565156984,0.36075164032870227
41.233333333333334,-0.7790366248503356,0.5131564103939161,0.3602394142975314
41.43333333333334,-0.7735255996621093,0.5310540387501738,0.3458898012293853
41.63333333333333,-0.7665125183639419,0.5533664317949231,0.3259511487231217
41.833333333333336,-0.7584129017263228,0.577806178203266,0.3015789961605336
42.03333333333333,-0.7556774177691116,0.587524426955806,0.2894247536131971
42.233333333333334,-0.7636861814956684,0.5851469321603048,0.27273885674019516
42.43333333333334,-0.7699965102785987,0.5796063425244246,0.2667618073567493
42.63333333333333,-0.7787349670871901,0.5729426851066292,0.25555533768348315
42.833333333333336,-0.7924394055450742,0.5590464325040119,0.24394031000207356
43.03333333333333,-0.8047978200108994,0.5453093824171825,0.23438887847654985
43.233333333333334,-0.8040374664320833,0.5465673207469202,0.2340681876398627
43.43333333333334,-0.7969748195844609,0.5532418339104724,0.24239350271757246
43.63333333333333,-0.791856143219928,0.5501177781502844,0.2652061059022881
43.833333333333336,-0.7934077629923356,0.5411290932994722,0.27871746627793037
44.03333333333333,-0.7879939508077924,0.5262672418097435,0.3195439307642873
44.233333333333334,-0.8028409824905731,0.4808965564563293,0.3523987213683048
44.43333333333334,-0.8216068372166367,0.40903679017838673,0.39705303086544697
44.63333333333333,-0.8397056358230168,0.3486268641916574,0.41635772447614755
44.833333333333336,-0.842697506221392,0.36284051929407346,0.39775327851150866
45.03333333333333,-0.8243649577217608,0.4347858142111901,0.36246891210297183
45.233333333333334,-0.8061082177580592,0.48211201003642934,0.3431582011865082
45.43333333333334,-0.819383100884015,0.4717078413344636,0.3257346257450633
45.63333333333333,-0.8276854452093197,0.46633041816001103,0.3122062537608106
45.833333333333336,-0.845868728621817,0.44550117545423046,0.2933168876976055
46.03333333333333,-0.8426061096858258,0.4575610862983895,0.28399435949602203
46.233333333333334,-0.8390888204525159,0.46969626130760467,0.27443646533444455
46.43333333333334,-0.8329188938497609,0.48128911892789716,0.27314263722403187
46.63333333333333,-0.8160589569556449,0.4842021325147095,0.31558845612707787
46.833333333333336,-0.8119875572422494,0.4401748397419886,0.38330447080862395
47.03333333333333,-0.8119433924251426,0.41925399522011575,0.40616993363507564
47.233333333333334,-0.7999351022357046,0.4112063923081357,0.4370504949500468
47.43333333333334,-0.7827509811283242,0.37105656125591996,0.4996177838023556
47.63333333333333,-0.774478004683893,0.3702362952801018,0.5129414254260626
47.833333333333336,-0.7707061055833093,0.40795566349423684,0.48947346755425486
48.03333333333333,-0.7747937239790326,0.4602260121877157,0.43345899804767674
48.233333333333334,-0.7770359197192628,0.4958252568190854,0.3877789243452091
48.43333333333334,-0.7798697118415304,0.5068514288710984,0.36729397164061156
48.63333333333333,-0.8035038245782231,0.5057921289771427,0.31393618165630083
48.833333333333336,-0.8413362490843632,0.4866057558083301,0.2353043866800161
49.03333333333333,-0.8471472533920119,0.48232143203438355,0.22295193937409957
49.233333333333334,-0.8442584380928206,0.4907263287710207,0.21544224274730078
49.43333333333334,-0.8370049411852809,0.5026104853737056,0.21634562261305992
49.63333333333333,-0.8330211525886493,0.5085837369251759,0.2177575300078088
49.833333333333336,-0.8292040241275525,0.5091837835669728,0.23054839171656774
50.03333333333333,-0.8320288833964775,0.4887843137248809,0.26233153041620433
50.233333333333334,-0.8419082375206639,0.4621674252625738,0.2785530301774025
50.43333333333334,-0.8391502342178355,0.45756098014740254,0.2940490330858107
50.63333333333333,-0.8331863560256579,0.455579225328143,0.3134454746556332
50.833333333333336,-0.8389531267676154,0.43904882140915613,0.32154903748273383
51.03333333333333,-0.8645872911318887,0.3674932117326342,0.34269163302254185
