0.03336666666666667,-0.9996932461683636,-0.015413543759747756,0.019386496179719985
0.23336666666666667,-0.9994085061403769,0.00941575743373141,0.03307538913163392
0.4333666666666667,-0.9967475169739475,-0.005331557504740897,0.08041120507021268
0.6333666666666667,-0.9960494906016863,-0.041225404695110664,0.07865035460724515
0.8333666666666667,-0.9948251701193307,-0.07452115051069919,0.069061414868267
1.0333666666666668,-0.9930523676840751,-0.11766215275618358,0.0016164299654397175
1.233366666666667,-0.9896522117136798,-0.1354820955000708,-0.047255704937411984
1.433366666666667,-0.9889875882843244,-0.11435396726624718,-0.09395062740623833
1.6333666666666669,-0.9892688379670795,-0.10864775752580802,-0.09768741480803876
1.8333666666666668,-0.991474400491396,-0.08366524965684999,-0.09989313875378891
2.0333666666666668,-0.9936158048241854,-0.042067299334392426,-0.10468034548231665
2.233366666666667,-0.9994596368007467,0.0246179424609726,-0.02178052605214098
2.433366666666667,-0.9951902552805133,0.050041514608429705,0.08421521602656659
2.633366666666667,-0.9834599553936796,0.12264851305402859,0.1332811253805184
2.833366666666667,-0.9455555260834716,0.2633391999729422,0.19125170025550153
3.0333666666666668,-0.855834783432766,0.4627614106251231,0.23108158797887196
3.233366666666667,-0.676052478383815,0.6913341983825178,0.25497072894334943
3.433366666666667,-0.38792673383324905,0.898374316442357,0.2060010600317276
3.633366666666667,-0.19201261549218218,0.9688318922745282,0.1565117248119402
3.833366666666667,-0.13472374645741647,0.9832526950238162,0.12273406156760419
4.033366666666667,-0.36353813528176354,0.9313194360637965,0.022003004469180003
4.233366666666667,-0.5045355407323046,0.8633849798906189,-0.0032038472554838586
4.433366666666667,-0.5261544368060482,0.8503017073708319,-0.012186675984803457
4.633366666666667,-0.18111985853315993,0.9820999439443866,0.05172327280210521
4.8333666666666675,0.4804536022471309,0.8719885717215508,0.09380973763296603
5.033366666666667,0.8291805917760358,0.5460620629094288,0.11948125239150507
5.233366666666667,0.9484506771223303,0.3041549762280613,0.08905651858174253
5.433366666666667,0.9768316551374052,0.20741428570866502,0.052718418085910525
5.633366666666667,0.9466318335113042,0.3212635617423326,0.02603642985621021
5.8333666666666675,0.6007270259126084,0.7979539900907422,-0.04895375405885894
6.033366666666667,-0.255921622931518,0.9647396983416182,-0.06149339281436026
6.233366666666667,-0.7877642718456843,0.613589618958319,-0.05417777690181829
6.433366666666667,-0.9522548001106143,0.3034095851094358,-0.033962027766525286
6.633366666666667,-0.9871636721223995,0.1587826712595142,0.01720313196812162
6.8333666666666675,-0.952807284054647,0.08834995565715487,0.29043513008550736
7.033366666666667,-0.9041063682446088,0.02453781960162205,0.426602356192207
7.233366666666667,-0.8698767931792368,-0.2210645127347167,0.4409590070489199
7.433366666666667,-0.7239336046135539,-0.6169753038474279,0.30864479673825884
7.633366666666667,-0.4828684080036715,-0.8622111709335362,0.15306860314715265
7.8333666666666675,-0.1253783727054607,-0.99171789079113,0.027854779527451138
8.033366666666666,0.28147776233772454,-0.953893293995807,-0.10420102196800343
8.233366666666667,0.5804021308977305,-0.8058318713505087,-0.11733866185154546
8.433366666666666,0.7030453970972251,-0.7023122400337647,-0.11173489660424091
8.633366666666666,0.767730330389632,-0.6363321075582322,-0.0753099508054849
8.833366666666667,0.7858747257518685,-0.6179485806867472,-0.023247947256913284
9.033366666666666,0.7935619111029598,-0.6080400674996936,-0.02338310419054531
9.233366666666667,0.6841502502566499,-0.7157713723332484,-0.1400349157244061
9.433366666666666,0.5708314161026482,-0.7673127847399768,-0.2922029855508453
9.633366666666667,0.5221308178705795,-0.7760191899859958,-0.3537988493526775
9.833366666666667,0.750022285293221,-0.5932196480222403,-0.2925013175421673
10.033366666666666,0.9564109882237577,-0.27307092196376126,-0.10349054634466323
10.233366666666667,0.9972731406258099,-0.06168157964877763,0.04051747423477225
10.433366666666666,0.9902478572041699,0.10840613481189548,0.08750594972740552
10.633366666666667,0.9671874733430996,0.20535744330657574,0.14958847511348228
10.833366666666667,0.9702982581364097,0.1322407066633924,0.20256773128663744
11.033366666666666,0.9787853927845513,-0.021232432160226963,0.20378503059879852
11.233366666666667,0.9814122054490705,-0.09408314816008578,0.16726758271667264
11.433366666666666,0.9798448867105793,-0.1645937221119401,0.11319410156218067
11.633366666666667,0.9710584800814218,-0.22138989773343437,0.08962109932119049
11.833366666666667,0.9590803924731048,-0.2767813727466342,0.05963952107557678
12.033366666666666,0.9470123599342637,-0.3164857299287069,0.0548121599942067
12.233366666666667,0.9375803103192613,-0.34193471529460934,0.06343352566295356
12.433366666666666,0.9265123333039558,-0.35670277962489944,0.11974148505647451
12.633366666666667,0.9282535174080941,-0.3530691153769143,0.1169940476539914
12.833366666666667,0.922989150862897,-0.3660489767580977,0.11873994274774653
13.033366666666666,0.9158828292804129,-0.389328560950255,0.09788725482773368
13.233366666666667,0.7669334655037774,-0.6392059865580747,0.05682223366504797
13.433366666666666,0.03380990484119378,-0.9994261238612723,-0.0020768433408419125
13.633366666666667,-0.6875348639555892,-0.72603931692387,0.012756219122046799
13.833366666666667,-0.9507522996651923,-0.3090388657762554,0.02377065672366809
14.033366666666666,-0.9951388612328741,-0.09810914912452358,0.00855813777647555
14.233366666666667,-0.9962450803156402,-0.035764521838642406,0.07884566522350721
14.433366666666666,-0.9833188396900202,-0.05824149077388028,0.17231363342204775
14.633366666666667,-0.9688897265244849,-0.1260951627313873,0.2129617518970337
14.833366666666667,-0.9599388860027278,-0.17253209250409804,0.22079404927669527
15.033366666666666,-0.9768236503771619,-0.1962438910170502,0.085462806543691
15.233366666666667,-0.9777385226132949,-0.10100913281766316,-0.18391448144557737
15.433366666666666,-0.9615561849439552,0.0792475389352581,-0.26292495273125116
15.633366666666667,-0.912024027642987,0.29084076676204795,-0.2891778369639138
15.833366666666667,-0.828254326435191,0.4538547821255636,-0.3286496728785
16.033366666666666,-0.7753263080276642,0.540852224747048,-0.32611039092056066
16.233366666666665,-0.7507686931624946,0.592285500773539,-0.29247949490608444
16.433366666666668,-0.7845344032813258,0.5819604195708488,-0.21407437987983371
16.633366666666667,-0.89111849458192,0.4509564465072794,-0.05045901274876564
16.833366666666667,-0.9545466359746256,0.28033768365016803,0.10124970555603738
17.033366666666666,-0.9772221599917482,0.15844109912128593,0.141185226317422
17.233366666666665,-0.977476833536914,-0.1694989004740321,0.12573449262927908
17.433366666666668,-0.5541121873213379,-0.8322916503498945,0.015820639045591764
17.633366666666667,0.09581120394554882,-0.9953294578172519,-0.01181031751140792
17.833366666666667,0.39418585726985506,-0.9187359283372516,-0.023276681694737743
18.033366666666666,0.5825819683734985,-0.8121429390253943,-0.03197024737555388
18.233366666666665,0.7055793153032685,-0.7086184499381466,0.004209777123418488
18.433366666666668,0.7348236431352344,-0.6761412181007603,0.053546864284308084
18.633366666666667,0.6847068087979031,-0.7232646450860253,0.08980444952438581
18.833366666666667,0.5905623191210057,-0.8034354639940358,0.07568092514701141
19.033366666666666,0.5062402650346349,-0.8616075955905234,0.036785123057832644
19.23336666666667,0.6016339578126448,-0.7987548935319151,-0.005215444900688354
19.433366666666668,0.7388585755743686,-0.6736928246567411,-0.015032741141809202
19.633366666666667,0.8148298040155141,-0.5796982933440532,-0.0015096960063044603
19.833366666666667,0.8056657878010661,-0.5916397213179027,0.029412217287416196
20.033366666666666,0.7564696502285653,-0.6522889252412974,0.047674167959447754
20.23336666666667,0.679520543983652,-0.7326239259790794,0.03891032494290154
20.433366666666668,0.6064922024659724,-0.7950892610054104,0.0005247683720502913
20.633366666666667,0.6030871574515155,-0.796938108250017,-0.034286034123758274
20.833366666666667,0.7179700507191051,-0.695681952019191,-0.02335867943985245
21.033366666666666,0.8452732118846934,-0.5335398785677155,0.02912722520395405
21.23336666666667,0.9150562688413275,-0.39156162584427523,0.09670324720698915
21.433366666666668,0.9518116504704295,-0.28871541093361913,0.10343110517725383
21.633366666666667,0.9656046551389263,-0.23600451041230333,0.10913075203206635
21.833366666666667,0.9794654973445992,-0.16921389333020273,0.10960838387428401
22.033366666666666,0.9818035607927406,-0.129281001449024,0.13909777381048302
22.23336666666667,0.9793089065460578,-0.13181919711574977,0.153550528593435
22.433366666666668,0.970995427280668,-0.18936236495291986,0.1459786797428646
22.633366666666667,0.9471976077213108,-0.29668789742302476,0.12162640934324381
22.833366666666667,0.9019394644378245,-0.41876397039794405,0.1055553863436648
23.033366666666666,0.8596609651226703,-0.49980985414603074,0.10570304982772452
23.223200000000002,0.7548999690579721,-0.6374574089907322,0.15418848348399827
