0.03336666666666667,-0.9979046409743891,-0.0214831517370025,0.06103115362846153
0.23336666666666667,-0.9976489178044967,-0.02067187844060381,0.06533995902396639
0.4333666666666667,-0.9968146331695273,0.0036256890063062455,0.07967083204241214
0.6333666666666667,-0.9994599139482719,-0.006854009161117676,-0.03213880783309437
0.8333666666666667,-0.9777627776666362,-0.07248565811309562,-0.1967886683158769
1.0333666666666668,-0.9804163861932864,-0.07051574045771829,-0.18387832942301083
1.233366666666667,-0.994571438987154,0.015874531794339408,-0.10283798904749535
1.433366666666667,-0.9990462928047456,0.039097403511739626,0.019439595462228555
1.6333666666666669,-0.994003542040602,0.028903506885956182,0.10545873932695742
1.8333666666666668,-0.9848712387375057,0.018955526001296057,0.17224787703093875
2.0333666666666668,-0.9735497585420156,-0.0024805275879946844,0.2284616261556144
2.233366666666667,-0.9725870819810916,-0.01323605436434406,0.23216195818516497
2.433366666666667,-0.9733213780674289,-0.0008814713361279341,0.22944436799626364
2.633366666666667,-0.9753663573071032,0.02463898265116718,0.21921083359950044
2.833366666666667,-0.979029235112275,0.04485813793638022,0.1987196624804769
3.0333666666666668,-0.994049412572057,0.039854242704539,0.10137753549774461
3.233366666666667,-0.9968305873010919,-0.014974978370270535,-0.07813149329028643
3.433366666666667,-0.9973205290469505,-0.04073587748260756,-0.06076471531434554
3.633366666666667,-0.9986985250651531,-0.03710889354177501,-0.03498837025060714
3.833366666666667,-0.9986006820020246,-0.045222358269471484,-0.02741561995722274
4.033366666666667,-0.9989634293665552,-0.04031872438606178,-0.021129771699964703
4.233366666666667,-0.9992686592346338,-0.029036313066333877,-0.02488049828542301
4.433366666666667,-0.9996313862318953,-0.017862932312993348,-0.02044522705379971
4.633366666666667,-0.9999240173072972,-0.011043003675037806,-0.00547829187514087
4.8333666666666675,-0.9995077736592989,-0.0024388469261623956,0.03127718689880025
5.033366666666667,-0.9996888239182562,-0.003100707256759685,0.02475158474606258
5.233366666666667,-0.9980825878213755,-0.015959507356915367,-0.059803361215827994
5.433366666666667,-0.9989276541619909,0.016959159713072287,-0.04308049039006118
5.633366666666667,-0.9943615646294123,0.10490963525000481,-0.01546115194472567
5.8333666666666675,-0.9636064858187372,0.19299872327532894,0.18497035790136027
6.033366666666667,-0.9375377860566838,0.18143153833816528,0.2968257007271758
6.233366666666667,-0.9319859641904393,0.17372059708516335,0.3181561200109027
6.433366666666667,-0.9310541102269758,0.16159019059914823,0.32714958983863274
6.633366666666667,-0.9291701511191597,0.17007557222578554,0.3282028793311695
6.8333666666666675,-0.9289203440364149,0.18820233513669724,0.3188837962085302
7.033366666666667,-0.9276206956970168,0.21139775268311453,0.30794615612978815
7.233366666666667,-0.9276769369018045,0.21623766391138866,0.3043957513610057
7.433366666666667,-0.9263890763503028,0.22052178009269277,0.30524322060216713
7.633366666666667,-0.9205458561324755,0.23333536232887125,0.31328890092721484
7.8333666666666675,-0.9078182376102266,0.2690934866903343,0.32164381368697553
8.033366666666666,-0.8775808165823322,0.33793658174791574,0.3400746639831049
8.233366666666667,-0.7741611012311465,0.5308302289492639,0.3448098858418235
8.433366666666666,-0.5940084507141972,0.7297088132693895,0.33864289202210957
8.633366666666666,-0.4450049429371912,0.8468202390651626,0.29131783925995347
8.833366666666667,-0.3148646750746874,0.9353911144201469,0.16094626262807962
9.033366666666666,-0.26799894920403483,0.9623669217558097,-0.04501634298541821
9.233366666666667,-0.27916951978729315,0.9473331551304287,-0.15692122996063823
9.433366666666666,-0.6167700075074944,0.6980326471860199,-0.3637927724703769
9.633366666666667,-0.6154769652359848,0.528074645237083,-0.5850856982713143
9.833366666666667,-0.23580739406606255,0.7849516104852384,-0.5729274317925471
10.033366666666666,-0.04211011148076216,0.8033273802251363,-0.5940470172399633
10.233366666666667,0.11476427052457583,0.7997071139992024,-0.5893196874617618
10.433366666666666,0.09023765850200743,0.7408739803050493,-0.6655545885162452
10.633366666666667,0.023722497563101935,0.5908807296482413,-0.8064100733744157
10.833366666666667,-0.08456394863606892,0.4824033309836835,-0.8718577664085603
11.033366666666666,-0.19775880866849918,0.41996201570923736,-0.8857332323874102
11.233366666666667,-0.41448378773442063,0.3429304062257912,-0.842972079129043
11.433366666666666,-0.5843356362312668,0.2073976848444264,-0.7845623394934101
11.633366666666667,-0.6810351861204225,-0.02714450604317734,-0.7317473956616402
11.833366666666667,-0.5641034985609784,-0.554011318910104,-0.61225705502734
12.033366666666666,-0.479789044218194,-0.7089895691775103,-0.5168522650097227
12.233366666666667,-0.5014931928532416,-0.7717879331740836,-0.39095775184633136
12.433366666666666,-0.5605268284301326,-0.8113938400472521,-0.16567954292377515
12.633366666666667,-0.6668339108121888,-0.745087852546014,0.013290123373797917
12.833366666666667,-0.6868326879254542,-0.7193441994316486,0.10394605110891321
13.033366666666666,-0.6887924820934778,-0.710568276730655,0.14372766162271453
13.233366666666667,-0.6740443899938792,-0.7157643753115467,0.18260755557383393
13.433366666666666,-0.6720873927579116,-0.7122129961609239,0.20261091924018457
13.633366666666667,-0.6978443625002985,-0.6815827773159369,0.22013214983924162
13.833366666666667,-0.7068967194361431,-0.6694210922202763,0.22841284845873158
14.033366666666666,-0.6482934735117685,-0.7261630751953398,0.22891649225185384
14.233366666666667,-0.574711208696344,-0.7866312185193807,0.22565095313227002
14.433366666666666,-0.601228559239289,-0.760776346872528,0.24442497743549066
14.633366666666667,-0.7124491515480895,-0.6465345607571691,0.27278062285459687
14.833366666666667,-0.7751724850841494,-0.5700230310206844,0.27236255703465556
15.033366666666666,-0.7412503664981522,-0.6124957550126935,0.2745848580271424
15.233366666666667,-0.5309503318857816,-0.8076320622180695,0.2565583698649628
15.433366666666666,-0.14929690057940287,-0.9576083999952111,0.24636677482159852
15.633366666666667,0.31560422296615176,-0.9218893505163762,0.22475319764227086
15.833366666666667,0.6122993793590568,-0.7654543627459469,0.19791182023747417
16.033366666666666,0.7989190668837988,-0.5747341625811352,0.17722575132209534
16.233366666666665,0.9196946351226409,-0.36401970555937047,0.14714425605881437
16.433366666666668,0.9798830509861256,-0.1487636189496371,0.13303605551552364
16.633366666666667,0.9837088899583529,-0.10150291310285631,0.1483710835996653
16.833366666666667,0.9787521161604449,-0.13816804983464182,0.1515053963274673
17.033366666666666,0.96928737589497,-0.18950381553745949,0.15674912065905758
17.233366666666665,0.9369142434699559,-0.3113588805458553,0.15889414050981457
17.433366666666668,0.899265427674085,-0.4018228820913293,0.17280064241189277
17.633366666666667,0.8691275088970732,-0.4594112377522145,0.18319030516199997
17.833366666666667,0.8368814607650406,-0.5128502647598773,0.1913479201964228
18.033366666666666,0.7895822737969729,-0.5821173066953489,0.1941630092251235
18.233366666666665,0.7296450560892987,-0.6565561720229927,0.19118599609531708
18.433366666666668,0.6758493795394094,-0.7160526446707783,0.17463168737711868
18.633366666666667,0.571368502450546,-0.8101034716097708,0.13141689272394624
18.833366666666667,0.35224821313328547,-0.9352139964393988,0.03599968344660424
19.033366666666666,-0.15907620511649334,-0.9785266299245846,-0.13107400769859173
19.23336666666667,-0.5366896202125315,-0.7916776358966624,-0.29190884258137906
19.433366666666668,-0.7275308960684326,-0.557180326002554,-0.4003109785923328
19.633366666666667,-0.7975804922719854,-0.37668304440832623,-0.4711424863058439
19.833366666666667,-0.8820373956675995,-0.116010607301308,-0.45667447009604156
20.033366666666666,-0.9651924233613853,0.06828771991149779,-0.2524685588247876
20.23336666666667,-0.973012891901766,0.12659549666974948,0.1929235403363268
20.433366666666668,-0.9337368706784879,0.21567879258807948,0.2856888425600358
20.633366666666667,-0.9103223845357298,0.25702267490075803,0.3244264181598695
20.833366666666667,-0.8977861459073864,0.2781966191573274,0.34144791302070354
21.033366666666666,-0.8934086371621333,0.24936294822962973,0.3736831908105136
21.23336666666667,-0.899760933957567,0.19534632156202075,0.39021798571566974
21.433366666666668,-0.9124148235114113,0.12357244071358355,0.39016540304430936
21.633366666666667,-0.9210083390420152,0.06217783729865312,0.3845485092467935
21.833366666666667,-0.9249528725355234,0.02253005503605685,0.37941346867020453
22.033366666666666,-0.9296411337138859,-0.0017983672236539898,0.36846184114842845
22.23336666666667,-0.9301948922264863,0.004465907095052151,0.36703885100841044
22.433366666666668,-0.9253320644179208,0.029333197566022963,0.37802134077406585
22.633366666666667,-0.9267918419829858,0.015004645668576875,0.3752755550820554
22.833366666666667,-0.9269777499164653,-0.02866626524391244,0.3740193797074866
23.033366666666666,-0.9225684331610602,-0.1527465492255127,0.35431056692461754
23.223200000000002,-0.8525323118789563,-0.4609895770577579,0.2463275604686402
