0.03333333333333333,-0.9935784108759009,0.05594363742672915,0.09834760227268526
0.23333333333333334,-0.9938156446853041,0.03699098254758217,0.10470019860964093
0.43333333333333335,-0.996197416597365,0.04878882892299497,0.0721828049957833
0.6333333333333334,-0.9765571438914543,0.20202474307208948,0.07431115596747152
0.8333333333333334,-0.8932228997826178,0.4394763929249942,0.09493867160207951
1.0333333333333334,-0.7915673167965569,0.6087704896062356,0.05310060229492187
1.2333333333333336,-0.7765297450125331,0.6209929305878623,-0.10662708507067396
1.4333333333333336,-0.750831737268685,0.39513630068742905,-0.5292627005459031
1.6333333333333335,-0.5979562567287208,0.19965155408847965,-0.7762651428404029
1.8333333333333335,-0.4986936694638357,0.1426467137298694,-0.8549599634478582
2.033333333333333,-0.5259394233037783,0.11406607676364916,-0.8428384502065857
2.2333333333333334,-0.6420915704075199,0.10303974681564403,-0.7596717882005185
2.4333333333333336,-0.7243443513530493,0.06379207135690472,-0.6864807588672283
2.6333333333333333,-0.8060383440069594,-0.00261531092555297,-0.5918575404092452
2.8333333333333335,-0.8375145841992814,-0.09864350996632051,-0.5374372327956347
3.033333333333333,-0.8481167205224036,-0.18477328754909644,-0.4965449230216962
3.2333333333333334,-0.8497421665988678,-0.2543187538816454,-0.4618010629350571
3.4333333333333336,-0.8526455204924936,-0.2941121751744305,-0.4318490995686453
3.6333333333333333,-0.8558202528708251,-0.28801852835544056,-0.4296708299385511
3.8333333333333335,-0.8509887091245258,-0.2653681585585011,-0.4532085142247917
4.033333333333333,-0.8601226210809321,-0.16032135315876853,-0.484237690009988
4.233333333333333,-0.8542560735316668,-0.03082306088193382,-0.5189378573125387
4.433333333333334,-0.8155437904040777,0.08783266458000343,-0.5719910392358667
4.633333333333334,-0.7708886767968209,0.16528695442710614,-0.6151510958152135
4.833333333333334,-0.7325626257969555,0.35387873490171834,-0.5814824505260925
5.033333333333333,-0.7020218499227979,0.5339139035486721,-0.4712762096991441
5.233333333333333,-0.7214881286665057,0.6599033712129215,-0.209719862805422
5.433333333333334,-0.6831209582468099,0.7302538903525096,0.008660948503806682
5.633333333333334,-0.6941995133615776,0.7150131630947538,0.08272371032408984
5.833333333333334,-0.7538307203938317,0.6479620941928519,0.10901545523333123
6.033333333333333,-0.8371220964477889,0.5278800683059062,0.14341976545863866
6.233333333333333,-0.8201188841550868,0.5592148054199684,0.12117680162193732
6.433333333333334,-0.624209546990484,0.7786424506083401,0.0638621606005698
6.633333333333334,-0.35009149970268494,0.9355064222042829,0.047578102636267564
6.833333333333334,-0.0529699648528692,0.998534322040735,0.011108129011488317
7.033333333333333,0.17867572121969072,0.9839027242783038,-0.003227352530428019
7.233333333333333,0.45512063739871744,0.8894991649258934,-0.040699398151862416
7.433333333333334,0.7250138856318766,0.6769305023165028,-0.1269644071167006
7.633333333333334,0.8796397178445707,0.31103141550058333,-0.35985194922638314
7.833333333333334,0.8048573312445971,0.06738850417350456,-0.5896299397478747
8.033333333333333,0.737407033872549,-0.03993602108150937,-0.674266995051268
8.233333333333334,0.790215227389426,-0.2862859936780069,-0.5418488942737398
8.433333333333334,0.8038387077784391,-0.46192567445763805,-0.3747906124143788
8.633333333333333,0.8132060195677018,-0.5142260963126839,-0.2725206260264955
8.833333333333334,0.870617417047076,-0.46840589571803265,-0.15040355710841902
9.033333333333333,0.897586908761616,-0.33078301598698784,-0.29141094274978535
9.233333333333334,0.8027835906641974,-0.23511900866281865,-0.5479576245711999
9.433333333333334,0.7789596239204137,-0.1763106457175751,-0.6017777500941852
9.633333333333335,0.7667402098813839,-0.14005701590907788,-0.6264930030301183
9.833333333333334,0.783793487578119,-0.14813592785489432,-0.6030949475071884
10.033333333333333,0.8334276910129543,-0.09912059409243547,-0.5436666181398097
10.233333333333334,0.8959367424133458,-0.04496373897703527,-0.4419000065297209
10.433333333333334,0.9879987960979737,-0.05388969395227174,-0.14475593181173754
10.633333333333335,0.9975009285978621,0.014466108242952047,-0.06915655542828965
10.833333333333334,0.9961407212866713,0.046409301208347686,0.07449724931716299
11.033333333333333,0.9888229242594917,0.06598229722928879,0.13369951724390614
11.233333333333334,0.984959919519758,0.07608149207926002,0.15513079482367642
11.433333333333334,0.9762005663101647,0.0695414128463842,0.20541773593105886
11.633333333333335,0.9684419608580719,0.09645863484898004,0.22981710165356226
11.833333333333334,0.9626598484482191,0.10429490614334698,0.24981711057932476
12.033333333333333,0.9520602709260715,0.13271182520696906,0.2756244038078088
12.233333333333334,0.8675333511835267,0.22576425827570687,0.4431888810309887
12.433333333333334,0.7911028732685719,0.2588824530925112,0.554198628099181
12.633333333333335,0.7761098918736842,0.3330123180223305,0.535496248148587
12.833333333333334,0.8985353243355911,0.2802996176724636,0.33773716889588135
13.033333333333333,0.9932107197152658,0.10022689346933845,0.05905113096435931
13.233333333333334,0.9988336037788752,-0.0084638228117709,-0.047537308143351144
13.433333333333334,0.9964989719889711,-0.001049375446321077,-0.08359843082316953
13.633333333333335,0.9843956948378718,0.09048691852389855,-0.1509212826632258
13.833333333333334,0.9629792373532373,0.20092428549111202,-0.17972317581898983
14.033333333333333,0.9530586532542246,0.25237547642309316,-0.16728963613284892
14.233333333333334,0.941469193752802,0.2897387100073649,-0.17229984659806724
14.433333333333334,0.9529009802353006,0.24370103091477288,-0.18052570287269468
14.633333333333335,0.9368349303246132,0.28462807093426773,-0.2032908619685474
14.833333333333334,0.931687661840277,0.28598688470698413,-0.22398571952290158
15.033333333333333,0.9484783653736512,0.23757183582850128,-0.20963876845469653
15.233333333333334,0.9449997732056749,0.25241579880423115,-0.2079944546261873
15.433333333333334,0.9407250000304681,0.2757579388016547,-0.19746906974394343
15.633333333333335,0.9233916722571308,0.31908279812245666,-0.2133869432475265
15.833333333333334,0.9195956787069821,0.3346136169456153,-0.2058579973137253
16.033333333333335,0.9116940304973802,0.35516183471349655,-0.20657702175795126
16.233333333333334,0.8918128048987092,0.3648570833570922,-0.26748687770216545
16.433333333333337,0.8845066931978274,0.33742990053842925,-0.32216295862633004
16.633333333333336,0.8849028166244415,0.2534957488731838,-0.3907517247989502
16.833333333333336,0.8904091356642407,0.22511924915979256,-0.39559182850937574
17.033333333333335,0.8883577882151578,0.23289896966825102,-0.3957000253284555
17.233333333333334,0.8884403816737653,0.2396643716218224,-0.39145201134556934
17.433333333333337,0.8869636215805011,0.24064219328938713,-0.3941914113748232
17.633333333333336,0.8889705523007081,0.2274604324568819,-0.3974834698559205
17.833333333333336,0.8874089564667522,0.22545030600296087,-0.4020914118776487
18.033333333333335,0.8871711925377163,0.23153998254628713,-0.39914472514824945
18.233333333333334,0.8878359925551982,0.240372633934593,-0.39238787848106643
18.433333333333337,0.8885666717202971,0.23537117237206534,-0.39376348373625697
18.633333333333336,0.8891787264081683,0.23066575528772956,-0.39516389237971755
18.833333333333336,0.8877083699540388,0.23790314595240142,-0.3941775527087938
19.033333333333335,0.884564470733947,0.2509633687530232,-0.3931451190836619
19.233333333333338,0.8818579011666979,0.2562505118871952,-0.39580590863125975
19.433333333333337,0.880600793494251,0.2538283893619017,-0.4001417139604899
19.633333333333336,0.8795836032578698,0.25693447992381896,-0.4003965008665523
19.833333333333336,0.8808206115691253,0.26256817326617615,-0.3939708169682821
20.033333333333335,0.8821169085248558,0.26285139739979885,-0.390869418833866
20.233333333333338,0.8816324028763419,0.2582466884630523,-0.39501006834808033
20.433333333333337,0.8835400405666289,0.25240046324695115,-0.39452630187130044
20.633333333333336,0.8825305290218701,0.25631469885820146,-0.3942621469195434
20.833333333333336,0.8875273595530522,0.25050534989007883,-0.38670693777230924
21.033333333333335,0.8887736712465961,0.2509598029416672,-0.3835368803730969
21.233333333333338,0.8892984827109283,0.251332922133163,-0.3820732533167511
21.433333333333337,0.8907706250529053,0.24945890282781485,-0.37986569908692636
21.633333333333336,0.8891676993273272,0.25094788922775285,-0.38263031684000604
21.833333333333336,0.8889837143023536,0.2487775986728994,-0.38447062580090213
22.033333333333335,0.8892577095835228,0.24754380963575315,-0.38463331662413847
22.233333333333338,0.8895720866286662,0.24935208091843009,-0.3827336442393975
22.433333333333337,0.8891546706575904,0.25102413434758497,-0.3826105796012934
22.633333333333336,0.8879388787617437,0.2510335017939549,-0.3854176028159611
22.833333333333336,0.8868934628008077,0.2519555084282884,-0.3872188107696149
23.033333333333335,0.8858080182674057,0.25552255608950397,-0.38736594855854045
23.233333333333338,0.8842697212223566,0.25776903630038156,-0.38938693359447585
23.433333333333337,0.8822824205553926,0.2621388212239322,-0.39097438379802474
23.633333333333336,0.8811661999669753,0.27037586387145257,-0.38786984965517285
23.833333333333336,0.8762913516752565,0.2804442823471512,-0.39174541666488377
24.033333333333335,0.871950281898044,0.27738815093148106,-0.4034334141103531
24.233333333333338,0.8747465228228978,0.2812141659739739,-0.3946354186648887
24.433333333333337,0.8786430402839887,0.28566684600472475,-0.3825975180973109
24.633333333333336,0.8810606526111254,0.2760556117644979,-0.3840903873228105
24.833333333333336,0.869527486881898,0.2763915666598114,-0.4093038619854272
25.033333333333335,0.8679944365410421,0.26729486416088477,-0.4184962529426193
25.233333333333338,0.8589471332197961,0.2671124441218553,-0.4368761432359783
25.433333333333337,0.8356682083851273,0.27763854957035505,-0.4738939557399538
25.633333333333336,0.7913519132842648,0.2885279032796871,-0.5389933194116241
25.833333333333336,0.6710770064072394,0.2486923932355011,-0.6984323482043888
26.033333333333335,0.5438507012216445,0.1731125995324723,-0.8211324148173887
26.233333333333338,0.5582463950026086,0.191972672150577,-0.8071601177052536
26.433333333333337,0.5140110829658595,0.2767711972255341,-0.8119053583852052
26.633333333333336,0.3554066669570123,0.43195789984637883,-0.8289140328422567
26.833333333333336,0.3062708496931974,0.4808114516576826,-0.8215951037969
27.033333333333335,0.29544683273985317,0.5159850771362362,-0.8040339353514263
27.233333333333338,0.3500547203557944,0.6627153189021434,-0.6620197118281728
27.433333333333337,0.3935579885635754,0.8267757320610812,-0.4019378042840158
27.633333333333336,0.4592339389955886,0.8266802293204656,-0.32512149686733777
27.833333333333336,0.6693614641174205,0.707864251201654,-0.22557356278009438
28.033333333333335,0.9281288364161139,0.3608819147988183,-0.09132965884097569
28.233333333333338,0.9881159482658762,0.1317813255417347,-0.07912366915842343
28.433333333333337,0.9960653107082007,0.0363923068575781,-0.08080530183941911
28.633333333333336,0.9963310000459734,0.015625425481767513,-0.08414502020859418
28.833333333333336,0.9942068510423894,0.059226549399597914,-0.08969366302361308
29.033333333333335,0.9941044294825195,0.06826979950916656,-0.08423548989714821
29.233333333333338,0.9934676209302076,0.0659280801336351,-0.09314276361138535
29.433333333333337,0.9923810113063269,0.0556582619668785,-0.10991854381067032
29.633333333333336,0.9857482475405599,0.09365277575740669,-0.13974816658421035
29.833333333333336,0.9432294910460359,0.2911549670419571,-0.15983401511516002
30.033333333333335,0.6113594733518037,0.7641624920589732,-0.2056581631572764
30.233333333333338,-0.03445936957972168,0.9687857305015455,-0.24549289241188904
30.433333333333337,-0.440972733217841,0.8859136330093511,-0.14387523555692097
30.633333333333336,-0.6538911121334481,0.7541963696021765,0.060118628991182956
30.833333333333336,-0.8013091815371315,0.557616345942021,0.21672011056328078
31.033333333333335,-0.8682553579397323,0.4269522172284744,0.25267456859097837
31.233333333333338,-0.9099099125518408,0.3485627339850574,0.2248732343271727
31.433333333333337,-0.9855242745484591,0.1635341551322666,0.04470441120190988
31.633333333333336,-0.9896783378599969,-0.052669791268368966,0.13327670711126013
31.833333333333336,-0.9368914597239906,-0.22358336953783922,0.2687840574929184
32.03333333333333,-0.896030106718828,-0.28156979606775656,0.3432906899346492
32.233333333333334,-0.9301002157676134,-0.17586336551121978,0.3224680841573402
32.43333333333333,-0.9451732331569653,-0.06968344461388665,0.3190482359618253
32.63333333333333,-0.9520518487558948,0.012315063571288977,0.305688757545511
32.833333333333336,-0.9524003497775941,0.044382103459668754,0.30160206006592705
33.03333333333333,-0.9602325755301782,-0.08578989839905479,0.26569436242299294
33.233333333333334,-0.9393747314751093,-0.25606546478810793,0.22804734510385558
33.43333333333333,-0.8996530394907115,-0.37026858862369866,0.23135596126691568
33.63333333333333,-0.872957754996707,-0.42399163241708787,0.24119671148546487
33.833333333333336,-0.8533956201610866,-0.4339396691097342,0.28881184023998846
34.03333333333333,-0.7998579286096223,-0.36136874343383785,0.47920760147286157
34.233333333333334,-0.7742003669789783,-0.23306103268148737,0.5884694952289828
34.43333333333333,-0.7494716961690363,-0.1059339992154045,0.6535060554055628
34.63333333333333,-0.6819306599001408,0.02467518875661368,0.7310004857371738
34.833333333333336,-0.5954667458104357,0.1520036420702937,0.7888689672127409
35.03333333333333,-0.5186963970234559,0.22752221408906798,0.8241284425445428
35.233333333333334,-0.3301521852904543,0.4180407945795036,0.8463104800339387
35.43333333333333,-0.2312687109970128,0.5034232688222333,0.8325141414547371
35.63333333333333,-0.18911110003795384,0.5303194553028614,0.8264370920824594
35.833333333333336,-0.19095202574575176,0.5272235847236273,0.8279931253185393
36.03333333333333,-0.207274313541423,0.5317344451220067,0.8211551855871846
36.233333333333334,-0.26038320631880296,0.5183695492463402,0.8145511624700356
36.43333333333333,-0.3589029839710316,0.46640831216884815,0.8084874361649016
36.63333333333333,-0.426912253778159,0.40102653360542206,0.8105082645590189
36.833333333333336,-0.4593063432483561,0.36667303439611637,0.809066479900489
37.03333333333333,-0.47676631322719076,0.37220923216285406,0.7963379747723268
37.233333333333334,-0.5535150193117191,0.4351409736401674,0.7101221419275947
37.43333333333333,-0.6650797897744263,0.46426655942785466,0.5849148955451791
37.63333333333333,-0.7434831680920078,0.4671444031813894,0.47854872828184974
37.833333333333336,-0.7829890281714664,0.4972761343570603,0.37369055107401594
38.03333333333333,-0.7648793507631844,0.6326329116245867,0.12138854107982362
38.233333333333334,-0.5894263622625839,0.7233332219364801,-0.35967431589270826
38.43333333333334,-0.38933275557331803,0.6659592615972197,-0.6363318845779871
38.63333333333333,-0.28649993786509864,0.7013822824210597,-0.6526719539777387
38.833333333333336,-0.20409502606572233,0.7151620881951132,-0.6684971263540614
39.03333333333333,-0.1195574922148881,0.6878631543857169,-0.7159261741924362
39.233333333333334,-0.03525180842512787,0.46424365827088265,-0.8850057263984374
39.43333333333334,-0.045120208640370946,0.39657004627326675,-0.9168949586354308
39.63333333333333,-0.07746275979769666,0.3992245142400675,-0.9135750150230177
39.833333333333336,-0.1349527742349284,0.39345396561386997,-0.90938535597898
40.03333333333333,-0.1964201508378372,0.41907439686806974,-0.8864512249608016
40.233333333333334,-0.22177294122835178,0.47740649855087935,-0.8502351425813427
40.4,-0.24652318995932782,0.5395988916202241,-0.8050213369684701
