0.016683201,0.04155305307443923,0.0,-0.7926360906889626,-0.6082773804092271
0.05004986766666667,0.04187901767081201,1.075334796318936e-23,-0.8119763594746245,-0.5821860008049516
0.08341653433333335,0.042327090104065934,8.106370003019671e-23,-0.8333053175658147,-0.5511902259291788
0.116783201,0.04277254532226155,-2.895132143935597e-23,-0.8512098308951155,-0.5230796623404166
0.1501498676666667,0.043121771187913,-1.1249656330721176e-22,-0.8644681731407459,-0.5008345939292921
0.18351653433333334,0.043478792585088036,3.237378122379412e-22,-0.8727173114721388,-0.48628601548079176
0.21688320100000003,0.04368412681341415,-2.2251158477676444e-22,-0.8756871908710309,-0.4808987843704245
0.2502498676666667,0.04384055222414941,-3.638853541404474e-18,-0.8758485047746679,-0.4805906810006418
0.28361653433333334,0.04392492760199548,3.3881317890172014e-18,-0.8734281810789695,-0.4849678476272859
0.316983201,0.043993764807483,-2.981555974335137e-19,-0.8692370050664785,-0.4924343384463787
0.35034986766666665,0.044028646018972606,1.3349239248727773e-18,-0.8656155228816326,-0.4987697313150568
0.38371653433333336,0.04396158425073715,-7.318364664277155e-19,-0.8605220139974732,-0.5075128003665503
0.417083201,0.04391036531043239,-8.063753657860939e-19,-0.8558313487378783,-0.5153877980082653
0.45044986766666667,0.043918814521062326,-2.5682038960750386e-18,-0.8525155842187057,-0.5208534500176645
0.4838165343333334,0.04399035958522478,5.692061405548898e-19,-0.8485457917448262,-0.527290136050077
0.517183201,0.04418178517508084,2.927345865710862e-18,-0.8438920296311941,-0.5346907631366817
0.5505498676666667,0.04439946740590369,2.8189256484623115e-18,-0.8373288022478171,-0.5448937182793616
0.5839165343333333,0.04442200481474536,9.75781955236954e-19,-0.8276317175369529,-0.5595108806940864
0.617283201,0.04427184212160775,-4.038653092508504e-18,-0.8142887782689776,-0.5787692023426741
0.6506498676666667,0.044046124337556496,-2.0057740190981832e-18,-0.79838669916745,-0.6005319454644727
0.6840165343333333,0.04379643380263341,-4.607859233063394e-19,-0.7811944914744458,-0.6227495795872957
0.7173832010000001,0.04352475638413265,-1.4365678785432934e-18,-0.7634499088583805,-0.6443988145906482
0.7507498676666667,0.04332278740978913,5.149960319306146e-19,-0.7467361405320081,-0.6637079723149384
0.7841165343333334,0.04312973096915619,2.8189256484623115e-18,-0.7319792762074421,-0.6799604146634989
0.817483201,0.04305052985396663,2.72405795836983e-18,-0.721995963258363,-0.6905566456981795
0.8508498676666667,0.043011723231087616,1.0842021724855044e-18,-0.7160576309894923,-0.6967147628451751
0.8842165343333334,0.04297603188106475,4.2825985813177425e-18,-0.7139034528357096,-0.6989241165627423
0.917583201,0.042904021153791994,3.102681685792502e-18,-0.712698546173668,-0.7001571446830882
0.9509498676666668,0.04290679067960352,1.3417001884508117e-18,-0.7137519635591677,-0.699083072194578
0.9843165343333334,0.04287084529419807,3.530433324155924e-18,-0.715771998232333,-0.6970168844226473
1.017683201,0.042776209964939124,1.2836784315638922e-18,-0.7152261529242873,-0.697582787942879
1.0510498676666666,0.042813786151727484,7.453889935837843e-20,-0.7147259628723808,-0.6980929577867853
1.0844165343333334,0.04277202959889448,1.3721933745519665e-18,-0.7129524383301512,-0.6999066896116106
1.1177832010000002,0.042454905122673324,-2.812149384884277e-19,-0.7093087766771574,-0.7036182490241275
1.1511498676666667,0.042157624389057874,-9.486769009248164e-20,-0.7085461153853134,-0.7044041006966479
1.1845165343333335,0.04173543066081974,-8.944667923005412e-19,-0.7115887548496609,-0.7013555430728876
1.217883201,0.04129302404972517,-4.119968255444917e-18,-0.7163839964383822,-0.6964832056925715
1.2512498676666668,0.04099966135065516,2.303929616531697e-18,-0.7215171361098942,-0.691181633197026
1.2846165343333333,0.040792142739900235,3.7947076036992655e-19,-0.7254300426181841,-0.6870860603721105
1.317983201,0.04076818575502715,1.1926223897340549e-18,-0.7294333495849055,-0.6828359565397746
1.3513498676666666,0.040764351915005916,2.8189256484623115e-18,-0.7329610201418665,-0.6790481651293553
1.3847165343333334,0.0408021561322946,-1.6576434777766658e-18,-0.7342373198791474,-0.6776656566121986
1.4180832010000002,0.04073931533375881,4.5197678065489466e-18,-0.7310064117611288,-0.6811533851859326
1.4514498676666667,0.040477540894239966,-1.4772254600114998e-18,-0.7215719837467264,-0.6911551496986542
1.4848165343333335,0.040258107024192386,-2.846030702774449e-19,-0.7108873461178191,-0.7021527369087103
1.518183201,0.03999834535029232,-2.303929616531697e-18,-0.6966793676037504,-0.716266703906078
1.5515498676666668,0.039845265482601866,-1.4365678785432934e-18,-0.6840996555440928,-0.7282994000430557
1.5849165343333333,0.03973010636718285,-2.9544509200229996e-18,-0.6724616493018054,-0.739064847537987
1.6182832010000001,0.039613280952509024,-2.8189256484623115e-18,-0.662576990856767,-0.7479455322143246
1.6516498676666669,0.03957413853535122,-3.198396408832238e-18,-0.6532662105936123,-0.756093344538786
1.6850165343333334,0.03956283742413335,3.577867169202165e-18,-0.6459036689972711,-0.7623930956342765
1.7183832010000002,0.03938223597635494,2.588532686809142e-18,-0.6365040064540957,-0.7702672842964234
1.7517498676666667,0.03919678860363795,-3.06287113727155e-18,-0.6289605328074933,-0.7764484914877973
1.7851165343333335,0.03893782025807658,-1.1384122811097797e-18,-0.6205133869421562,-0.7832285635618274
1.818483201,0.03876575922767618,2.4123498337802474e-18,-0.6130111242198538,-0.7891226631482667
1.8518498676666668,0.03867455261861504,-5.421010862427522e-20,-0.6063618620968483,-0.7942478021210966
1.8852165343333336,0.03853081920627409,1.4365678785432934e-18,-0.5999749196598761,-0.7990904027395265
1.9185832010000001,0.03847617263960916,-2.710505431213761e-19,-0.5923037448317294,-0.8047955380078327
1.951949867666667,0.038308866677776485,-4.363913744254155e-18,-0.5800947112803532,-0.8136476858434665
1.9853165343333334,0.03829789781863091,-1.2739375526704677e-18,-0.5687703719150012,-0.8216042447884171
2.0186832010000004,0.03855025633026347,-3.7947076036992655e-19,-0.5589913409023732,-0.8282768610392529
2.052049867666667,0.038952088401940685,2.168404344971009e-19,-0.5508546815211451,-0.8336917024028517
2.0854165343333335,0.03933423956843615,8.131516293641283e-19,-0.5430803320494333,-0.8387589466221211
2.1187832010000003,0.03965911154223238,6.505213034913027e-19,-0.5369823850886797,-0.8426607104737671
2.152149867666667,0.03985621832728609,1.8295911660692887e-18,-0.5330540217191557,-0.8451419358839564
2.185516534333334,0.03990724973622286,1.836367429647323e-18,-0.5296863211435103,-0.8472542786035044
2.2188832010000006,0.03985704656157419,-1.4645199658026853e-18,-0.5270891405384297,-0.8488748163103016
2.252249867666667,0.03977416577951392,-4.800982745037374e-18,-0.5238563683781566,-0.8508775006111003
2.2856165343333337,0.03977803470161942,-3.490622775634972e-18,-0.5240751578408961,-0.8507425796851341
2.3189832010000004,0.03980758555079646,-1.7211709488207383e-18,-0.528508627359829,-0.8479940960518803
2.352349867666667,0.03981954383481733,1.3010426069826053e-18,-0.5345506903682711,-0.8441978224063313
2.3857165343333335,0.03973803652211642,-1.8973538018496328e-19,-0.5411445371079585,-0.8399901656636108
2.4190832010000003,0.03948395001287365,-7.995991022080595e-19,-0.5410318768421951,-0.8400747144938912
2.452449867666667,0.03921547280800004,-3.537209587733958e-18,-0.5398445234784455,-0.84085078174595
2.485816534333334,0.03892851698906002,-2.7253285077907113e-19,-0.5368073848749741,-0.8428062660592432
2.5191832010000006,0.03864901092131857,-1.5585406229479126e-19,-0.5322585117992795,-0.8456991962701751
2.552549867666667,0.038407964430747,9.893344823930228e-19,-0.5259728958682856,-0.8496336510992347
2.5859165343333337,0.03836012953640179,-2.1074179727686992e-18,-0.5228206870117925,-0.8515791388323622
2.6192832010000004,0.038447351046557526,-2.520770051028798e-18,-0.5191453259926736,-0.8538207842969527
2.652649867666667,0.03846649309127593,5.421010862427522e-20,-0.5120049884829313,-0.8581207494740193
2.6860165343333335,0.0384602859550676,-2.1412992906588713e-18,-0.5044220006238604,-0.8626002850050981
2.7193832010000003,0.03830465922731018,-4.2012834183813297e-19,-0.4960245132995993,-0.867463218406046
2.752749867666667,0.03811056577886361,2.439454888092385e-18,-0.48952727054530165,-0.8711547716499531
2.786116534333334,0.03811577464709345,7.657177843178875e-19,-0.487278778220592,-0.8724142250209469
2.8194832010000006,0.03814078038442013,5.285485590866834e-19,-0.4843666032229883,-0.8740333372096809
2.852849867666667,0.038114144309536656,-3.686287386450715e-18,-0.4790201519997937,-0.876976057815518
2.8862165343333337,0.03790054366632116,-7.047314121155779e-19,-0.47261222516962964,-0.8804551285613643
2.9195832010000005,0.03758976684839096,-8.555032767268433e-19,-0.4666498573235997,-0.8836429822547949
2.9529498676666672,0.037217253095550046,-1.9651164376299768e-18,-0.459497329878091,-0.8873990533615228
2.986316534333334,0.03678517308048159,3.3881317890172014e-20,-0.45185145596347914,-0.8913344561864099
3.0196832010000003,0.03638060005229158,-3.7269449679189215e-19,-0.44796394670667417,-0.8933111184748656
3.053049867666667,0.0360378606929141,-4.336808689942018e-19,-0.44903810764676444,-0.8927855568263249
3.086416534333334,0.03568641046726478,-1.8973538018496328e-19,-0.4518489539579319,-0.8913803918165827
3.1197832010000006,0.03539637819006322,-1.111307226797642e-18,-0.4560777123002847,-0.889235748693205
3.153149867666667,0.03513545626229835,-1.734723475976807e-18,-0.4609986490226939,-0.8867049933954874
3.1865165343333337,0.03486662909604434,1.8770250111155296e-18,-0.4608526841393033,-0.886791475882058
3.2198832010000005,0.034622031619124735,1.7618285302889447e-19,-0.4594858010038569,-0.8875100639442961
3.2532498676666672,0.034388646299723255,-3.4389537658524594e-19,-0.4548266279870785,-0.8899158159509113
3.286616534333334,0.03425388230484259,2.6020852139652106e-18,-0.44794781057302047,-0.8934032855043033
3.3199832010000003,0.034181654816877176,-3.5236570605778894e-19,-0.4380646755494737,-0.8982933565988978
3.353349867666667,0.034269977858192885,1.6263032587282567e-19,-0.4320390497513854,-0.9012035442160217
3.386716534333334,0.034438221407325206,1.0842021724855044e-18,-0.4265764143188615,-0.9037956470647351
3.4200832010000006,0.03439710652737106,-2.574980159653073e-19,-0.42019927343901603,-0.9067796919119152
3.453449867666667,0.03429555489872725,1.3010426069826053e-18,-0.4164381951229972,-0.9085169478644243
3.4868165343333337,0.0340663749223114,-2.710505431213761e-20,-0.4066736961776223,-0.9129381068489165
3.5201832010000005,0.03394525882001037,-3.4254012386963906e-18,-0.4028869516379435,-0.9146200432985973
3.5535498676666673,0.03408059949968961,-1.1519648082658485e-18,-0.40131837922607844,-0.915304359889701
3.586916534333334,0.03433309608589013,2.541098841762901e-19,-0.4005061928386068,-0.9156506036753768
3.6202832010000003,0.03463379808074978,4.489274620447792e-19,-0.40293685862765394,-0.9145722431769838
3.653649867666667,0.034826326870462596,5.590417451878382e-19,-0.40388418851890123,-0.9141469735338734
3.687016534333334,0.034956217399926465,-1.6737371037744975e-18,-0.4064858826323325,-0.9129881105938361
3.7203832010000006,0.0349358618614587,1.1519648082658485e-18,-0.40520467550382067,-0.9135582392523426
3.7537498676666674,0.03482255364210091,6.776263578034403e-19,-0.40517209431213896,-0.9135770157729223
3.7871165343333337,0.03466386156280777,-1.0706496453294356e-18,-0.4056483899910755,-0.9133716660807926
3.8204832010000005,0.0345696695331042,-1.6805133673525319e-18,-0.40928070641786285,-0.9117533884239023
3.8538498676666673,0.034623927379590816,-2.986638172018663e-18,-0.41220956619064136,-0.9104309184082757
3.887216534333334,0.03481682525864859,3.7777669447541795e-19,-0.4134259589196917,-0.909871839969917
3.9205832010000004,0.035232139161558186,4.472333961502706e-19,-0.41260926859694297,-0.9102265035901758
3.953949867666667,0.03596947083567627,2.574980159653073e-18,-0.4110146830378464,-0.9109188369416346
3.987316534333334,0.03722115659250807,-2.9544509200229996e-18,-0.41288063155788673,-0.9100242686798394
4.020683201000001,0.039193540273018995,-1.9244588561617704e-18,-0.42557819117499635,-0.9040724913396523
4.054049867666667,0.042537142139708016,2.4936649967166602e-18,-0.45130602892473054,-0.8913548450503742
4.087416534333334,0.047768145455966395,-6.505213034913027e-19,-0.4693185268580648,-0.8817359721750461
4.120783201000001,0.05515895664221951,2.6020852139652106e-18,-0.4651956579818587,-0.8834876848586897
4.154149867666667,0.06423893381270317,1.734723475976807e-18,-0.44627808504592453,-0.8925856990733997
4.187516534333334,0.07431585380021484,-1.734723475976807e-18,-0.41868295857734283,-0.9050865892669432
4.220883201,0.08503384125013676,-5.204170427930421e-18,-0.3873574968615324,-0.9179996816270768
4.254249867666667,0.09605537347913733,-8.673617379884035e-19,-0.3524735675388189,-0.9308790197508167
4.287616534333334,0.10714240520379457,-1.3010426069826053e-18,-0.31577122345212594,-0.9427666940694784
4.320983201000001,0.11818916030541451,-6.071532165918825e-18,-0.2775006524825303,-0.953427873652785
4.354349867666667,0.12928785496568868,-5.204170427930421e-18,-0.2416139650964891,-0.961721031499636
4.387716534333334,0.14058264874993256,-1.3010426069826053e-18,-0.21160185997327927,-0.967192417115799
4.421083201000001,0.15215974454034115,-2.6020852139652106e-18,-0.1862862806959521,-0.9706414547946566
4.454449867666667,0.16407078173492243,-8.673617379884035e-19,-0.1649822133602621,-0.9725541876191991
4.487816534333334,0.17606481344018277,8.673617379884035e-19,-0.14678898229755072,-0.9733725782783913
4.521183201,0.1880852552741688,4.336808689942018e-19,-0.12938335017807306,-0.9735932854355298
4.554549867666667,0.19972646768937172,-8.673617379884035e-19,-0.1143862575939222,-0.9731521577728651
4.587916534333334,0.21030568574380273,6.505213034913027e-19,-0.10376424829464224,-0.9721134189587534
4.621283201000001,0.21930957153800362,2.3852447794681098e-18,-0.09659033417731251,-0.9708623070113147
4.654649867666667,0.22644399705655932,-1.6263032587282567e-18,-0.09135036771976977,-0.9697310072976485
4.688016534333334,0.2313715258527231,-2.0599841277224584e-18,-0.08720643784484154,-0.9689490462470133
4.721383201000001,0.23415444485574433,-2.4936649967166602e-18,-0.08270785024017813,-0.968674923523339
4.754749867666667,0.23509206797077917,-1.951563910473908e-18,-0.07675484037057514,-0.9689377761533039
4.788116534333334,0.23459706976586878,-9.215718466126788e-19,-0.07215258067088154,-0.9694112749291708
4.821483201,0.23254766035513413,-1.9363173174233306e-18,-0.07066221668827861,-0.9700146580315434
4.854849867666667,0.22869833929311878,-2.8189256484623115e-18,-0.07042817319889931,-0.9709464156298407
4.888216534333334,0.2230455659924326,1.7889335846010823e-18,-0.07195222661231902,-0.9721489353883205
4.921583201000001,0.21565853506163668,1.5178830414797062e-18,-0.07452577241471518,-0.9736207195315119
4.9549498676666675,0.20680964983758857,-4.0115480381963664e-18,-0.07855905025127882,-0.9752221512853733
4.988316534333334,0.19679380707734356,-2.2768245622195593e-18,-0.08274394668096285,-0.9769471002995318
5.021683201000001,0.18590896566363144,1.1926223897340549e-18,-0.08667673274524691,-0.9787364305503744
5.055049867666667,0.1747126441093061,-2.168404344971009e-19,-0.09009246458654983,-0.9804890819448507
5.088416534333334,0.16345058055225853,-4.336808689942018e-19,-0.09232602918821561,-0.9822218751643981
5.121783201,0.15252370080287242,0.0,-0.09329059032175407,-0.9838868768566915
5.155149867666667,0.14232756703307248,-2.8189256484623115e-18,-0.09431995919127192,-0.9853154870195652
5.188516534333334,0.13309789777862996,-8.673617379884035e-19,-0.09739600102662715,-0.986305717610382
5.221883201000001,0.1248346356258669,2.6020852139652106e-18,-0.10177813736218726,-0.9869435265015122
5.2552498676666675,0.11742764237364149,-1.0842021724855044e-18,-0.1074160069618917,-0.9872550583587459
5.288616534333334,0.11070332279855714,-7.589415207398531e-19,-0.11322330014146044,-0.9873830354155549
5.321983201000001,0.10459841970486065,-7.589415207398531e-19,-0.1187133450300624,-0.9874038243327902
5.355349867666667,0.09891610961092567,1.6263032587282567e-18,-0.12462737577850398,-0.987260664903653
5.388716534333334,0.09342113768948496,-4.336808689942018e-19,-0.13351143873909738,-0.9866342720373232
5.422083201,0.08801514404362011,1.0842021724855044e-18,-0.146289070590775,-0.9853186501049639
5.455449867666667,0.082548843170033,-3.2526065174565133e-18,-0.16198436117173595,-0.9833345083068499
5.488816534333334,0.07690601942255738,1.3010426069826053e-18,-0.18220034125351403,-0.9802492029191763
5.522183201000001,0.07104092863898974,1.5178830414797062e-18,-0.20490950345282594,-0.9761994068082742
5.5555498676666675,0.06497315860096664,-4.336808689942018e-19,-0.23204861785181288,-0.970531775685102
5.588916534333334,0.058781558134984715,-6.505213034913027e-19,-0.26450340724455434,-0.9625916454962846
5.622283201000001,0.0525910631707297,-1.3010426069826053e-18,-0.30113469163039946,-0.9521302839271717
5.655649867666668,0.046388879396738227,2.6020852139652106e-18,-0.345221665141472,-0.937374030889092
5.689016534333334,0.040316374235251404,0.0,-0.4069830451936249,-0.9125455555167901
5.722383201,0.03465891416374991,8.673617379884035e-19,-0.4921920135325197,-0.8697964023171134
5.755749867666667,0.0294470045826618,-8.673617379884035e-19,-0.6040354707899452,-0.7964132243682784
5.789116534333334,0.024846677575971143,3.469446951953614e-18,-0.7413934019308994,-0.6706105175038366
5.822483201000001,0.021304275820216267,-4.336808689942018e-19,-0.8868531390228878,-0.4615600043732413
5.8558498676666675,0.018439889175573976,2.168404344971009e-19,-0.9855697481685672,-0.16826241999370944
5.889216534333334,0.01783329900639647,2.507217523872729e-19,-0.980093776719843,0.19773255240749674
5.922583201000001,0.020178502498607837,1.5178830414797062e-18,-0.8648836491923604,0.5015666470137539
5.955949867666668,0.025063632296654845,-1.734723475976807e-18,-0.7368662499902626,0.6755737886873545
5.989316534333334,0.030844697339804664,-1.3010426069826053e-18,-0.6458084451266732,0.7628761739948918
6.022683201,0.036257919948114455,0.0,-0.5705736639691026,0.8204456455036554
6.056049867666667,0.041091440976813776,8.673617379884035e-19,-0.4973083022828358,0.8666002226857622
6.089416534333334,0.04579206971889065,1.3010426069826053e-18,-0.42808194644386466,0.9025790455576135
6.122783201000001,0.05091025595524084,-2.6020852139652106e-18,-0.3705444978129478,0.9274184174250166
6.1561498676666675,0.056760764724286566,6.505213034913027e-19,-0.33059717584982345,0.9420635450478037
6.189516534333334,0.06331413389325602,-1.5178830414797062e-18,-0.30314702517563274,0.9508381574045666
6.222883201000001,0.0703612029266498,-2.168404344971009e-18,-0.2852777760813949,0.9558587194751998
6.256249867666668,0.0778995397751968,4.9873299934333204e-18,-0.2738918385779017,0.9586005020149057
6.289616534333334,0.08568604123069341,-1.3010426069826053e-18,-0.26219518468608605,0.9612031978024422
6.322983201,0.09370475633881693,-4.7704895589362195e-18,-0.24926906618522665,0.9638902174431629
6.356349867666667,0.1019444413531817,0.0,-0.23358534436836006,0.9669773615620494
6.389716534333334,0.11031123375859121,2.168404344971009e-19,-0.21619464441900307,0.9700986070658993
6.423083201000001,0.1187311846450852,-2.6020852139652106e-18,-0.19933075093123365,0.972712782647563
6.4564498676666675,0.12711624043808684,-3.686287386450715e-18,-0.1842315750201637,0.9746282307538994
6.489816534333334,0.13540630413574398,-1.5178830414797062e-18,-0.1722319110816899,0.9757055404195711
6.523183201000001,0.1433860714739474,3.903127820947816e-18,-0.16261747749736655,0.9762151353670264
6.556549867666668,0.15116626748274511,-1.5178830414797062e-18,-0.1522179160137859,0.9767182119832492
6.589916534333334,0.1586335562097846,-2.168404344971009e-18,-0.143134155687923,0.9769073693650503
6.6232832010000005,0.16576537297100888,7.15573433840433e-18,-0.13526449678799618,0.9768445920577503
6.656649867666667,0.17246727412062693,-2.4936649967166602e-18,-0.12852017754161518,0.9765949023633456
6.690016534333334,0.17865777606361943,-5.9631119486702744e-18,-0.12357225106534284,0.9761205344723805
6.723383201000001,0.184324409626215,4.336808689942018e-18,-0.12012887695348909,0.9754965735141465
6.7567498676666675,0.1895433504097027,-3.144186300207963e-18,-0.11753712336207807,0.9748119526079029
6.790116534333334,0.1945666209630763,1.8431436932253575e-18,-0.11475612818287227,0.9741534073499344
6.823483201000001,0.1996727231604373,-1.0842021724855044e-19,-0.11168949151778972,0.9734763793283292
6.856849867666668,0.20503986825999837,1.951563910473908e-18,-0.10922619641633752,0.972639856493832
6.890216534333334,0.21082587606127134,9.75781955236954e-19,-0.10586384739999166,0.9717743029102327
6.9235832010000005,0.21694500688713,2.168404344971009e-18,-0.1024968060272659,0.9707879628121437
6.956949867666667,0.2233161639289313,-1.4094628242311558e-18,-0.10040984294715885,0.9695605986050555
6.990316534333334,0.22979678056144048,-1.8431436932253575e-18,-0.09826406550197746,0.9682652596652533
7.023683201000001,0.2362012824914416,-2.2768245622195593e-18,-0.09585443801087835,0.9669647774676268
7.0570498676666675,0.24238042936710139,2.4936649967166602e-18,-0.09368192845421668,0.9656476706029579
7.090416534333334,0.24826092809273767,-3.903127820947816e-18,-0.09165174705431572,0.9643476908482875
7.123783201000001,0.25366268866082947,-8.673617379884035e-19,-0.08999068693843361,0.9630975634097036
7.157149867666668,0.2584372923995481,-3.686287386450715e-18,-0.08914948868164399,0.9619056786218656
7.190516534333334,0.26254908614091654,-1.3010426069826053e-18,-0.08872110473103265,0.9608311729653003
7.2238832010000005,0.26600859703007296,1.8431436932253575e-18,-0.08822383002731689,0.9599249877575871
7.257249867666667,0.2688954376810227,-2.791820594150174e-18,-0.08779360794240154,0.9591598021178677
7.290616534333334,0.2714221777331685,-1.0977546996415732e-18,-0.08789507476169343,0.9584385516386643
7.323983201000001,0.2737365065330992,-4.05559375145359e-18,-0.08861546157976015,0.9577137489668093
7.3573498676666675,0.2761214718034595,-3.482999479109683e-18,-0.08877441444176694,0.9570141253657717
7.390716534333334,0.2784689171440309,-1.7618285302889447e-18,-0.08890801831589103,0.9563212987609196
7.424083201000001,0.28067049653698156,1.5449880957918438e-18,-0.0886710395108783,0.9556994920610475
7.457449867666668,0.2826773575180111,3.7947076036992655e-19,-0.087938046726475,0.9551755919644129
7.490816534333335,0.28428218610385153,-5.827586677109586e-19,-0.08771724840700784,0.954719499641606
7.5241832010000005,0.28539788494124574,3.665958595716612e-18,-0.0881539653906854,0.9543463342293307
7.557549867666667,0.28595567605743866,3.0222135558033436e-18,-0.0885556619548889,0.9541421519177657
7.590916534333334,0.2861602730514811,2.8528069663524835e-18,-0.08907412684796169,0.9540325455944232
7.624283201000001,0.2860392196945358,1.870248747537495e-18,-0.08950203825724651,0.9540287993264875
7.6576498676666676,0.2854670806121523,1.1180834903756764e-18,-0.08908584628790503,0.9542390989044323
7.691016534333334,0.2847185116729397,3.469446951953614e-18,-0.08847538330097052,0.9545194998848858
7.724383201000001,0.283992595048152,7.860465750519907e-19,-0.08930061423324236,0.9546588952371325
7.757749867666668,0.28314431891017633,-1.8431436932253575e-18,-0.09189779262775528,0.9546643862525922
7.791116534333335,0.28224219016984137,-9.75781955236954e-19,-0.09561962693865646,0.954565991973443
7.8244832010000005,0.28125241445672194,1.0842021724855044e-18,-0.09942136960923395,0.9544697326931266
7.857849867666667,0.2801107658878275,1.1926223897340549e-18,-0.10266382657105783,0.9544622033100749
7.891216534333334,0.27883431317857504,6.505213034913027e-19,-0.10538562530995768,0.9545393107527116
7.924583201000001,0.27726468954136696,-2.710505431213761e-18,-0.10727287132323875,0.9547862708541622
7.957949867666668,0.2752081345511594,-8.673617379884035e-19,-0.10820028757544829,0.9552764942389513
7.991316534333334,0.27245924703973873,1.9109063290057016e-18,-0.10784550649927119,0.9561042335595291
8.024683201,0.2687024344461536,1.3010426069826053e-18,-0.1050476878484391,0.9574779292497596
8.058049867666666,0.2638321096153764,-5.421010862427522e-19,-0.09968661062937853,0.9594035634690581
8.091416534333334,0.2577750894984509,4.336808689942018e-19,-0.09261244666212996,0.9617561738597367
8.124783201,0.2506683887308186,-2.2768245622195593e-18,-0.08585826801559789,0.9642581172613779
8.158149867666667,0.24277798383572127,-1.734723475976807e-18,-0.08053642948587086,0.9667330211026876
8.191516534333333,0.23448041856879706,-2.710505431213761e-20,-0.07642535555413332,0.969112015370889
8.224883201,0.22582103948759938,1.2874900798265365e-18,-0.07297033104595066,0.9714320300009592
8.258249867666667,0.21710263788692213,2.930733997499879e-19,-0.07002864919911186,0.9736336235534843
8.291616534333333,0.208506759194866,4.87890977618477e-19,-0.0689007340153868,0.975590908230594
8.324983201,0.20009744747036232,-1.0299920638612292e-18,-0.06854206966984322,0.9773755655842947
8.358349867666666,0.1918669054565129,-5.421010862427522e-20,-0.06839649452547741,0.9790347338716681
8.391716534333334,0.18387788192766488,-1.1384122811097797e-18,-0.06769285176727982,0.9806154202119244
8.425083201,0.17608548717024508,5.421010862427522e-20,-0.06772598466176463,0.9820423067310349
8.458449867666667,0.16870367779255926,-2.710505431213761e-19,-0.06911565912777709,0.9832406087843388
8.491816534333333,0.16157683528445937,-1.0842021724855044e-19,-0.07138825686936855,0.9842746786749174
8.525183201,0.15480263538839165,-9.215718466126788e-19,-0.07362195944275837,0.9851984323803086
8.558549867666667,0.1483523026208311,5.421010862427522e-19,-0.07605499791963746,0.986005695520336
8.591916534333333,0.14215130803157516,2.168404344971009e-19,-0.07887508112629908,0.9866973838022638
8.625283201,0.13613649700713834,5.963111948670274e-19,-0.0817523509556884,0.987311200835807
8.658649867666666,0.1301962738434017,1.951563910473908e-18,-0.08539101299199181,0.9878042848547962
8.692016534333334,0.1242412190054334,2.4936649967166602e-18,-0.08970712215159087,0.9881886215370645
8.725383201,0.11828221086948205,-1.0842021724855044e-19,-0.09466204972618153,0.9884575938974142
8.758749867666667,0.11229027667598546,-1.0842021724855044e-18,-0.09958126943249926,0.9886730827438576
8.792116534333333,0.10644862874965683,9.75781955236954e-19,-0.10475640426085428,0.9887844988690176
8.825483201,0.10100435479200506,5.421010862427522e-19,-0.1105286971255786,0.9887272259955081
8.858849867666667,0.09617404856664488,-3.2526065174565133e-19,-0.11618771961106579,0.9885600468327055
8.892216534333333,0.09183286052327859,1.0842021724855044e-19,-0.12278882975792285,0.988174897988606
8.925583201,0.08794853061916996,3.2526065174565133e-19,-0.131794797856654,0.9873678074658161
8.958949867666666,0.08447877414164977,4.336808689942018e-19,-0.14163860862752345,0.9863071738893434
8.992316534333334,0.08144892563804029,-1.0842021724855044e-19,-0.14719218269730955,0.9857487174048014
9.025683201,0.07874727786648208,-1.6263032587282567e-18,-0.1482308193551634,0.9858126041098865
9.059049867666667,0.07629269375620648,-5.014435047745458e-19,-0.14697263589695117,0.9861939308152956
9.092416534333333,0.07413990309125144,-1.904130065427667e-18,-0.14252678504489372,0.9870103293858613
9.125783201,0.07223217420105292,2.439454888092385e-19,-0.13708702915904558,0.9879218893447679
9.159149867666667,0.07062693211415043,-1.6263032587282567e-19,-0.13014020420883018,0.988976927793883
9.192516534333333,0.06958257116141121,1.734723475976807e-18,-0.12344939980264595,0.9899083348870912
9.225883201,0.06928754459047848,-7.318364664277155e-19,-0.1170635769598455,0.9907044741566421
9.259249867666666,0.06997445215446207,1.3552527156068805e-19,-0.11232077376450804,0.9912051350889104
9.292616534333334,0.07157751633285467,4.472333961502706e-19,-0.1109641040381929,0.991243475020452
9.325983201,0.07387448290480962,-1.2739375526704677e-18,-0.1113832673043607,0.9910279151164979
9.359349867666667,0.0766082182094309,2.168404344971009e-19,-0.11235083836687011,0.9907110931149594
9.392716534333333,0.07938857759251021,1.8973538018496328e-18,-0.1133201677307391,0.990381741215636
9.426083201,0.08189570462629812,-3.5914196963582334e-19,-0.11506920571078909,0.9899758438774403
9.459449867666667,0.083923025798493,1.3552527156068805e-19,-0.11553279823485167,0.989752038781861
9.492816534333333,0.085286462627186,-1.4907779871675686e-19,-0.11459111927680718,0.9897449644607595
9.526183201,0.08595224673628037,-9.147955830346444e-20,-0.1144439660055863,0.9897043952240981
9.559549867666666,0.08606172965836197,-7.995991022080595e-19,-0.11657805396107282,0.9894457721486611
9.592916534333334,0.08583398153641707,-1.81603863891322e-18,-0.11858083476388563,0.9892275336040268
9.626283201,0.08564027267916027,-2.574980159653073e-19,-0.12079032260539763,0.9889769672041524
9.659649867666667,0.08559909133902685,-2.981555974335137e-19,-0.11980818942908139,0.9890999915618534
9.693016534333333,0.08571622037711857,1.1519648082658485e-18,-0.11764375802872329,0.9893496226113095
9.726383201,0.08580761447721715,-1.5415999640028266e-19,-0.11665268761004557,0.989459046030245
9.759749867666667,0.08564621905685874,7.724940478959219e-19,-0.1180707557521375,0.9893048174336279
9.793116534333333,0.0852579002162462,-1.0706496453294356e-18,-0.12021417054885164,0.9890802008178955
9.826483201,0.08463827903772572,-5.963111948670274e-19,-0.12199427134607678,0.9889154460722474
9.859849867666666,0.08383296137511269,-9.215718466126788e-19,-0.12412783176462017,0.9887185221125845
9.893216534333334,0.08299624381663524,1.6263032587282567e-18,-0.1284170992328236,0.9882412013961758
9.926583201,0.08198270161464687,-2.4936649967166602e-18,-0.13283930492365723,0.9877411380029504
9.959949867666667,0.08094817940166456,1.3010426069826053e-18,-0.1367669581907099,0.9872903278158947
9.993316534333333,0.08001198515086852,-1.7211709488207383e-18,-0.13910441350199546,0.9870400419316752
10.026683201,0.07940197539421831,-2.981555974335137e-19,-0.13704066261488243,0.9873779332624211
10.060049867666667,0.07928935067790463,-2.303929616531697e-18,-0.13290254475941257,0.9879524849230094
10.093416534333333,0.07959425769811065,5.692061405548898e-19,-0.13038103547812463,0.9882639018648505
10.126783201,0.08013192446311806,3.198396408832238e-18,-0.12840994045435825,0.9884785085546095
10.160149867666666,0.08056502905435224,4.607859233063394e-19,-0.12742934132866618,0.988570199359668
10.193516534333334,0.08079916769716944,-2.8731357570865868e-18,-0.1289757102012074,0.9883505252072966
10.226883201,0.08078749980043819,-2.8392544391964147e-18,-0.12963945025995194,0.9882646370341761
10.260249867666667,0.08069410840832666,-7.995991022080595e-19,-0.1307683294562409,0.9881235271358584
10.293616534333333,0.08065214991267915,8.673617379884035e-19,-0.13016977374318991,0.9882059809159777
10.326983201000001,0.08074891373818381,-8.131516293641283e-19,-0.1276895922544845,0.9885216138051747
10.360349867666667,0.08102809867556049,3.0899761915836876e-18,-0.12192772235499222,0.989225999327933
10.393716534333333,0.08144168894349703,-1.3010426069826053e-18,-0.11276185767866771,0.9902787560858239
10.427083201,0.08200054811651573,-8.673617379884035e-19,-0.10658857310912921,0.990916134792017
10.460449867666666,0.08246164555211019,-6.505213034913027e-19,-0.10089902861349469,0.9914733798936265
10.493816534333334,0.08280114299331592,1.1926223897340549e-18,-0.09452085523589837,0.9920734744183392
10.527183201,0.08306909030795384,-1.6263032587282567e-19,-0.09049042766731263,0.9924268279001711
10.560549867666667,0.08327458805576445,1.4094628242311558e-18,-0.08822313192634806,0.9926137325149441
10.593916534333333,0.08354549095220161,1.0842021724855044e-18,-0.08391046755927752,0.9929648454882676
10.627283201000001,0.08393498590221089,-1.1926223897340549e-18,-0.07878221243238613,0.9933520429061663
10.660649867666667,0.08437866333962055,-1.3552527156068805e-18,-0.07444557283497052,0.9936488805701399
10.694016534333333,0.08486441784103056,-5.421010862427522e-20,-0.06923751533894662,0.9939840024136165
10.727383201,0.08515825121670273,1.3552527156068805e-20,-0.06539978497430202,0.9942187588126811
10.760749867666666,0.08525671533327317,-6.776263578034403e-20,-0.06267629219610732,0.9943857274152367
10.794116534333334,0.08530604251534135,5.827586677109586e-19,-0.06138879263465824,0.9944618118606817
10.827483201,0.08535214493581195,5.692061405548898e-19,-0.0578533244657091,0.9946697965672435
10.860849867666667,0.08548746986784124,-2.710505431213761e-20,-0.0531875630904037,0.9949185773861594
10.894216534333333,0.08558649218246261,1.6263032587282567e-19,-0.04735308869094492,0.9952048218067117
10.927583201000001,0.0856665621027994,5.421010862427522e-20,-0.04138516411879612,0.9954639663635985
10.960949867666667,0.0857506510238413,2.710505431213761e-19,-0.037072749212198816,0.9956266554863007
10.994316534333334,0.08576694134936513,4.501980114656606e-19,-0.03595351355509899,0.9956662978300601
11.027683201,0.08574873278488111,-1.1011428314305904e-19,-0.03580100320720676,0.99567336159764
11.061049867666666,0.08574751064997928,-4.0657581468206416e-20,-0.037597048299519015,0.9956072651284218
11.094416534333334,0.08562232613629346,-3.5575383784680614e-19,-0.03861040718075086,0.9955792553706344
11.127783201,0.08538992373297655,6.437450399132683e-20,-0.03845355486700258,0.9956052857648793
11.161149867666667,0.0849932011056191,1.2874900798265365e-19,-0.03710500257167177,0.9956904009530152
11.194516534333333,0.0844301073653469,-5.149960319306146e-19,-0.03405842412925624,0.9958471673485384
11.227883201000001,0.08377563856444618,-1.198551620364835e-19,-0.033201376538421756,0.9959313786496906
11.261249867666667,0.08301819117139762,1.2536087619363645e-19,-0.0325500793797967,0.9960163012054561
11.294616534333334,0.08214263568793706,1.6263032587282567e-19,-0.033689615768060434,0.9960510013004552
11.327983201,0.08093494801420269,-5.55653613398821e-19,-0.03575973540287147,0.9960776955207135
11.361349867666666,0.07866450393246689,1.0842021724855044e-19,-0.04371806606661782,0.9959420799024677
11.394716534333334,0.07449953625370008,-5.421010862427522e-19,-0.06085082602405447,0.9953627459726299
11.428083201,0.06742943723320628,-4.336808689942018e-19,-0.09050279975337967,0.9936108464742184
11.461449867666667,0.05610026975803919,0.0,-0.14915601582596588,0.9872209695280989
11.494816534333333,0.042031099762068314,-8.673617379884035e-19,-0.23918654230404157,0.9700634951555636
11.528183201000001,0.02736448673840556,8.673617379884035e-19,-0.3952091182470599,0.9181834989368548
11.561549867666667,0.014173067716302199,8.673617379884035e-19,-0.7678066960978941,0.6405247860768115
11.594916534333334,0.012229634927568903,-1.6263032587282567e-19,-0.8586991811914327,-0.512334024100197
11.628283201,0.02216286188876559,0.0,-0.4385395599743687,-0.8984385687905359
11.661649867666666,0.032544274853356155,0.0,-0.2702446580549053,-0.9622414951388538
11.695016534333334,0.041113545810484486,8.673617379884035e-19,-0.19352995362677675,-0.9802325404719568
11.728383201,0.04758688879332973,8.673617379884035e-19,-0.1484351129063907,-0.9877765462246197
11.761749867666667,0.052053218217440356,-4.336808689942018e-19,-0.12135214485735918,-0.991243723516939
11.795116534333333,0.054782094460229025,1.0842021724855044e-18,-0.10556821084037914,-0.992901946310164
11.828483201000001,0.05603871422995724,9.893344823930228e-19,-0.10009800518159241,-0.9933982342777339
11.861849867666667,0.05624167117390818,1.3552527156068805e-19,-0.10426777150901931,-0.9929577565274914
11.895216534333334,0.05575820530056729,1.0842021724855044e-19,-0.12144373627267069,-0.9910309992436129
11.928583201,0.05467794222070786,1.0842021724855044e-18,-0.14462151884565408,-0.9879751712068908
11.961949867666666,0.05309465805830215,-1.0842021724855044e-19,-0.1712412806533398,-0.983797428887612
11.995316534333334,0.05107772397753954,1.734723475976807e-18,-0.20120484753353762,-0.9782165790060401
12.028683201,0.04866013529406366,4.336808689942018e-19,-0.23152874767689408,-0.9716103283890783
12.062049867666667,0.045929266857878806,3.0357660829594124e-18,-0.2645329884934231,-0.9632823056843909
12.095416534333333,0.04308403184923582,-1.3010426069826053e-18,-0.3006148496515963,-0.9527719970531053
12.128783201000001,0.04023978173736298,2.168404344971009e-19,-0.33978893814579003,-0.9396404830995128
12.162149867666667,0.03755104688094072,-4.336808689942018e-19,-0.3849313123988164,-0.922181003715144
12.195516534333334,0.03516726685494836,1.5178830414797062e-18,-0.43742070856230497,-0.8985690775131338
12.228883201,0.03281985331193884,-1.5178830414797062e-18,-0.48793618397366295,-0.8722620807978543
12.262249867666666,0.030536293577725575,6.505213034913027e-19,-0.5315202199311305,-0.8464950032805258
12.295616534333334,0.02853826755984701,2.168404344971009e-19,-0.568506863829766,-0.8221833816510321
12.328983201,0.026746911852994763,5.421010862427522e-19,-0.5982831180607159,-0.8008382566722669
12.362349867666667,0.0252759111329039,1.4094628242311558e-18,-0.6252015910415415,-0.7800539076727498
12.395716534333333,0.024049408900131623,-1.0842021724855044e-18,-0.6479971100746391,-0.7612630105728704
12.429083201000001,0.022907859982258975,4.87890977618477e-19,-0.669735833986748,-0.7422460121988588
12.462449867666667,0.0218279085334511,5.421010862427522e-19,-0.6916438043279207,-0.7219088518253923
12.495816534333335,0.020739966685220462,-7.589415207398531e-19,-0.7147305813786484,-0.6990923042231514
12.529183201,0.019500678112367015,5.421010862427522e-20,-0.7324850934985309,-0.6805037188403943
12.562549867666666,0.018315635984198744,-1.6263032587282567e-19,-0.7521435776210462,-0.6587446972248866
12.595916534333334,0.017192711433200204,-5.421010862427522e-20,-0.7737049666424803,-0.6333127468055045
12.629283201,0.016077595567135172,-4.87890977618477e-19,-0.7922657092911629,-0.6099643897820187
12.662649867666667,0.015258750030644804,-4.336808689942018e-19,-0.8145533640923207,-0.5798879095078512
12.696016534333333,0.014593505430668797,-5.149960319306146e-19,-0.8367261379234523,-0.5474270725082464
12.729383201000001,0.014022325826759966,1.6263032587282567e-19,-0.8538658106747304,-0.5203042876425233
12.762749867666667,0.013530181806735072,4.607859233063394e-19,-0.866510715418018,-0.49897506375171846
12.796116534333335,0.013080204816827264,5.827586677109586e-19,-0.8754511002288092,-0.4831296713617551
12.829483201,0.012727247323310471,1.3552527156068805e-20,-0.8839883700325702,-0.4673356168993876
12.862849867666666,0.012361458893754465,2.168404344971009e-19,-0.8898979595704422,-0.4559921226143952
12.896216534333334,0.012036177999220765,-3.9302328752599536e-19,-0.8988277089874798,-0.4381368279150815
12.929583201,0.011755608254581234,-9.486769009248164e-20,-0.9097305864825769,-0.41503260798716957
12.962949867666667,0.011533392525257912,2.710505431213761e-19,-0.9238350287043079,-0.3826170678312313
12.996316534333333,0.011395086323377088,-6.166399856011306e-19,-0.9374671320328791,-0.3478872351290446
13.029683201000001,0.011142875717223872,-5.692061405548898e-19,-0.9519304150822321,-0.30611161552956423
13.063049867666667,0.010910610410502772,-5.149960319306146e-19,-0.9653737208982782,-0.26064254752339205
13.096416534333335,0.010618434955116447,-2.778268066994105e-19,-0.9731477156318907,-0.2299364529593703
13.129783201,0.010313490100854557,2.710505431213761e-19,-0.9787282976074788,-0.20490132108970466
13.163149867666666,0.010207303864777148,4.336808689942018e-19,-0.9804973816057844,-0.19626689892086566
13.196516534333334,0.010305183024672971,-3.3881317890172014e-21,-0.9792841563907744,-0.20222844568664766
13.229883201,0.010514743101754995,-1.8634724839594607e-19,-0.9740380194558234,-0.2261401707615902
13.263249867666667,0.010691452538446588,3.5236570605778894e-19,-0.9661724083221224,-0.25767531942281197
13.296616534333333,0.010721380731131533,0.0,-0.9573124962890526,-0.2888560825809989
13.329983201000001,0.01063170390246246,3.3627208005995723e-19,-0.947412450775632,-0.31983842012403857
13.363349867666667,0.010472446223440691,-1.4907779871675686e-19,-0.9404615209023605,-0.3397388049253668
13.396716534333335,0.010212366338046156,3.5236570605778894e-19,-0.9332980594720262,-0.35895743446755335
13.430083201,0.009910937902681601,1.5585406229479126e-19,-0.924280796659267,-0.3815845676082827
13.463449867666666,0.009624170346614903,-2.1006417091906648e-19,-0.9173664298667834,-0.3979273912394212
13.496816534333334,0.009412711252718425,6.166399856011306e-19,-0.9122090265978762,-0.4096170072887942
13.530183201,0.009185305328668592,-2.0328790734103208e-19,-0.9078305722318931,-0.41923654693637175
13.563549867666667,0.00893162928473901,1.0164395367051604e-19,-0.9029229801982309,-0.42970957381499564
13.596916534333333,0.008554969530247829,-1.6263032587282567e-19,-0.8932699789058652,-0.44943915859863803
13.630283201000001,0.008119761900083738,2.710505431213761e-20,-0.8827220595279686,-0.46982532401881827
13.663649867666667,0.00770138546608193,1.3552527156068805e-19,-0.8735985617093518,-0.4865863146875944
13.697016534333335,0.007247823442679472,4.0657581468206416e-19,-0.8666658051474307,-0.4988364975054446
13.730383201,0.006797227224517931,1.8973538018496328e-19,-0.8687553457516822,-0.4951948575358323
13.763749867666666,0.006394566328899944,-2.168404344971009e-19,-0.8780286200939709,-0.4785654101764384
13.797116534333334,0.006100075801408133,-7.453889935837843e-20,-0.8828813686065118,-0.4695564694929777
13.830483201,0.005805063470295959,0.0,-0.8830613104617138,-0.4692217207288538
13.863849867666667,0.005450844717425599,1.2197274440461925e-19,-0.885840165733485,-0.46395849929184224
13.897216534333333,0.005158059140960006,-2.981555974335137e-19,-0.8902327996419601,-0.45547662603863265
13.930583201000001,0.004828146136904092,-1.3552527156068805e-20,-0.8937310227886259,-0.44857724854263104
13.963949867666667,0.004658783841078902,-3.6930636500287495e-19,-0.8956510854369929,-0.4447329860586671
13.997316534333335,0.004658337660069328,1.2874900798265365e-19,-0.8888296799988642,-0.4582140327874755
14.030683201,0.004729742660815342,1.2536087619363645e-19,-0.8880648687952702,-0.4596938310941337
14.064049867666666,0.004830039992830917,0.0,-0.8926663142679341,-0.45069226983050137
14.097416534333334,0.00479103573858586,3.1170812458958252e-19,-0.9025592807414606,-0.43053895378235985
14.130783201,0.004638407571344297,-6.776263578034403e-21,-0.9185385463644707,-0.3953042170504218
14.164149867666668,0.0043830434108641115,-5.421010862427522e-20,-0.945515006412167,-0.3255490156333731
14.197516534333333,0.004328398997941281,8.470329472543003e-20,-0.9815874352340043,-0.1909643211514766
14.230883201000001,0.004482168180132292,6.776263578034403e-21,-0.9985189011455566,-0.054220975862440124
14.264249867666667,0.004701309893949206,1.4717197458543468e-20,-0.9975016893992094,0.07048600805127601
14.297616534333335,0.004992876757923559,1.0164395367051604e-19,-0.9865105475411843,0.16362154739420218
14.330983201,0.005212807650325729,1.9989977555201488e-19,-0.9703901526839843,0.24148660047786114
14.364349867666666,0.005377065174767166,-7.962109704190423e-20,-0.9528196698045284,0.3034893144802561
14.397716534333334,0.00536387748457479,-1.7448878713438587e-19,-0.9357035757489508,0.352746434636777
14.431083201,0.0050355874559338204,-5.421010862427522e-19,-0.9138435784907684,0.40603516708551307
14.464449867666668,0.004640171713166368,3.3881317890172014e-20,-0.881034264226461,0.47302969681132184
14.497816534333333,0.004412355066857663,1.0164395367051604e-19,-0.8273647374114897,0.5616476853070622
14.531183201000001,0.004361977548914505,0.0,-0.7588696169608573,0.6512279766760214
14.564549867666667,0.004512070995508352,2.981555974335137e-19,-0.695083710232183,0.7189146520868762
14.597916534333335,0.004661563989832909,2.168404344971009e-19,-0.6441788465087993,0.7648606955072024
14.631283201,0.004719743876696386,3.7269449679189215e-20,-0.6397390060764326,0.7685777306961713
14.664649867666666,0.004612952740265733,0.0,-0.5994920924217478,0.8003673855116853
14.698016534333334,0.0045161017658067164,0.0,-0.5209416841101265,0.853580322278663
14.731383201,0.004469191418631041,-1.6263032587282567e-19,-0.4082817768594802,0.912845012591146
14.764749867666668,0.004632379983561267,0.0,-0.2565127862096296,0.9665297365144339
14.798116534333333,0.004770815543663214,5.421010862427522e-20,-0.13836505980923977,0.9903698044382382
14.831483201000001,0.0048591895716330645,5.421010862427522e-20,-0.06632000352362713,0.9977865730752911
14.864849867666667,0.0048447465118254054,5.421010862427522e-20,0.008820334817492824,0.9999493637804585
14.898216534333335,0.004793559944378122,-5.421010862427522e-20,0.053088884873978615,0.9985782854067563
14.931583201,0.004751481402031187,0.0,0.09044337260175173,0.9958902649272694
14.964949867666668,0.004769541116636566,1.3552527156068805e-20,0.12091464208176608,0.9926514498089323
14.998316534333334,0.0049729880843336965,1.3552527156068805e-20,0.14382613476254116,0.9895904770907916
15.031683201,0.005260745139064097,-5.421010862427522e-20,0.14904149102126163,0.9888169489418863
15.065049867666668,0.005637271072470894,-1.3552527156068805e-20,0.13806189567517907,0.9904075596124211
15.098416534333333,0.005991126579971001,-6.776263578034403e-20,0.10793147703319872,0.9941402831933404
15.131783201000001,0.00627479026180099,2.710505431213761e-20,0.08052033427177249,0.9967332154473094
15.165149867666667,0.006422477479673923,-1.2197274440461925e-19,0.07295266013512425,0.9973147252308231
15.198516534333335,0.006355487515094299,3.3881317890172014e-20,0.07347840588929767,0.9972765572530085
15.231883201,0.006139187207284889,-2.168404344971009e-19,0.11461485929978225,0.9933910329815371
15.265249867666668,0.005882584536354993,-2.710505431213761e-20,0.17626554623697008,0.9843250745607142
15.298616534333334,0.005579894439018771,-1.6263032587282567e-19,0.24225609344310883,0.9701962945547324
15.331983201,0.005334931128807118,2.710505431213761e-20,0.31787879658372864,0.9481163479195638
15.365349867666668,0.005185162418283837,0.0,0.3918706777086658,0.9200056989186791
15.398716534333333,0.0051396284109943985,-5.421010862427522e-20,0.45018958232117423,0.8929182068864335
15.432083201000001,0.005021788291328471,-9.486769009248164e-20,0.48532337901393985,0.8743203071099565
15.465449867666667,0.004986346864891345,-2.168404344971009e-19,0.5227079946401115,0.8524972074348725
15.498816534333335,0.005101218263006513,-1.9058241313221758e-19,0.5452129469428911,0.8382820647360181
15.532183201,0.005216353249775399,5.590417451878382e-19,0.5652138775949433,0.8249279133553805
15.565549867666668,0.005347426169242175,3.4389537658524594e-19,0.5834685074503291,0.8121181600278681
15.598916534333334,0.005240036970450548,-2.0328790734103208e-19,0.57031073197902,0.8214123270332037
15.632283201,0.0050135151052287845,-8.131516293641283e-20,0.5577534410777102,0.8299915443137135
15.665649867666668,0.004788151758658872,-6.437450399132683e-19,0.5487066350458095,0.8360012573312559
15.699016534333333,0.004553568178872183,1.5924219408380846e-19,0.5347826147057797,0.8449774079969772
15.732383201000001,0.004402161890233727,-8.343274530454858e-20,0.5143855337683795,0.8575477500527371
15.765749867666667,0.004314216688779785,1.7787691892340307e-19,0.5205213757114474,0.8538377392466465
15.799116534333335,0.004241017462292894,1.4907779871675686e-19,0.5052920025028961,0.8629380081891733
15.832483201,0.004304570839525709,-4.743384504624082e-20,0.4969603992104203,0.8677625437217877
15.865849867666668,0.0044101538949232535,4.743384504624082e-20,0.4819993686277446,0.8761604642901201
15.899216534333334,0.0044642795433237036,-6.776263578034403e-20,0.4342710529900078,0.9007711822339283
15.932583201,0.004509272689853408,9.486769009248164e-20,0.3744800953677939,0.9272239883831396
15.965949867666668,0.004556943910783617,1.8973538018496328e-19,0.32404875686113505,0.9460294062231613
15.999316534333333,0.00458665912533741,2.879912020664621e-19,0.30676950866057123,0.9517727833439132
16.032683201,0.004521830093141004,-1.0842021724855044e-19,0.33165880818877824,0.9433885668182587
16.066049867666667,0.004433689314735617,2.981555974335137e-19,0.4053065017116863,0.9141701056528238
16.099416534333333,0.00435036206755156,5.421010862427522e-20,0.48310946261507487,0.8755491542350178
16.132783201000002,0.004359987745546844,-1.4907779871675686e-19,0.5746639509787117,0.8183778674624551
16.166149867666668,0.004486944430821327,2.0328790734103208e-19,0.6495485264642652,0.7603068979680355
16.199516534333334,0.004706320878114305,2.0667603913004928e-19,0.7003031845117895,0.713830021998542
16.232883201,0.004909747177039188,-2.4691010412462855e-19,0.738056685746005,0.6747208482093024
16.266249867666666,0.005047378533993844,2.286988957586611e-20,0.7700208619351098,0.6379987430666657
16.299616534333335,0.005352372934443497,-3.6591823321385775e-19,0.7956319188974044,0.6057567182752535
16.332983201,0.005676298629544401,5.55653613398821e-19,0.8075330111738742,0.5897950622871674
16.366349867666667,0.006058771299955555,2.439454888092385e-19,0.8159200683817392,0.5781329719902444
16.399716534333333,0.006370855251478224,5.692061405548898e-19,0.8168315364197919,0.5768410988421742
16.433083201000002,0.006440098984828497,-4.2012834183813297e-19,0.8223990013335808,0.5688746854366037
16.466449867666668,0.006362462135599066,-5.421010862427522e-20,0.8300835142331423,0.5576027963290087
16.499816534333334,0.006202949534401781,6.776263578034403e-21,0.8444061377406749,0.5356676189232931
16.533183201,0.006016926452049033,3.7947076036992655e-19,0.8508429181396767,0.5253856918946591
16.566549867666666,0.005948055550831478,3.5744790374131474e-19,0.8534379709741438,0.5211604842413718
16.599916534333335,0.006039164554694627,-4.743384504624082e-20,0.8564656001276548,0.5161687750043173
16.633283201,0.006154662111782402,-1.2874900798265365e-19,0.8460258677565956,0.5331063226233481
16.666649867666667,0.006180380639777043,1.3552527156068805e-19,0.8326989522774809,0.5536914824802107
16.700016534333333,0.0060952957076973934,6.098637220230962e-19,0.8133566652455804,0.5817334290470377
16.733383201000002,0.005992072537491845,-6.098637220230962e-20,0.7865507995089152,0.6174965059484888
16.766749867666668,0.0058699486782784836,6.776263578034403e-21,0.7578057356760778,0.6524538379678311
16.800116534333334,0.005840188914598726,3.3881317890172014e-20,0.7437339819868982,0.668450189790798
16.833483201,0.005798304260520365,-1.6940658945086007e-20,0.746445130785833,0.6654217056828123
16.866849867666666,0.0057744812710664424,3.2864878353466853e-19,0.7625267615604131,0.6469309030106994
16.900216534333335,0.005761171245752044,5.353248226647178e-19,0.786041168950021,0.6181473041448632
16.933583201,0.005797125298397447,-1.4060746924421386e-19,0.8073427178388808,0.5900543443538094
16.966949867666667,0.005820390220276917,-2.0159384144652348e-19,0.8239973984946385,0.566563686033399
17.000316534333333,0.0058667605087390825,-6.606856988583543e-20,0.8396977821762872,0.5430222976355185
17.033683201000002,0.005891866359570253,3.049318610115481e-20,0.856116641289097,0.5167490516862868
17.067049867666668,0.00575828222060291,1.7618285302889447e-19,0.8720744011058125,0.4893394334424791
17.100416534333334,0.005848815533731901,1.1519648082658485e-19,0.8916692851759488,0.4526496186131881
17.133783201,0.006008367867536591,-1.6601845766184287e-19,0.9045462077806774,0.42633327046474323
17.167149867666666,0.006257948705872994,4.607859233063394e-19,0.9119136227933254,0.41033447654559474
17.200516534333335,0.0064855467166333985,3.3203691532368573e-19,0.9108800597629282,0.41262023024819205
17.233883201,0.006502148509171767,-2.862971361719535e-19,0.9170640189438257,0.39868697899901756
17.267249867666667,0.006480039484803374,1.4060746924421386e-19,0.9264716161299971,0.3763088539932948
17.300616534333333,0.006291959553959017,2.337810934421869e-19,0.9363819829096193,0.350926193561012
17.333983201000002,0.006192174261136489,-1.3552527156068805e-19,0.9400304567518168,0.3410343052493262
17.367349867666668,0.006194366815967074,4.811147140404426e-19,0.938483564401863,0.345268343708663
17.400716534333334,0.006229124107186307,-6.098637220230962e-20,0.9313948570959822,0.363957165320333
17.434083201,0.006364520500398661,6.098637220230962e-20,0.9179217678891839,0.39671037409424453
17.467449867666666,0.0063753392827757506,-5.421010862427522e-20,0.8991754758181532,0.43754179084543154
17.500816534333335,0.006346607342172182,1.6263032587282567e-19,0.8791031084319527,0.47658938859412575
17.534183201,0.006234577478038566,-2.1006417091906648e-19,0.8503695773671436,0.5261489446269905
17.567549867666667,0.006259068665330607,3.1170812458958252e-19,0.8249421645274333,0.565182491983108
17.600916534333333,0.006285598823708782,-1.4230153513872246e-19,0.8065925473257805,0.5910744063533254
17.634283201000002,0.006350784986289612,-3.6930636500287495e-19,0.807793991380964,0.5894306872049238
17.66764986766667,0.006474884555304553,4.573977915173222e-20,0.823545026375706,0.5672139502884543
17.701016534333334,0.006726592288785067,2.236166980751353e-19,0.8418136233682109,0.5397263903755907
17.734383201,0.006957946880097842,2.303929616531697e-19,0.8515767783055791,0.5241837250677518
17.767749867666666,0.00727614185540582,-8.131516293641283e-20,0.8584855174439329,0.51278618750774
17.801116534333335,0.007572316083665212,-1.3552527156068805e-20,0.8581128329018722,0.5134053233442877
17.834483201,0.007796604464292801,1.8973538018496328e-19,0.8550936703946567,0.5184149185833888
17.867849867666667,0.007884352913371553,-1.6940658945086007e-19,0.857843341985985,0.5138507931194171
17.901216534333333,0.00823277315449476,5.014435047745458e-19,0.8635952508424543,0.5041185021089241
17.934583201000002,0.008611134736849355,-3.3881317890172014e-19,0.8680699776849028,0.49636716470842074
17.96794986766667,0.008982306251956045,2.0328790734103208e-19,0.8681718478803586,0.49618238654994556
18.001316534333334,0.009268789712498886,5.285485590866834e-19,0.8639042668733689,0.50357075691034
18.034683201,0.009332528838162454,4.696797692525095e-19,0.868517055065016,0.4955714166158867
18.068049867666666,0.009237103931207483,-2.270048298641525e-19,0.8770854430827364,0.48024556368937343
18.101416534333335,0.009030252934928672,1.0299920638612292e-18,0.8856888945235505,0.4641913793357028
18.134783201,0.00886531561295394,-7.250602028496811e-19,0.8972360539266587,0.44146219511210805
18.168149867666667,0.00865414586877568,1.3552527156068805e-20,0.9016857558023579,0.43230533600964577
18.201516534333333,0.008518108468366299,2.253107639696439e-19,0.9031271842939156,0.42928863345943025
18.234883201000002,0.008534470141225091,1.3552527156068805e-19,0.8984680593059883,0.4389559308476644
18.26824986766667,0.008605635567975244,-2.574980159653073e-19,0.8879020863271831,0.4599519845943777
18.301616534333334,0.008600388573265247,-1.7618285302889447e-19,0.8734370413123946,0.4868611384982772
18.334983201,0.008523289429955727,-1.9651164376299768e-19,0.8557563683954224,0.5173087970332335
18.368349867666666,0.00844788983318148,2.303929616531697e-19,0.8382257895267409,0.5452578829596492
18.401716534333335,0.008297157841883908,3.3542504711270293e-19,0.8246029903146141,0.5656510103729537
18.435083201,0.008314222498723055,-2.7592098256808834e-19,0.8311029978450789,0.5560563646584439
18.468449867666667,0.008390820980658444,1.3334813218844849e-19,0.8457467519483215,0.5335185335976014
18.501816534333333,0.008413856783275686,-1.3552527156068805e-20,0.8559947100535251,0.516916108642797
18.535183201000002,0.00837595412334989,-5.505714157152952e-20,0.8554331399753736,0.5178455237079843
18.56854986766667,0.008286508397563919,-7.691059161069047e-19,0.850903155096341,0.5252572269142705
18.601916534333334,0.00812040587695168,-4.2372823186396374e-19,0.8392378963717302,0.5437037909578588
18.635283201,0.007864259066956269,-1.8634724839594607e-20,0.825551875297839,0.5642714370066496
18.668649867666666,0.00766661157306543,-3.2864878353466853e-19,0.8105853149539577,0.5855703802686583
18.702016534333335,0.007676287245768395,7.047314121155779e-19,0.7933117084695828,0.6087672854377053
18.735383201,0.007847431431299404,4.743384504624082e-19,0.778167250838993,0.6280080792009088
18.768749867666667,0.008212175363236126,0.0,0.7626030899281936,0.6468145695698073
18.802116534333333,0.008359579769226612,5.014435047745458e-19,0.7452152275849623,0.6667716115744394
18.835483201000002,0.008320689206915748,-3.5236570605778894e-19,0.7242284686881929,0.6895098920774648
18.86884986766667,0.008244831625931013,5.963111948670274e-19,0.7008297928034332,0.7132808873582391
18.902216534333334,0.008176009755321956,-5.624298769768554e-19,0.6829405503870996,0.7304282014691428
18.935583201,0.008198815828250513,0.0,0.6656043045172013,0.7462598000878697
18.968949867666666,0.008239040244649557,5.082197683525802e-19,0.6541483497412299,0.7563213964622928
19.002316534333335,0.008366058752707692,5.55653613398821e-19,0.6440954232848584,0.7648994017283879
19.035683201,0.008546688298867506,0.0,0.6293928932032284,0.7770402435552431
19.069049867666667,0.008678143600491786,1.3552527156068805e-19,0.6146252756163116,0.7887714880732077
19.102416534333333,0.008748699353299744,9.486769009248164e-20,0.5934461305139492,0.804826161626004
19.135783201000002,0.00881500840928585,-3.3881317890172014e-19,0.5753581150120217,0.8178541038085934
19.16914986766667,0.008823201094227058,-6.098637220230962e-20,0.5631137492491434,0.826332291834843
19.202516534333334,0.008860770623131039,-6.911788849595091e-19,0.5690544209713799,0.8222521223547505
19.235883201,0.008965731425404038,-6.369687763352339e-19,0.5885874614021107,0.8083838295885354
19.269249867666666,0.00902880596882467,-4.946672411965114e-19,0.6050232252658835,0.7961566287808232
19.302616534333335,0.009152904183656498,8.538092108323347e-19,0.6248094270277241,0.780723641400907
19.335983201,0.009320128896246924,-2.236166980751353e-19,0.6403541923284841,0.7680232050951926
19.369349867666667,0.009544859934040723,2.371692252312041e-20,0.6542416372429369,0.7562253471991803
19.402716534333333,0.009543240127734042,2.558039500707987e-19,0.6572755743738059,0.7535899056512423
19.436083201000002,0.009474259904872277,7.335305323222241e-19,0.6619986952176333,0.7494451053475537
19.46944986766667,0.009576211470448414,-2.913793338554793e-19,0.6747285169409264,0.7380038784454802
19.502816534333334,0.009732164022643285,-6.098637220230962e-20,0.6847965594481741,0.7286693057563078
19.536183201,0.009979234222222246,1.3552527156068805e-20,0.6846522847581351,0.7288015256980488
19.569549867666666,0.01012997554887184,-2.710505431213761e-19,0.6801767422152067,0.7329781599371755
19.602916534333335,0.010042294613678445,-1.0909784360635388e-18,0.6826545576193258,0.7306722297175766
19.636283201,0.009800452522946567,2.846030702774449e-19,0.6847263293815624,0.7287343857551926
19.669649867666667,0.009495662918952383,-9.75781955236954e-19,0.6880844382261689,0.7255684931532701
19.703016534333333,0.009336532943970252,-1.2874900798265365e-19,0.6890045230590582,0.7246968996461526
19.736383201000002,0.009302476045655258,4.362219678359647e-20,0.6893786101350247,0.7243414911681655
19.76974986766667,0.009397687141114624,9.486769009248164e-20,0.6882552511243529,0.7254077424291472
19.803116534333334,0.009558871126905647,3.9302328752599536e-19,0.6810411789721748,0.7321827234556749
19.836483201,0.009579338671121321,-1.3552527156068805e-20,0.6660025128636685,0.7458879869859167
19.869849867666666,0.009478189723578558,1.6263032587282567e-19,0.6446403458528581,0.7644272289879994
19.903216534333335,0.009314915193231757,3.5236570605778894e-19,0.6216264823757598,0.7832584176145713
19.936583201,0.009160937233629518,2.371692252312041e-19,0.5971219246666833,0.8020981762299161
19.969949867666667,0.009037427636829643,3.8285889215894375e-19,0.5850929931555318,0.8109158490632736
20.003316534333333,0.008994718736364819,4.336808689942018e-19,0.598433695669649,0.801121842744298
20.02029842899983,0.00893450636157892,4.2012834183813297e-19,0.610991360763376,0.7915868440471917
