0.041666666666666664,-0.9896110222525968,0.04700165119878404,-0.13587078207163766
0.24166666666666667,-0.9911949143430119,-0.00131991651349928,-0.13240430355901214
0.4416666666666667,-0.9818720780755404,-0.003098661854952513,-0.18951944647008873
0.6416666666666667,-0.9383225683805622,-0.018997677629042434,-0.3452388244569382
0.8416666666666667,-0.8906873751963253,-0.08392583911740696,-0.44680247671014495
1.0416666666666667,-0.8421137238203962,-0.11169956998372059,-0.5276056123837175
1.241666666666667,-0.7924075438591445,-0.15714554478960574,-0.589402716474819
1.4416666666666669,-0.7295981126778363,-0.22995572471001893,-0.6440550897633132
1.6416666666666668,-0.6392927863851635,-0.3621988367793468,-0.6783190517091364
1.8416666666666668,-0.5212549083771827,-0.5261035068828427,-0.6719437629283198
2.0416666666666665,-0.40321911367920293,-0.6506930832137757,-0.6434383092585555
2.2416666666666667,-0.32308375023095914,-0.7263287293708612,-0.6066823445817499
2.441666666666667,-0.26385833132407477,-0.7688014162392452,-0.5825145177413229
2.6416666666666666,-0.17359658418598017,-0.8034222044004544,-0.5695410322665738
2.841666666666667,-0.06175147229170452,-0.8219097778684968,-0.5662606049461371
3.0416666666666665,0.053652356479625296,-0.8235293211605851,-0.5647308047494566
3.2416666666666667,0.18246958010297654,-0.8064382625765815,-0.5624608261821511
3.441666666666667,0.28968450893122333,-0.7708175406910054,-0.5673827669645476
3.6416666666666666,0.3192664075161907,-0.7330141907688471,-0.6006322978022395
3.841666666666667,0.31664823620066035,-0.712730638152142,-0.6258984997188054
4.041666666666667,0.2884581940606845,-0.7107184991789466,-0.641615995127985
4.241666666666667,0.26065355071489127,-0.7224005565591709,-0.6404663631938213
4.441666666666667,0.29940944670975533,-0.6939083433504838,-0.6548627293177902
4.6416666666666675,0.40909732469278975,-0.59460513603084,-0.6921590215658168
4.841666666666668,0.4859051742277226,-0.45687222841093883,-0.7450932348139724
5.041666666666667,0.4452892284735554,-0.36975440848675845,-0.8154748189919986
5.241666666666667,0.3823909822375768,-0.3484222788464291,-0.8557914771174356
5.441666666666667,0.32726785167665534,-0.3251635696512417,-0.8872228616478548
5.6416666666666675,0.26467288909193976,-0.2868005214885261,-0.9207028416669708
5.841666666666668,0.21713313568001008,-0.26380022311425416,-0.9398205380149105
6.041666666666667,0.168647020691636,-0.23101894836508552,-0.958221492092577
6.241666666666667,0.12722900990194538,-0.19770935667021622,-0.9719690269367744
6.441666666666667,0.10499152046975152,-0.19687447375819103,-0.974790860755211
6.6416666666666675,0.07589924796734175,-0.2911996816409638,-0.9536467110886471
6.841666666666668,0.0005631843285733018,-0.46701179929581027,-0.8842509045185659
7.041666666666667,-0.1447842525159838,-0.6657640423673622,-0.7319807102062572
7.241666666666667,-0.2609459012779331,-0.761109378801297,-0.5938179435710502
7.441666666666667,-0.36129354984020284,-0.7985099927785897,-0.48150676244119556
7.6416666666666675,-0.4231512215080341,-0.8072159593870014,-0.41151602477568416
7.841666666666668,-0.4951908554449814,-0.7809566564646884,-0.38064776028129066
8.041666666666666,-0.6043522940572362,-0.7110145828768352,-0.3594670605274372
8.241666666666667,-0.8093067690872309,-0.48099370962981497,-0.33714626619041377
8.441666666666666,-0.9401215953680248,-0.1520603525294778,-0.305039399277029
8.641666666666666,-0.941370998705186,0.2036622159559983,-0.268965322279087
8.841666666666667,-0.8555335263314037,0.4372923945898905,-0.27719622464383037
9.041666666666666,-0.7337961927791845,0.6287796456121469,-0.25725338622967997
9.241666666666667,-0.5395314076051118,0.8141287224580035,-0.2147097656757746
9.441666666666666,-0.430524410202398,0.8814083835516257,-0.19433989200570115
9.641666666666667,-0.5871928953842434,0.7776044177504714,-0.22480185298439914
9.841666666666667,-0.9076136016041026,-0.28718883015028157,-0.30620275312306044
10.041666666666666,-0.6671967729364582,-0.6698876646878471,-0.3257283882044039
10.241666666666667,-0.4862109670839193,-0.8102349082973447,-0.32728930453608407
10.441666666666666,-0.42015848418576773,-0.8584144162551115,-0.2942644017412135
10.641666666666667,-0.3572692159781675,-0.8792798213707231,-0.3150011159418561
10.841666666666667,-0.3061351005859376,-0.8789307654462096,-0.36573488997001363
11.041666666666666,-0.2810063252546677,-0.8798061420968577,-0.3833752698016821
11.241666666666667,-0.25619867835177895,-0.8824984493745274,-0.3944093356683595
11.441666666666666,-0.24625617189334897,-0.8845112232983144,-0.3962294709682168
11.641666666666667,-0.24163270919863256,-0.8849389273909906,-0.3981164762144521
11.841666666666667,-0.24751911734365928,-0.8769885426434048,-0.4118560217134297
12.041666666666666,-0.24262556272773467,-0.8674367935176436,-0.4343803006155767
12.241666666666667,-0.17992846062282009,-0.872532950709613,-0.4542158066204637
12.441666666666666,-0.08176560172903446,-0.8764524319560566,-0.4744950167200941
12.641666666666667,-0.0308576099268158,-0.8505968607125929,-0.5249121721350031
12.841666666666667,-0.12417550385445641,-0.8040688391736418,-0.581423895374488
13.041666666666666,-0.17525863269479072,-0.7835810067750788,-0.5960580655333059
13.241666666666667,-0.23013901140727047,-0.77677190717425,-0.5862264405955793
13.441666666666666,-0.26287924626861875,-0.7756751809551812,-0.5737791522279198
13.641666666666667,-0.27931960800364264,-0.7770874004552468,-0.5640174896564812
13.841666666666667,-0.28847530844512276,-0.7805849156825146,-0.5544990404197397
14.041666666666666,-0.302360077185856,-0.7839409752060011,-0.5422314368581258
14.241666666666667,-0.32313230038959045,-0.7805999578885743,-0.5350226370811686
14.441666666666666,-0.352926469189905,-0.772105667220964,-0.5284843857583854
14.641666666666667,-0.3743245196353783,-0.760972150789992,-0.5299080483648059
14.841666666666667,-0.3858907057935715,-0.7561717689515679,-0.5284814273205785
15.041666666666666,-0.37620051658888476,-0.7585046831534991,-0.5321125980020265
15.241666666666667,-0.3495218798322931,-0.7719136239222679,-0.5310214804710743
15.441666666666666,-0.31570054863082486,-0.7926430720219391,-0.5215842443650108
15.641666666666667,-0.27182863111135036,-0.82006496871147,-0.5035897560518733
15.841666666666667,-0.20391975858327405,-0.8535380585990173,-0.4794679494839666
16.041666666666668,-0.11974255383624866,-0.8700542413735084,-0.4781917375580029
16.241666666666667,0.008600180709833483,-0.8849176434977444,-0.465668123364867
16.44166666666667,0.14038837233431456,-0.8958369653646436,-0.4216245206336894
16.64166666666667,0.2525201631439532,-0.8783926583949778,-0.4057830761423586
16.84166666666667,0.36394575549265473,-0.8257523510543945,-0.4309020094952233
17.041666666666668,0.45980753611481207,-0.7562360310637322,-0.4654933888391972
17.241666666666667,0.5055884216032916,-0.7065130220971665,-0.49519662513775353
17.44166666666667,0.5040472357473282,-0.694948007069387,-0.512819316724482
17.64166666666667,0.5852086402673842,-0.6219632921999365,-0.5202811840843523
17.84166666666667,0.6778731712511655,-0.48986785737045574,-0.5481947154188624
18.041666666666668,0.7355741118263754,-0.37039853680195456,-0.5672174626594374
18.241666666666667,0.7440705219677684,-0.3272271730341305,-0.582478699667811
18.44166666666667,0.7258828357874968,-0.3631871417831936,-0.5841140374554075
18.64166666666667,0.6847517684502064,-0.44900222679005725,-0.5740313719143628
18.84166666666667,0.5105049169442111,-0.6679851355675505,-0.5414615299691988
19.041666666666668,0.1493453027807683,-0.8576602616481594,-0.49205168034153834
19.24166666666667,-0.16724697160252217,-0.8700115911471762,-0.46379767330091676
19.44166666666667,-0.3570659292144945,-0.8148479812072212,-0.45664722676997144
19.64166666666667,-0.4350371355208805,-0.7712340289002964,-0.46469426872299957
19.84166666666667,-0.44832895892554697,-0.7627357672531865,-0.46608507157109036
20.041666666666668,-0.41904849311770603,-0.7797405461720447,-0.46519140261950426
20.24166666666667,-0.39230153640761833,-0.7981808380097013,-0.4571726745621979
20.44166666666667,-0.3861700412278614,-0.8018211987869537,-0.45602134208162354
20.64166666666667,-0.40594999054609077,-0.7910113907776353,-0.4577178004356621
20.84166666666667,-0.41443298618710145,-0.7780633814718858,-0.47208333413982856
21.041666666666668,-0.41646211789059373,-0.7756466056154849,-0.4742695937536559
21.24166666666667,-0.4547754384438675,-0.7569344451506284,-0.4692862093996568
21.44166666666667,-0.6957297011750263,-0.617561806957524,-0.36684819406706426
21.64166666666667,-0.8715382047494368,-0.4049183643715247,-0.27651812934565145
21.84166666666667,-0.9075642893136353,-0.3317948081318167,-0.2573699012305195
22.041666666666668,-0.9101721251433885,-0.32058526905267676,-0.26232001044219067
22.24166666666667,-0.9002651981907024,-0.3348951838154159,-0.27815065842793585
22.44166666666667,-0.8909051999439467,-0.3493872757608401,-0.2902007171756397
22.64166666666667,-0.887536656356473,-0.35261001406105413,-0.2965549891798069
22.84166666666667,-0.8880394596224876,-0.35102159810237865,-0.2969339250052985
23.041666666666668,-0.887042066687795,-0.3523574156264161,-0.29832972292300813
23.24166666666667,-0.8837044964424391,-0.3581412737986632,-0.3013323596451042
23.44166666666667,-0.879462111421261,-0.3661361388284041,-0.3041228738820633
23.64166666666667,-0.8740331685503502,-0.3772894173761673,-0.30613512671659776
23.84166666666667,-0.8640901073208609,-0.3965173266459896,-0.3100359593655882
24.041666666666668,-0.8448384830499864,-0.42960719158640626,-0.3188817939221969
24.24166666666667,-0.7870665092644078,-0.5139137045104828,-0.3412023070125
24.44166666666667,-0.7275551991025754,-0.5822181603347597,-0.362884893644279
24.64166666666667,-0.6774561840285126,-0.6344603122823205,-0.3721736568594645
24.84166666666667,-0.6361503764221217,-0.6710260549111382,-0.3808368839915417
25.041666666666668,-0.6054956432070935,-0.6957974004123144,-0.38631723186610956
25.24166666666667,-0.5762414161272512,-0.7158605614142696,-0.3943215527349563
25.44166666666667,-0.5614619634442386,-0.7245524550385917,-0.3997301633638507
25.64166666666667,-0.5518355440570302,-0.7283258631807843,-0.4062252692007815
25.84166666666667,-0.5463490468487021,-0.730471412475165,-0.4097733941632284
26.041666666666668,-0.5419850051262489,-0.731674400200565,-0.41340636945920795
26.24166666666667,-0.5361650381609402,-0.7342911689830233,-0.41634544672353846
26.44166666666667,-0.5285672623462288,-0.7365982524642306,-0.42194746550068873
