0.03999998255712541,-0.9961766947231291,-0.08732705411707335,0.0024450991259406304
0.23999998255712543,-0.9965088155610593,-0.08293379112882401,0.009600354060946401
0.4399999825571254,-0.9363144723409464,-0.34138663589716145,0.08228228069100818
0.6399999825571255,-0.9159418203252622,0.029627412212726745,0.40021593949369705
0.8399999825571255,-0.9328443944942929,0.04524494814011253,0.3574272378098442
1.0399999825571253,-0.9543112304539528,-0.25963411197747355,-0.14791958398782526
1.2399999825571255,-0.9520428596141439,-0.2960773743116169,-0.07715297711988917
1.4399999825571255,-0.9437641479550368,-0.3208387056522694,-0.07982329227787967
1.6399999825571254,-0.9561902239942095,-0.28253817355798494,-0.0766318211999556
1.8399999825571254,-0.8639106076687804,0.5035054450592436,0.01186291503181514
2.0399999825571253,-0.8528560730660704,0.4512001736013095,0.262783032131966
2.2399999825571255,-0.8419433126364626,0.4905570358115099,0.22468923633001453
2.4399999825571257,-0.4779713336160903,0.8760080024958942,-0.06444675169789173
2.6399999825571254,-0.49203741042345167,0.8704427201114164,0.01512143342484791
2.8399999825571256,-0.6975019201246816,0.7134388682042656,-0.06705261186410613
3.0399999825571253,-0.8080002983581739,0.5889146290299455,0.017750424435023938
3.2399999825571255,-0.7689517264009093,0.6392820601361108,0.0056293919024797984
3.4399999825571257,-0.6540051173435188,0.7564813817029561,-0.0036367052776194978
3.6399999825571254,0.09889757463746507,0.9771752435790044,0.1880101408625089
3.8399999825571256,0.08843479147721367,0.9877864874962116,0.12828539580278975
4.039999982557125,0.08676401807976791,0.9878041550271109,0.12928633523242025
4.2399999825571255,-0.13172020103224397,0.9885862225133336,0.07312365757292708
4.439999982557126,-0.14171677682671885,0.9865818095938051,0.08107211693583831
4.639999982557126,-0.06075068386773974,0.9953807841070903,0.07434009039512904
4.839999982557126,-0.2016974205471489,0.9756500236425619,0.08616949524567755
5.039999982557125,0.512404932286519,0.8578391951468506,0.039409397841776966
5.2399999825571255,0.7368645998682651,0.6720771565771114,0.07309484980630655
5.439999982557126,0.730437397499857,0.6749819430641584,0.10421412990074452
5.639999982557126,0.5155214541244798,0.7469093851339026,0.4199571415469414
5.839999982557126,0.5356833568598548,0.7136340110332311,0.4514087277401487
6.039999982557125,0.5374834783923721,0.7317268893430108,0.4191506529490771
6.2399999825571255,0.8044842932630425,0.5131758940770229,0.2990911627435875
6.439999982557126,0.9523964940741773,0.2426242221489066,0.18459253750315535
6.639999982557126,0.9409821988317095,0.28356910999008444,0.18477299949200618
6.839999982557126,0.9532050375045754,0.22384030646758452,0.2032133698268873
7.039999982557125,0.9969586316224417,0.0599699265588104,-0.049770420352245555
7.2399999825571255,0.9990857095867743,0.03730495404229936,-0.020882655563732946
7.439999982557126,0.9978143246105411,-0.02114913622675947,-0.06260421422613675
7.639999982557126,0.9991509749307195,0.034859389840272606,-0.02195796518252692
7.839999982557126,0.9960843874913187,0.048186663082432656,-0.07412110696033349
8.039999982557125,0.7908768564764292,-0.01892285339929258,-0.6116826983896063
8.239999982557126,0.7526719183735873,0.03963452084552325,-0.6572017103212455
8.439999982557126,0.7630766958490351,0.08152696379215439,-0.6411453114754503
8.639999982557125,0.896104725507372,0.3754866298176589,0.23665610440369866
8.839999982557126,0.9210715903691987,0.35048282412199705,0.16967296605595358
9.039999982557125,0.935517233091523,0.32998375723311485,0.12616745440524094
9.239999982557126,0.8156923939990601,-0.5218960303829574,0.24954048137044543
9.439999982557126,0.8361265863557119,-0.5343916615733405,0.12376543794625441
9.639999982557127,0.921235934503348,-0.38752809078377093,-0.03385752255007153
9.839999982557126,0.9140531283188292,-0.4052150923842626,-0.01753874324391154
10.039999982557125,0.9069764426427023,-0.4210939771943947,-0.008578744768095035
10.239999982557126,0.7796798035518248,-0.6198062218277613,-0.08910472107012057
10.439999982557126,0.9398864213619816,-0.3372891538917068,0.05338109783794283
10.639999982557127,0.8868818549686294,-0.46014868044283386,0.04127671515663374
10.839999982557126,0.07262536157327576,-0.9972726338934713,-0.013147263727853518
11.039999982557125,0.10933281722430588,-0.9922024934298875,-0.05983767299378093
11.239999982557126,-0.12318127323067801,-0.9891680417996433,-0.0798308148995588
11.439999982557126,-0.1753150883103179,-0.98112667886439,-0.08157855006849331
11.639999982557127,-0.37356179387833244,-0.9256655623414957,0.05995709173571557
11.839999982557126,-0.5616108264819428,-0.8203209083238818,0.10801336465896569
12.039999982557125,-0.4845728329577121,-0.6810837327051323,0.5489208673422624
12.239999982557126,-0.4397092326838254,-0.6401756059283995,0.6299452232272329
12.439999982557126,-0.3554677918542153,-0.6649388222338812,0.65688584369014
12.639999982557127,-0.2526972966992877,-0.7089987280097583,0.6583804978288899
12.839999982557126,-0.2110634427318569,-0.7353911397939329,0.6439348528032601
13.039999982557125,-0.48794560223761063,-0.5658734628089536,0.6646023723592774
13.239999982557126,-0.5167317085942305,-0.585133819032245,0.6249854039559863
13.439999982557126,-0.43535553176790587,-0.7886896030752837,0.4340901645511398
13.639999982557127,-0.3930751188555109,-0.8859503650175757,0.24613797281595953
13.839999982557126,-0.40064876259802534,-0.9094423819222603,-0.11133338669166903
14.039999982557125,-0.4176785603392783,-0.9071765059513869,-0.050748470742881094
14.239999982557126,-0.3542628192194408,-0.5393701924139369,-0.7639225421821554
14.439999982557126,-0.6736470825918746,-0.11097255141013466,-0.7306741414262459
14.639999982557127,-0.6858321282284636,-0.14415140671113602,-0.7133404964200594
14.839999982557126,-0.9882990731784478,-0.1325860657032812,-0.07540475539345098
15.039999982557125,-0.990157307063379,-0.13978048732786277,0.007065594906522813
15.239999982557126,-0.9891018280042629,-0.14650698048021182,0.014604057970159848
15.439999982557126,-0.9917559128598983,-0.12563668215878476,0.025211771131007286
15.639999982557127,-0.932128489229606,0.13003594168914234,0.3379750485399045
15.839999982557126,-0.8619630232504977,0.5067756391924882,0.014078283627868091
16.039999982557127,-0.9486468788209379,0.2541043605548322,0.18841463120021548
16.239999982557126,-0.9661477386006215,-0.2576557468074537,-0.013117291412415136
16.43999998255713,-0.944512885542367,-0.3280163668655219,-0.01733989944534582
16.63999998255713,-0.8895080871633814,-0.35315283518721186,-0.28992833229985693
16.839999982557128,-0.88826830205294,-0.36245073294413077,-0.28215047360628176
17.039999982557127,-0.8756235515844031,-0.3340719369559083,-0.3488256539436913
17.239999982557126,-0.8708162582655713,-0.275585894401753,-0.40710128855990557
17.43999998255713,-0.8806016842972342,-0.24618183539333854,-0.4048890928825347
17.63999998255713,-0.8836815678471008,-0.23319979536608865,-0.4058629597394957
17.839999982557128,-0.7956896108320136,-0.1793920697441271,-0.5785296263173713
18.039999982557127,-0.8219983548410984,-0.20275369548409664,-0.5321744484716167
18.239999982557126,-0.8518584282702678,-0.0009166887788202207,-0.5237713030193539
18.43999998255713,-0.9123087628571108,-0.05721223195533246,-0.40548672201296304
18.63999998255713,-0.9205184003510155,0.005038432908614122,-0.3906667234472802
18.839999982557128,-0.9130410267206304,-0.06458183748684454,-0.4027223234336038
19.039999982557127,-0.9688166339829117,-0.24637138036527584,-0.026371815541024215
19.23999998255713,-0.9621599776195697,-0.26505258154099165,-0.06320843682266833
19.43999998255713,-0.8608309504585263,-0.14463441189075113,-0.48790466448855246
19.63999998255713,-0.7591607204137413,-0.08591274493708909,-0.6452084940840941
19.839999982557128,-0.7740565383247456,-0.1156067094013055,-0.6224721393107595
20.039999982557127,-0.5254828170629584,-0.8504912790383559,0.023073648417175734
20.23999998255713,-0.6311496873660621,-0.7739880050564123,0.05091797488625404
20.43999998255713,-0.5292550949456888,-0.8461697890511468,0.06233564446741622
20.63999998255713,-0.348675874057676,-0.9370971006715403,-0.01655774027785275
20.839999982557128,-0.16295070720746985,-0.9865808920633803,-0.010257213852229875
21.039999982557127,-0.14129073157208494,-0.989885215188966,-0.012813661542261882
21.23999998255713,-0.9553140054688979,-0.29322042467055687,-0.037375573721205924
21.43999998255713,-0.9406149113486001,-0.32114132359260156,-0.11005379970658627
21.63999998255713,-0.9014880619977159,-0.24012255842534366,-0.3600839221776923
21.839999982557128,0.05038682857442395,-0.9981623811609674,0.03366048634942371
22.039999982557127,0.14091589412631494,-0.9881702816130025,-0.060516157507400754
22.23999998255713,0.23405697488080446,-0.9719972874895827,-0.020942913420531284
22.43999998255713,0.7838963857098016,-0.6206473841925978,0.017414963852832283
22.63999998255713,0.8087528499538423,-0.5881486286032626,-0.00013551250580765367
22.839999982557128,0.8751861587180993,-0.48344037161613623,-0.01829192936542107
23.039999982557127,0.8561763282590019,-0.5006469099575895,-0.12772927025099298
23.23999998255713,0.9985425269880982,-0.012105133033458632,-0.05259550884311356
23.43999998255713,0.9926118963909986,0.005429176172420809,-0.12121116775757426
23.63999998255713,0.8165520406286152,0.3084964358516389,-0.4879269556112676
23.839999982557128,0.7706500428940363,0.21458720878399948,-0.6000423661823491
24.039999982557127,0.7399978439392835,0.3571856670496728,-0.5699312153404941
24.23999998255713,0.7793260011163372,0.5964826397310137,0.19198813630935702
24.43999998255713,0.32689064692922265,0.9327656954991047,0.15195611948936313
24.63999998255713,0.38229266351479047,0.9208527336727235,0.07669786379188807
24.839999982557128,0.4645048280409828,0.7710874488548237,0.4354990366753716
25.039999982557127,0.49527511663500845,0.7712181491076533,0.3999063957092263
25.23999998255713,-0.036797473211875376,0.9865724228474969,0.1591251094015063
25.43999998255713,-0.07518698753701214,0.9862518113197833,0.14715393835557133
