0.03999998387356878,-0.9995734277655876,0.028396774691533407,0.0068253712039713765
0.2399999838735688,-0.9997945489748105,0.020209719420087736,0.0015579092453035781
0.4399999838735688,-0.9899805099029032,-0.12837265012602445,0.05881371193871081
0.6399999838735688,-0.9840061842549244,-0.17780039801582195,0.010901734425260124
0.8399999838735688,-0.8198252266658063,-0.4495882277156062,-0.35462236706375416
1.0399999838735687,-0.7804857276297639,-0.49395386449484285,-0.38321222412241596
1.239999983873569,-0.7717745786295557,-0.5110311543650147,-0.3784325026336044
1.4399999838735689,-0.3814698134571532,-0.9023190642153738,-0.2007513082758292
1.6399999838735688,-0.25247161971992804,-0.9442072893215446,-0.21149627899340645
1.8399999838735688,-0.045965037749072624,-0.9630571510015681,-0.26534532068508165
2.0399999838735687,0.2881671639566483,-0.9171188800411599,-0.2754135898775344
2.239999983873569,0.6501105085047569,-0.7465681214149348,-0.14139436629039023
2.439999983873569,0.8880936116059504,-0.4583035270705804,-0.03532158121269691
2.639999983873569,0.9730774921182476,-0.2271417307697058,-0.039074652599924445
2.839999983873569,0.9837953241565746,-0.17189480752593203,-0.05097975395471736
3.0399999838735687,0.46639755467724237,-0.8756487873119084,0.12534960019989574
3.239999983873569,-0.06158399120622465,-0.995943690329229,0.06560165943410565
3.439999983873569,0.01187908505783114,-0.9969867002644693,0.07665772520727503
3.639999983873569,-0.3864272594077632,-0.9180885312889681,0.08824637047647316
3.839999983873569,-0.6554965848322466,-0.7486775881826202,0.09902573517180312
4.039999983873569,-0.6676574825047032,-0.7308796021167384,0.14159270201941995
4.239999983873569,-0.9868615100367886,-0.1496494268280384,0.06090491817538087
4.4399999838735695,-0.9922620837030613,0.11099276273983323,0.055646777666261936
4.63999998387357,-0.4959294914199818,0.8673009347531833,-0.04293050333006874
4.83999998387357,-0.1779397046728043,0.983985121203814,0.01052343814875311
5.039999983873569,-0.2201463031483168,0.9688356170877098,0.11354801747457585
5.239999983873569,-0.2059858126886669,0.9722655808040875,0.11076770898903755
5.4399999838735695,-0.15832108075097745,0.9849211314172711,0.06974812024396039
5.63999998387357,-0.256368845926789,0.9632658122360769,-0.07996242752278969
5.83999998387357,-0.3349762401026664,0.9421469046116836,-0.012252701632864585
6.039999983873569,-0.4100555618009285,0.9114419112997887,0.03358688080654868
6.239999983873569,-0.3449736217938044,0.9341902053100356,0.09100472827968106
6.4399999838735695,-0.33328868342879286,0.9395806621803849,0.07814622674813326
6.63999998387357,-0.3426493020740439,0.9372861768022205,0.06392244178414525
6.83999998387357,-0.3228318287021913,0.9098992783993548,-0.26050511232053075
7.039999983873569,-0.31060367301309055,0.907363369079306,-0.28322619010929845
7.239999983873569,-0.290421599536514,0.912558579094999,-0.28790994120170477
7.4399999838735695,-0.27294643331965496,0.9546051635890518,0.11928632020143556
7.63999998387357,-0.26791940289592103,0.9275624833218076,0.2604746304072138
7.83999998387357,-0.2924110072820155,0.9284706404190396,0.22899360842647026
8.03999998387357,-0.29961026448575934,0.937153539010226,0.17882095440798382
8.23999998387357,-0.29302936716929706,0.9437269051184007,0.15334053127600059
8.43999998387357,-0.22766683826707462,0.9617184554597756,0.15253007303983446
8.639999983873569,0.40983157240081425,0.9120779325066953,0.0123258791892727
8.83999998387357,0.44720328681067834,0.8936846430327591,-0.036564724436762376
9.03999998387357,0.560219321381297,0.8253341484044964,0.07055391859070459
9.23999998387357,0.3953535531145231,0.8529892091228927,0.3407418042442454
9.43999998387357,0.1632063811569871,0.908463436550535,0.38478287591891724
9.63999998387357,0.15844096207534425,0.9161554769536967,0.3681787657977895
9.83999998387357,0.5454063222955653,0.7960653446470088,0.26232024445716257
10.03999998387357,0.5272416834234955,0.8029627267143312,0.27796954287879333
10.23999998387357,-0.19519895188098238,0.7584876455026813,0.621766725391738
10.43999998387357,-0.369505947717339,0.72123980600345,0.5858997327509353
10.63999998387357,-0.5962797723040603,0.5294325208355306,0.6034497816908665
10.83999998387357,-0.6714946243598238,0.3127151526574944,0.6717917852685159
11.03999998387357,-0.49166580349844957,0.12798317739065093,0.8613274893878738
11.23999998387357,-0.5064329654073497,0.06428097769579011,0.8598799959617572
11.43999998387357,-0.9647224668745502,0.06098188999629647,0.25610890456983726
11.63999998387357,-0.96557621406688,0.0487252262394405,0.2555160017615061
11.83999998387357,-0.9996666168918504,0.025804128046307134,0.0008955711987623417
12.03999998387357,-0.9921891911173449,0.017779762540739933,-0.12346857524853883
12.23999998387357,-0.9481578094673715,0.31556406106302975,-0.03763099402678011
12.43999998387357,-0.930737312348376,0.36317231319584187,-0.04282436608407201
12.63999998387357,-0.8822889034135716,0.4690894624365224,-0.03900470669408805
12.83999998387357,-0.8563982312761067,0.5152313023592257,-0.03344808718554992
13.03999998387357,-0.8607637592781741,0.5079067992993785,-0.033413080354356015
13.23999998387357,-0.6589281110082792,0.7499854683389344,-0.05775414966467817
13.43999998387357,-0.660348816729239,0.7480652502919235,-0.06586214049039311
13.63999998387357,-0.6716516777268091,0.7375546120326631,-0.06998012629390205
13.83999998387357,-0.6843171161060296,0.7260791612869394,-0.06722452044590103
14.03999998387357,-0.6928385484026067,0.7178186639989386,-0.06863753683042567
14.23999998387357,-0.716130113404355,0.6946322719699577,-0.06814445988721787
14.43999998387357,-0.7628900119181803,0.6165567937741473,-0.19456759690766287
14.63999998387357,-0.9916285554527198,0.08026867401095683,-0.10114221662231437
14.83999998387357,-0.9848895212659871,0.12775522590589983,-0.1169240486563305
15.03999998387357,-0.9840913670416077,0.13805322022203934,-0.11182794686707229
15.23999998387357,-0.8273220693196132,0.559375711235539,-0.051351799349668624
15.43999998387357,-0.6809183808216664,0.7311058654777556,-0.04282957066352706
15.63999998387357,-0.6666918275691814,0.7433392855978423,-0.054485902207396485
15.83999998387357,-0.652801854136117,0.7553287843247998,-0.05769026613621826
16.039999983873567,-0.6513264825785253,0.7568835067539766,-0.05386251289801506
16.239999983873567,-0.34950887774093325,0.9366550406083917,-0.022822779917560522
16.43999998387357,-0.3584442774513164,0.9333507335695457,-0.019341874459181795
16.63999998387357,-0.33775344451827044,0.9225339090431676,-0.18669171749591992
16.839999983873568,-0.3443355865445691,0.9163437205760341,-0.2043212901287534
17.039999983873567,-0.9581928921191516,0.2709145574514142,-0.09204175168498435
17.239999983873567,-0.9727846711226711,0.21014635850347438,-0.09761399303627513
17.43999998387357,-0.946773568605353,0.30718394914999536,-0.09621762403478096
17.63999998387357,-0.9478528763541644,0.30203315606891706,-0.10173936024069948
17.839999983873568,-0.9576831337157228,0.2682282340787918,-0.10438692369930963
18.039999983873567,-0.9630474852070656,0.24890680459100128,-0.1028831563699533
18.239999983873567,-0.9927944247421188,0.09052342978050888,-0.07851585102218882
18.43999998387357,-0.9949243608767391,0.0666432431123679,-0.0753935957590503
18.63999998387357,-0.987255695286948,-0.1228562825587048,-0.10115594870960536
18.839999983873568,-0.9211805319879446,-0.388496446332815,0.022292121325290275
19.039999983873567,-0.9008137435788671,-0.43317818228616456,0.02985400761507817
19.23999998387357,-0.9116037280659721,-0.40254648589002,0.0832764653057365
19.43999998387357,-0.9125254902169075,-0.39492775052843987,0.10643919187469829
19.63999998387357,-0.9213671787141828,-0.37024368956560705,0.11833060603712477
19.839999983873568,-0.9276271171037559,-0.3498572193983962,0.13079700932589194
20.039999983873567,-0.9399115692543912,-0.056348046288357885,0.33673600885743293
20.23999998387357,-0.9325446709194923,-0.009936713759006392,0.3609178555562572
20.43999998387357,-0.9294731756415349,0.005386379527461783,0.36885037979975893
20.63999998387357,-0.9226439681049099,0.013690701877401715,0.3854097466356162
20.839999983873568,-0.8968991176519648,0.03673177805566523,0.44070710141316805
21.039999983873567,-0.8996154717355841,0.04816364993672125,0.4340187390409954
21.23999998387357,-0.8883664087739561,0.07252442125015937,0.45337107548275946
21.43999998387357,-0.8839455878881771,0.07618494081786134,0.46134157892564215
21.63999998387357,-0.950172485656248,0.07579875084600844,0.3023686439960526
21.839999983873568,-0.9519053675568172,0.0815058004988114,0.29535229083514614
22.039999983873567,-0.9506056553125206,0.0667621235333125,0.30313644939065937
22.23999998387357,-0.9508423682934245,0.05660826473102263,0.30445737800600925
22.43999998387357,-0.9284706492230851,-0.0330896302178669,0.36992881734640226
22.63999998387357,-0.9294907160715162,-0.03267458835832362,0.3673954000970534
22.839999983873568,-0.9281965726101865,-0.041064134363334955,0.3698173325625685
23.039999983873567,-0.9276596944554011,-0.050481911709803255,0.3699987403668224
23.23999998387357,-0.9244664705033343,-0.07564006901940497,0.3736847934741896
23.43999998387357,-0.9212761037476571,-0.11198485805679002,0.37243755480554935
23.63999998387357,-0.9032932899329635,-0.22512382015080656,0.36521294878849836
23.839999983873568,-0.9236412990788888,-0.1562338510122713,0.34996819060271595
24.039999983873567,-0.9466289034132479,-0.023625600894525343,0.32145847353119306
24.23999998387357,-0.9479386614368269,0.013338625103229751,0.3181734986351205
24.43999998387357,-0.9437267882430598,0.04983163679481133,0.32695038939690774
24.63999998387357,-0.9406923122059525,0.05973143510296512,0.3339612693369684
24.839999983873568,-0.9424394404271236,0.07082417631982749,0.326790203610861
25.039999983873567,-0.9432269284435761,0.08400404795768072,0.3213507139958154
25.23999998387357,-0.942761045674692,0.09610942220984128,0.31931894669883215
25.43999998387357,-0.945742262995819,-0.04523082117432917,0.3217541682705027
25.63999998387357,-0.9480754996834133,-0.02895211617199579,0.31672483620519865
25.839999983873568,-0.9512214616284185,-0.012778868007852225,0.30824411019504244
26.039999983873567,-0.9534286378077355,0.009431775189660615,0.3014711830753612
26.23999998387357,-0.9546561111457342,0.018300764572256267,0.2971477603283838
26.43999998387357,-0.9548845396994766,0.013797392153867967,0.29665661599342596
26.63999998387357,-0.9555088779634061,-0.000338620513310654,0.29496214921453995
26.839999983873568,-0.9539944202003227,-0.01815782362794136,0.29927402103715445
27.039999983873567,-0.9526798817692015,-0.035082331898055076,0.301944155202274
27.23999998387357,-0.9555283090839259,-0.04225209088055642,0.2918568336623882
27.43999998387357,-0.98192403005762,0.031444933605323945,0.18664515891380512
27.559988888888892,-0.8726999402429917,0.48771672145039696,-0.022961139291304757
