0.04170832798116035,-0.9868476163317297,0.02446120313909945,0.15979183859437565
0.24170832798116038,-0.9874520366139733,0.022029588752701956,0.15637510225833032
0.4417083279811604,-0.9876725820262082,0.06084886715519328,0.14422304281775813
0.6417083279811604,-0.9911341777525892,0.03406005830868032,0.12842489680240468
0.8417083279811604,-0.9896073756844255,0.07890076695359045,0.12021610110596508
1.0417083279811603,-0.9800640872981439,0.15818261805493905,0.12021915044510213
1.2417083279811605,-0.946011276335125,0.29306172679548176,0.13848281241525318
1.4417083279811604,-0.8874500493433967,0.4394531855114578,0.13897232697280346
1.6417083279811604,-0.8538030100789118,0.5015713109901638,0.13945121000478175
1.8417083279811604,-0.8286550316364695,0.5428671655919746,0.13647739397313424
2.0417083279811603,-0.7968151406207672,0.5909996835668392,0.12571796093400234
2.2417083279811605,-0.7591342661487592,0.6410910009372147,0.11277186917004343
2.4417083279811607,-0.7496346063759693,0.6539383025368461,0.10204240980481326
2.6417083279811604,-0.7678089480330743,0.6326894563602486,0.10086362640177411
2.8417083279811606,-0.7877484571600558,0.6074468100632865,0.10227776486553605
3.0417083279811603,-0.8083426757009996,0.5794692008870578,0.10391132692764213
3.2417083279811605,-0.8411436592830388,0.53006492601952,0.10727776401407733
3.4417083279811607,-0.9024418126967095,0.4194763236117095,0.09817529539492813
3.6417083279811604,-0.9494176978183404,0.3079842801557878,0.06125127138471654
3.8417083279811606,-0.9587614459989903,0.27687093591875217,0.06417923737003675
4.04170832798116,-0.948015169996731,0.30512727798366746,0.09035807482647719
4.2417083279811605,-0.906121156046915,0.36644691876919433,0.21133174463096088
4.441708327981161,-0.7989816439558778,0.5032791649112445,0.3291480134951492
4.641708327981161,-0.6933545603524987,0.604075716605126,0.3928765483538016
4.841708327981161,-0.6400332684649258,0.6804792640541806,0.3567988038802607
5.04170832798116,-0.5771661224377986,0.7519099024481736,0.3186075418292767
5.2417083279811605,-0.5302921154187539,0.7790856019098417,0.33438884135312047
5.441708327981161,-0.6001220929211089,0.7407114388135189,0.301993440324115
5.641708327981161,-0.695485617297563,0.6598769189379445,0.2843628104819494
5.841708327981161,-0.769793642824011,0.5912344345427822,0.24054020636603649
6.04170832798116,-0.7623697758533913,0.620701489483231,0.1830901030054554
6.2417083279811605,-0.6889241721648798,0.7147120949877322,0.12070669527901952
6.441708327981161,-0.602214542958761,0.795955497942121,0.06158319206310487
6.641708327981161,-0.39973325708940677,0.9159410789073043,-0.03557053762339695
6.841708327981161,-0.16203913958879412,0.9834742429909237,-0.08075723258478534
7.04170832798116,-0.06637169305958268,0.9918466973111978,-0.10878845248128746
7.2417083279811605,0.05347372641803233,0.9851124191236372,-0.1633832374246063
7.441708327981161,0.1063563461935047,0.980748339005756,-0.16377125255006764
7.641708327981161,0.14760998688429633,0.9795188633311135,-0.13694556637781827
7.841708327981161,0.17474111265637066,0.9760261936730689,-0.12976291000002596
8.04170832798116,0.2506013422875786,0.9629492319546611,-0.09963806462187205
8.241708327981161,0.3229034213734067,0.9458963599205583,-0.03183483554827639
8.44170832798116,0.3228497762603804,0.946203822196167,0.021595111251993315
8.64170832798116,0.3238736552827356,0.9460871590471096,0.004994286732789103
8.841708327981161,0.4107824043218027,0.9109133484224535,0.038661194567589825
9.04170832798116,0.47413430863772393,0.8794726888872927,0.04152645992595817
9.241708327981161,0.4824599827334987,0.875326917833107,0.032173777794740566
9.44170832798116,0.43297435661490963,0.9013344801930624,0.011373712191147854
9.641708327981162,0.3793496712510001,0.9252364525282454,-0.005597663325555313
9.841708327981161,0.34627025891626795,0.9379289320952197,-0.01965263668778317
10.04170832798116,0.3081619020422136,0.9505462860894839,-0.03870400665583268
10.241708327981161,0.2981342629277323,0.9532775463274747,-0.04876352054976287
10.44170832798116,0.2953753133142764,0.9542527212682669,-0.04642378955450517
10.641708327981162,0.3249321826749235,0.9446705208836208,-0.04490750088324729
10.841708327981161,0.35279452280808193,0.934510669149798,-0.04717874438573576
11.04170832798116,0.36648962848467354,0.9285904955001945,-0.05835275383278763
11.241708327981161,0.3941762896747947,0.916332631828036,-0.07042414717494426
11.44170832798116,0.40651557439975794,0.9012684169723452,-0.1498677027868178
11.641708327981162,0.417261840323081,0.8514537322793115,-0.3176776643042868
11.841708327981161,0.39146640717273157,0.8240580478054222,-0.40949039781463725
12.04170832798116,0.3724700431247898,0.8328701158984838,-0.4093817741642433
12.241708327981161,0.3263060336004258,0.8518418611387688,-0.40974359793363
12.44170832798116,0.25357018945451026,0.8845290984528416,-0.39154876198272787
12.641708327981162,0.15380509028008882,0.9110532354115574,-0.38252581148213616
12.841708327981161,-0.0007538425275327998,0.9415792278041383,-0.3367907206103018
13.04170832798116,-0.12862432877295865,0.9562624154060675,-0.262712723196764
13.241708327981161,-0.2631587384412443,0.9487844681954601,-0.17480134808710843
13.44170832798116,-0.3930027431591679,0.9175120234457214,-0.06099615317302524
13.641708327981162,-0.4796740661789586,0.8774198115821042,0.006874916622654088
13.841708327981161,-0.5394652815192449,0.8412102044477835,0.036641533377846494
14.04170832798116,-0.5861967707212746,0.809001246147142,0.043477922309153996
14.241708327981161,-0.597440261765575,0.798800400300435,0.07059075082010743
14.44170832798116,-0.6384160130045233,0.7656199101500262,0.07906419873288946
14.641708327981162,-0.7280134469359666,0.6815443562290966,0.07411957617713918
14.841708327981161,-0.8277227599105224,0.5551627036582254,0.0816664263513299
15.04170832798116,-0.8469745665905422,0.5192113147112224,0.1142527646256631
15.241708327981161,-0.8220041975707082,0.5466225193375094,0.15972764484975643
15.44170832798116,-0.791538655871891,0.5643536683720884,0.23446000353042484
15.641708327981162,-0.8184687522445522,0.48288594850792155,0.3113359316443433
15.841708327981161,-0.8864837333239652,0.3367805783963482,0.317372702933044
16.041708327981162,-0.909912443275037,0.2750308322109474,0.31051149239054926
16.24170832798116,-0.9063482388806876,0.29787782673673463,0.29966926805476113
16.441708327981164,-0.799463040446294,0.533785413589101,0.2755575787378742
16.641708327981164,-0.6426351169838064,0.7220233081025985,0.25632488949727406
16.841708327981163,-0.47012414866460395,0.8470946765660605,0.24781826763945958
17.041708327981162,-0.2689619675077251,0.9337257707170262,0.23625334946465634
17.24170832798116,0.09635419882900315,0.9690934166759906,0.22709869687709816
17.441708327981164,0.4134136488323041,0.8860205394097102,0.20989701928156676
17.641708327981164,0.7268221671763676,0.6676001970993636,0.16136763657542572
17.841708327981163,0.9481910237220335,0.2962724273174731,0.11470148797803484
18.041708327981162,0.9960183887403076,-0.04139965201587033,0.07895212539334646
18.24170832798116,0.9510201897361602,-0.30808597633467244,0.02536986204357178
18.441708327981164,0.8738369160455007,-0.4855420318400815,-0.02565111055478035
18.641708327981164,0.8324938338404606,-0.5283735817152753,-0.16665945746636462
18.841708327981163,0.7877137683770011,-0.5437928485646643,-0.2894760041164593
19.041708327981162,0.7682323406555209,-0.5395096359089263,-0.3445989314149979
19.241708327981165,0.7821709104584014,-0.5189150346563857,-0.3448707781767512
19.441708327981164,0.8440702247129982,-0.4260247291981997,-0.3256507114448687
19.641708327981164,0.9008893158156253,-0.27684049629681945,-0.33430192978710943
19.841708327981163,0.9227621746647623,0.06948891116664076,-0.379053110042423
20.041708327981162,0.8490026692222782,0.32125202923321977,-0.4195135294206683
20.241708327981165,0.8158839522435066,0.37509860899412273,-0.44003910053788436
20.441708327981164,0.8316078244525984,0.3290099198147003,-0.4474158009868906
20.641708327981164,0.8639065925310714,0.22883704477838263,-0.448663578105522
20.841708327981163,0.8939090985669912,0.029498346819495685,-0.4472766157916889
21.041708327981162,0.8894407559603288,-0.13586759266071863,-0.43638874745036693
21.241708327981165,0.8734996330760345,-0.24257220561468187,-0.4220866215355107
21.441708327981164,0.8759307393810859,-0.2763309540608626,-0.39545738535917907
21.641708327981164,0.8550105469904622,-0.3311023578146662,-0.39915935813236264
