0.0399999881291548,-0.9936161000401244,-0.0009526933966665191,0.11281018622600351
0.2399999881291548,-0.9931325344589903,0.00604980382479724,0.11683821666194551
0.4399999881291548,-0.9931865091993982,0.03288444440890372,0.11179969257664367
0.6399999881291549,-0.9884651943395173,0.07541968753091327,0.13133327952990076
0.8399999881291549,-0.9850279507012303,0.11641948519453012,0.1271473153644049
1.0399999881291548,-0.9810274146297777,0.15115075576143955,0.12140288619946293
1.239999988129155,-0.9718843240510193,0.1968360865358871,0.12921461102030898
1.439999988129155,-0.9509120202780548,0.27191441323273857,0.14774600355679376
1.639999988129155,-0.9367665676306001,0.308413568924542,0.16537674646942202
1.8399999881291549,-0.9387275477872394,0.3014513527333964,0.16708582513355816
2.039999988129155,-0.9394779581083247,0.30057924100013034,0.16441802245617332
2.239999988129155,-0.9421258500263715,0.29286841572795136,0.16317773678136013
2.439999988129155,-0.9436848797011415,0.2850797956751307,0.1678938888740978
2.639999988129155,-0.9479616536089763,0.2765104483370347,0.15783116057163005
2.839999988129155,-0.956597677357602,0.2535304077901896,0.14367747213735968
3.039999988129155,-0.9603716814492591,0.24098063159794458,0.14005202128130181
3.239999988129155,-0.9648682467954942,0.2301585481547681,0.12671349192993783
3.439999988129155,-0.9670331361594394,0.2252548053912752,0.11877367645138343
3.639999988129155,-0.9712382440083902,0.21266884222195567,0.10708985443762582
3.839999988129155,-0.9632472729663838,-0.26860237285907723,-0.002730644117930279
4.039999988129154,-0.7352026127018427,-0.6647875788370594,-0.13241825138682678
4.239999988129155,-0.5610363318871787,-0.7979192665632572,-0.22037032093667705
4.439999988129155,-0.4443674341917254,-0.8473134936190736,-0.2908563682660267
4.639999988129155,-0.44933004476286986,-0.7921308634493511,-0.41307530311601026
4.839999988129155,-0.6465237539493573,-0.59644754086939,-0.47566518326454044
5.039999988129154,-0.8263542816338345,-0.26677497989134313,-0.4959533358385676
5.239999988129155,-0.8517969775662727,0.08486424213998425,-0.51695257946447
5.439999988129155,-0.8119084454054099,0.17402866617369153,-0.5572420476141192
5.639999988129155,-0.8113009831918625,0.18987976908974113,-0.5529343432654046
5.839999988129155,-0.8051999275949548,0.2674480406129307,-0.5292680059982691
6.039999988129154,-0.8661953442040631,0.35252902347753856,-0.3541594461329214
6.239999988129155,-0.8886151066024754,0.4227140290253814,-0.17797764461583457
6.439999988129155,-0.8892952111240092,0.4515611807430938,-0.0724329173636338
6.639999988129155,-0.8692036111399978,0.48540551377799407,0.09416246372684267
6.839999988129155,-0.8647941121338037,0.45559170950286815,0.21110977677729767
7.039999988129154,-0.8776445254169708,0.40479568764770496,0.25667204418760065
7.239999988129155,-0.8888176499968844,0.3558712540679365,0.2887193024065596
7.439999988129155,-0.8972789640851565,0.31504287437788786,0.3092546651450658
7.639999988129155,-0.8979384539990172,0.30654191799839847,0.31581416266487733
7.839999988129155,-0.8998284289901635,0.2960460910980766,0.3204145913135731
8.039999988129155,-0.8985102079956621,0.292851572442855,0.3269822053955525
8.239999988129156,-0.8920685448366115,0.30701808928185,0.33159252730846117
8.439999988129156,-0.8889335172565005,0.31185628578995384,0.335474080833798
8.639999988129155,-0.8872224613538393,0.3139777913583957,0.33801516327368947
8.839999988129156,-0.883693078691935,0.31751196297826667,0.34390797611811463
9.039999988129155,-0.8830059816168783,0.31624631558256266,0.3468266199547952
9.239999988129156,-0.8822746703894638,0.31793655126397746,0.3471422696237532
9.439999988129156,-0.88134193441967,0.3210478236756071,0.3466477888960938
9.639999988129157,-0.8800551292034908,0.3250018454745603,0.3462322486435338
9.839999988129156,-0.8806382972567101,0.32717229775986717,0.3426871415494471
10.039999988129155,-0.8818887077990658,0.32768539339361447,0.3389610449785724
10.239999988129156,-0.8832915842532434,0.3284479485954835,0.33454136104645416
10.439999988129156,-0.8837608676349782,0.32961393408480705,0.3321466292079552
10.639999988129157,-0.8845811395834556,0.3312753220818176,0.3282877830087847
10.839999988129156,-0.8858238922957085,0.33142980974407976,0.32476193288482025
11.039999988129155,-0.8873786349072407,0.3288306844790764,0.3231555960449769
11.239999988129156,-0.8875450280554692,0.324674353668888,0.32687977490769626
11.439999988129156,-0.8871309392705302,0.3260242127902292,0.32666023520394727
11.639999988129157,-0.8867554081293061,0.33106531078201396,0.3225842620932339
11.839999988129156,-0.8867065241535979,0.3344989256484773,0.3191582816776955
12.039999988129155,-0.8884933807585977,0.33511757876750126,0.31348958634883756
12.239999988129156,-0.8895843546850513,0.3351963588254646,0.3102951448697385
12.439999988129156,-0.8902818360692543,0.33490296144066106,0.30860696489780126
12.639999988129157,-0.8909227913232343,0.33479588935817833,0.3068685261959651
12.839999988129156,-0.8919048592235331,0.33444943352297957,0.30438347279313227
13.039999988129155,-0.8921837550444993,0.33278275677981295,0.3053911983419385
13.239999988129156,-0.8964258246546102,0.32565969840598497,0.3006102156055671
13.439999988129156,-0.8964611647763696,0.3203485804596132,0.3061603616494235
13.639999988129157,-0.8971284153947554,0.32451720528530326,0.2997485442251763
13.839999988129156,-0.8926144598818972,0.3346530065133852,0.30207083811798396
14.039999988129155,-0.891873219329309,0.3346176809082894,0.30429125565275944
14.239999988129156,-0.8944088309372932,0.3280463729667173,0.30400398077124896
14.439999988129156,-0.8934090789947646,0.32787750819892447,0.3071100082820338
14.639999988129157,-0.8929361043614358,0.32819324251417087,0.3081465708000945
14.839999988129156,-0.8913381419866302,0.33412520580440164,0.3063929886371232
15.039999988129155,-0.8928863944556917,0.33367688289742287,0.3023468610979365
15.239999988129156,-0.8951169022444853,0.3313401654912652,0.29829419378938304
15.439999988129156,-0.9008363907140564,0.33423447237498405,0.2770940537822635
15.639999988129157,-0.9409198262978224,0.33299970069034984,0.06149048560398001
15.839999988129156,-0.936832757478797,0.32523831553872457,-0.12870284620087732
16.039999988129154,-0.9417030744819461,0.30825557238322937,-0.13481031713462344
16.239999988129153,-0.9460186387815662,0.29927392785008194,-0.12443412388511674
16.439999988129156,-0.9480755727861201,0.2966382830883499,-0.11471023185691165
16.639999988129155,-0.9489607426582243,0.2927347254286941,-0.11738777373192628
16.839999988129154,-0.959982226549305,0.2736629777328852,-0.059520579027842406
17.039999988129154,-0.9703149795263526,0.21846211467141857,0.1037455780265683
17.239999988129153,-0.9667972289759335,0.1943089500498318,0.16597334115751547
17.439999988129156,-0.9581914228513307,0.22101610711678227,0.18171702608475018
17.639999988129155,-0.9514871651136044,0.24622270805722804,0.18451707959167785
17.839999988129154,-0.9241264916726538,0.333208097267159,0.1869828636650743
18.039999988129154,-0.8803585361639168,0.43332618096468156,0.19286593450863646
18.239999988129153,-0.853717386057647,0.4846681926574854,0.1904294298920872
18.439999988129156,-0.8473978393240351,0.49820829877138545,0.18359028553896575
18.639999988129155,-0.8522418169678357,0.4910930997560495,0.18030932528118862
18.839999988129154,-0.8631377589071242,0.4721853298306405,0.17898107006473135
19.039999988129154,-0.8853395815070857,0.4290226099825441,0.17920219178521365
19.239999988129156,-0.9011970422319047,0.3941161463809973,0.1803229165532208
19.439999988129156,-0.9125613122867889,0.3615775246482037,0.19103283745652588
19.639999988129155,-0.9236216875835799,0.3284753745987129,0.19755228803406855
19.839999988129154,-0.9456058232883435,0.2611371879966447,0.19400256701492297
20.039999988129154,-0.9633666553113711,0.1904329693085034,0.18883848028018177
20.239999988129156,-0.9755691496689359,0.13103878512801184,0.17633397575737886
20.439999988129156,-0.9790487408063552,0.1032413787981518,0.17551290787103616
20.639999988129155,-0.9803650632300244,0.09384234239450617,0.17342997887303976
20.839999988129154,-0.980219852625413,0.0944404873932205,0.1739253715245259
21.039999988129154,-0.9815607406884839,0.08907481219553476,0.16912773330061967
21.239999988129156,-0.9814402698405329,0.09316331991595894,0.16761739932828673
21.439999988129156,-0.9798882736413004,0.10357352377195685,0.17056229464255077
21.639999988129155,-0.9781298639389822,0.10861194883959976,0.17738493126523772
21.839999988129154,-0.976669855183733,0.11378205415107814,0.18212533631690841
22.039999988129154,-0.9734517146678652,0.12449219292606013,0.19207668549476276
22.239999988129156,-0.9357805865191484,0.2583659136664207,0.23992029624272126
22.439999988129156,-0.8185535235580094,0.5093568862276315,0.2655667364774049
22.639999988129155,-0.7154355433948223,0.6409396230857258,0.2781157723072951
22.839999988129154,-0.6768880024403008,0.6813943032262972,0.27843210246508765
23.039999988129154,-0.6861181054443523,0.6730690783788722,0.27607962820836496
23.239999988129156,-0.7683115283241088,0.581651198489253,0.2671690078214309
23.439999988129156,-0.8442378639394844,0.47606669789477984,0.2462172379149301
23.639999988129155,-0.8948811730845823,0.38233644145562123,0.23023147394267118
23.839999988129154,-0.9358857786068224,0.2724798283498815,0.22332163474218425
24.039999988129154,-0.9735873235355794,0.10173263548291904,0.2043971485332584
24.239999988129156,-0.9804469456565298,0.035641191708655935,0.19352904744861704
24.439999988129156,-0.9809393915625055,0.05267632722842748,0.18703773584682065
24.639999988129155,-0.9779995951015906,0.10587172593807555,0.17974417828685896
24.839999988129154,-0.9256853131287932,0.3554397789812604,0.12949619521592476
25.039999988129154,-0.8233134010418856,0.562376485234417,0.07673156143483
25.239999988129156,-0.7310186926296497,0.6818858426793457,0.02536471130361855
25.439999988129156,-0.7172919378380012,0.6960109302854303,0.032573928774631236
25.639999988129155,-0.7398754645956346,0.6712445581735882,0.04488919704937908
25.839999988129154,-0.7555333644684504,0.6511721141830156,0.0717231684004949
26.039999988129154,-0.7576618838272304,0.6470044786988128,0.08563687487904902
26.239999988129156,-0.7640557441037517,0.6381646789379607,0.09468190142826832
26.439999988129156,-0.7766400612879655,0.6220452514678009,0.0994480785585429
26.639999988129155,-0.8113171973974926,0.574595482865725,0.10772388907471768
26.839999988129154,-0.8511628899503555,0.5140619021614954,0.10612302067630891
27.039999988129154,-0.8902022662567547,0.443386189730399,0.10463561491049389
27.239999988129156,-0.97518479630872,0.20175717746299543,0.09115182055497263
27.439999988129156,-0.9913488434533333,-0.11317647302350275,0.06647222380587894
27.639999988129155,-0.9571005559919491,-0.28397467611648913,0.05759261275924982
27.839999988129154,-0.906155296130379,-0.4180129333201103,0.06440315886648826
28.039999988129154,-0.8168805199335498,-0.5719405586396235,0.07476773058003584
28.239999988129156,-0.7648665279530193,-0.6392479830403465,0.07963171852937793
28.439999988129156,-0.7554896283672158,-0.6491699085044947,0.08839599154844273
28.639999988129155,-0.7569933977838559,-0.6466860920251059,0.09358468941525414
28.839999988129154,-0.7511264364198744,-0.6521222307507551,0.10269212565644298
29.039999988129154,-0.7609395405156499,-0.6411953280970389,0.09919459111444806
29.239999988129156,-0.8083443259136747,-0.5805824713161889,0.09748561311062232
29.439999988129156,-0.8462841528933406,-0.5222933937178003,0.10494161920012458
29.639999988129155,-0.9302603613569985,-0.3478785037206689,0.11660277328183657
29.839999988129154,-0.9832675201224583,-0.12275675712097413,0.13459480841909371
30.039999988129154,-0.989075017475504,-0.011196838065872919,0.14698721244774313
30.239999988129156,-0.9878113533363848,0.03992702497104183,0.15044787435089213
30.439999988129156,-0.986735526672411,0.036424928416037027,0.15819679197887368
30.639999988129155,-0.9845767408770227,0.04255080324563647,0.16969994244881495
30.839999988129154,-0.9832999914447216,0.06093958096851637,0.17148613441381413
31.039999988129154,-0.9845736928806456,0.07022867860050998,0.1602578422087192
31.239999988129156,-0.9863676461460447,0.10068796646360151,0.1301568286558026
31.439999988129156,-0.9847694601324205,0.12315052270182156,0.12273165503964253
31.639999988129155,-0.9888339186301311,0.09722897428187251,0.11293364390948324
31.839999988129154,-0.9886092999969258,0.11394032941211603,0.0983323613722691
32.03999998812915,-0.9908777901509619,0.10136504981847054,0.0888050204709485
32.239999988129156,-0.9935751215240285,0.08261344521129899,0.07735306431442208
32.43999998812915,-0.9937582869521799,0.08191490501090937,0.07572592324245724
32.639999988129155,-0.9930683212750058,0.08736222730578241,0.07863301164406038
32.83999998812916,-0.9925115293716789,0.0887848940263723,0.0838934243967752
33.03999998812915,-0.9913489473986874,0.09554273935667436,0.08999360781598502
33.239999988129156,-0.9888456501599256,0.09820274988534206,0.11198437424369265
33.43999998812915,-0.9864523426282596,0.10360051023267385,0.12719555810934802
33.639999988129155,-0.9753680398476556,0.13760234791802053,0.17240296021585635
33.83999998812916,-0.9592604998167166,0.16541768464725493,0.22903336677725433
34.03999998812915,-0.9516031194401825,0.2012263885715975,0.23229172093328482
34.239999988129156,-0.9533917746585172,0.20486536704514086,0.2215272114186954
34.43999998812915,-0.9706280591269734,0.1256444988767312,0.20516976077731264
34.639999988129155,-0.977512706997124,0.012567315218810656,0.21050171079434446
34.83999998812916,-0.9785679468906223,0.010471873312578452,0.20565775742139705
35.03999998812915,-0.979070522367099,-0.037399563493973484,0.20005545451768272
35.239999988129156,-0.9096536848806421,-0.35673057130846986,0.21277564023403173
35.43999998812915,-0.8209541812928317,-0.5208524746719734,0.23398062280004697
35.639999988129155,-0.7837455001078579,-0.5757906721929271,0.23282631482781604
35.83999998812916,-0.7758116776326518,-0.5806363856320911,0.246936486831963
36.03999998812915,-0.749083977896764,-0.6117752580281178,0.2541736172835222
36.239999988129156,-0.7535440016300331,-0.607963298722428,0.2501041083507834
36.43999998812915,-0.771276807821593,-0.5877551126020187,0.2442867440667255
36.639999988129155,-0.783789109958365,-0.5672283418968129,0.25283717934604905
36.83999998812916,-0.7987911145133944,-0.543751577608969,0.2574237308839402
37.03999998812915,-0.8062455433798386,-0.5337752588673461,0.25505312544888936
37.239999988129156,-0.8213524749993728,-0.5130775094726784,0.2492620730992157
37.43998888888889,-0.8820816864255404,-0.40082736299213406,0.24752640980195723
