0.04,-0.999733184634566,0.004395200063721174,-0.022676899189019394
0.24000000000000002,-0.9995417751778981,0.02443274347531485,-0.017868428036216393
0.44,-0.9921782569835902,0.12464463497149811,-0.006783903141029979
0.6400000000000001,-0.989033033103573,0.14636942934853742,-0.019739543615048937
0.8400000000000001,-0.9685115995576443,0.1737179063538468,-0.17834620975599627
1.04,-0.9693909091680524,0.1577318800048362,-0.1881539775090526
1.2400000000000002,-0.9734460657214501,-0.20039528343666257,-0.11065481240221889
1.4400000000000002,-0.9289467772093061,-0.021938564074169716,-0.3695626936242455
1.6400000000000001,-0.77552577012666,0.004560479997522385,-0.6312994391662673
1.84,-0.5892032669041354,0.046085233322236144,-0.8066694871749701
2.04,-0.4328792489141264,0.06876599833389142,-0.8988252295817498
2.24,-0.4247711671027206,0.11779155032366856,-0.8976049277218455
2.4400000000000004,-0.3518875135517751,0.6872638128561686,-0.6354869230320561
2.64,-0.3320059897260297,0.6664578580442582,-0.6675372246078118
2.8400000000000003,-0.32164074384240837,0.6343720072688944,-0.7029362619001356
3.04,-0.2817087726864396,0.64662635828654,-0.7088825855955184
3.24,-0.35015147016925335,0.5386439469766596,-0.76632672296072
3.4400000000000004,-0.33497058939135854,0.5812291620741226,-0.7415978461386057
3.64,0.2546971885237897,0.9585939205736297,-0.12738539004671984
3.8400000000000003,0.26650791542744384,0.958523003990417,-0.10103059851206507
4.04,0.3324809768827513,0.9411211301639385,-0.06121616102012926
4.24,0.4310067811516018,0.9011160381691657,-0.04714912889589732
4.44,0.5008974942801107,0.854003059308945,-0.14064307631330372
4.640000000000001,0.8255500086987058,0.5625552079717677,-0.0447081773438379
4.840000000000001,0.7886267443733819,0.5946530324413147,-0.15638295644791064
5.04,0.7896855230942803,0.5274620484050104,-0.31333777638150107
5.24,0.7760172943968514,0.5263400145874717,-0.3475102125708696
5.44,0.7428851860823135,0.5582054670273594,-0.3694973029403787
5.640000000000001,0.6888883970358903,0.6131226833885475,-0.3866695637669826
5.840000000000001,0.449864668108798,0.7574413729926366,-0.4731853197917181
6.04,0.8756804019179023,0.42417294204247247,-0.23078377095440436
6.24,0.9649865124158716,0.2621815390888757,0.007865838572037312
6.44,0.9862926454467187,0.16255521411376295,0.028330547155718738
6.640000000000001,0.9960292545726764,0.028799664213311565,0.0842395594515989
6.840000000000001,0.9939774499608722,-0.07273654320962891,0.08196477445339352
7.04,0.9808747841823092,-0.153511092156075,0.11966203383010471
7.24,0.9277608293185934,-0.3708557113114628,0.04154377173229214
7.44,0.9000838881228417,-0.435544858319303,0.012233999071716673
7.640000000000001,0.8840948808166796,-0.46402028781553384,-0.0553300479787456
7.840000000000001,0.6366870775836819,-0.19666340325117554,0.7456226063228077
8.04,0.5370629618063607,-0.0273273652978457,0.8430993951852046
8.24,0.4171531238589793,-0.01613641256653446,0.9086929555378859
8.44,0.17979876477260237,-0.014862385589346343,0.983591131355321
8.639999999999999,-0.07025857381928899,0.009461040747519179,0.9974839454912814
8.84,-0.11009563820262129,0.026409164434221324,0.9935700813141686
9.04,-0.10112857482793496,0.024321769815214077,0.9945760216626612
9.24,0.031048718400205774,-0.11314299423974106,0.9930934698910121
9.44,0.38610074997731464,-0.26091758480304245,0.8847871070531618
9.64,0.4729049808586733,-0.23078866853468846,0.8503513800512374
9.84,0.7882456937371158,-0.15134497995499988,0.5964590709741228
10.04,0.7673224222773083,-0.058662896845586995,0.6385725994780611
10.24,0.8132865409303811,-0.4991695145139097,0.2989896287857542
10.44,0.8053802220661606,-0.5789426023264492,0.12723270458549782
10.64,0.974268497126728,-0.07165556267373671,0.21369692521030198
10.84,0.9831424186527639,-0.0861937777371376,0.16125016999989336
11.04,0.9900689650017009,-0.013763755219159126,0.13990712484619144
11.24,0.9927481482993817,-0.08272060828280287,0.08722622893070679
11.44,0.9919256177759711,-0.06196868372676104,0.11065012895126426
11.64,0.9918021772223614,0.03184915134526204,0.1237500416790645
11.84,0.9852851014524521,0.11387105406854306,0.12746235483918536
12.04,0.9548563127075338,-0.029972736862888583,0.2955521225224433
12.24,0.9685450789844623,-0.19242848952075958,0.1577710569012607
12.44,0.9671247026612397,-0.22420973039317987,0.11999919291156101
12.64,0.9881547272804395,-0.09436037362672656,-0.1210221254248371
12.84,0.9765618647556666,-0.1404098222504331,-0.16313186727472195
13.04,0.9396800637212299,-0.3137903688373754,-0.1361505867404534
13.24,0.8944272949664592,-0.4214464827884408,-0.14960840940346645
13.44,0.6679163309903395,-0.7340017419555862,-0.12300088456010543
13.64,0.4504990511351513,-0.8927471170471678,-0.007293142690136068
13.84,0.30132433447668017,-0.953234903190349,-0.023385140407370424
14.04,0.23686517540954566,-0.9714041714274094,-0.016395865687244764
14.24,0.0532006068837198,-0.9973734192843675,-0.04915239497942339
14.44,-0.05694923466771945,-0.997171373925714,-0.04905135771683975
14.64,-0.22141260335535323,-0.9740343734167247,-0.04725990349222007
14.84,-0.266887899541551,-0.9626944655489543,-0.04461182667984349
15.04,-0.2366540953177111,-0.9710474825037662,-0.0325826010694872
15.24,-0.18376183226876758,-0.982654912508474,-0.024918104345811327
15.44,0.05720128314186024,-0.9978728842827768,-0.03126851483675549
15.64,0.8108148813376383,-0.5814117119126667,-0.06737692076826854
15.84,0.9882131592658584,0.1389941460434572,0.06415122149609331
16.04,0.9678300051376945,0.25102593361304665,-0.01706053366306665
16.24,0.6069557434804231,0.7882397303101886,0.10140440333953997
16.44,0.5582504865951068,0.8296723800307829,-0.0003688229691692418
16.64,0.14392944756808002,0.9888079596733611,0.03928273169411877
16.84,-0.08034916726769192,0.99670947052309,-0.01068843716221193
17.04,-0.08196729536233283,0.9965010886881546,-0.016338382242650912
17.24,0.059676312620124905,0.995207886863994,0.07745966457304862
17.44,-0.35594354852611193,0.930407291824537,0.08744404829587007
17.64,-0.3533746528376605,0.9345590544420924,0.04154188840393677
17.84,-0.7393208735930596,0.6730784653809329,-0.019236041953683995
18.04,-0.7381551746075005,0.6679316565953477,-0.0948379687570598
18.24,-0.966488929274168,0.2508435048158739,-0.05455901100790805
18.44,-0.9698914950482118,-0.16755682521820212,0.17673482440068758
18.64,-0.9977618165604424,-0.057983683362080464,0.03330540313180636
18.84,-0.9970814420876718,-0.07567064663446257,-0.010126750825982633
19.04,-0.765778652497482,0.0880383763465863,-0.637049683831173
19.240000000000002,-0.5861663989318693,0.097639785029382,-0.8042856614056108
19.44,-0.6014302579792148,0.04306551962029142,-0.7977637531292645
19.64,-0.6342021543242833,0.02993976446045132,-0.7725873659040066
19.84,-0.6021279184986985,0.5118536148368743,-0.6127379919205672
20.04,-0.713693512735202,0.4218229951748636,-0.5592020481198142
20.240000000000002,-0.7459143653388371,-0.664659163519061,-0.04289470749757001
20.44,-0.5784457938039492,-0.8127786399209437,-0.06921955011974887
20.64,-0.41443133886622957,-0.9050723469677696,-0.09534522599373951
20.84,0.07642493479717738,-0.99467862603689,-0.06909168001005865
21.04,0.3899554494533859,-0.9169100081097912,-0.08491633806112536
21.240000000000002,0.13799547569507953,-0.9889221542132423,-0.054682918666887854
21.44,0.020507613411968995,-0.9986625188760866,-0.0474616812198629
21.64,0.16933203351121717,-0.9853443420568311,0.020571582426909877
21.84,-0.25197473379870516,-0.9668068672060476,-0.042346369977832976
22.04,-0.41161797419817653,-0.9105342552791461,-0.03870417652192752
22.240000000000002,-0.8246697830290157,-0.5599686863291684,-0.07971712043006354
22.44,-0.8174496262263309,-0.5672807004099832,-0.09984345509241378
22.64,-0.9929947449109011,-0.11666391839025521,-0.018734105934538444
22.84,-0.9862516795655994,0.15550824885498107,0.05589999187916909
23.04,-0.7523355306026119,-0.6582230863213883,0.027085384000080825
23.240000000000002,-0.6470496965550132,-0.7614599664551392,0.038799609201687804
23.44,-0.6281894251580304,-0.7773382398447726,-0.03351577232668287
23.64,-0.619230042037629,-0.782479743412979,-0.06541869905795146
23.84,-0.6516989474688708,-0.7559423179702501,-0.06196526260520674
24.04,-0.7202266103609626,-0.6936506979589395,-0.011060693876731377
24.240000000000002,-0.7571417549580184,-0.6532332120257065,0.004767977104616332
24.44,-0.7298350245142848,-0.6832865244545839,-0.021456059540574633
24.64,-0.6933094713103378,-0.7189613141534035,0.04915898434865367
24.84,-0.7226916741584603,-0.690193697758599,-0.03673423030844654
25.04,-0.712509620161473,-0.6988570952348339,-0.06268015329658916
25.240000000000002,-0.7281248889652122,-0.6836006925027676,-0.05024180807986226
25.44,-0.48108958058048945,-0.5219733754500288,0.704341260170233
25.64,-0.44091406176813264,-0.5218561885733163,0.7302471558197668
25.84,-0.4287714102268942,-0.566158131824596,0.7040028746680824
26.04,-0.45912908195805796,-0.584533542313796,0.6689701219116119
26.240000000000002,-0.8920821915725476,-0.41026367456571633,0.1894019028704753
26.44,-0.7450002559017277,-0.6470463429607786,-0.1621901623633275
26.64,-0.7029753553864118,-0.704072491735582,-0.10053644165474176
26.84,-0.6855249505067323,-0.7185620142694918,-0.11715021929861141
27.04,-0.5500598801614351,-0.7085407359823624,-0.44204542039292727
27.240000000000002,-0.43781175366272196,-0.6518507808957464,-0.6192022511267046
27.44,-0.3837394660684811,-0.7511582053652273,-0.537126961429017
27.64,-0.37197567544506094,-0.743325507986933,-0.5559687815454737
27.84,-0.3256657571958268,-0.7866502478162866,-0.5245218796205204
28.04,-0.2162382608680998,-0.8507956016124212,-0.4789445258207869
28.240000000000002,-0.19354703188231903,-0.8630416596357157,-0.4665818686819865
28.44,0.1380572065117011,-0.8577291986420074,-0.4952179616362123
28.64,-0.6487023431389853,-0.16744374249308003,-0.7423933344972199
28.84,-0.7341584810717371,0.0642682462500852,-0.6759296688224143
29.04,-0.7184558960173183,0.15302850162619552,-0.6785303259014989
29.240000000000002,-0.713999685455819,0.09368251353077311,-0.6938501537274084
29.44,-0.7188353922857658,0.1418709201034699,-0.6805500134643776
29.64,-0.730858988726501,0.3883620979548975,-0.56126644249389
29.84,-0.7033825883837409,0.4756393698658473,-0.5282235551281378
30.04,-0.48253953877110317,0.8402056153467246,-0.24740678540089284
30.240000000000002,-0.43184277726726017,0.8724581380239498,-0.22875448218096675
30.44,-0.3331035516837675,0.9208007569997222,-0.20289896442416527
30.64,-0.13594247543413712,0.9885130600068398,0.06604221050777136
30.84,-0.13836627816108704,0.989299616919353,0.046271384581298716
31.04,-0.24207105570585585,0.9440331914938641,-0.2240601199396305
31.240000000000002,-0.2210450474258498,0.9500924209843582,-0.22014422226482538
31.44,-0.2245714879533694,0.9718598257106743,0.07110644111490563
31.64,-0.2314264723725838,0.9704264702378446,0.0686604234395591
31.84,-0.18607061712627587,0.9810211574894607,0.054545522275303425
32.04,0.10165977912635976,0.9945631315423111,-0.022571368694251533
32.24,-0.28179179616778766,0.9591027179609226,0.026746214919178772
32.44,-0.4158524248433887,0.9081547379131067,0.048184362171250654
32.64,-0.9982945761667117,-0.049951038996661104,0.030213124619604712
32.84,-0.929488866590514,-0.3657743701941269,-0.04753479771042678
33.04,-0.254879744254752,-0.96659925473995,0.02687371773323827
33.24,-0.06565649674797652,-0.9961587508619645,0.057939343419770035
33.44,-0.02005255685265661,-0.9997918670353634,0.0037573359728927504
33.64,0.24226822758159816,-0.9699189040019468,0.023736587036338307
33.84,0.7951649994091398,-0.6016247780190725,0.0758963120853974
34.04,0.7200348967837154,-0.6938175808340862,-0.01291944035941634
34.24,0.9552927839821928,-0.2875060576407384,0.06896349535393204
34.44,0.9846564736736086,0.01394416887309787,0.173945937023815
34.64,0.9897802753404835,0.015827328834430495,0.14171980175290763
34.84,0.9900139082699132,0.03915271327314293,0.13542350783923193
35.04,0.9784236723700133,0.009303340434283339,0.20639904360907374
35.24,0.9381577964258279,-0.22704988058253806,0.26135856736080104
35.44,0.6411258410952576,-0.741055688174771,-0.19948464327791066
35.64,0.23392950348582175,-0.971591836414827,0.03586489663920219
35.84,0.18474743122187687,-0.982767464868773,-0.006041245924707251
36.04,0.08102798470486516,-0.9966775287516274,-0.008268577641766623
36.24,-0.22274745114020944,-0.9721772053160793,0.07249175452669096
36.44,-0.2526244922807289,-0.9664727647781511,0.04594845853758762
36.64,-0.06965430241926135,-0.9974548734105568,0.01523330771751325
36.84,-0.23119841466053387,-0.9717916053049468,0.04656574832739826
37.04,-0.235837159407234,-0.9711375799805513,0.0356740100387537
37.24,-0.16487696942500746,-0.9604831910505602,-0.2242490237716965
37.44,-0.2023815262019647,-0.9499386171254594,-0.23803012739133186
37.64,-0.5648897567711879,-0.8052669809650419,-0.18012399080198951
37.84,-0.7519192181127476,-0.6349857079212137,-0.17723047189608762
38.04,-0.7518047151271579,-0.6373222563058092,-0.16914494355388102
38.24,-0.779139693610605,-0.6134807724255941,-0.128773753942599
38.440000000000005,-0.8164701081189814,-0.5728811132405075,-0.07199855998904421
38.64,-0.9851978786204021,0.15927023400700685,0.06338874128118427
38.84,-0.978362973638085,0.20373972749905978,0.036000211841777666
39.04,-0.9840640149780421,0.03613888627222095,0.17410340411462236
