0.01666656,0.20450096922558056,0.0,-0.6976384589941987,-0.6866439645973725
0.04999989333333334,0.19392183127376153,1.1745964698252993e-22,-0.6708832027358866,-0.7157583751813668
0.08333322666666668,0.18267162951673893,-2.481541837659083e-22,-0.6432352699577515,-0.743558648159026
0.11666656000000002,0.17083667767953337,9.26442286059391e-23,-0.6154923052209537,-0.7694049985366717
0.14999989333333336,0.1593907093636993,-6.782881022934827e-23,-0.5840114168297507,-0.7959430047315222
0.18333322666666668,0.150624434517733,3.970466940254533e-22,-0.5512188981466224,-0.820652183359209
0.21666656000000004,0.14455975009054461,4.235164736271502e-22,-0.5086818001787836,-0.8487315858506925
0.2499998933333334,0.14045569272135558,1.3234889800848443e-21,-0.4516970810701606,-0.8810459382659118
0.2833332266666667,0.13742809533152978,-7.411538288475128e-22,-0.38958052611072475,-0.910681356067444
0.31666656000000004,0.1328365415652063,-1.3234889800848443e-22,-0.338540470347642,-0.931528208462735
0.34999989333333337,0.12501226367333648,-2.710505431213761e-18,-0.2989653320201037,-0.946039990793929
0.38333322666666675,0.11541351968203829,-5.5294310796760726e-18,-0.27898641672370306,-0.9533343058750546
0.4166665600000001,0.10532489964104835,8.673617379884035e-19,-0.29198042776351774,-0.9506072245247436
0.4499998933333334,0.09467231806717667,-3.903127820947816e-18,-0.33103720319521807,-0.9388564971775374
0.4833332266666668,0.0836425793106908,-4.336808689942018e-18,-0.3830476479481357,-0.9199339206310722
0.5166665600000001,0.07326055352239197,8.673617379884035e-19,-0.44106099611042904,-0.8944820227414685
0.5499998933333334,0.06456378491102313,1.734723475976807e-18,-0.49157553893219375,-0.8684382575643974
0.5833332266666668,0.05965601258573495,-1.3010426069826053e-18,-0.5431597429921329,-0.8375074051941815
0.6166665600000001,0.05915423752492133,3.2390539903004445e-18,-0.5757362894141551,-0.8154927965558404
0.6499998933333334,0.06336326163153008,1.5178830414797062e-18,-0.5845607910490346,-0.8088719173290302
0.6833332266666667,0.07073464355719566,-6.505213034913027e-19,-0.5865052617334316,-0.8068507843212618
0.7166665600000002,0.07839205536590083,1.4889251025954498e-23,-0.5777825850061461,-0.8124173620246707
0.7499998933333335,0.08436898881211408,6.617444900424221e-23,-0.5659173245863699,-0.8201338033880977
0.7833332266666668,0.08925300038010216,2.3822801641527197e-22,-0.5552317593058101,-0.8268927351121935
0.8166665600000002,0.09339410113631938,-6.617444900424221e-23,-0.5410250979714847,-0.8358046334149414
0.8499998933333335,0.09860665511092499,-4.499862532288471e-22,-0.5174175567774699,-0.850032822605262
0.8833332266666668,0.10272790101933145,-7.940933880509066e-23,-0.4738677943952368,-0.8745834961781269
0.9166665600000001,0.10474449412967046,-7.411538288475128e-22,-0.4137828059125446,-0.9043297963025774
0.9499998933333336,0.10511289602037736,-7.940933880509066e-22,-0.3362881182205681,-0.9358747676018832
0.9833332266666669,0.10673562791814865,-1.3234889800848443e-22,-0.2776914597488646,-0.9547224512472006
1.0166665600000002,0.10772088647588919,-5.293955920339377e-23,-0.23546086857049753,-0.9658956413551495
1.0499998933333334,0.104923362732489,-2.3822801641527197e-22,-0.17287845642988967,-0.9793386172592835
1.0833332266666669,0.10095243586222286,-1.852884572118782e-22,-0.14239108235122142,-0.9846488639917946
1.1166665600000003,0.096257902153651,-1.0587911840678754e-22,-0.10536410959318657,-0.989764022725929
1.1499998933333335,0.0924022085147581,5.293955920339377e-23,-0.06770362611348338,-0.9934173598607389
1.183333226666667,0.08807776062826307,5.293955920339377e-23,-0.04689573388742536,-0.9950090945443013
1.2166665600000002,0.08300037850966459,3.970466940254533e-23,-0.030180258915786174,-0.9960924099394737
1.2499998933333336,0.08064754945450126,9.926167350636332e-23,-0.028626235549414056,-0.996331526855019
1.2833332266666668,0.08181286590376911,-2.6469779601696886e-23,-0.028205282331197547,-0.9962485217159568
1.3166665600000003,0.08550780949628543,-2.6469779601696886e-23,-0.005054412254496983,-0.9963246797263975
1.3499998933333335,0.09127041626157657,-5.293955920339377e-23,0.011606120974856223,-0.9957585094144843
1.383333226666667,0.09512958155650567,-1.5881867761018131e-22,0.0384044715011273,-0.9947238105532626
1.4166665600000004,0.0971359459440329,6.505213034913027e-19,0.06703462098862646,-0.9930110611642093
1.4499998933333336,0.09764255683046238,1.0842021724855044e-19,0.08805183891063481,-0.9913187200694162
1.483333226666667,0.09628257786986867,2.168404344971009e-19,0.10226479103399258,-0.9900866516186886
1.5166665600000002,0.09093065745601513,8.673617379884035e-19,0.13676220474485656,-0.9864216719476225
1.5499998933333337,0.08215339717869878,-8.673617379884035e-19,0.21800397479028025,-0.9724839774040691
1.5833332266666669,0.07141385986631515,1.734723475976807e-18,0.36767049148084213,-0.92721004649067
1.6166665600000003,0.06059197665832884,0.0,0.5910210121188441,-0.8043772594987092
1.6499998933333337,0.054113757791796314,-6.938893903907228e-18,0.8478294302783979,-0.5275006714417133
1.683333226666667,0.05664161438390912,1.4907779871675686e-18,0.9889736873874527,-0.13683118495156552
1.7166665600000004,0.06831192654032428,5.421010862427522e-20,0.9804581601648816,0.1844865221593296
1.7499998933333336,0.08641220553315337,-3.0357660829594124e-18,0.9229586288450721,0.3750737263196673
1.783333226666667,0.10820558676237091,6.071532165918825e-18,0.8699107724449263,0.4811930994701431
1.8166665600000003,0.1303402337307943,-1.214306433183765e-17,0.8258262404348252,0.5486551230785002
1.8499998933333337,0.15112178215732314,3.469446951953614e-18,0.7833107150544133,0.602981368400831
1.8833332266666671,0.1700671336450429,2.6020852139652106e-18,0.7396509633340979,0.6511479267360839
1.9166665600000004,0.18639981897039348,8.673617379884035e-19,0.6962737595862624,0.6931507478171082
1.9499998933333338,0.20061053813711544,-1.474514954580286e-17,0.6550899193810319,0.7284316093592385
1.983333226666667,0.21245655856998824,1.734723475976807e-18,0.6088865282231182,0.7642770482416668
2.0166665600000004,0.222479912612122,8.673617379884035e-18,0.5553615361580345,0.801296607156358
2.0499998933333337,0.23154327443075567,5.204170427930421e-18,0.4907661741102462,0.8399620672477273
2.083333226666667,0.2404686129675492,3.469446951953614e-18,0.415338856977876,0.877307517385879
2.1166665600000005,0.24976863848995737,5.204170427930421e-18,0.3394628110666711,0.9068520425789349
2.1499998933333337,0.25925314971767044,-1.734723475976807e-18,0.26867027322791326,0.9276874951432221
2.183333226666667,0.26871715414090414,5.204170427930421e-18,0.20086341344223754,0.9420429821461155
2.2166665600000006,0.2782049392165078,6.938893903907228e-18,0.13549454276746792,0.9509170524687072
2.249999893333334,0.28766200766410155,3.469446951953614e-18,0.07113091860079437,0.9550868870242464
2.283333226666667,0.2971655456852598,-1.734723475976807e-18,0.005455548616912617,0.9548103871695524
2.3166665600000003,0.3067664176628571,0.0,-0.05199489123089848,0.9503635600548795
2.349999893333334,0.3158745190874543,-8.673617379884035e-19,-0.09479483328565112,0.9440536148829765
2.383333226666667,0.32342280834236653,-5.204170427930421e-18,-0.12804204961657278,0.9375515562218026
2.4166665600000004,0.32852150666364077,1.3877787807814457e-17,-0.15590887391063843,0.9315396087635608
2.449999893333334,0.3306054355837831,0.0,-0.18434103274658648,0.9255908543240793
2.4833332266666672,0.32952779917792796,-3.0357660829594124e-18,-0.20933085789615316,0.9206476098385373
2.5166665600000004,0.3245852748422094,2.6020852139652106e-18,-0.23436992868921763,0.9163597196962656
2.5499998933333337,0.31538950140418504,-2.6020852139652106e-18,-0.263022640312914,0.9117831721888945
2.5833332266666673,0.3018665158071252,-6.938893903907228e-18,-0.2971565453633508,0.9058557248161462
2.6166665600000005,0.28423392467596753,0.0,-0.34048853405104346,0.8962581292479684
2.6499998933333337,0.26232082345845104,-6.938893903907228e-18,-0.3983283117116411,0.8789325012019032
2.683333226666667,0.2371140752742916,5.204170427930421e-18,-0.47588055183991956,0.8469442813357625
2.7166665600000006,0.21204849768629605,2.949029909160572e-17,-0.5710925267348506,0.7930250692989403
2.749999893333334,0.19002392749409486,5.204170427930421e-18,-0.6836002720906391,0.7046854439942145
2.783333226666667,0.17238398973221755,-3.469446951953614e-18,-0.801048647743598,0.5732406336192123
2.8166665600000007,0.1614038274276335,-6.071532165918825e-18,-0.9008401976312325,0.40303317831592106
2.849999893333334,0.15650053027866603,9.107298248878237e-18,-0.9623950365501466,0.2220436390580423
2.883333226666667,0.15584392887632065,-4.472333961502706e-18,-0.9862474779253723,0.055032555076377734
2.9166665600000004,0.1591995579484293,1.599198204416119e-18,-0.9842013137084651,-0.0774808030647356
2.949999893333334,0.16388409145379132,-1.1926223897340549e-18,-0.9717011138407715,-0.17011452004155742
2.9833332266666672,0.16946343630565647,-4.336808689942018e-18,-0.9574773007769437,-0.23349381630436586
3.0166665600000004,0.17579064491186558,-4.553649124439119e-18,-0.9459312559956332,-0.27260173897463413
3.049999893333334,0.18058364343104377,-4.228388472693467e-18,-0.937360875955521,-0.29789954003500607
3.0833332266666673,0.18383527738667432,-2.3852447794681098e-18,-0.9309954926214892,-0.3153600854683979
3.1166665600000005,0.18679662535347819,-7.26415455565288e-18,-0.9264651707223999,-0.32675573169397737
3.1499998933333337,0.1904025830031552,-1.0842021724855044e-18,-0.9237478373509606,-0.3323203114092637
3.1833332266666674,0.19842380490734426,-4.336808689942018e-18,-0.9247910828166885,-0.32463740817846165
3.2166665600000006,0.213646158971528,9.107298248878237e-18,-0.9296940620778945,-0.3000404467631269
3.249999893333334,0.23297363734571053,3.469446951953614e-18,-0.9341460321536799,-0.27035989886343237
3.2833332266666675,0.25203821846031327,6.5052130349130266e-18,-0.9359343095272797,-0.24597500825296365
3.3166665600000007,0.269708470001836,2.3852447794681098e-18,-0.9361386499461289,-0.2256142045313368
3.349999893333334,0.2867523849931618,8.456776945386935e-18,-0.9355198139693464,-0.20633891385653202
3.383333226666667,0.30199836918518197,-4.336808689942018e-19,-0.9339017958989745,-0.19137507838316029
3.416666560000001,0.31593637331745655,-1.5178830414797062e-18,-0.9314194519951374,-0.18067100614124718
3.449999893333334,0.3297066497948287,-7.15573433840433e-18,-0.9280171693505813,-0.17342911656237225
3.4833332266666672,0.3437028914258897,-1.1926223897340549e-17,-0.9236469382872936,-0.16954248971273161
3.516666560000001,0.3582426223713396,-1.3877787807814457e-17,-0.9180586860551143,-0.16979538414003764
3.549999893333334,0.3726867846756323,8.673617379884035e-18,-0.9114475829263445,-0.1742637773774661
3.5833332266666673,0.3874028671994076,1.6046192152785466e-17,-0.9038238154897862,-0.1817182683143418
3.6166665600000005,0.4037394565966258,4.553649124439119e-18,-0.8944751219564792,-0.19211639021177587
3.649999893333334,0.42187908379273903,1.5178830414797062e-17,-0.8834116589705311,-0.2039653878802312
3.6833332266666674,0.44101606868801435,0.0,-0.8714787409802788,-0.21454517281541585
3.7166665600000006,0.4596681878136211,7.806255641895632e-18,-0.8598172730090725,-0.22230477760809292
3.7499998933333343,0.4766711084128654,9.107298248878237e-18,-0.8494592397871795,-0.2262822448727189
3.7833332266666675,0.4914730003765498,-9.324138683375338e-18,-0.8407421012172884,-0.22717176132083597
3.8166665600000007,0.5038244675008617,8.890457814381136e-18,-0.8336965011510645,-0.22607753076311274
3.849999893333334,0.5136442817524409,4.9873299934333204e-18,-0.8283058488242595,-0.22378331623814623
3.8833332266666676,0.5203351550188829,-8.673617379884035e-19,-0.8244817007469348,-0.22244381669292787
3.916666560000001,0.5223440366807411,1.0083080204115191e-17,-0.822427456090412,-0.22532151875203116
3.949999893333334,0.5180350283109949,0.0,-0.8223787153897957,-0.235229585547091
3.9833332266666672,0.5065401768114423,5.637851296924623e-18,-0.8240060808559845,-0.2538326771481435
4.016666560000001,0.4865824271960902,5.637851296924623e-18,-0.8267234186949141,-0.2824286290823851
4.049999893333334,0.45734794774911425,3.0357660829594124e-17,-0.8287912985946311,-0.32239391753489777
4.083333226666667,0.41947507497199815,-6.938893903907228e-18,-0.8269893693025528,-0.3743384091137352
4.1166665600000005,0.3758677539833075,0.0,-0.8163621464740641,-0.43849318959341016
4.149999893333334,0.3314505470468623,-5.204170427930421e-18,-0.7910519726176999,-0.5141763427852176
4.183333226666668,0.29180648180426483,6.938893903907228e-18,-0.7520045685411696,-0.5910483111135898
4.216666560000001,0.2583863848204781,8.673617379884035e-19,-0.7012617696467774,-0.66443088923625
4.249999893333334,0.23012302566805007,1.7889335846010823e-18,-0.6293494096214622,-0.7422686263520094
4.2833332266666675,0.20645986176661393,6.938893903907228e-18,-0.5194662372032727,-0.8291737778567192
4.316666560000001,0.18898952187115994,-3.469446951953614e-18,-0.37396983392789174,-0.9079810151841587
4.349999893333334,0.17945554767679753,-1.734723475976807e-18,-0.22254120709221456,-0.9582646385805754
4.383333226666667,0.177029547564419,3.469446951953614e-18,-0.09960549807445479,-0.9791523293351637
4.416666560000001,0.17873867275207644,-8.673617379884035e-19,-0.019531452134941955,-0.9837027036866
4.4499998933333345,0.1821596820553897,0.0,0.0255062402514716,-0.982938086525145
4.483333226666668,0.1856292493159709,-1.5178830414797062e-18,0.04343652111365576,-0.9816593352237486
4.516666560000001,0.18803260664103263,9.75781955236954e-19,0.03835978341249226,-0.9814134021177444
4.549999893333334,0.18902848427791863,6.505213034913027e-19,0.021625926857774216,-0.9817334421415698
4.583333226666667,0.188652327244306,0.0,-0.004602236099528485,-0.9820331556766256
4.6166665600000005,0.1865961874668145,8.673617379884035e-19,-0.03732921040019244,-0.9817272497357643
4.649999893333335,0.1828465689042188,0.0,-0.06282233514769008,-0.9811322471749393
4.683333226666668,0.1778761399202083,1.3010426069826053e-18,-0.07464671270661478,-0.9812175839889858
4.716666560000001,0.1726133419190835,4.336808689942018e-19,-0.07836711296858989,-0.9818672159699058
4.749999893333334,0.1678556432582158,-4.0657581468206416e-19,-0.07686617278136981,-0.9828102942624865
4.7833332266666675,0.1642675143215826,1.463672932855431e-18,-0.07403948727057343,-0.9836332335089737
4.816666560000001,0.16229599272197676,3.2526065174565133e-19,-0.07150281674426917,-0.9841480366001975
4.849999893333334,0.1618611736573702,8.944667923005412e-19,-0.06885693462900877,-0.984408290810147
4.883333226666668,0.16255906949745652,1.734723475976807e-18,-0.07055827926199405,-0.9841727887681653
4.916666560000001,0.1640722187785238,-8.673617379884035e-19,-0.07884691907549314,-0.9832921592168804
4.9499998933333345,0.16624101659280724,4.336808689942018e-19,-0.09355797688656135,-0.9816368113325232
4.983333226666668,0.16914975583992206,3.686287386450715e-18,-0.10877514586357963,-0.9795694603965825
5.016666560000001,0.17290217302862565,-5.421010862427522e-19,-0.12092563415805781,-0.9774875086493181
5.049999893333334,0.1773766916653914,3.3068166260807885e-18,-0.13063095258384547,-0.9754348073966184
5.083333226666667,0.18214372095138048,-2.981555974335137e-19,-0.13734766623434588,-0.9736320062004763
5.116666560000001,0.18694939329592197,-1.5449880957918438e-18,-0.1418090621168675,-0.9720803023659215
5.149999893333335,0.19107216713186545,-5.285485590866834e-18,-0.1451222784401108,-0.9707888293794299
5.183333226666668,0.1932850516972895,-5.421010862427522e-20,-0.1457756321258966,-0.9702527268030074
5.216666560000001,0.191159653718625,3.0831999280056532e-18,-0.14253796325377463,-0.9711544242918533
5.249999893333334,0.18367109158879993,-2.168404344971009e-19,-0.14746365679623574,-0.971863879377591
5.2833332266666675,0.17143888216088002,-2.6020852139652106e-18,-0.16062031870057797,-0.9720132832960425
5.316666560000001,0.15493372451815932,4.336808689942018e-19,-0.17399944618302485,-0.9724812253894324
5.349999893333334,0.13523793156383793,-1.3010426069826053e-18,-0.1852392537593183,-0.9733432697322286
5.383333226666668,0.11405493434222806,-4.336808689942018e-19,-0.20080156422381812,-0.972969785634404
5.416666560000001,0.09313244415578516,-3.903127820947816e-18,-0.22708334798781019,-0.9694119356146884
5.4499998933333345,0.07479397523378736,-5.637851296924623e-18,-0.26757077992769884,-0.9606309067470246
5.483333226666668,0.060603417750213176,3.0357660829594124e-18,-0.3131734724088957,-0.9477603082722698
5.516666560000001,0.05038531193530413,8.673617379884035e-19,-0.3546260234162188,-0.9336496686965523
5.549999893333334,0.04351711495327707,8.673617379884035e-19,-0.3945870908703394,-0.9178274829316379
5.583333226666667,0.03956941427016586,2.168404344971009e-19,-0.43168436389511117,-0.9011564078575867
5.616666560000001,0.037905970776646966,2.927345865710862e-18,-0.458674193984639,-0.887795652812077
5.649999893333335,0.03765231254189796,2.710505431213761e-18,-0.48205104596829307,-0.8753337034760641
5.683333226666668,0.038244004763152886,-2.032879073410321e-18,-0.5037578820446403,-0.8629979098338387
5.716666560000001,0.03902510234285057,-2.434372690408859e-18,-0.5163159385862975,-0.8555085580804441
5.749999893333334,0.03948527117942518,-2.222614453595284e-18,-0.5286614552798694,-0.8479138983772222
5.7833332266666675,0.03921177072904522,-4.174178364069192e-18,-0.5463549423233807,-0.8366353530870593
5.816666560000001,0.03834037677252609,-9.75781955236954e-19,-0.5716785304606408,-0.8195814012770806
5.849999893333335,0.03706248661568312,1.8431436932253575e-18,-0.5995018686196522,-0.799514778854905
5.883333226666668,0.03565225992922767,-2.3852447794681098e-18,-0.6299913362484525,-0.7757833670644327
5.916666560000001,0.034419712893876964,-1.4094628242311558e-18,-0.6613403472804953,-0.7492958217040964
5.9499998933333345,0.033316123558915736,-2.168404344971009e-19,-0.6902155155210201,-0.7228364808482343
5.983333226666668,0.03240005309589322,-2.927345865710862e-18,-0.7223612444518487,-0.690756447000938
6.016666560000001,0.0315529922815373,-2.710505431213761e-18,-0.7569558169472651,-0.6527038377915206
6.049999893333334,0.03071644202876731,-7.589415207398531e-19,-0.7966785645596457,-0.6036222038330565
6.083333226666668,0.030415695361429435,2.168404344971009e-18,-0.8499558368670859,-0.5259752473750569
6.116666560000001,0.031085427008811093,-1.0842021724855044e-18,-0.9087895437391631,-0.4160952552217384
6.149999893333335,0.03257900068102391,8.029872339970767e-19,-0.9561422541180084,-0.29108520849531305
6.183333226666668,0.034819802903851046,4.336808689942018e-19,-0.9849638302175879,-0.16921534944807914
6.216666560000001,0.038053103239414826,1.8973538018496328e-19,-0.9972166955369031,-0.0641157038198151
6.249999893333334,0.04170370326801325,1.4907779871675686e-19,-0.9990558916703172,0.012170721119196051
6.2833332266666675,0.045756817188786936,4.0657581468206416e-20,-0.9973911788688601,0.05583144271230593
6.316666560000002,0.05056801303363806,-5.421010862427522e-20,-0.9953478743647127,0.08200905471640198
6.349999893333335,0.05562681968367714,-5.963111948670274e-19,-0.9938291705432456,0.09596476806205553
6.383333226666668,0.060295530991465784,4.336808689942018e-19,-0.9925523300262427,0.10585046576153502
6.416666560000001,0.06463799379051986,4.336808689942018e-19,-0.9909961306936838,0.11725441871794853
6.4499998933333345,0.06856667951664673,-2.168404344971009e-19,-0.9879773579409278,0.13856172146781856
6.483333226666668,0.07179670868700037,6.505213034913027e-19,-0.9827949734378625,0.17017424248982307
6.516666560000001,0.07425063816978655,8.131516293641283e-19,-0.9750866607572461,0.20902833957304057
6.549999893333335,0.07591694263382871,-3.3610267347050637e-18,-0.9636026830487541,0.2563327662285379
6.583333226666668,0.07611611903309934,7.589415207398531e-19,-0.9486226762703681,0.307117818579423
6.616666560000001,0.0751756408301279,2.507217523872729e-19,-0.9313671679984133,0.3562356262368982
6.649999893333335,0.07432077202206738,5.014435047745458e-19,-0.9139652156804291,0.39892857427398026
6.683333226666668,0.07398146601851063,7.345469718589293e-18,-0.9005823270625626,0.4283435710598811
6.716666560000001,0.07338241463388341,3.198396408832238e-18,-0.8941107905143991,0.4417928423007972
6.749999893333334,0.07281461127825122,1.3552527156068805e-19,-0.8954300007778974,0.4392074066899282
6.783333226666668,0.07254909360188702,4.960224939121183e-18,-0.9044722334346867,0.4203172705983114
6.816666560000002,0.0724488860089862,4.1470733097570545e-18,-0.9187877379051168,0.3880467131561036
6.849999893333335,0.07254942093336214,-5.095750210681871e-18,-0.9360276188900434,0.34436735936680973
6.883333226666668,0.07277988552709329,1.3010426069826053e-18,-0.9527939932417546,0.29476549103498295
6.916666560000001,0.07293926444821208,-8.402566836762659e-19,-0.9674622848945489,0.2422737934824417
6.9499998933333345,0.07288332316800167,8.944667923005412e-19,-0.9798109647812959,0.1861679201643897
6.983333226666668,0.07270884199772396,-1.2061749168901237e-18,-0.9894788845367342,0.1250798199202838
7.016666560000002,0.07309212474942818,6.716971271726602e-19,-0.9964827716351923,0.04098325431025647
7.049999893333335,0.0746715840131034,1.1621292036329e-18,-0.9928666449206713,-0.09295149242988747
7.083333226666668,0.07864005141626217,-7.589415207398531e-19,-0.9577472778778251,-0.2766512136804462
7.116666560000001,0.08645037032006389,-4.336808689942018e-18,-0.8794945432596959,-0.4679911130010298
7.149999893333335,0.09830581526137688,2.6020852139652106e-18,-0.7784443572723138,-0.6199680228178632
7.183333226666668,0.11253639433043715,-4.336808689942018e-18,-0.679537917811792,-0.7249577768443612
7.216666560000001,0.12702845645891675,-5.204170427930421e-18,-0.5999076368026639,-0.7899206280098706
7.249999893333335,0.13965716112901944,1.734723475976807e-18,-0.5451814938613023,-0.8266033003179591
7.283333226666668,0.14968944174418528,1.0408340855860843e-17,-0.5085106318077958,-0.847944578595058
7.316666560000002,0.15756505862038686,-1.734723475976807e-18,-0.48549436455447836,-0.8599235281627067
7.349999893333335,0.16317992747792187,5.637851296924623e-18,-0.47092286122721905,-0.8669509617284414
7.383333226666668,0.16652982872675412,6.7220534694101275e-18,-0.46056391694678583,-0.8718650667109401
7.416666560000001,0.16855007636375602,1.5178830414797062e-18,-0.45388508920121395,-0.8749738267848807
7.4499998933333345,0.16942185010171235,7.535205098774256e-18,-0.4492552811537685,-0.8771920707938264
7.483333226666669,0.1692656906247467,1.916327339868129e-17,-0.4468458685425436,-0.8784519882974752
7.516666560000002,0.16831245844352172,-2.4882439858542327e-17,-0.4487073851397014,-0.8776859340639962
7.549999893333335,0.16573699123955268,1.0191500421363742e-17,-0.4573583675428261,-0.8737016500919645
7.583333226666668,0.16026866941724904,1.3010426069826053e-18,-0.4771393363842012,-0.8640902772731959
7.616666560000001,0.1510316637338088,9.540979117872439e-18,-0.5133252652022402,-0.8447997447057187
7.649999893333335,0.13762411669320404,3.469446951953614e-18,-0.5684289020738648,-0.8111400531298624
7.683333226666668,0.1203020832937028,3.469446951953614e-18,-0.655101558376142,-0.7459017073102496
7.716666560000001,0.10167769803509448,-5.204170427930421e-18,-0.7797058451316831,-0.6178352861319693
7.749999893333335,0.0867072259427808,-6.071532165918825e-18,-0.9197347768666325,-0.38284435112901083
7.783333226666668,0.08050622982651247,-3.2526065174565133e-18,-0.9959912909308799,-0.038988400184672006
7.816666560000002,0.08450871359991709,-1.951563910473908e-18,-0.951190347209526,0.2968083568586114
7.849999893333335,0.0938808667534657,2.168404344971009e-18,-0.8512561404749037,0.5162841912758795
7.883333226666668,0.10269035495678448,-8.673617379884035e-18,-0.7652891734016567,0.6354425009967928
7.916666560000001,0.10836564522059965,1.0842021724855044e-17,-0.708352004634688,0.6974914511776774
7.9499998933333345,0.11117428499886475,2.3852447794681098e-18,-0.6761250982308602,0.7283509661538874
7.983333226666669,0.11189856133937871,-5.421010862427522e-19,-0.6655112116829557,0.7379522607150557
8.016666560000003,0.1110784073681905,-3.2526065174565133e-19,-0.6698070187883577,0.7341799132354404
8.049999893333336,0.1093390991845543,-7.589415207398531e-18,-0.6834911586254981,0.7217234910062748
8.083333226666669,0.10678550302517262,-1.6696713456276768e-17,-0.7025454634471128,0.7035813585745023
8.116666560000002,0.10390297410918663,4.7704895589362195e-18,-0.7251958472344168,0.68065788405426
8.149999893333336,0.10127029476626327,1.1709383462843448e-17,-0.7521943829447448,0.651112845568515
8.183333226666669,0.09885751620617918,4.119968255444917e-18,-0.7812206262998537,0.6163777450015612
8.216666560000002,0.09634481757348229,0.0,-0.813458572245805,0.5735876806265534
8.249999893333335,0.09414347279149535,1.5178830414797062e-18,-0.8504568444548334,0.5175520865098356
8.283333226666668,0.09239702523187086,-2.3852447794681098e-18,-0.8882827465408683,0.449907270363697
8.316666560000003,0.09054623065518261,6.5052130349130266e-18,-0.9252070326380462,0.3685014611521097
8.349999893333337,0.08887398468467132,-2.710505431213761e-18,-0.9571375029809339,0.27566141411828304
8.38333322666667,0.08772283941829943,-1.8973538018496328e-18,-0.9793518768041923,0.1821389712403617
8.416666560000003,0.0868112661785985,1.179069862577986e-18,-0.9918191676017223,0.09358708694203252
8.449999893333336,0.08649029846558243,-3.023907621697852e-19,-0.9961427786029525,0.014798408986223727
8.48333322666667,0.08716999688246756,6.877907531704919e-19,-0.9951209630880152,-0.0462132066220449
8.516666560000003,0.08825227581350678,-1.0367683274392636e-18,-0.9924282174027009,-0.0854269811981804
8.549999893333336,0.08925707561567454,-2.303929616531697e-19,-0.9902591597817842,-0.10686426400257693
8.583333226666669,0.09026679215784918,7.047314121155779e-19,-0.989711278788933,-0.11101121957490115
8.616666560000002,0.09233093261856118,9.215718466126788e-19,-0.9906331389341158,-0.10060309601263712
8.649999893333336,0.0970043721030169,-1.111307226797642e-18,-0.9918411364098358,-0.08271222351106967
8.683333226666669,0.10469431431253849,7.589415207398531e-19,-0.9925560534874643,-0.06222203175738567
8.716666560000002,0.12009936214682534,-2.168404344971009e-19,-0.9920667605983094,-0.03714412104091905
8.749999893333335,0.14847578567044345,3.2526065174565133e-19,-0.988888416197492,-0.0073919807873324556
8.783333226666668,0.18991459468553046,5.421010862427522e-20,-0.9816024587282042,0.019724597440125453
8.816666560000003,0.2427206634141699,-1.0842021724855044e-19,-0.9691059863621613,0.04382084833510049
8.849999893333337,0.2952283629375905,-1.0842021724855044e-18,-0.9534343243152975,0.06167011378798069
8.88333322666667,0.33292660342433894,-4.7704895589362195e-18,-0.9402238638724683,0.0716865575757372
8.916666560000003,0.3519926279501172,3.469446951953614e-18,-0.9330872977447564,0.07381927022234017
8.949999893333336,0.3601265298921541,4.553649124439119e-18,-0.930286179109669,0.06983199428176434
8.98333322666667,0.36531595357013935,-3.1712913545201005e-18,-0.9286190354314326,0.0648917645124229
9.016666560000003,0.3651283102729401,-1.531435568635775e-18,-0.9288428231931348,0.06270826771514634
9.049999893333336,0.35417454684603683,-9.75781955236954e-19,-0.9330352867007055,0.06328936828359684
9.083333226666669,0.32878852755513277,-1.951563910473908e-18,-0.9422194518571843,0.0641919674887364
9.116666560000002,0.28964225622683815,1.734723475976807e-18,-0.9550156254609853,0.0636593946970106
9.149999893333336,0.24023393653152605,6.505213034913027e-19,-0.9687161226886298,0.0622633871683369
9.183333226666669,0.18523244460703187,-4.336808689942018e-19,-0.9807688628631549,0.0614929191290917
9.216666560000002,0.13284799869129765,1.5178830414797062e-18,-0.9895943405407308,0.05526708254895728
9.249999893333335,0.08939278920804639,3.2526065174565133e-19,-0.9957136309166942,0.02373382489821005
9.28333322666667,0.054631097117508076,5.421010862427522e-20,-0.9953131673357669,-0.07979437421134981
9.316666560000003,0.03478980961766365,-1.3010426069826053e-18,-0.9416727374092635,-0.33472694060519137
9.349999893333337,0.029324813854351435,2.3852447794681098e-18,-0.7638707476465549,-0.6447026726967251
9.38333322666667,0.03178730617649532,2.6020852139652106e-18,-0.5354630482396113,-0.8439602426275691
9.416666560000003,0.038794569461587915,-8.673617379884035e-19,-0.3838766351584792,-0.9225690816191999
9.449999893333336,0.046954810597306766,8.673617379884035e-19,-0.3014035729537932,-0.9523398195877659
9.48333322666667,0.054697719713679434,6.505213034913027e-19,-0.25776338396354603,-0.9646585910806919
9.516666560000003,0.06109079887515207,-1.0842021724855044e-18,-0.2453294255048,-0.9675129907522073
9.549999893333336,0.06546428977204767,1.6263032587282567e-18,-0.23937136594482103,-0.9687186257785859
9.583333226666669,0.06781383447695137,-1.1926223897340549e-18,-0.22446722540139438,-0.9721192049199173
9.616666560000002,0.06848775092134689,8.673617379884035e-19,-0.2033961612721569,-0.9766982284992056
9.649999893333336,0.06768667841225595,1.5178830414797062e-18,-0.17602195942659746,-0.9820564053887828
9.683333226666669,0.06589792515866241,6.505213034913027e-19,-0.13547222162666112,-0.9885872448232984
9.716666560000002,0.06369761472289935,-4.336808689942018e-19,-0.08430242690838907,-0.9944021896073887
9.749999893333337,0.061258982484977985,0.0,-0.029339782408469732,-0.9976905904302842
9.78333322666667,0.0580746078007302,-2.168404344971009e-19,0.028040611168535557,-0.9979183654257929
9.816666560000003,0.05308311372754296,0.0,0.09009665210821545,-0.9945173584789156
9.849999893333337,0.0451120406436863,1.734723475976807e-18,0.1778474507471779,-0.9830234931331463
9.88333322666667,0.032845585047981476,0.0,0.34766465393290774,-0.9370434653464946
9.916666560000003,0.017913111673139137,-1.734723475976807e-18,0.8306520153091075,-0.5565036836294112
9.949999893333336,0.025419851065039745,8.673617379884035e-19,0.7213070197857394,0.6921488383141635
9.98333322666667,0.05310157276822507,0.0,0.4040185260164793,0.9132082202898812
10.016666560000003,0.08385491366980166,6.071532165918825e-18,0.28962746860156285,0.9534591144275044
10.049999893333336,0.11331348397322236,1.734723475976807e-18,0.23867682065037113,0.9644653594785461
10.083333226666669,0.13960330374540847,-3.469446951953614e-18,0.21368516322267575,0.9668761909375294
10.116666560000002,0.16152405938980624,0.0,0.20230146706477387,0.9659110179833744
10.149999893333336,0.17868097366575036,1.951563910473908e-18,0.19949768525667178,0.963469658695638
10.183333226666669,0.19025946995481127,-1.5178830414797062e-18,0.2003329087383536,0.9610765108819094
10.216666560000004,0.1953922903666271,4.065758146820642e-18,0.20036960811735777,0.9600384747541009
10.249999893333337,0.19390992671857157,-2.1955093992831465e-18,0.1991804173422057,0.9605863322301557
10.28333322666667,0.18584337122016623,0.0,0.19546087787965913,0.9629419954452275
10.316666560000003,0.17084245095994022,8.673617379884035e-19,0.1887936401448558,0.9670417873033488
10.349999893333337,0.15026240600195964,3.469446951953614e-18,0.17934393618472685,0.9722432627158034
10.38333322666667,0.12597975199331296,2.8189256484623115e-18,0.1617312084724275,0.9787605009877297
10.416666560000003,0.09962229755344905,-2.4936649967166602e-18,0.1410763595032951,0.9849735319385335
10.449999893333336,0.07331016661089465,6.505213034913027e-19,0.12372706458748334,0.9896045841446207
10.48333322666667,0.04889446627396577,-6.505213034913027e-19,0.1233100068676545,0.9911629398711813
10.516666560000003,0.027909269707055165,0.0,0.20635394709010116,0.9780793020940349
10.549999893333336,0.012935738376509675,-8.673617379884035e-19,0.6060893318973462,0.7952913858661387
10.583333226666669,0.011074545178793159,2.981555974335137e-19,0.9824021473200168,-0.18644939096200597
10.616666560000002,0.017101075317211025,4.336808689942018e-19,0.8135693095572007,-0.5812164242084137
10.649999893333336,0.02194872721687965,0.0,0.77092901539661,-0.6365427767190297
10.683333226666669,0.02480056420720474,2.5478751053409354e-18,0.798279122400587,-0.6017768479713664
10.716666560000004,0.026437046700973105,-6.2341624917916505e-19,0.8570485067504644,-0.5145570324449271
10.749999893333337,0.027064040256216528,-7.589415207398531e-19,0.9170062071259668,-0.397953708133821
10.78333322666667,0.026909100564734882,6.2341624917916505e-19,0.9582114515971334,-0.2847924056833529
10.816666560000003,0.027103999195008253,-1.0842021724855044e-19,0.9858804622834542,-0.16524251061818196
10.849999893333337,0.028134197096187787,2.846030702774449e-19,0.9991505346798056,-0.030111061137257353
10.88333322666667,0.030079481735749654,-2.303929616531697e-19,0.9946769159109555,0.09855484631604186
10.916666560000003,0.03255085652134472,-1.0842021724855044e-19,0.9780298725014588,0.2059077711853223
10.949999893333336,0.0348376148498458,1.5720931501039814e-18,0.9540030824631073,0.2977657791662165
10.98333322666667,0.036782156340515196,-2.8189256484623115e-18,0.9261402621996205,0.37538152286408555
11.016666560000003,0.03821060932878836,2.927345865710862e-18,0.8931407954714732,0.4481511673523867
11.049999893333336,0.039486663705332235,-6.505213034913027e-19,0.8580856157109161,0.5119862102629719
11.083333226666669,0.04090347787339176,2.4936649967166602e-18,0.8310336344075874,0.5547161472151118
11.116666560000002,0.04186084887394399,-5.421010862427522e-19,0.8082596555735341,0.587336358915149
11.149999893333336,0.042059964591479815,3.2526065174565133e-19,0.7865753823026606,0.6160601653523682
11.18333322666667,0.041489699090572936,4.099639464710814e-18,0.7693140637385182,0.6375221378144456
11.216666560000004,0.04021871368307151,2.3852447794681098e-18,0.7543114529489872,0.6552836691232791
11.249999893333337,0.03864121958914577,-2.8731357570865868e-18,0.7457282077389968,0.6651287817641385
11.28333322666667,0.03696494682632937,-1.7889335846010823e-18,0.7457528391749388,0.6651964338213523
11.316666560000003,0.035424886085473506,1.6263032587282567e-19,0.753627786055075,0.6563461263171723
11.349999893333337,0.03389112091205028,2.1141942363467336e-18,0.7612698677545278,0.647548901915777
11.38333322666667,0.03229471399127774,3.0357660829594124e-18,0.7666136873338647,0.6412959580728677
11.416666560000003,0.030648865610112878,-1.5178830414797062e-18,0.7700384020394614,0.637260940605437
11.449999893333336,0.029164878807007195,-2.1141942363467336e-18,0.7748904416651485,0.6314223731070698
11.48333322666667,0.02787108948230341,2.5478751053409354e-18,0.7800688473405333,0.6250726324035323
11.516666560000003,0.027033534237002405,5.421010862427522e-20,0.7922102969016291,0.6096491068718871
11.549999893333336,0.027077491368199754,2.3310346708438345e-18,0.8191508393304257,0.572938663283832
11.583333226666669,0.02819269269094762,-1.7838513869175565e-18,0.8586699089661417,0.5117530258971724
11.616666560000002,0.03134996440014958,0.0,0.9073970960312017,0.4191034357366346
11.649999893333337,0.03798902090951638,1.951563910473908e-18,0.9523392614438875,0.3026660955621685
11.68333322666667,0.05045222965399284,1.951563910473908e-18,0.9814255831896725,0.18509024064966753
11.716666560000004,0.06972840528375164,4.336808689942018e-19,0.9930064119056984,0.09526917345477268
11.749999893333337,0.09448668324318588,-7.589415207398531e-19,0.9948294033161191,0.03723875652322915
11.78333322666667,0.11956959861905433,1.8973538018496328e-19,0.9928237282097806,0.0020385754119286396
11.816666560000003,0.14347642062901117,-2.710505431213761e-20,0.9895181730186541,-0.01637992641351421
11.849999893333337,0.16484266247659599,1.8973538018496328e-19,0.9858769057643153,-0.029557119416587067
11.88333322666667,0.18002184247652223,3.2526065174565133e-19,0.9828175364018512,-0.040765504686611595
11.916666560000003,0.19040958239454767,-2.981555974335137e-19,0.9803251399238305,-0.05202702149514438
11.949999893333336,0.19642746888389961,-7.047314121155779e-19,0.9783282726015418,-0.06549840071595653
11.98333322666667,0.19852796404101045,-2.6156377411212794e-18,0.976777478624525,-0.08057545994685274
12.016666560000003,0.1983027545636962,-5.04831636563563e-19,0.9755568167347783,-0.09468323428546667
12.049999893333336,0.19718650058324222,6.708500942254059e-19,0.9745646465105291,-0.1064952288111654
12.083333226666669,0.19457059241405705,2.9815559743351372e-18,0.973544690164822,-0.11980409350069546
12.116666560000004,0.1907385638686886,1.0299920638612292e-18,0.9722141703966537,-0.13571443229537805
12.149999893333337,0.18598668410897057,4.391018798566293e-18,0.970216307078636,-0.15520718673065373
12.18333322666667,0.17943738931522174,-5.421010862427522e-19,0.9670785967074671,-0.18044725297452996
12.216666560000004,0.16956313801624895,0.0,0.9617636451923328,-0.21507913197806794
12.249999893333337,0.1573595640676291,-4.7704895589362195e-18,0.9532313845942644,-0.25804630402497025
12.28333322666667,0.14560040264592192,-1.5178830414797062e-18,0.9410974891403688,-0.30518197634041033
12.316666560000003,0.13517669802249865,-3.686287386450715e-18,0.9255417825081793,-0.3536943159612776
12.349999893333337,0.12627712808119418,-8.673617379884035e-18,0.9079268423534308,-0.39965351976142266
12.38333322666667,0.11853981319351858,-2.927345865710862e-18,0.8904925853293861,-0.4392849509844742
12.416666560000003,0.11123273935815083,-4.336808689942018e-19,0.8740719303728111,-0.4728906197306407
12.449999893333336,0.10501037081633824,4.7704895589362195e-18,0.8619803424737358,-0.49594627855230095
12.48333322666667,0.09989698228493465,-8.023096076392733e-18,0.8567501455069153,-0.5059642093115311
12.516666560000003,0.09549678159893721,-2.168404344971009e-19,0.8577378350983123,-0.5051397538752076
12.549999893333336,0.0910941245508475,0.0,0.8616314422176421,-0.4992926178647758
12.58333322666667,0.08606425430151006,-2.168404344971009e-18,0.8658071119457248,-0.492920875025321
12.616666560000004,0.08164255034952325,-2.168404344971009e-18,0.8730127364516006,-0.480815199391319
12.649999893333337,0.07858090189327771,-5.854691731421724e-18,0.8849862736441785,-0.45893827179592506
12.68333322666667,0.07413396238685094,4.553649124439119e-18,0.8960559121468019,-0.43770761694033566
12.716666560000004,0.0694113812079525,3.2526065174565133e-18,0.9074879566019377,-0.4143038363100733
12.749999893333337,0.06558382126721901,-1.4094628242311558e-18,0.9214329307259304,-0.38296229130530907
12.78333322666667,0.06256547145026518,2.8189256484623115e-18,0.937116725634253,-0.34336249696019855
12.816666560000003,0.06008185491513841,-3.2526065174565133e-19,0.9530577376893936,-0.2967677868979909
12.849999893333337,0.05839764660190816,-2.8731357570865868e-18,0.96780030403514,-0.2448515598905786
12.88333322666667,0.05777526798331296,-1.4907779871675686e-18,0.97959237915726,-0.1925117895259284
12.916666560000003,0.058586049612787496,1.8566962203814263e-18,0.9877235575110107,-0.1448096983235624
12.949999893333336,0.06045686334766641,2.981555974335137e-19,0.9922997547261418,-0.10810256446819502
12.98333322666667,0.06278949509395139,1.0028870095490916e-18,0.9943348009864863,-0.08576586064986189
13.016666560000003,0.06505005046745153,-8.673617379884035e-19,0.9949213031813106,-0.07681205250600283
13.049999893333336,0.06694440695018644,-2.0328790734103208e-19,0.9946224360098285,-0.07902313689016933
13.08333322666667,0.06845703761139897,1.5585406229479126e-18,0.9938915106237558,-0.08656384413541349
13.116666560000004,0.06958745240646591,1.2197274440461925e-19,0.9928214780674463,-0.09727846193042623
13.149999893333337,0.0705258510642741,4.2012834183813297e-19,0.9916963833987185,-0.1075378421094727
13.18333322666667,0.07125854928805155,2.2293907171733185e-18,0.9907993599281659,-0.11506019085373957
13.216666560000004,0.07167492935784447,-1.6635727084074459e-18,0.9900905605927534,-0.1207616922979951
13.249999893333337,0.0720640817835104,-1.212951180468158e-18,0.9895471957414326,-0.12491243139482296
13.28333322666667,0.07253497422598335,-1.1384122811097797e-18,0.9892018289596815,-0.12735155710417156
13.316666560000003,0.07280956922549743,-3.083199928005653e-19,0.9889506527598063,-0.1291331600912426
13.349999893333337,0.07310207280825318,1.8295911660692887e-19,0.9886543650744827,-0.13121979031498449
13.38333322666667,0.07337127016361267,1.4700256799598382e-18,0.988292971132353,-0.13376718553129643
13.416666560000003,0.0733782414434163,-6.79743940171576e-19,0.987802364725839,-0.13733944052861244
13.449999893333336,0.07334746575948847,1.3342886501623366e-18,0.9871258499773274,-0.14213622189012734
13.48333322666667,0.07308203808027912,-1.745734904291113e-18,0.9863835132038968,-0.14733153290986417
13.516666560000003,0.07240192265846157,2.5682038960750386e-18,0.9855820031007244,-0.15292506910026876
13.549999893333338,0.0708361747711987,-1.8973538018496328e-19,0.984508822169779,-0.16038895041011586
13.58333322666667,0.06865610857742618,-7.047314121155779e-19,0.9832400301666552,-0.16889458793247294
13.616666560000004,0.06648993659755131,-1.111307226797642e-18,0.9817696094662264,-0.17806606150467497
13.649999893333337,0.06422907531016134,1.6263032587282567e-18,0.9803497451375236,-0.18651810392987184
13.68333322666667,0.062128846288669666,2.439454888092385e-19,0.9791557828416864,-0.19337517779312607
13.716666560000004,0.06046998961596806,2.303929616531697e-18,0.9780265824345172,-0.19951787991882713
13.749999893333337,0.059393706167592576,-1.5720931501039814e-18,0.9770700119634999,-0.2044665727920437
13.78333322666667,0.05868401337025252,-2.473336205982557e-18,0.976074270407993,-0.20936858699973138
13.816666560000003,0.05822674523024344,2.676624113323589e-19,0.9748508279779895,-0.21511743148922385
13.849999893333337,0.0580089248612057,-3.049318610115481e-19,0.9730241984297273,-0.22329100722293718
13.88333322666667,0.05738810045639963,1.4907779871675686e-18,0.9708590500482318,-0.23267855695239995
13.916666560000003,0.056513824109762516,1.9651164376299768e-18,0.9682930931180921,-0.24334065320921786
13.949999893333336,0.055361339332392775,4.607859233063394e-19,0.965516185886989,-0.25438871220548503
13.98333322666667,0.053846320320542054,2.6020852139652106e-18,0.9631438768029594,-0.2635421149738751
14.016666560000004,0.0525711917408845,-4.336808689942018e-19,0.9612347491199962,-0.27067328439127725
14.049999893333338,0.051733459037536525,-1.2332799712022613e-18,0.9606452935452912,-0.2729180631715181
14.08333322666667,0.051005789458031275,2.168404344971009e-18,0.9616741174602612,-0.2694091706842786
14.116666560000004,0.05015406373751389,-1.0028870095490916e-18,0.9637655336046336,-0.26199344672412933
14.149999893333337,0.04931973927436109,-1.4365678785432934e-18,0.9669051007445756,-0.2503239690321951
14.18333322666667,0.04863601903613215,8.267041565201971e-19,0.9704300581425214,-0.23643189274253906
14.216666560000004,0.04807520505662099,1.2197274440461925e-18,0.9739593744249173,-0.22156694615530453
14.249999893333337,0.047671092100738485,5.692061405548898e-19,0.9770194002494902,-0.20775119377286128
14.28333322666667,0.04759518528260749,-4.0996394647108136e-19,0.9790585470089153,-0.19793700984582424
14.316666560000003,0.047818564233773175,1.6263032587282567e-19,0.9802001100755561,-0.1921487161614367
14.349999893333337,0.04772069910114074,-6.776263578034403e-19,0.980771287294361,-0.18923640478581433
14.38333322666667,0.04728376402208675,-7.250602028496811e-19,0.9814069448619026,-0.18602326262252858
14.416666560000003,0.04605697791203057,-2.439454888092385e-19,0.982478052468272,-0.1805979822804283
14.449999893333336,0.04402596136616795,-5.421010862427522e-19,0.9844832943148878,-0.16986570560501796
14.483333226666671,0.041851210791927794,2.168404344971009e-19,0.9875544309105451,-0.15160713091474037
14.516666560000004,0.04015422673596641,5.963111948670274e-19,0.9907867854262973,-0.12934134644366788
14.549999893333338,0.03895374188164473,-2.303929616531697e-19,0.9936086614241381,-0.10594542904887677
14.58333322666667,0.03817506413134369,4.607859233063394e-19,0.9957647288918697,-0.08363772577891436
14.616666560000004,0.038031016778616575,-1.3976043629695956e-20,0.9968655107311853,-0.0693743128069566
14.649999893333337,0.03829928010950562,-3.9471735342050396e-19,0.997244330312083,-0.06353668864127685
14.68333322666667,0.03856899020428631,-2.0667603913004928e-19,0.9974399095814626,-0.06021677315122119
14.716666560000004,0.03892067130477443,-2.998496633280223e-19,0.997461501969334,-0.05962997093967199
14.749999893333337,0.039437761323726686,4.573977915173222e-19,0.9971604213523902,-0.064154166428193
14.78333322666667,0.03986032639158501,2.761327408049019e-19,0.9966547384149494,-0.07134764729817687
14.816666560000003,0.03995285150967017,2.5474515888673083e-19,0.9959053219197104,-0.08109475586154948
14.849999893333337,0.038790860176692185,7.115076756936123e-19,0.9946071456747075,-0.09618677112557367
14.88333322666667,0.0361169395008956,4.336808689942018e-19,0.9923470292102587,-0.11808022822921034
14.916666560000003,0.0329717127179834,-2.168404344971009e-19,0.9885287709781185,-0.14738973881832187
14.949999893333338,0.030436659913432418,-1.0842021724855044e-19,0.9831486191184452,-0.1802564907536155
14.983333226666671,0.02889982142612242,-3.2526065174565133e-19,0.974959227305883,-0.22049785806817707
15.016666560000004,0.028096553078497042,4.946672411965114e-19,0.9637904201177148,-0.26517656343354734
15.049999893333338,0.027722715267126028,-5.116079001415974e-19,0.9510825682562881,-0.30769042789342843
15.08333322666667,0.02766519980007757,1.2874900798265365e-18,0.9388900438332137,-0.34310366117383206
15.116666560000004,0.027700008267841143,9.893344823930228e-19,0.9276643488389421,-0.3723863120942867
15.149999893333337,0.027747870484234147,-4.472333961502706e-19,0.9179320892903899,-0.39576601058525723
15.18333322666667,0.02805526453519083,-2.168404344971009e-18,0.9111846318560148,-0.4110419307093614
15.216666560000004,0.028554298509949998,-8.538092108323347e-19,0.9070553368848655,-0.4200419834555685
15.249999893333337,0.02904140666066,1.6263032587282567e-19,0.9050706099429985,-0.42426853255524266
15.28333322666667,0.029358679880381943,-1.2197274440461925e-19,0.9038808235314694,-0.42677573123099916
15.316666560000003,0.029565578672272972,-6.098637220230962e-19,0.9023706839890554,-0.42994537471043703
15.349999893333337,0.029474546165686233,-8.724439356719293e-19,0.9007626204813561,-0.4333104576073458
15.38333322666667,0.02906646724190035,-5.963111948670274e-19,0.8982791086406149,-0.4384629784393411
15.416666560000003,0.02873941843624215,1.043544591017298e-18,0.8964494925352743,-0.4422130178558699
15.449999893333338,0.028581218914245383,-1.1316360175317453e-18,0.8948010767893035,-0.44554926428182884
15.483333226666671,0.02817442959231954,-9.622294280808852e-19,0.8913153092755792,-0.45250770266165197
15.516666560000004,0.027840396675322503,-2.168404344971009e-18,0.886980742703481,-0.460966456899135
15.549999893333338,0.027652287150859024,2.202285662861181e-19,0.881743200896958,-0.470918547826812
15.58333322666667,0.027459372269272638,-4.0657581468206416e-19,0.878850110088079,-0.4763071140270202
15.616666560000004,0.02718902947607206,5.421010862427522e-20,0.8766300907556498,-0.48039612889561334
15.649999893333337,0.027067115030104685,4.573977915173222e-19,0.8759555597249357,-0.4816318393450767
15.68333322666667,0.027019201136095912,-1.212951180468158e-18,0.8762659472986251,-0.4810695920288566
15.716666560000004,0.026784647251921947,-8.131516293641283e-20,0.8762576093535929,-0.4810978951539035
15.749999893333337,0.026273773181637202,1.883801274693564e-18,0.8764489466059792,-0.48077742546428853
15.78333322666667,0.025614850027187063,-1.3552527156068805e-19,0.8782807400238238,-0.47745871147282376
15.816666560000003,0.025117311441067054,-3.5236570605778894e-19,0.8836418566637474,-0.4674892403230453
15.849999893333337,0.02479994373088251,-4.0657581468206416e-19,0.8902629332866332,-0.45477123084780213
15.88333322666667,0.024789339810075875,1.026603932072212e-18,0.8968882716645736,-0.4415619059456041
15.916666560000005,0.0252693069206275,1.3417001884508117e-18,0.9067260306877896,-0.420962429916159
15.949999893333338,0.025893170870809296,1.395910297075087e-18,0.9150380739833556,-0.40253554732853897
15.983333226666671,0.02650120864978429,1.1926223897340549e-18,0.9212140721851172,-0.38815244318207576
16.016666560000004,0.02708152454450127,-7.589415207398531e-19,0.9270680730495693,-0.37391359825567166
16.049999893333336,0.02737854983290004,-8.199278929421627e-19,0.9313526282719508,-0.3630877260662732
16.08333322666667,0.027613095871716318,-9.554531645028508e-19,0.9348206784855502,-0.35404493501841694
16.116666560000002,0.02803401396299332,2.3683041205230237e-18,0.9383673051400084,-0.3445009357104871
16.149999893333337,0.028231582590272628,-4.70950318673391e-19,0.9415796310980036,-0.33560508942177264
16.183333226666672,0.028256382439147427,2.343740165052649e-18,0.9441775252966518,-0.32822306070132146
16.216666560000004,0.02829173853201063,5.289720755603106e-19,0.9463423824502756,-0.3219249488765556
16.24999989333334,0.02814352221811824,-1.362028979184915e-18,0.9490698731857286,-0.31380617898375374
16.28333322666667,0.02819019021808818,-2.422514229147299e-19,0.9525570556806765,-0.30305175935544193
16.316666560000005,0.028406041552546925,-1.7957098481791167e-18,0.9555589127674048,-0.29342845982298726
16.349999893333337,0.028850081086336837,4.743384504624082e-20,0.9581364987010474,-0.28485456408176013
16.38333322666667,0.02928592606694053,-1.4433441421213278e-18,0.9594424501405255,-0.2803792421038814
16.416666560000003,0.029489762388353997,-2.371692252312041e-19,0.9593142908845599,-0.28079609188685745
16.449999893333338,0.029594553958863925,-2.778268066994105e-19,0.9586768593668953,-0.28295378013096456
16.48333322666667,0.029695940100921105,2.253107639696439e-19,0.9576490201465622,-0.28640269788158745
16.516666560000004,0.02991263538057695,1.463672932855431e-18,0.9555749861207125,-0.29322632921514596
16.549999893333336,0.03064754810795658,1.7618285302889447e-18,0.9535861036691204,-0.2995567904156342
16.58333322666667,0.032279150630425385,4.87890977618477e-19,0.9530271396632486,-0.30115996994930333
16.616666560000006,0.03500851176814851,3.7947076036992655e-19,0.9513326588085561,-0.306170828767247
16.649999893333337,0.03851247716608987,-1.0842021724855044e-18,0.9482489164942842,-0.31518372653096766
16.683333226666672,0.041836258526716366,2.2768245622195593e-18,0.9431427091290729,-0.3297446856117003
16.716666560000004,0.044371756423334394,1.4094628242311558e-18,0.9348327636980763,-0.35230505410584884
16.74999989333334,0.04647790361859511,-7.047314121155779e-19,0.925422577545791,-0.37607560070247176
16.78333322666667,0.04817586883672493,-2.9815559743351372e-18,0.9173504814787892,-0.39515462769966425
16.816666560000005,0.04960839933880736,-7.047314121155779e-19,0.9122383311850502,-0.40664509566913026
16.849999893333337,0.050835415759908874,-1.81603863891322e-18,0.9099895816232656,-0.4115030034418115
16.88333322666667,0.0514573639868673,2.371692252312041e-18,0.9099458271585569,-0.41152245543621624
16.916666560000003,0.05171025190275099,-3.0366131159066667e-18,0.9123004424010946,-0.4062437108964535
16.949999893333338,0.051852215442280074,-6.280749303890637e-19,0.9154038984322056,-0.39918297870631647
16.98333322666667,0.051922452646291015,1.7698753432878606e-18,0.9184190343995752,-0.39218686383374163
17.016666560000004,0.05202318638110115,-2.4049382954917722e-18,0.920589628976395,-0.38705080170419587
17.049999893333336,0.05218707458225259,-7.572474548453445e-19,0.9216554566478171,-0.384483716791557
17.08333322666667,0.05233273977475751,-1.777075123339522e-18,0.9214846112309648,-0.38487322018060105
17.116666560000006,0.052321003005937505,2.4377608221978764e-18,0.9203267988182915,-0.3876352615814621
17.149999893333337,0.05216039821742479,2.5139937874507634e-18,0.9183437249396184,-0.3923316144817118
17.183333226666672,0.0519556713736885,-1.8634724839594607e-19,0.9153720462219057,-0.399242564373628
17.216666560000004,0.05173793745375141,2.563121698391513e-18,0.9122024254876907,-0.4064602326949169
17.24999989333334,0.0514902027783805,1.2027867851011065e-18,0.9093697722584416,-0.4127897483228858
17.28333322666667,0.051070096621751784,-1.1519648082658485e-18,0.9058305295081391,-0.4205507068619067
17.316666560000005,0.050315014609781,-3.3068166260807885e-18,0.9022588861446389,-0.4282491117070215
17.349999893333337,0.04923012251077726,1.4907779871675686e-18,0.8984060896712154,-0.43639763184422786
17.38333322666667,0.04788614300110447,1.599198204416119e-18,0.893157202508584,-0.44718802411907
17.416666560000003,0.04644213446697382,-3.333921680392926e-18,0.887007476437713,-0.4594136098220768
17.449999893333338,0.04480966874280446,-2.087089182034596e-18,0.8788359612246632,-0.47501520696234806
17.48333322666667,0.042928947184930975,-2.0057740190981832e-18,0.8672648084054131,-0.49599279994281736
17.516666560000004,0.04031415524583992,2.656295322589486e-18,0.846202949226067,-0.5313335464733248
17.549999893333336,0.03514181518944376,-9.75781955236954e-19,0.7863163575347548,-0.6168238311693758
17.58333322666667,0.026621708334457924,-1.8431436932253575e-18,0.5863656796729868,-0.8096089020922331
17.616666560000006,0.02144755973616891,0.0,-0.12768871610492874,-0.9915823687222551
17.649999893333337,0.03215800413571786,8.673617379884035e-19,-0.7613919090538258,-0.6474938019760329
17.683333226666672,0.047661756895990136,-3.903127820947816e-18,-0.9039510388373908,-0.4249716182457244
17.716666560000004,0.057784028159713584,1.5178830414797062e-18,-0.937804433847086,-0.3423212671546777
17.74999989333334,0.06161851259101561,3.63207727782644e-18,-0.9471320320637953,-0.3148715178366838
17.78333322666667,0.06085485461010594,7.860465750519907e-19,-0.9473343346312734,-0.31441110842192854
17.816666560000005,0.05768222303171073,1.2468324983583301e-18,-0.9422123268117909,-0.33001316996451985
17.849999893333337,0.05505707896043859,-1.6263032587282567e-19,-0.9358079555356291,-0.3481841300412325
17.88333322666667,0.05440765047956138,2.3276465390548173e-18,-0.9305016336003835,-0.36222440204424616
17.916666560000003,0.054799685703911236,2.8189256484623115e-18,-0.92394280050034,-0.37858512365165836
17.949999893333338,0.05600579243334953,9.75781955236954e-19,-0.9167722494207738,-0.39546427639660076
17.98333322666667,0.05820075868273409,-1.8431436932253575e-18,-0.9096194991461654,-0.4113454004384073
18.016666560000004,0.061129353619706735,-1.0842021724855044e-18,-0.9044684216344905,-0.422137508866543
18.04999989333334,0.064417393798185,2.6020852139652106e-18,-0.9009911384289467,-0.4290283998160962
18.08333322666667,0.06802003440584577,5.421010862427522e-19,-0.8987602091792197,-0.4331320368150489
18.116666560000006,0.07155874526162455,1.5178830414797062e-18,-0.8968640887144318,-0.4364792690964986
18.149999893333337,0.07436931677356577,7.697835424647081e-18,-0.8936286533605312,-0.4426025695990442
18.183333226666672,0.07611469752973819,-8.294146619514109e-18,-0.8870821010690471,-0.45529320089683023
18.216666560000004,0.07715858827185684,-1.6263032587282567e-19,-0.877352277603479,-0.47360271667282705
18.24999989333334,0.07740829669925342,1.951563910473908e-18,-0.8638475663436892,-0.4977703664584765
18.28333322666667,0.07683250753637336,-7.589415207398531e-18,-0.845354136543026,-0.5286522009934964
18.316666560000005,0.07609456977330499,4.391018798566293e-18,-0.8240518861278614,-0.5613805353057139
18.349999893333337,0.07567516325002135,1.0842021724855044e-19,-0.8037832200077089,-0.5900896583580516
18.38333322666667,0.07584968865067633,3.686287386450715e-18,-0.7874989730867046,-0.6116307645295331
18.416666560000003,0.07641611071807405,-2.710505431213761e-19,-0.7763979331211822,-0.6255931804838343
18.449999893333338,0.07702661101489171,-4.662069341687669e-18,-0.7701518418976475,-0.6331927365480605
18.48333322666667,0.0777550926211635,-2.5478751053409354e-18,-0.7707882829759602,-0.6323286869962844
18.516666560000004,0.0782155447760377,-5.1402194404127216e-18,-0.7743900176065843,-0.6278554206078513
18.54999989333334,0.07849588328899741,5.421010862427522e-18,-0.7814133761900482,-0.6190569697676866
18.58333322666667,0.07876774111834552,-2.710505431213761e-18,-0.792920557119619,-0.6042124072345968
18.616666560000006,0.07881701366811396,2.3852447794681098e-18,-0.8053817148019363,-0.5874931249122266
18.649999893333337,0.07859989894464485,-5.204170427930421e-18,-0.8164358954266587,-0.5720616090464047
18.683333226666672,0.07840401651463158,5.204170427930421e-18,-0.8257883189959966,-0.5585037711637582
18.716666560000004,0.07850473456523814,-7.237049501340742e-18,-0.8349382500778004,-0.5447156370142701
18.74999989333334,0.07929717951085968,4.081004739871219e-18,-0.8457447158404744,-0.5276626128024781
18.78333322666667,0.08079102929375893,3.06287113727155e-18,-0.8590598427053244,-0.5054591934437027
18.816666560000005,0.08309107098622222,2.168404344971009e-18,-0.8761540946271877,-0.4748156235744309
18.849999893333337,0.08518231030906555,-2.371692252312041e-18,-0.892918483451069,-0.44208659323921273
18.88333322666667,0.08664188648318764,-5.321060974651515e-18,-0.9087652221949766,-0.4082143486399632
18.916666560000003,0.08789567861691938,-3.842141448745506e-18,-0.9246131673883108,-0.370627630341596
18.949999893333338,0.08906011370506162,4.472333961502706e-18,-0.9400918090272102,-0.3290831000625663
18.983333226666673,0.08986464016836426,-4.404571325722362e-18,-0.9539489566993036,-0.2861917791616676
19.016666560000004,0.09041446792052746,4.323256162785949e-18,-0.9659305763067351,-0.24249401177428484
19.04999989333334,0.0908376731001717,-3.4762232155316486e-18,-0.9760599863651719,-0.197624442219496
19.08333322666667,0.09126840490881788,5.861467994999758e-19,-0.9840665599359619,-0.15258795457441057
19.116666560000006,0.09141643241896691,-4.472333961502706e-19,-0.9899048480555269,-0.10831171534027476
19.149999893333337,0.09143692491257746,4.2266944067989587e-19,-0.9938034775422087,-0.06319760112175543
19.183333226666672,0.09179425154740078,-9.33430307874239e-19,-0.9957093999911764,-0.011687863451639618
19.216666560000004,0.09260211755904825,5.082197683525802e-20,-0.9946337230476366,0.04613680526409931
19.24999989333334,0.09393654848468791,7.047314121155779e-19,-0.9894285151996701,0.11048591841750709
19.28333322666667,0.09615553650340902,-8.673617379884035e-19,-0.9783551265689965,0.18323580194903102
19.316666560000005,0.09982449813274304,9.75781955236954e-19,-0.9583593106395636,0.2675490633192469
19.349999893333337,0.10489736815360116,-2.3852447794681098e-18,-0.9258474482700875,0.3630468904786479
19.38333322666667,0.11145559000013984,3.903127820947816e-18,-0.8822316017851163,0.4574331123447328
19.416666560000003,0.11914954695787777,4.336808689942018e-19,-0.8336330191610394,0.5393137999571149
19.449999893333338,0.12722420577507376,3.903127820947816e-18,-0.7861587044990872,0.6047879734297125
19.483333226666673,0.13482549038485866,8.673617379884035e-19,-0.744115507075544,0.6543043628711248
19.516666560000004,0.14109444593293752,6.5052130349130266e-18,-0.7110823825920484,0.6888063606661116
19.54999989333334,0.14535341757167053,-3.469446951953614e-18,-0.6870625107581807,0.7119111533828504
19.58333322666667,0.14730842018655954,9.107298248878237e-18,-0.6699976335455987,0.727601127256849
19.616666560000006,0.1471125303451272,-2.439454888092385e-18,-0.6578450646224133,0.7386459059436984
19.649999893333337,0.14540409346013042,8.856576496490964e-18,-0.6479743781457067,0.7476542348383525
19.683333226666672,0.14278516038609343,-3.469446951953614e-18,-0.6396658914316734,0.7552747482290404
19.716666560000004,0.14011884353735418,-7.914675859144182e-18,-0.6359536002769466,0.7589003412705412
19.74999989333334,0.13770464547756506,6.5052130349130266e-18,-0.6358531517754087,0.7594262307763522
19.78333322666667,0.1350629559156666,5.5294310796760726e-18,-0.6363883197725874,0.7594523713810799
19.816666560000005,0.13156902763386374,-6.505213034913027e-19,-0.6369078852916193,0.7596301314592762
19.849999893333337,0.12611041079733007,6.505213034913027e-19,-0.6375900323162369,0.7599836280996509
19.88333322666667,0.11597011998194458,1.3877787807814457e-17,-0.6412616668222365,0.7585080130992293
19.916666560000003,0.09861625130257604,-7.806255641895632e-18,-0.6488272438988258,0.754518417637158
19.949999893333338,0.0741849799748187,-3.469446951953614e-18,-0.6616427231429655,0.7461403994276794
19.983333226666673,0.046074381527433206,0.0,-0.7063499168944983,0.7063617672765139
20.016666560000004,0.019644291702497336,3.469446951953614e-18,-0.9022134166105209,0.43084225963974115
