16.666560      24.200979      24.489075       9.893459       0.407508       0.577811
16.666560      24.115530      25.544460      10.151591       0.407508       0.577811
16.666560      24.027454      26.477636      10.376764       0.407508       0.577811
16.667328      23.919504      27.266123      10.583250       0.407508       0.577811
16.666560      23.769398      27.908865      10.724799       0.407508       0.577811
16.666560      23.577536      28.402534      10.836198       0.407508       0.577811
16.666560      23.343464      28.740067      10.880968       0.407508       0.577811
16.666560      23.054649      28.967173      10.897267       0.407508       0.577811
16.666560      22.712383      29.072250      10.866768       0.407508       0.577811
16.666560      22.314293      29.078766      10.801588       0.407508       0.577811
16.714972      21.888611      29.009073      10.719242       0.407508       0.577811
16.666560      21.443310      28.857571      10.585352       0.407508       0.577811
16.666560      20.988928      28.663181      10.474376       0.407508       0.577811
16.666560      20.528608      28.443880      10.389150       0.407508       0.577811
16.666560      20.044537      28.207897      10.325613       0.433339       0.649554
16.666560      19.552015      27.967625      10.279860       0.432191       0.649190
16.666560      19.036348      27.720196      10.231750       0.432191       0.649190
16.666560      18.521955      27.481153      10.202887       0.429313       0.650872
16.666560      18.006044      27.243097      10.166445       0.426045       0.651869
16.666560      17.503309      27.027405      10.151771       0.424587       0.651226
16.666560      17.013546      26.816597      10.138187       0.423207       0.649141
16.666560      16.524746      26.625967      10.136973       0.422209       0.646281
16.666560      16.044395      26.439226      10.134644       0.421605       0.644431
16.666560      15.560418      26.256729      10.125809       0.420789       0.640773
16.666560      15.077018      26.078182      10.141941       0.406663       0.562707
16.666560      14.592529      25.890383      10.158064       0.412288       0.561533
16.666560      14.123302      25.698080      10.202963       0.414497       0.560284
16.666560      13.669275      25.493059      10.266815       0.416418       0.558452
16.666560      13.242731      25.283220      10.353664       0.417829       0.556952
16.666560      12.845989      25.084005      10.494473       0.419023       0.555626
16.666816      12.445392      24.890610      10.676243       0.419896       0.552999
16.666560      12.044412      24.710741      10.906894       0.420017       0.551264
16.666560      11.642809      24.533796      11.132753       0.420523       0.549408
16.666560      11.281465      24.381840      11.365282       0.420523       0.549408
16.666560      10.978431      24.253706      11.563287       0.420523       0.549408
16.666560      10.733207      24.176273      11.749784       0.420523       0.549408
16.666560      10.549974      24.137236      11.903043       0.420523       0.549408
16.666560      10.417457      24.129303      11.998937       0.419762       0.548157
16.666560      10.334974      24.156998      12.072470       0.418898       0.546972
16.666560      10.268436      24.203392      12.112386       0.418898       0.546972
16.666560      10.225199      24.278048      12.171074       0.418932       0.546489
16.666560      10.191463      24.377556      12.222567       0.418932       0.546489
16.666560      10.172318      24.501860      12.272216       0.418932       0.546489
16.666560      10.167498      24.666508      12.334273       0.418932       0.546489
16.666560      10.172114      24.909443      12.395932       0.418932       0.546489
16.666560      10.189945      25.299519      12.462715       0.426866       0.491318
16.666560      10.220977      25.926094      12.474869       0.426866       0.491318
16.666560      10.262652      26.906950      12.444299       0.426866       0.491318
16.666560      10.337474      28.331972      12.367090       0.426866       0.491318
16.666560      10.434873      30.187695      12.311176       0.426866       0.491318
16.666560      10.540496      32.391415      12.295742       0.426866       0.491318
16.666560      10.638408      34.795799      12.260577       0.306896       0.402970
16.670146      10.730741      37.366695      12.235882       0.320836       0.466339
16.666560      10.808085      39.977592      12.210631       0.331515       0.471851
16.666560      10.876481      42.603012      12.232141       0.363273       0.424622
16.666560      10.934432      45.201591      12.296502       0.378355       0.471243
16.666560      11.003965      47.707268      12.399686       0.387765       0.478296
16.666560      11.075572      50.072811      12.525989       0.426722       0.461958
16.666560      11.168226      52.256355      12.652465       0.432019       0.466829
16.666560      11.241486      54.219978      12.782046       0.436446       0.470635
16.666560      11.295278      55.946014      12.870872       0.075815       0.377605
16.666560      11.287069      57.448376      12.942226       0.075815       0.377605
16.666560      11.248058      58.710171      12.967274       0.075815       0.377605
16.666560      11.160222      59.759636      12.956439       0.075815       0.377605
16.666560      11.070309      60.603390      12.912789       0.075815       0.377605
16.666560      10.998454      61.266163      12.814514       0.079842       0.376348
16.667072      10.960771      61.805050      12.680031       0.251316       0.340674
16.666560      10.930480      62.257393      12.462217       0.281954       0.337900
16.666560      10.914238      62.630798      12.209081       0.272116       0.338702
16.666560      10.869537      62.953804      11.914801       0.272833       0.338739
16.666560      10.811948      63.205349      11.615829       0.272833       0.338739
16.666560      10.721336      63.411758      11.328953       0.408002       0.473172
16.666560      10.616650      63.555927      11.047953       0.409642       0.475896
16.667072      10.486773      63.669468      10.801669       0.409505       0.477558
16.666560      10.361559      63.739639      10.593728       0.410115       0.478391
16.666560      10.233876      63.781445      10.416906       0.411381       0.477685
16.666560      10.114087      63.797436      10.271599       0.410992       0.478294
16.666560      10.019540      63.788975      10.136801       0.411103       0.478754
16.666560       9.944263      63.769501      10.028738       0.411314       0.478420
16.666560       9.895756      63.743919       9.943331       0.410936       0.478593
16.666560       9.857339      63.724525       9.891593       0.410568       0.479097
16.666560       9.846784      63.705891       9.843019       0.410478       0.479099
16.666560       9.849735      63.685898       9.844893       0.410620       0.478808
16.666560       9.862911      63.680511       9.856565       0.410639       0.478640
16.666560       9.885861      63.685387       9.897219       0.410936       0.478337
16.666560       9.916178      63.694054       9.943619       0.410845       0.478501
16.666560       9.930633      63.699528      10.003336       0.411144       0.478458
16.666560       9.920535      63.697392      10.058957       0.411367       0.477950
16.666560       9.888745      63.684479      10.116233       0.411367       0.477950
16.666560       9.829045      63.661823      10.176093       0.459292       0.467319
16.678855       9.764927      63.621868      10.248623       0.463986       0.470775
16.666560       9.690189      63.579262      10.313135       0.464837       0.471622
16.666560       9.623981      63.522640      10.350261       0.465950       0.473279
16.666560       9.565068      63.464466      10.383519       0.466246       0.473272
16.666560       9.511592      63.409828      10.414844       0.466355       0.473129
16.666560       9.460694      63.349171      10.410746       0.466751       0.474132
16.679367       9.416453      63.290916      10.405658       0.466839       0.474136
16.666560       9.375807      63.228268      10.384512       0.466969       0.474382
16.667328       9.330271      63.170113      10.352389       0.467056       0.474812
16.666560       9.291996      63.115913      10.336582       0.467032       0.475275
16.667072       9.237791      63.067165      10.327506       0.466931       0.475143
16.666560       9.177865      63.016495      10.314767       0.466924       0.475180
16.666560       9.105443      62.968647      10.308108       0.467767       0.474365
16.666560       9.013666      62.934078      10.315871       0.468202       0.474147
16.666560       8.921311      62.908653      10.326859       0.468798       0.473633
16.666560       8.837662      62.899303      10.326528       0.469255       0.473006
16.666560       8.751484      62.913113      10.350277       0.469481       0.472675
16.666560       8.692661      62.940758      10.357797       0.469701       0.472396
16.666560       8.638682      62.991745      10.388325       0.470007       0.471740
16.666560       8.599761      63.052055      10.411067       0.470100       0.471152
16.666560       8.563729      63.128464      10.447617       0.470359       0.470434
16.666560       8.536881      63.221760      10.495027       0.470633       0.469928
16.666560       8.504670      63.332066      10.558515       0.470662       0.469241
16.666560       8.470591      63.457119      10.641194       0.471049       0.468855
16.666560       8.438567      63.587574      10.717501       0.471298       0.468418
16.666560       8.415352      63.713768      10.806360       0.471404       0.468190
16.666560       8.400553      63.831760      10.872455       0.471548       0.467921
16.666560       8.392070      63.934273      10.920516       0.097698       0.363247
16.666560       8.385822      63.996326      10.972049       0.097698       0.363247
16.669890       8.360288      64.032761      11.034421       0.428663       0.351953
16.666560       8.322758      64.018028      11.138728       0.435685       0.356289
16.666560       8.297871      63.960258      11.304432       0.435685       0.356289
16.666560       8.325860      63.856483      11.503362       0.435685       0.356289
16.666560       8.410210      63.728024      11.684043       0.437487       0.358682
16.666560       8.537974      63.594376      11.889151       0.437752       0.357032
16.666560       8.705144      63.472107      12.081232       0.437470       0.354972
16.666560       8.885354      63.379055      12.277611       0.438762       0.353373
16.666560       9.081762      63.337452      12.491506       0.439194       0.351879
16.666560       9.280808      63.363003      12.702505       0.440538       0.348792
16.666560       9.464442      63.465881      12.948737       0.441431       0.346498
16.666560       9.635354      63.641354      13.195904       0.441431       0.346498
16.666560       9.774626      63.905975      13.448270       0.442369       0.346114
16.666560       9.902465      64.254143      13.691105       0.442508       0.346159
16.666560      10.026763      64.683083      13.936876       0.442571       0.346243
16.666560      10.146662      65.175316      14.188593       0.442635       0.346820
16.670146      10.260027      65.712570      14.438785       0.442281       0.347331
16.673732      10.380953      66.276962      14.689073       0.441924       0.347627
16.666560      10.491364      66.847382      14.935080       0.281566       0.351096
16.666560      10.601658      67.424133      15.173608       0.281566       0.351096
16.666560      10.704992      67.977104      15.399138       0.281566       0.351096
16.666560      10.810724      68.506844      15.617208       0.281566       0.351096
16.666560      10.916599      69.009727      15.820610       0.281566       0.351096
16.666560      11.024295      69.472801      16.010071       0.281566       0.351096
16.666560      11.135136      69.906181      16.179310       0.281566       0.351096
16.666560      11.245236      70.297150      16.332668       0.281566       0.351096
16.666560      11.349659      70.657867      16.472612       0.281566       0.351096
16.666560      11.462604      70.984543      16.608809       0.281566       0.351096
16.666560      11.577384      71.286560      16.728935       0.281566       0.351096
16.666560      11.694537      71.558830      16.841734       0.281566       0.351096
16.666560      11.811188      71.810699      16.942575       0.281566       0.351096
16.666560      11.924765      72.043274      17.032320       0.281566       0.351096
16.666560      12.039443      72.266731      17.110209       0.281566       0.351096
16.666560      12.140050      72.478943      17.182112       0.281566       0.351096
16.666560      12.227519      72.687256      17.239864       0.281566       0.351096
16.666560      12.316442      72.883621      17.276899       0.281566       0.351096
16.666560      12.404306      73.074654      17.282894       0.281566       0.351096
16.666560      12.479380      73.252922      17.271275       0.281566       0.351096
16.666560      12.531753      73.426979      17.238359       0.281566       0.351096
16.666560      12.565681      73.588463      17.185293       0.281566       0.351096
16.666560      12.581590      73.745888      17.112032       0.281566       0.351096
16.666560      12.579332      73.892174      17.035532       0.281566       0.351096
16.666560      12.556499      74.034355      16.950724       0.151253       0.360597
16.666560      12.530386      74.165092      16.868454       0.151253       0.360597
16.666560      12.495632      74.290215      16.777153       0.151253       0.360597
16.666560      12.453372      74.398308      16.689249       0.151253       0.360597
16.666560      12.408108      74.494240      16.601542       0.151253       0.360597
16.666560      12.367329      74.573700      16.515333       0.151253       0.360597
16.666560      12.325290      74.640182      16.434265       0.151253       0.360597
16.668865      12.294120      74.689026      16.358879       0.151253       0.360597
16.666560      12.273746      74.726303      16.274622       0.151253       0.360597
16.666560      12.264017      74.743492      16.186907       0.151253       0.360597
16.666560      12.259711      74.750648      16.094612       0.151253       0.360597
16.666560      12.258059      74.735497      15.995476       0.151253       0.360597
16.666560      12.255998      74.712837      15.890833       0.461248       0.439712
16.666560      12.253973      74.675964      15.781713       0.455100       0.472999
16.666560      12.248792      74.634140      15.670160       0.432812       0.522470
16.666560      12.237319      74.580116      15.559071       0.428888       0.525260
16.666560      12.221250      74.523254      15.444344       0.418258       0.602250
16.666560      12.199075      74.451134      15.327540       0.418258       0.602250
16.666560      12.171421      74.377319      15.208441       0.417095       0.602967
16.675525      12.134660      74.293449      15.095332       0.416289       0.602910
16.666560      12.089139      74.207535      14.980639       0.415617       0.602585
16.674501      12.034035      74.111420      14.868943       0.414437       0.602625
16.666560      11.972244      74.012131      14.758268       0.414190       0.601139
16.666560      11.908882      73.907928      14.648667       0.413860       0.601340
16.671171      11.842944      73.805252      14.537223       0.414456       0.598170
16.666560      11.764668      73.700226      14.426520       0.414709       0.597026
16.666560      11.673240      73.600403      14.322947       0.414365       0.597490
16.666560      11.569339      73.501900      14.224566       0.413988       0.598184
16.666560      11.461190      73.409195      14.128576       0.413520       0.598641
16.666560      11.340822      73.324722      14.044678       0.413477       0.598683
16.666560      11.211078      73.254616      13.978307       0.413081       0.598734
16.666560      11.061464      73.189301      13.923169       0.412528       0.598745
16.666560      10.899742      73.126740      13.866351       0.412339       0.598604
16.666560      10.743310      73.066467      13.806058       0.411786       0.598243
16.666560      10.572579      73.009209      13.744298       0.411615       0.597855
16.666560      10.407294      72.959793      13.685693       0.411615       0.597855
16.666560      10.224261      72.916306      13.641224       0.434556       0.338556
16.666560      10.045510      72.876297      13.596142       0.433961       0.338511
16.666560       9.867297      72.840317      13.558408       0.407657       0.544921
16.666560       9.690118      72.805199      13.519320       0.406515       0.579799
16.666560       9.527408      72.774590      13.487273       0.408904       0.533153
16.666560       9.368209      72.743134      13.451435       0.408912       0.532853
16.666560       9.218671      72.715675      13.422277       0.409666       0.531364
16.666560       9.075382      72.682274      13.391673       0.409825       0.529185
16.666560       8.937984      72.646683      13.356191       0.409248       0.530123
16.666560       8.798251      72.605034      13.320548       0.408897       0.530372
16.666560       8.658088      72.558151      13.288316       0.410773       0.532042
16.666560       8.508943      72.500427      13.253046       0.410773       0.532042
16.666560       8.348153      72.428246      13.201276       0.410773       0.532042
16.666560       8.179410      72.344109      13.138763       0.410773       0.532042
16.666560       7.996729      72.252052      13.079473       0.410773       0.532042
16.666560       7.805871      72.151917      13.010227       0.410773       0.532042
16.666560       7.603080      72.046165      12.942629       0.410773       0.532042
16.666560       7.391814      71.932297      12.871596       0.410773       0.532042
16.669121       7.172037      71.818886      12.808416       0.410773       0.532042
16.666560       6.951584      71.710854      12.759253       0.410773       0.532042
16.666560       6.724718      71.608177      12.720382       0.410773       0.532042
16.666560       6.507731      71.514343      12.699900       0.410773       0.532042
16.666560       6.303889      71.431458      12.687077       0.479476       0.608241
16.666560       6.109640      71.353325      12.683708       0.478836       0.608745
16.666560       5.934577      71.288162      12.699837       0.480080       0.607825
16.666560       5.776822      71.233803      12.725941       0.480080       0.607825
16.666560       5.641677      71.191109      12.752461       0.480080       0.607825
16.666560       5.522886      71.156128      12.775822       0.480080       0.607825
16.666560       5.425700      71.131027      12.801463       0.480080       0.607825
16.666560       5.336229      71.114853      12.823356       0.480080       0.607825
16.667585       5.253617      71.107452      12.853353       0.480080       0.607825
16.666560       5.178954      71.105484      12.881635       0.480080       0.607825
16.666560       5.106164      71.106941      12.916996       0.480080       0.607825
16.669121       5.036196      71.110344      12.959393       0.480080       0.607825
16.666560       4.966515      71.116165      13.006949       0.480080       0.607825
16.666560       4.893367      71.124786      13.055198       0.480080       0.607825
16.666560       4.827080      71.130943      13.097356       0.410150       0.599903
16.666560       4.766421      71.134018      13.128130       0.396565       0.613453
16.666560       4.700596      71.133224      13.146247       0.393671       0.617184
16.666560       4.631006      71.127419      13.150448       0.390483       0.619963
16.666560       4.558115      71.115700      13.153704       0.389566       0.620796
16.666560       4.469680      71.089119      13.136824       0.389566       0.620796
16.666560       4.374045      71.047516      13.112000       0.389723       0.621095
16.666560       4.262019      70.984230      13.069814       0.389549       0.620941
16.666560       4.140763      70.894608      13.012413       0.389770       0.620524
16.666560       4.003573      70.770981      12.940546       0.389261       0.620679
16.666560       3.856973      70.604538      12.863650       0.388749       0.620589
16.666560       3.702587      70.374725      12.789290       0.388749       0.620589
16.668097       3.550926      70.072441      12.711796       0.387571       0.621262
16.666560       3.447839      69.680786      12.672464       0.387571       0.621262
16.666560       3.420664      69.204483      12.706879       0.387571       0.621262
16.668353       3.526020      68.656395      12.831375       0.387571       0.621262
16.666560       3.739214      68.054321      12.985810       0.387571       0.621262
16.666560       3.997478      67.368553      13.112864       0.387571       0.621262
16.666560       4.243833      66.552994      13.165207       0.387571       0.621262
16.666560       4.445638      65.567780      13.135742       0.387571       0.621262
16.666560       4.598610      64.406013      13.021256       0.387571       0.621262
16.666560       4.652271      63.012115      12.830229       0.369678       0.583840
16.666560       4.688787      61.436256      12.614097       0.369678       0.583840
16.666560       4.629196      59.660416      12.429224       0.369678       0.583840
16.666560       4.524364      57.690975      12.273478       0.369678       0.583840
16.666560       4.309652      55.515621      12.147424       0.369678       0.583840
16.666560       3.998554      53.160797      12.035559       0.369678       0.583840
16.666560       3.591820      50.563614      11.938039       0.369678       0.583840
16.666560       3.117769      47.769283      11.875187       0.369678       0.583840
16.666560       2.591946      44.816544      11.855200       0.369678       0.583840
16.666560       2.034657      41.705250      11.868163       0.369678       0.583840
16.708568       1.457603      38.440685      11.931738       0.369678       0.583840
16.666560       0.878839      35.133366      12.065316       0.369678       0.583840
16.666560       0.260168      31.721460      12.261315       0.369678       0.583840
16.666560      -0.303806      28.381931      12.488273       0.369678       0.583840
16.666560      -0.847072      24.998840      12.733422       0.369678       0.583840
16.666560      -1.359902      21.697475      13.037221       0.369678       0.583840
16.666560      -1.850294      18.511457      13.397096       0.369678       0.583840
16.666560      -2.298591      15.431057      13.811600       0.369678       0.583840
16.666560      -2.721830      12.437806      14.276726       0.369678       0.583840
16.666560      -3.031561       9.669890      14.754141       0.369678       0.583840
16.666560      -3.272911       7.115921      15.273400       0.369678       0.583840
16.666560      -3.471746       4.704728      15.844803       0.369678       0.583840
16.666560      -3.624538       2.482934      16.445456       0.369678       0.583840
16.666560      -3.742194       0.401245      17.081108       0.369678       0.583840
16.666560      -3.805576      -1.527671      17.750360       0.369678       0.583840
16.666560      -3.814173      -3.297326      18.404745       0.369678       0.583840
16.666560      -3.758891      -4.846656      19.005581       0.369678       0.583840
16.666560      -3.693628      -6.239303      19.573338       0.369678       0.583840
16.668865      -3.625032      -7.414268      20.092253       0.369678       0.583840
16.666560      -3.590463      -8.426650      20.568316       0.369678       0.583840
16.666560      -3.605552      -9.275830      20.992123       0.125750       0.399456
16.666560      -3.673721     -10.029593      21.399137       0.075266       0.403508
16.666560      -3.759350     -10.623579      21.783461       0.075120       0.402924
16.666560      -3.868958     -11.097400      22.173824       0.073018       0.401570
16.666560      -4.074582     -11.549733      22.616079       0.074313       0.401147
16.666560      -4.242034     -11.821747      23.028681       0.077007       0.400366
16.666560      -4.438774     -12.005523      23.459866       0.077007       0.400366
16.672964      -4.662377     -12.116967      23.913780       0.203741       0.392314
16.666560      -4.917971     -12.162718      24.357620       0.200654       0.392787
16.666560      -5.194058     -12.142022      24.767014       0.197432       0.393254
16.666560      -5.490877     -12.078134      25.138252       0.092456       0.399893
16.666560      -5.822601     -11.976181      25.481434       0.092456       0.399893
16.666560      -6.170618     -11.840775      25.786423       0.092456       0.399893
16.666560      -6.537868     -11.679904      26.043247       0.092456       0.399893
16.666560      -6.937489     -11.503932      26.259861       0.092456       0.399893
16.670658      -7.367910     -11.326913      26.467230       0.092456       0.399893
16.666560      -7.836387     -11.156953      26.667173       0.092456       0.399893
16.666560      -8.340765     -10.991530      26.830523       0.092456       0.399893
16.666560      -8.863423     -10.834333      26.985542       0.092456       0.399893
16.666560      -9.386401     -10.692616      27.132885       0.092456       0.399893
16.670658      -9.927216     -10.561958      27.291044       0.092456       0.399893
16.666560     -10.469459     -10.452897      27.444904       0.092456       0.399893
16.666560     -11.043396     -10.392043      27.594482       0.092456       0.399893
16.666560     -11.633511     -10.407312      27.751242       0.092456       0.399893
16.666560     -12.272860     -10.512815      27.936144       0.092456       0.399893
16.666560     -12.977099     -10.717307      28.134459       0.092456       0.399893
16.666560     -13.736805     -10.994615      28.350264       0.092456       0.399893
16.666560     -14.510927     -11.299786      28.557285       0.185538       0.437997
16.666560     -15.277133     -11.624796      28.759924       0.185538       0.437997
16.666560     -16.033703     -11.938040      28.940063       0.486565       0.464278
16.666560     -16.746658     -12.224111      29.057882       0.486565       0.464278
16.666560     -17.389250     -12.487724      29.128180       0.486565       0.464278
16.666560     -17.936646     -12.724201      29.169067       0.486565       0.464278
16.666560     -18.444109     -12.955872      29.193106       0.486565       0.464278
16.666560     -18.953461     -13.202907      29.224684       0.486565       0.464278
16.666560     -19.425457     -13.479576      29.244516       0.486565       0.464278
16.666560     -19.878452     -13.806825      29.292738       0.486565       0.464278
16.666560     -20.322889     -14.183722      29.368315       0.486565       0.464278
16.666560     -20.770132     -14.601665      29.477526       0.486565       0.464278
16.666560     -21.213028     -15.063668      29.619944       0.486565       0.464278
16.666560     -21.627253     -15.504373      29.742367       0.486565       0.464278
16.666560     -21.972754     -15.925365      29.844311       0.486565       0.464278
16.666560     -22.268854     -16.308491      29.916950       0.486565       0.464278
16.676806     -22.532400     -16.656528      29.963953       0.486565       0.464278
16.666560     -22.771124     -16.963572      29.986961       0.486565       0.464278
16.666560     -22.980509     -17.245543      29.981672       0.486565       0.464278
16.666560     -23.167883     -17.499979      29.942600       0.486565       0.464278
16.666560     -23.348341     -17.749084      29.884735       0.486565       0.464278
16.667072     -23.528542     -17.981016      29.803064       0.486565       0.464278
16.666560     -23.705280     -18.216724      29.715836       0.486565       0.464278
16.666560     -23.843283     -18.490311      29.632603       0.486565       0.464278
16.666560     -24.010668     -18.753759      29.541893       0.486565       0.464278
16.668609     -24.174776     -19.041601      29.445444       0.486565       0.464278
16.666560     -24.345806     -19.344273      29.392143       0.486565       0.464278
16.666560     -24.525867     -19.677137      29.361477       0.486565       0.464278
16.666560     -24.691574     -20.045416      29.358030       0.486565       0.464278
16.666560     -24.862680     -20.414392      29.362427       0.486565       0.464278
16.666560     -25.038572     -20.802315      29.381470       0.486565       0.464278
16.666560     -25.200951     -21.198795      29.414621       0.486565       0.464278
16.666560     -25.365007     -21.613544      29.457020       0.486565       0.464278
16.666560     -25.517920     -22.046564      29.503464       0.486565       0.464278
16.666560     -25.651308     -22.483068      29.532913       0.486565       0.464278
16.666560     -25.782061     -22.929951      29.540781       0.486565       0.464278
16.666560     -25.892614     -23.387712      29.558151       0.486565       0.464278
16.666560     -26.010166     -23.851368      29.550385       0.486565       0.464278
16.666560     -26.116858     -24.332163      29.558203       0.486565       0.464278
16.666560     -26.232128     -24.814148      29.536972       0.486565       0.464278
16.666560     -26.345577     -25.329939      29.542118       0.486565       0.464278
16.666560     -26.453724     -25.863701      29.520784       0.486565       0.464278
16.666560     -26.555241     -26.425610      29.517008       0.486565       0.464278
16.666560     -26.641876     -26.999605      29.524405       0.486565       0.464278
16.666560     -26.728189     -27.586952      29.531847       0.486565       0.464278
16.666560     -26.785257     -28.187546      29.533903       0.486565       0.464278
16.666560     -26.834751     -28.803123      29.542646       0.486565       0.464278
16.666560     -26.866858     -29.433979      29.552223       0.486565       0.464278
16.666560     -26.892229     -30.060364      29.570539       0.486565       0.464278
16.666560     -26.914770     -30.697855      29.574545       0.486565       0.464278
16.666560     -26.953352     -31.327810      29.604630       0.486565       0.464278
16.666560     -26.961878     -31.988157      29.615868       0.486565       0.464278
16.666560     -26.952261     -32.667202      29.637728       0.486565       0.464278
16.666560     -26.967775     -33.378609      29.641382       0.486565       0.464278
16.666560     -26.953262     -34.152424      29.652847       0.486565       0.464278
16.666560     -26.931410     -34.946571      29.689342       0.486565       0.464278
16.666560     -26.923815     -35.744595      29.775007       0.425389       0.613590
16.666560     -26.897095     -36.564739      29.823698       0.425389       0.613590
16.666560     -26.862633     -37.423939      29.858500       0.386789       0.626730
16.666560     -26.818949     -38.309021      29.892344       0.386789       0.626730
16.666560     -26.775034     -39.201851      29.950041       0.386789       0.626730
16.666560     -26.754587     -40.086311      29.985844       0.386789       0.626730
16.666560     -26.700672     -40.959202      30.019590       0.386789       0.626730
16.666560     -26.651476     -41.830357      30.029661       0.386789       0.626730
16.666560     -26.569744     -42.677906      30.055832       0.386789       0.626730
16.666560     -26.507769     -43.513454      30.066341       0.386789       0.626730
16.666560     -26.423798     -44.368351      30.065929       0.386789       0.626730
16.666560     -26.355982     -45.217690      30.056580       0.386789       0.626730
16.666560     -26.254013     -46.062721      30.090771       0.386789       0.626730
16.666560     -26.161993     -46.887661      30.121033       0.386789       0.626730
16.666560     -26.062462     -47.718079      30.159895       0.386789       0.626730
16.666560     -25.932594     -48.535885      30.194685       0.386789       0.626730
16.666560     -25.807432     -49.353260      30.245497       0.386789       0.626730
16.666560     -25.672939     -50.150558      30.304781       0.386789       0.626730
16.666560     -25.534380     -50.929199      30.363701       0.386789       0.626730
16.666560     -25.392933     -51.676071      30.413712       0.386789       0.626730
16.666560     -25.223900     -52.400555      30.450171       0.386789       0.626730
16.666560     -25.046349     -53.091656      30.489393       0.482727       0.618707
16.666560     -24.857449     -53.736034      30.515284       0.478714       0.614910
16.666560     -24.664278     -54.357197      30.531006       0.478714       0.614910
16.666560     -24.445566     -54.946869      30.527941       0.478714       0.614910
16.666560     -24.229721     -55.529072      30.532904       0.478714       0.614910
16.666560     -24.010664     -56.118999      30.543884       0.478714       0.614910
16.666560     -23.800438     -56.710613      30.571234       0.478714       0.614910
16.666560     -23.597662     -57.267170      30.610561       0.478714       0.614910
16.666560     -23.401289     -57.789295      30.669794       0.478714       0.614910
16.666560     -23.242311     -58.295681      30.734659       0.478714       0.614910
16.666560     -23.095314     -58.770298      30.802784       0.478714       0.614910
16.666560     -22.986404     -59.243484      30.869179       0.478714       0.614910
16.666560     -22.906357     -59.711426      30.945656       0.478714       0.614910
16.666560     -22.836088     -60.196735      31.002356       0.478714       0.614910
16.666560     -22.747808     -60.672562      31.063438       0.478714       0.614910
16.666560     -22.653021     -61.120903      31.120880       0.478714       0.614910
16.666560     -22.567616     -61.531662      31.214409       0.478714       0.614910
16.666560     -22.511702     -61.904610      31.324474       0.478714       0.614910
16.666560     -22.440594     -62.227100      31.416784       0.478714       0.614910
16.666560     -22.339464     -62.497803      31.480970       0.478714       0.614910
16.666560     -22.256433     -62.724930      31.562956       0.478714       0.614910
16.666560     -22.193872     -62.908001      31.638361       0.478714       0.614910
16.666560     -22.149946     -63.040421      31.718962       0.478714       0.614910
16.666560     -22.146236     -63.139690      31.826336       0.478714       0.614910
16.666560     -22.143749     -63.202557      31.932091       0.478714       0.614910
16.666560     -22.152685     -63.239620      32.019096       0.478714       0.614910
16.666560     -22.157839     -63.247074      32.114853       0.478714       0.614910
16.673988     -22.157274     -63.224705      32.207470       0.478714       0.614910
16.666560     -22.161221     -63.176380      32.313496       0.478714       0.614910
16.666560     -22.173397     -63.108086      32.417690       0.478714       0.614910
16.666560     -22.186073     -63.002232      32.535530       0.478714       0.614910
16.666560     -22.176617     -62.856281      32.626213       0.478714       0.614910
16.666560     -22.188204     -62.688152      32.728214       0.478714       0.614910
16.666560     -22.205341     -62.499523      32.836609       0.478714       0.614910
16.666560     -22.233929     -62.279160      32.959156       0.478714       0.614910
16.666560     -22.293673     -62.038261      33.078671       0.478714       0.614910
16.666560     -22.348389     -61.775440      33.188347       0.478714       0.614910
16.666560     -22.408834     -61.497173      33.280762       0.478714       0.614910
16.666560     -22.485828     -61.205353      33.371429       0.478714       0.614910
16.666560     -22.595684     -60.903023      33.440868       0.478714       0.614910
16.666560     -22.710966     -60.594509      33.506771       0.478714       0.614910
16.666560     -22.829506     -60.291107      33.548744       0.478714       0.614910
16.666560     -22.948383     -59.999851      33.584221       0.478714       0.614910
16.666560     -23.078283     -59.725113      33.599678       0.478714       0.614910
16.666560     -23.211508     -59.475670      33.624645       0.478714       0.614910
16.671683     -23.322783     -59.226311      33.621017       0.478714       0.614910
16.666560     -23.437542     -58.982342      33.619419       0.478714       0.614910
16.666560     -23.548347     -58.758152      33.617641       0.478714       0.614910
16.666560     -23.652245     -58.523361      33.617512       0.478714       0.614910
16.666560     -23.767904     -58.287663      33.615356       0.478714       0.614910
16.666560     -23.872435     -58.093952      33.605518       0.478714       0.614910
16.666560     -23.952700     -57.872604      33.541515       0.478714       0.614910
16.666560     -23.993586     -57.647652      33.448914       0.478714       0.614910
16.666560     -24.011049     -57.424782      33.332317       0.478714       0.614910
16.666560     -24.036695     -57.225067      33.221653       0.478714       0.614910
16.666560     -24.079218     -57.042267      33.118862       0.478714       0.614910
16.667072     -24.153570     -56.893719      33.042843       0.478714       0.614910
16.666560     -24.225876     -56.756580      32.950649       0.478714       0.614910
16.666560     -24.304329     -56.645641      32.882744       0.478714       0.614910
16.666560     -24.371645     -56.549885      32.797829       0.478714       0.614910
16.666560     -24.434296     -56.466801      32.722191       0.478714       0.614910
16.666560     -24.488539     -56.392086      32.634480       0.478714       0.614910
16.666560     -24.530483     -56.323009      32.552330       0.478714       0.614910
16.666560     -24.596661     -56.272861      32.482765       0.478714       0.614910
16.666560     -24.638176     -56.235447      32.414925       0.478714       0.614910
16.666560     -24.682373     -56.207325      32.344589       0.478714       0.614910
16.666560     -24.734144     -56.189480      32.289192       0.478714       0.614910
16.666560     -24.789074     -56.184273      32.216003       0.478714       0.614910
16.666560     -24.846201     -56.189476      32.151230       0.478714       0.614910
16.666560     -24.889200     -56.197170      32.079369       0.478714       0.614910
16.666560     -24.939924     -56.211731      32.025944       0.478714       0.614910
16.666560     -24.975939     -56.234417      31.954872       0.478714       0.614910
16.666560     -25.014622     -56.268085      31.877344       0.478714       0.614910
16.666560     -25.028122     -56.308773      31.794693       0.478714       0.614910
16.672451     -25.055244     -56.350056      31.720308       0.478714       0.614910
16.666560     -25.073334     -56.392387      31.657385       0.478714       0.614910
16.666560     -25.087784     -56.434856      31.597496       0.478714       0.614910
16.666560     -25.120766     -56.481857      31.549271       0.478714       0.614910
16.666560     -25.148273     -56.537407      31.509592       0.478714       0.614910
16.666560     -25.192444     -56.600769      31.461269       0.478714       0.614910
16.666560     -25.222538     -56.672794      31.423191       0.478714       0.614910
16.666560     -25.243019     -56.744171      31.389252       0.478714       0.614910
16.666560     -25.263569     -56.819607      31.361429       0.478714       0.614910
16.666560     -25.275129     -56.899387      31.327703       0.360975       0.594033
16.666560     -25.312275     -56.987762      31.324545       0.510340       0.421880
16.666560     -25.341913     -57.072659      31.293655       0.510340       0.421880
16.666560     -25.388924     -57.167946      31.267626       0.510340       0.421880
16.666560     -25.425362     -57.249161      31.236118       0.510340       0.421880
16.666560     -25.475847     -57.321552      31.201885       0.510340       0.421880
16.666560     -25.519812     -57.384182      31.157871       0.510340       0.421880
16.666560     -25.560114     -57.422192      31.105776       0.510340       0.421880
16.666560     -25.611551     -57.444778      31.064800       0.361255       0.436124
16.666560     -25.655184     -57.454639      31.021847       0.387805       0.426463
16.666560     -25.713230     -57.451210      30.968092       0.387805       0.426463
16.666560     -25.757818     -57.433403      30.918415       0.387805       0.426463
16.666560     -25.794880     -57.392071      30.868616       0.277009       0.418517
16.666560     -25.828976     -57.335510      30.823431       0.277009       0.418517
16.666560     -25.841820     -57.260090      30.771393       0.269627       0.418970
16.666560     -25.867836     -57.188541      30.726749       0.269627       0.418970
16.666560     -25.880259     -57.125172      30.672884       0.269627       0.418970
16.667072     -25.896250     -57.073067      30.620968       0.269627       0.418970
16.666560     -25.898460     -57.020473      30.564919       0.269627       0.418970
16.666560     -25.901649     -56.973663      30.520647       0.269627       0.418970
16.666560     -25.911152     -56.926594      30.474833       0.430262       0.262171
16.666560     -25.908079     -56.890228      30.432865       0.533378       0.204399
16.666560     -25.917030     -56.866531      30.387197       0.533378       0.204399
16.666560     -25.913706     -56.845726      30.354219       0.533378       0.204399
16.666560     -25.914972     -56.832863      30.318676       0.533378       0.204399
16.666560     -25.897665     -56.829971      30.290871       0.533378       0.204399
16.666560     -25.870811     -56.835575      30.264549       0.533378       0.204399
16.666560     -25.860903     -56.873543      30.261757       0.533378       0.204399
16.666560     -25.857096     -56.922440      30.257420       0.533378       0.204399
16.666560     -25.869467     -56.977844      30.266819       0.533378       0.204399
16.666560     -25.847776     -57.022350      30.261980       0.533378       0.204399
16.666560     -25.858328     -57.062038      30.267456       0.533378       0.204399
16.666560     -25.840969     -57.083199      30.259109       0.533378       0.204399
16.666560     -25.834480     -57.090851      30.252316       0.533378       0.204399
16.666560     -25.833551     -57.085384      30.241037       0.533378       0.204399
16.666560     -25.820803     -57.067291      30.227448       0.533378       0.204399
16.666560     -25.826557     -57.048214      30.205935       0.533378       0.204399
16.672195     -25.816917     -57.026821      30.180052       0.533378       0.204399
16.666560     -25.800188     -57.006165      30.146488       0.533378       0.204399
16.666560     -25.779621     -56.980972      30.116686       0.533378       0.204399
16.666560     -25.764576     -56.950169      30.083237       0.533378       0.204399
16.666560     -25.745180     -56.925003      30.051025       0.533378       0.204399
16.666560     -25.712547     -56.898762      30.006849       0.533378       0.204399
16.666560     -25.692568     -56.883499      29.969433       0.306099       0.377294
16.666560     -25.683170     -56.871407      29.937086       0.302138       0.386276
16.666560     -25.674316     -56.854355      29.906786       0.301143       0.388404
16.666560     -25.628529     -56.827576      29.849085       0.283217       0.440812
16.748015     -25.608070     -56.807495      29.800884       0.293226       0.410390
16.666560     -25.589626     -56.785904      29.747442       0.293315       0.408546
16.735464     -25.559444     -56.761406      29.696836       0.293126       0.409198
16.666560     -25.531393     -56.735096      29.684608       0.292981       0.409483
16.666560     -25.512562     -56.726566      29.694416       0.292348       0.410569
16.666560     -25.490618     -56.731812      29.659859       0.291953       0.412272
16.666560     -25.462751     -56.757835      29.585478       0.291299       0.414489
16.666560     -25.412333     -56.794479      29.499765       0.290934       0.415003
16.666560     -25.348145     -56.842754      29.419704       0.290645       0.415154
16.666560     -25.271582     -56.900398      29.330801       0.289617       0.417248
16.666560     -25.183470     -56.982925      29.258892       0.945241       0.616022
16.666560     -25.062811     -57.074829      29.158072       0.945241       0.616022
16.666560     -24.975256     -57.179207      29.077518       0.945241       0.616022
16.666560     -24.873501     -57.284016      28.986076       0.945241       0.616022
16.666560     -24.768721     -57.391743      28.896029       0.945241       0.616022
16.671171     -24.671772     -57.488113      28.800632       0.945241       0.616022
16.666560     -24.560146     -57.566868      28.692698       0.945241       0.616022
16.666560     -24.476751     -57.636200      28.578199       0.945241       0.616022
16.666560     -24.367548     -57.687790      28.451206       0.945241       0.616022
16.666560     -24.250103     -57.734665      28.317087       0.945241       0.616022
16.666560     -24.136627     -57.757847      28.197292       0.945241       0.616022
16.666560     -24.021917     -57.778690      28.060776       0.945241       0.616022
16.666560     -23.915548     -57.798031      27.923391       0.945241       0.616022
16.666560     -23.781530     -57.811733      27.770704       0.945241       0.616022
16.666560     -23.654148     -57.833920      27.628025       0.899676       0.572797
16.666560     -23.505970     -57.849461      27.472704       0.866579       0.565528
16.666560     -23.360367     -57.866119      27.315025       0.866579       0.565528
16.666560     -23.192299     -57.876572      27.157898       0.899486       0.573985
16.666560     -23.006115     -57.886971      27.012098       0.899486       0.573985
16.666560     -22.797066     -57.884624      26.877024       0.899486       0.573985
16.666560     -22.519951     -57.856281      26.758904       0.895216       0.570823
16.666560     -22.172300     -57.803699      26.632545       0.895216       0.570823
16.666560     -21.719931     -57.730099      26.513245       0.895216       0.570823
16.666560     -21.181664     -57.639294      26.391747       0.895216       0.570823
16.666560     -20.600573     -57.548920      26.301020       0.895216       0.570823
16.721120     -20.017206     -57.474606      26.207954       0.895216       0.570823
16.666560     -19.453854     -57.426453      26.088722       0.895216       0.570823
16.666560     -18.899540     -57.411438      25.952518       0.895216       0.570823
16.668353     -18.352242     -57.458931      25.793804       0.895216       0.570823
16.666560     -17.780886     -57.460320      25.569210       0.895216       0.570823
16.666560     -17.188147     -57.471054      25.325438       0.895216       0.570823
16.666560     -16.504204     -57.469036      25.003519       0.895216       0.570823
16.666560     -15.806606     -57.494301      24.641693       0.895216       0.570823
16.666560     -15.043884     -57.552711      24.227692       0.895216       0.570823
16.666560     -14.240128     -57.656013      23.782841       0.895216       0.570823
16.666560     -13.421010     -57.806633      23.316963       0.895216       0.570823
16.666560     -12.596626     -57.991043      22.854111       0.895216       0.570823
16.666560     -11.793323     -58.205437      22.431011       0.895216       0.570823
16.666560     -10.997117     -58.452484      22.020355       0.895216       0.570823
16.666560     -10.232767     -58.742489      21.607006       0.895216       0.570823
16.666560      -9.503221     -59.056816      21.173779       0.895216       0.570823
16.666560      -8.783894     -59.373955      20.727684       0.895216       0.570823
16.666560      -8.073460     -59.677864      20.286367       0.895216       0.570823
16.666560      -7.336593     -59.951431      19.855499       0.895216       0.570823
16.666560      -6.663420     -60.183838      19.472954       0.895216       0.570823
16.666560      -6.043588     -60.388451      19.084290       0.895216       0.570823
16.666560      -5.417131     -60.584824      18.674238       0.895216       0.570823
16.666560      -4.788168     -60.789955      18.230368       0.895216       0.570823
16.666560      -4.100735     -61.025261      17.718435       0.895216       0.570823
16.666560      -3.382393     -61.320065      17.159393       0.895216       0.570823
16.666560      -2.633862     -61.683929      16.556265       0.895216       0.570823
16.666560      -1.837482     -62.109810      15.898887       0.895216       0.570823
16.666560      -0.946708     -62.577457      15.186324       0.895216       0.570823
16.666560       0.135961     -63.074028      14.401553       0.895216       0.570823
16.666560       1.374163     -63.606659      13.576741       0.895216       0.570823
16.666560       2.661202     -64.187973      12.717950       0.895216       0.570823
16.666560       3.900142     -64.831284      11.844969       0.895216       0.570823
16.666560       5.035645     -65.529045      10.976666       0.895216       0.570823
16.666560       5.995072     -66.277481      10.138397       0.895216       0.570823
16.666560       6.767607     -67.015831       9.339371       0.895216       0.570823
16.666560       7.422471     -67.690430       8.578139       0.895216       0.570823
16.666560       7.971945     -68.307907       7.851271       0.895216       0.570823
16.666560       8.466404     -68.843025       7.165095       0.895216       0.570823
16.666560       8.875783     -69.297318       6.545485       0.895216       0.570823
16.666560       9.230723     -69.677460       5.989699       0.895216       0.570823
16.666560       9.498569     -69.983879       5.475991       0.895216       0.570823
16.666560       9.702737     -70.237511       5.009524       0.895216       0.570823
16.666560       9.869335     -70.451485       4.563630       0.895216       0.570823
16.666560      10.005515     -70.616539       4.193484       0.895216       0.570823
16.666560      10.133422     -70.733421       3.867581       0.537952       0.239975
16.666560      10.286453     -70.821144       3.569910       0.537952       0.239975
16.666560      10.466722     -70.909851       3.264159       0.353131       0.377178
16.666560      10.651479     -71.011734       2.976151       0.353131       0.377178
16.666560      10.829571     -71.127327       2.696203       0.353131       0.377178
16.666560      11.011683     -71.266350       2.424548       0.360310       0.341457
16.666560      11.176109     -71.451897       2.152864       0.360121       0.340912
16.666560      11.368139     -71.671944       1.883758       0.360121       0.340912
16.666560      11.541764     -71.922096       1.627569       0.350323       0.368711
16.666560      11.735308     -72.202087       1.378015       0.351311       0.366264
16.666560      11.930300     -72.507790       1.139086       0.351311       0.366264
16.666560      12.131020     -72.821259       0.932465       2.316809      -0.016061
16.666560      12.323883     -73.129990       0.747122       0.358598       0.445250
16.673988      12.503812     -73.419365       0.606979       0.358427       0.445209
16.666560      12.663943     -73.693497       0.487122       0.360897       0.448859
16.666560      12.824034     -73.972893       0.363263       0.363730       0.452933
16.666560      12.963945     -74.242722       0.238939       0.363730       0.452933
16.666560      13.081674     -74.490334       0.136887       0.378224       0.471725
16.675013      13.147545     -74.701927       0.063761       0.377077       0.477271
16.666560      13.206998     -74.877708      -0.001951       0.377077       0.477271
16.666560      13.224548     -75.036613      -0.060869       0.341850       0.333995
16.666560      13.237641     -75.173286      -0.106265       0.386436       0.499026
16.666560      13.214583     -75.280334      -0.121764       0.387350       0.500597
16.666560      13.211285     -75.355949      -0.116326       0.388865       0.502610
16.666560      13.212126     -75.416557      -0.114907       0.389058       0.502858
16.666560      13.218518     -75.459473      -0.103213       0.389058       0.502858
16.666560      13.227438     -75.491341      -0.091050       0.316560       0.352419
16.666560      13.234880     -75.496078      -0.053983       0.389430       0.513498
16.666560      13.246027     -75.497612      -0.025740       0.390704       0.515264
16.666560      13.263909     -75.504478      -0.003539       0.390704       0.515264
16.666560      13.267363     -75.523399       0.004979       0.378466       0.326678
16.666560      13.264922     -75.542084      -0.005907       0.378981       0.366370
16.666560      13.226902     -75.554741      -0.027443       0.378981       0.366370
16.666560      13.196194     -75.567451      -0.060356       0.378981       0.366370
16.666560      13.138105     -75.583908      -0.091095       0.378981       0.366370
16.666560      13.100039     -75.604614      -0.139732       0.383092       0.366613
16.666560      13.051296     -75.637756      -0.205961       0.383092       0.366613
16.666560      13.008452     -75.683609      -0.271883       0.383092       0.366613
16.666560      12.929978     -75.746223      -0.333028       0.383092       0.366613
16.666560      12.836094     -75.820374      -0.382021       0.383092       0.366613
16.666560      12.742068     -75.914871      -0.435273       0.383092       0.366613
16.666560      12.666176     -76.019234      -0.463784       0.383092       0.366613
16.666560      12.602810     -76.133743      -0.478192       0.383092       0.366613
16.666560      12.559859     -76.248894      -0.476488       0.383092       0.366613
16.672195      12.517287     -76.357666      -0.465278       0.383092       0.366613
16.666560      12.477401     -76.465149      -0.450773       0.383092       0.366613
16.666560      12.436899     -76.560425      -0.423854       0.383092       0.366613
16.666560      12.436226     -76.645256      -0.401933       0.383092       0.366613
16.666560      12.429604     -76.722374      -0.366190       0.383092       0.366613
16.666560      12.461110     -76.798172      -0.338570       0.383092       0.366613
16.666560      12.510653     -76.883362      -0.325504       1.037497       0.148484
16.687052      12.570333     -76.970695      -0.306092       0.416505       0.334094
16.666560      12.634197     -77.069252      -0.285701       0.293043       0.386165
16.666560      12.720077     -77.177490      -0.258291       0.258063       0.398600
16.666560      12.813967     -77.296616      -0.241053       1.199266       0.082515
16.666560      12.909262     -77.422722      -0.229717       1.199266       0.082515
16.666560      13.018762     -77.562233      -0.249733       1.199266       0.082515
16.666560      13.138249     -77.711296      -0.278527       1.199266       0.082515
16.666560      13.276829     -77.859871      -0.298218       1.199266       0.082515
16.666560      13.422861     -77.990723      -0.297773       1.199266       0.082515
16.666560      13.595014     -78.101677      -0.300959       1.199266       0.082515
16.666560      13.785600     -78.170219      -0.298307       1.199266       0.082515
16.666560      13.935266     -78.194008      -0.290450       1.199266       0.082515
16.666560      14.085023     -78.175865      -0.275503       1.199266       0.082515
16.666560      14.198735     -78.142899      -0.274625       1.199266       0.082515
16.672964      14.320619     -78.065117      -0.275079       1.199266       0.082515
16.666560      14.420509     -77.944016      -0.258442       1.199266       0.082515
16.666560      14.516977     -77.767448      -0.214306       1.199266       0.082515
16.666560      14.623419     -77.554741      -0.158146       1.199266       0.082515
16.666560      14.750148     -77.312950      -0.084471       1.199266       0.082515
16.666560      14.891170     -77.057014      -0.018097       1.199266       0.082515
16.666560      15.056759     -76.794296       0.056033       1.199266       0.082515
16.666560      15.235266     -76.508629       0.135885       1.199266       0.082515
16.666560      15.423554     -76.187431       0.231025       1.199266       0.082515
16.666560      15.604565     -75.831932       0.352015       1.199266       0.082515
16.666560      15.814092     -75.445396       0.493203       0.526019       0.460961
16.666560      16.012653     -75.046219       0.652433       0.520182       0.453264
16.666560      16.255405     -74.630791       0.813400       0.471376       0.464789
16.666560      16.510221     -74.195251       0.985032       0.409652       0.449793
16.666560      16.775887     -73.730965       1.187434       0.403064       0.443124
16.676550      17.034367     -73.251617       1.391553       0.358722       0.466916
16.666560      17.319183     -72.746613       1.612380       0.404082       0.291874
16.666560      17.575027     -72.245491       1.828924       0.328082       0.387384
16.666560      17.817299     -71.743065       2.007813       0.415092       0.282698
16.666560      18.068111     -71.228699       2.144089       0.319234       0.410540
16.666560      18.303633     -70.681541       2.270785       0.321299       0.404823
16.666560      18.542812     -70.088272       2.398262       0.304079       0.489230
16.666560      18.776043     -69.431953       2.543034       0.306533       0.492759
16.666560      18.950954     -68.702278       2.723116       0.308610       0.492450
16.666560      19.124361     -67.884735       2.936447       0.309713       0.490122
16.666560      19.209784     -66.952362       3.188245       0.370347       0.362680
16.666560      19.260069     -65.840073       3.540165       0.424692       0.401856
16.666560      19.203020     -64.484802       4.017767       0.424692       0.401856
16.666560      19.067307     -62.836811       4.580348       0.424692       0.401856
16.666560      18.946629     -60.941685       5.237583       0.424692       0.401856
16.666560      18.846788     -58.912518       5.935349       0.424692       0.401856
16.666560      18.784958     -56.871567       6.553866       0.424692       0.401856
16.666560      18.735670     -54.873535       7.053741       0.424692       0.401856
16.666560      18.639942     -52.896866       7.442624       0.424692       0.401856
16.666560      18.486443     -50.983299       7.739389       0.424692       0.401856
16.666560      18.255188     -49.085972       7.973544       0.280014       0.461471
16.666560      17.970219     -47.245384       8.231979       0.288868       0.458378
16.666560      17.602488     -45.506138       8.423816       0.297257       0.457676
16.666560      17.223074     -43.879383       8.500007       0.297257       0.457676
16.666560      16.802671     -42.333984       8.477654       0.335031       0.454278
16.673476      16.428434     -40.879219       8.384219       0.343742       0.452789
16.666560      16.100416     -39.475250       8.203686       0.343742       0.452789
16.666560      15.819185     -38.115810       7.965154       0.343742       0.452789
16.666560      15.636077     -36.780880       7.694613       0.343742       0.452789
16.666560      15.531220     -35.524250       7.413308       0.343742       0.452789
16.666560      15.474978     -34.308834       7.113456       0.343742       0.452789
16.671171      15.470828     -33.135830       6.866518       0.343742       0.452789
16.666560      15.480409     -32.037163       6.675341       0.343742       0.452789
16.666560      15.405015     -31.070185       6.519000       0.343742       0.452789
16.666560      15.100560     -30.245092       6.376728       0.343742       0.452789
16.666560      14.577553     -29.554832       6.227785       0.343742       0.452789
16.666560      13.998982     -29.041008       6.024793       0.343742       0.452789
16.678343      13.599369     -28.742764       5.791286       0.343742       0.452789
16.666560      13.317686     -28.564659       5.605348       0.343742       0.452789
16.666560      13.094909     -28.478012       5.459666       0.343742       0.452789
16.666560      12.905022     -28.428764       5.324784       0.572762       0.665819
16.666560      12.807224     -28.372486       5.240220       0.572762       0.665819
16.666560      12.772078     -28.332331       5.237551       0.572762       0.665819
16.666560      12.819027     -28.342482       5.303573       0.580782       0.658584
16.666560      12.905870     -28.359735       5.392898       0.455969       0.389605
16.666560      13.012122     -28.396152       5.457739       0.454287       0.392903
16.666560      13.124396     -28.449247       5.512186       0.455306       0.390805
16.666560      13.259647     -28.494917       5.552987       0.456411       0.389875
16.666560      13.381447     -28.527096       5.640082       0.494913       0.350287
16.666560      13.504845     -28.555975       5.722970       0.503941       0.345683
16.666560      13.613052     -28.593130       5.790303       0.505965       0.345919
16.666560      13.717791     -28.635036       5.822198       0.508738       0.347178
16.666560      13.819076     -28.672991       5.829337       0.510672       0.348424
16.666560      13.897982     -28.675303       5.850683       0.511269       0.348989
16.666560      13.968955     -28.661484       5.896930       0.512006       0.349369
16.666560      14.056079     -28.644360       5.921783       0.513689       0.349454
16.666560      14.177995     -28.631052       5.940942       0.514483       0.349559
16.675781      14.298979     -28.618719       5.952423       0.515684       0.349617
16.668865      14.425322     -28.600510       5.980451       0.516942       0.348848
16.666560      14.519456     -28.580530       5.999088       0.517690       0.348562
16.666560      14.599799     -28.569050       6.035563       0.518810       0.347848
16.668609      14.672292     -28.572929       6.067638       0.520138       0.347129
16.666560      14.728813     -28.585836       6.106390       0.520684       0.347609
16.666560      14.790878     -28.618923       6.128779       0.521677       0.348011
16.666560      14.824109     -28.673683       6.131735       0.522525       0.347680
16.666560      14.858006     -28.756531       6.096317       0.522717       0.347716
16.666560      14.876236     -28.873322       6.022768       0.523341       0.347821
16.666560      14.912337     -29.011179       5.930517       0.523908       0.348133
16.666560      14.957107     -29.164192       5.850403       0.524154       0.348433
16.666560      15.028367     -29.332050       5.784565       0.524535       0.348520
16.670146      15.151591     -29.520252       5.726484       0.525009       0.349172
16.666560      15.305705     -29.730669       5.655376       0.525121       0.349071
16.666560      15.528777     -29.976427       5.592593       0.524865       0.348410
16.666560      15.807798     -30.263487       5.540733       0.524354       0.347853
16.666560      16.140312     -30.577721       5.517888       0.524354       0.347853
16.666560      16.512775     -30.919138       5.490353       0.523711       0.347669
16.666560      16.880312     -31.276373       5.487917       0.523039       0.347689
16.666560      17.243856     -31.639301       5.488240       0.522703       0.347599
16.666560      17.566294     -32.007656       5.516563       0.522072       0.348281
16.666560      17.851755     -32.374996       5.570005       0.521583       0.348986
16.666560      18.067875     -32.753700       5.639358       0.521333       0.349248
16.666560      18.238316     -33.137039       5.705825       0.521085       0.349488
16.666560      18.341812     -33.529175       5.773211       0.518820       0.392777
16.666560      18.383997     -33.920666       5.819819       0.518549       0.393765
16.666560      18.415300     -34.295403       5.868773       0.515756       0.397063
16.666560      18.429741     -34.645992       5.915349       0.515197       0.397956
16.666560      18.460123     -34.972393       5.971150       0.515107       0.396338
16.666560      18.511560     -35.258606       6.022299       0.515232       0.395842
16.666560      18.600672     -35.496555       6.085212       0.529087       0.376862
16.666560      18.694008     -35.669533       6.150880       0.524693       0.379527
16.666560      18.781733     -35.764694       6.258271       0.521473       0.381870
16.671427      18.881948     -35.752365       6.429168       0.519864       0.384454
16.666560      18.963850     -35.629379       6.677653       0.519282       0.385810
16.666560      19.055506     -35.396103       6.975633       0.519282       0.385810
16.666560      19.095108     -35.092598       7.270425       0.519282       0.385810
16.666560      19.104652     -34.748825       7.524940       0.519282       0.385810
16.666560      19.076881     -34.410957       7.710353       0.519282       0.385810
16.666560      19.001930     -34.100521       7.819192       0.495530       0.782801
16.666560      18.906712     -33.830002       7.845233       0.491190       0.787758
16.666560      18.767372     -33.590809       7.799187       0.488183       0.786027
16.666560      18.610619     -33.374851       7.695561       0.376758       0.602934
16.666560      18.422642     -33.169685       7.540320       0.376758       0.602934
16.666560      18.228882     -32.960552       7.380797       0.482964       0.774420
16.666560      18.021305     -32.737976       7.219228       0.564312       0.513501
16.666560      17.794416     -32.503487       7.057868       0.564481       0.511787
16.666560      17.605772     -32.262215       6.899076       0.564720       0.509664
16.666560      17.419958     -32.013821       6.755845       0.390679       0.587809
16.666560      17.274940     -31.765501       6.645853       0.390679       0.587809
16.666560      17.138559     -31.517447       6.549426       0.391673       0.591172
16.666560      17.011639     -31.275450       6.465192       0.392014       0.590110
16.666560      16.895159     -31.033138       6.395340       0.392014       0.590110
16.666560      16.806082     -30.789074       6.352461       0.392107       0.589278
16.666560      16.749521     -30.538454       6.331286       0.373260       0.700253
16.666560      16.708048     -30.286476       6.316229       0.409143       0.572248
16.666560      16.703119     -30.037703       6.288831       0.410549       0.582585
16.666560      16.718695     -29.798630       6.234806       0.411916       0.584158
16.666560      16.738146     -29.560816       6.175718       0.412618       0.587065
16.666560      16.773140     -29.319126       6.105796       0.402632       0.622622
16.666560      16.803133     -29.064138       6.048894       0.403921       0.623414
16.666560      16.858948     -28.798380       6.027586       0.405369       0.623214
16.666560      16.890081     -28.521738       6.035243       0.406765       0.623753
16.666560      16.937654     -28.245749       6.055456       0.410662       0.621771
16.666560      16.979740     -27.979322       6.072692       0.411977       0.619515
16.666560      17.027081     -27.719486       6.081073       0.413077       0.619747
16.666560      17.072708     -27.471058       6.066814       0.415076       0.618313
16.666560      17.125982     -27.230095       6.030866       0.415076       0.618313
16.666560      17.200941     -27.002148       5.969057       0.489998       0.364911
16.671427      17.282482     -26.790222       5.891146       0.487541       0.365237
16.666560      17.364645     -26.589811       5.822800       0.487541       0.365237
16.666560      17.444899     -26.421856       5.729362       0.522532       0.621984
16.666560      17.501831     -26.275864       5.632163       0.531623       0.629424
16.666560      17.542536     -26.158283       5.530310       0.531916       0.629524
16.666560      17.538349     -26.063116       5.428510       0.537172       0.629224
16.668097      17.531162     -25.994724       5.329340       0.538270       0.629284
16.666560      17.469292     -25.942007       5.223979       0.538270       0.629284
16.666560      17.408617     -25.908726       5.108524       0.538270       0.629284
16.666560      17.319330     -25.881767       4.998446       0.538270       0.629284
16.666560      17.206587     -25.858707       4.887928       0.538270       0.629284
16.666560      17.086723     -25.830944       4.772044       0.538270       0.629284
16.666560      16.963013     -25.796900       4.631197       0.538270       0.629284
16.666560      16.851309     -25.749752       4.452012       0.538270       0.629284
16.666560      16.741768     -25.688471       4.227458       0.538270       0.629284
16.666560      16.663754     -25.592815       3.963710       0.537568       0.631375
16.666560      16.634840     -25.467588       3.636548       0.537568       0.631375
16.666560      16.644981     -25.282677       3.234792       0.537568       0.631375
16.666560      16.700396     -25.040915       2.755185       0.569161       0.686431
16.666560      16.759594     -24.694672       2.261841       0.569161       0.686431
16.666560      16.869375     -24.257078       1.796936       0.569161       0.686431
16.666560      16.999517     -23.708958       1.318667       0.564980       0.423803
16.666560      17.185163     -23.060368       0.833371       0.564980       0.423803
16.666560      17.375525     -22.301672       0.376475       0.474392       0.815247
16.666560      17.547541     -21.455042       0.032657       0.474392       0.815247
16.666560      17.678503     -20.536959      -0.182035       0.474392       0.815247
16.666560      17.763083     -19.584150      -0.294216       0.474392       0.815247
16.666560      17.831480     -18.619793      -0.347224       0.474392       0.815247
16.666560      17.900951     -17.678652      -0.351072       0.474392       0.815247
16.666560      18.002773     -16.767075      -0.285563       0.474392       0.815247
16.670402      18.141781     -15.926206      -0.173707       0.397031       0.532345
16.666560      18.289339     -15.152401      -0.009256       0.402652       0.532088
16.666560      18.435627     -14.453471       0.197328       0.410789       0.533489
16.666560      18.535015     -13.866607       0.415704       0.417895       0.534480
16.666560      18.620979     -13.356484       0.666401       0.420647       0.535273
16.666560      18.641190     -12.955128       0.898297       0.426931       0.536255
16.666560      18.641468     -12.654675       1.111366       0.459857       0.540721
16.666560      18.622490     -12.469262       1.276489       0.463878       0.540756
16.666560      18.602406     -12.381757       1.391719       0.396421       0.364766
16.666560      18.592270     -12.400890       1.466579       0.385762       0.367640
16.666560      18.585400     -12.520791       1.504564       0.380674       0.368853
16.666560      18.606485     -12.744722       1.526055       0.343062       0.378200
16.666560      18.651619     -13.086123       1.514099       0.336428       0.379557
16.666560      18.734543     -13.565209       1.468801       0.336428       0.379557
16.666560      18.851267     -14.203061       1.363444       0.336428       0.379557
16.666560      18.991459     -14.992619       1.232687       0.262288       0.396620
16.666560      19.175919     -15.954311       1.070638       0.462896       0.620885
16.666560      19.379656     -17.089865       0.888831       0.251493       0.406714
16.666560      19.621958     -18.414352       0.692278       0.247247       0.406891
16.666560      19.863615     -19.899660       0.483672       0.250619       0.407968
16.666560      20.128521     -21.525995       0.280665       0.255346       0.408687
16.666560      20.387621     -23.248480       0.114951       0.257252       0.408597
16.666560      20.652309     -25.074516      -0.036976       0.256408       0.408298
16.666560      20.920029     -26.991421      -0.179268       0.256280       0.407910
16.666560      21.150642     -28.983295      -0.331237       0.256280       0.407910
16.666560      21.372513     -31.048250      -0.480906       0.256280       0.407910
16.666560      21.566961     -33.155548      -0.646881       0.256280       0.407910
16.672451      21.750582     -35.309044      -0.787819       0.256280       0.407910
16.666560      21.902441     -37.457790      -0.943219       0.256280       0.407910
16.666560      22.015724     -39.581562      -1.081432       0.256280       0.407910
16.666560      22.108406     -41.672882      -1.269839       0.256280       0.407910
16.666560      22.154608     -43.687042      -1.452262       0.256280       0.407910
16.666560      22.187664     -45.624531      -1.663743       0.552952       0.593415
16.666560      22.164164     -47.460396      -1.870609       0.557770       0.592323
16.666560      22.120195     -49.192513      -2.093535       0.559254       0.592020
16.666560      22.032629     -50.806362      -2.313602       0.560333       0.591044
16.666560      21.898201     -52.277699      -2.526869       0.559851       0.589988
16.666560      21.747913     -53.617596      -2.731056       0.558916       0.589550
16.666560      21.583735     -54.823303      -2.913723       0.557985       0.589242
16.666560      21.408295     -55.925228      -3.108996       0.556035       0.588419
16.666560      21.191673     -56.944469      -3.323959       0.554841       0.588089
16.666560      20.955008     -57.890518      -3.545561       0.553244       0.587641
16.666560      20.672478     -58.788319      -3.775752       0.552267       0.587498
16.666560      20.367899     -59.650658      -4.018085       0.549965       0.587099
16.666560      20.058306     -60.499420      -4.286190       0.549302       0.586907
16.666560      19.743410     -61.385052      -4.585631       0.550270       0.586857
16.666560      19.457502     -62.293495      -4.888626       0.550270       0.586857
16.666560      19.170664     -63.236710      -5.186784       0.550270       0.586857
16.666560      18.905493     -64.193939      -5.445709       0.550270       0.586857
16.666560      18.656864     -65.146530      -5.678126       0.550270       0.586857
16.666560      18.429436     -66.088806      -5.880407       0.550270       0.586857
16.666560      18.222179     -67.020859      -6.070536       0.550270       0.586857
16.666560      18.030905     -67.902405      -6.203975       0.550270       0.586857
16.666560      17.856661     -68.733261      -6.279145       0.550270       0.586857
16.666560      17.689064     -69.507233      -6.282470       0.550270       0.586857
16.666560      17.541803     -70.217766      -6.228140       0.550270       0.586857
16.666560      17.410847     -70.872528      -6.127712       0.550270       0.586857
16.666560      17.278229     -71.494377      -6.020775       0.550270       0.586857
16.666560      17.158976     -72.095085      -5.967746       0.305119       0.425598
16.666560      17.013853     -72.671684      -5.943932       0.305119       0.425598
16.666560      16.903540     -73.196526      -5.946380       0.305119       0.425598
16.666560      16.804728     -73.688896      -5.975441       0.305398       0.421744
16.675525      16.734577     -74.133415      -6.016510       0.305398       0.421744
16.666560      16.683546     -74.533005      -6.060353       0.277157       0.419172
16.666560      16.650188     -74.880898      -6.083489       0.277157       0.419172
16.666560      16.608387     -75.190811      -6.092654       0.277157       0.419172
16.666560      16.566916     -75.456787      -6.081600       0.277157       0.419172
16.666560      16.514292     -75.689766      -6.049939       0.277157       0.419172
16.676037      16.470318     -75.887016      -5.993894       0.277157       0.419172
16.666560      16.426756     -76.067413      -5.948211       0.277157       0.419172
16.666560      16.397650     -76.243393      -5.916198       0.277157       0.419172
16.666560      16.379652     -76.403725      -5.877865       0.277157       0.419172
16.666560      16.367922     -76.558586      -5.848098       0.277157       0.419172
16.666560      16.371428     -76.705856      -5.826117       0.277157       0.419172
16.666560      16.376526     -76.840477      -5.799352       0.277157       0.419172
16.666560      16.383179     -76.965851      -5.760622       0.277157       0.419172
16.666560      16.389378     -77.074814      -5.705558       0.277157       0.419172
16.666560      16.392281     -77.175827      -5.637742       0.277157       0.419172
16.670914      16.390770     -77.259605      -5.554805       0.277157       0.419172
16.666560      16.369938     -77.332130      -5.476683       0.277157       0.419172
16.671427      16.338493     -77.390793      -5.408991       0.277157       0.419172
16.666560      16.287594     -77.445007      -5.362628       0.277157       0.419172
16.666560      16.240137     -77.478256      -5.322645       0.277157       0.419172
16.666560      16.178907     -77.491318      -5.280028       0.277157       0.419172
16.666560      16.114996     -77.481560      -5.239616       0.277157       0.419172
16.666560      16.046169     -77.460991      -5.206149       0.277157       0.419172
16.666560      15.982898     -77.429276      -5.173274       0.277157       0.419172
16.666560      15.928350     -77.391273      -5.136131       0.277157       0.419172
16.666560      15.883759     -77.334671      -5.096003       0.277157       0.419172
16.666560      15.840137     -77.276176      -5.065756       0.277157       0.419172
16.666560      15.810542     -77.210777      -5.037507       0.277157       0.419172
16.666560      15.781931     -77.155319      -5.006267       0.277157       0.419172
16.666560      15.765556     -77.098122      -4.974017       0.277157       0.419172
16.666560      15.765224     -77.050484      -4.958948       0.277157       0.419172
16.666560      15.760234     -77.003883      -4.925478       0.277157       0.419172
16.666560      15.758170     -76.963211      -4.891014       0.277157       0.419172
16.666560      15.764294     -76.922699      -4.842176       0.277157       0.419172
16.666560      15.761067     -76.885818      -4.796820       0.277157       0.419172
16.666560      15.762654     -76.850914      -4.758271       0.277157       0.419172
16.666560      15.747260     -76.820152      -4.726851       0.277157       0.419172
16.666560      15.727567     -76.786827      -4.696003       0.277157       0.419172
16.666560      15.692142     -76.743385      -4.657070       0.277157       0.419172
16.666560      15.673098     -76.707100      -4.629432       0.277157       0.419172
16.666560      15.649339     -76.678841      -4.618235       0.277157       0.419172
16.675781      15.623903     -76.652847      -4.619985       0.277157       0.419172
16.666560      15.591036     -76.640762      -4.639915       0.277157       0.419172
16.666560      15.557178     -76.629692      -4.653918       0.277157       0.419172
16.666560      15.517691     -76.629440      -4.684330       0.277157       0.419172
16.670658      15.476474     -76.625366      -4.706294       0.277157       0.419172
16.666560      15.429007     -76.634804      -4.746991       0.277157       0.419172
16.666560      15.374450     -76.644913      -4.783124       0.554501       0.617144
16.666560      15.312396     -76.660278      -4.812512       0.554101       0.617307
16.666560      15.251375     -76.671494      -4.845567       0.554655       0.617038
16.666560      15.169030     -76.684944      -4.880752       0.556320       0.616486
16.672451      15.103684     -76.695251      -4.917366       0.557984       0.616147
16.666560      15.019665     -76.702156      -4.952219       0.557984       0.616147
16.666560      14.955415     -76.706429      -4.990122       0.560550       0.614962
16.666560      14.897651     -76.704330      -5.025470       0.561453       0.614581
16.666560      14.846289     -76.687553      -5.062420       0.562210       0.614175
16.666560      14.783677     -76.671463      -5.110144       0.563903       0.613474
16.666560      14.728098     -76.651466      -5.157443       0.565243       0.612935
16.666560      14.660357     -76.632507      -5.212489       0.565974       0.612607
16.666560      14.599282     -76.600998      -5.261620       0.567206       0.612178
16.673988      14.555495     -76.578262      -5.332588       0.567806       0.611878
16.666560      14.506454     -76.538353      -5.383702       0.568086       0.611781
16.666560      14.466604     -76.503868      -5.430871       0.568036       0.611753
16.666560      14.445875     -76.462059      -5.471237       0.568036       0.611753
16.666560      14.429883     -76.435257      -5.506361       0.568036       0.611753
16.666560      14.432919     -76.402512      -5.520900       0.568036       0.611753
16.666560      14.398805     -76.376366      -5.511146       0.568036       0.611753
16.666560      14.402132     -76.371178      -5.519328       0.568036       0.611753
16.666560      14.394685     -76.382629      -5.541640       0.568036       0.611753
16.666560      14.400484     -76.398354      -5.561021       0.568036       0.611753
16.666560      14.407466     -76.422424      -5.594473       0.568036       0.611753
16.666560      14.414255     -76.441444      -5.616016       0.568036       0.611753
16.666560      14.423492     -76.467484      -5.647656       0.568036       0.611753
16.666560      14.428066     -76.481018      -5.664730       0.193243       0.398721
16.666560      14.435469     -76.494255      -5.684799       0.193194       0.398440
16.666560      14.432034     -76.498169      -5.706685       0.257839       0.379000
16.666560      14.412599     -76.493599      -5.724840       0.257839       0.379000
16.666560      14.395377     -76.475739      -5.739136       0.227603       0.358274
16.666560      14.369495     -76.452354      -5.745479       0.267013       0.375065
16.666560      14.364737     -76.421867      -5.750257       0.269533       0.375230
16.671939      14.348349     -76.391296      -5.751730       0.266172       0.375076
16.666560      14.345695     -76.368690      -5.763948       0.266894       0.375149
16.666560      14.342272     -76.346184      -5.774988       0.267717       0.375292
16.666560      14.342187     -76.321846      -5.779175       0.265692       0.375540
16.666560      14.335136     -76.305832      -5.790719       0.266127       0.375680
16.666560      14.338405     -76.290390      -5.793893       0.266355       0.375797
16.666560      14.349210     -76.281799      -5.799795       0.264669       0.375893
16.666560      14.352452     -76.274361      -5.803970       0.263360       0.376008
16.666560      14.360844     -76.276329      -5.812117       0.263360       0.376008
16.666560      14.366216     -76.275894      -5.815396       0.262210       0.376530
16.666560      14.373795     -76.279419      -5.822254       0.262210       0.376530
16.666560      14.389779     -76.278633      -5.825933       0.262210       0.376530
16.666560      14.379853     -76.274948      -5.820279       0.262210       0.376530
16.666560      14.397380     -76.260696      -5.809866       0.262210       0.376530
16.666560      14.388351     -76.245705      -5.795562       0.262210       0.376530
16.666560      14.397638     -76.227531      -5.783496       0.262210       0.376530
16.666560      14.401207     -76.213768      -5.776086       0.262210       0.376530
16.666560      14.405570     -76.196335      -5.765245       0.262210       0.376530
16.666560      14.403735     -76.181168      -5.762134       0.262210       0.376530
16.666560      14.399812     -76.161545      -5.749225       0.262210       0.376530
16.666560      14.398232     -76.145248      -5.743507       0.262210       0.376530
16.666560      14.394912     -76.129082      -5.731658       0.262210       0.376530
16.666560      14.397005     -76.117409      -5.724874       0.262210       0.376530
16.666560      14.399510     -76.099892      -5.710756       0.262210       0.376530
16.666560      14.388854     -76.080612      -5.692623       0.262210       0.376530
16.666560      14.387302     -76.060028      -5.681083       0.262210       0.376530
16.666560      14.370150     -76.037048      -5.663269       0.262210       0.376530
16.666560      14.373694     -76.010414      -5.650750       0.262210       0.376530
16.666560      14.358359     -75.987808      -5.639937       0.262210       0.376530
16.666560      14.355190     -75.969002      -5.629719       0.262210       0.376530
16.666560      14.344031     -75.955093      -5.629025       0.262210       0.376530
16.666560      14.331284     -75.945015      -5.627026       0.262210       0.376530
16.666560      14.325867     -75.940140      -5.640750       0.262210       0.376530
16.666560      14.319623     -75.932838      -5.655629       0.262210       0.376530
16.666560      14.321416     -75.940880      -5.698946       0.262210       0.376530
16.666560      14.356267     -75.966415      -5.767222       0.262210       0.376530
16.666560      14.398879     -76.012306      -5.864698       0.262210       0.376530
16.666560      14.461842     -76.084297      -5.993935       0.262210       0.376530
16.666560      14.525798     -76.175079      -6.161749       0.262210       0.376530
16.666560      14.595520     -76.261505      -6.350682       0.262210       0.376530
16.666560      14.639175     -76.306602      -6.493898       0.262210       0.376530
16.666560      14.706852     -76.296219      -6.582382       0.262210       0.376530
16.666560      14.759356     -76.213509      -6.613765       0.262210       0.376530
16.666560      14.798358     -76.034454      -6.607510       0.262210       0.376530
17.0172
