0.04,-0.9892706476721832,-0.07245772773105819,0.1268600147655322
0.24000000000000002,-0.9717725998902851,-0.21336271192632042,0.10066959452546875
0.44,-0.9700527191173243,-0.21756213853974712,0.10800202779160065
0.6400000000000001,-0.9934419450998965,-0.10681645362824684,0.040784150725727254
0.8400000000000001,-0.9864125508920404,0.16056195011021415,0.0347870610926413
1.04,-0.9635523954435031,0.26667986411361777,0.021180918569065135
1.2400000000000002,-0.8397996641793694,0.5382775992992557,0.07066647109378398
1.4400000000000002,-0.5786693060048029,0.8051163707010236,0.13011327340871776
1.6400000000000001,-0.36649613250271934,0.9194936178565891,0.14216916536840996
1.84,0.07474226095910746,0.9959270494400952,0.05042724085518512
2.04,0.509772396512893,0.8602118884529598,-0.012946455796636228
2.24,0.7728391659011316,0.6345770223146915,-0.005623735365685567
2.4400000000000004,0.9122540977919302,0.4096246832382521,0.0002827433350557572
2.64,0.9652589059330355,0.25351751599957517,0.06327806569708504
2.8400000000000003,0.9745310919904645,0.17415453248129883,0.1412775621253886
3.04,0.9783602555333392,0.09837441850999833,0.18202660293363562
3.24,0.9830101447193791,0.019164452326625055,0.18254801873974452
3.4400000000000004,0.9841654979118959,0.030972253978743904,0.17452504749549846
3.64,0.9827389237606388,0.06393396899015294,0.1735991225062719
3.8400000000000003,0.9767349799475927,0.13742208702069228,0.1646327699628871
4.04,0.9808347165055538,0.13637082844109477,0.13916269632254077
4.24,0.9818641088286234,0.11230334909528211,0.15274432747619773
4.44,0.9820417337968981,0.0877546857618619,0.167012419322693
4.640000000000001,0.976259890298123,0.10321880688715648,0.19042716324066972
4.840000000000001,0.9700889218384326,0.12433879981335551,0.20848824088500006
5.04,0.9676517385347765,0.14602903149768487,0.20573194907566722
5.24,0.9699303468769274,0.11572735236774048,0.2141081551953498
5.44,0.9765505242863477,0.08967853459581973,0.1957213170526042
5.640000000000001,0.9752257678595577,0.08573879790169878,0.20392047527677956
5.840000000000001,0.9783984881925819,0.10118333145905686,0.18027293678563303
6.04,0.9723304905921315,0.1336538934627062,0.19159867908502057
6.24,0.9733648443162931,0.13473520315384904,0.18549206150185799
6.44,0.9727891522204166,0.14819336755265433,0.17810107000152128
6.640000000000001,0.9732092449042727,0.14661837674347844,0.17710679612584865
6.840000000000001,0.9739015125139309,0.1489420991140658,0.1712661526238432
7.04,0.9746522358376858,0.14312580507837216,0.17195354924301037
7.24,0.9746333478783096,0.15030873446017703,0.16582256043282598
7.44,0.9738679521135032,0.15680807496521504,0.16429375968659138
7.640000000000001,0.9718736513395543,0.1655074503607081,0.16753772622015753
7.840000000000001,0.9700511752089365,0.17698563631294667,0.16636346358098775
8.04,0.968453982120933,0.17876883285448905,0.17360469150904595
8.24,0.9696019085032426,0.18091072482319392,0.16475268941906981
8.44,0.9702107381629969,0.18146498806236055,0.1605041484222154
8.639999999999999,0.9690077334475637,0.18643947330484684,0.16206275115715685
8.84,0.9697989341559312,0.1875523666574793,0.1559299107650543
9.04,0.9682003851444173,0.19580659020454563,0.15571703002135429
9.24,0.9657021310438345,0.20718332523685826,0.15650707281523946
9.44,0.9642705867987175,0.21009523198949592,0.16137604819221918
9.64,0.9653236428896135,0.20600782778688315,0.16034662256766077
9.84,0.969151363982993,0.1896699161281883,0.157387917597985
10.04,0.9733737704504815,0.16994633528004124,0.15382375019449143
10.24,0.9733709670522963,0.16680755438979067,0.15723930901073707
10.44,0.9696524779049785,0.1810038235940737,0.16435232866333607
10.64,0.9637581681869768,0.21038753955252495,0.16403437582994052
10.84,0.9576093015048233,0.2384999440256711,0.1615617602379867
11.04,0.954199978379221,0.25575315456258557,0.15521831461647842
11.24,0.9406900847408474,0.30201280150922,0.15456530074635377
11.44,0.9011796550892024,0.40707423489964734,0.14888182069739922
11.64,0.8205915690178237,0.5604342077541082,0.11199542685257909
11.84,0.7022619544357102,0.6998683174079208,0.1304319195624405
12.04,0.5479742611865541,0.828529290332092,0.11516694030341587
12.24,0.3409474632564893,0.9295201772127293,0.14052425930557885
12.44,0.200261681472242,0.9704072389601389,0.1349260890549719
12.64,0.03338345554719885,0.9900696808234316,0.1365561130448463
12.84,-0.20079905517528013,0.9656187487237662,0.1651065460660554
13.04,-0.4580491701511108,0.8750389657277342,0.1565176225925247
13.24,-0.6971616988844054,0.7006273070598267,0.15194387849039984
13.44,-0.872428592308944,0.4710575875728066,0.13028085243780824
13.64,-0.9609055227608119,0.23655800088569656,0.14387803357265372
13.84,-0.9895013245071421,0.042735113183237874,0.13806099702605162
14.04,-0.9796154119161582,-0.15631068987745156,0.12617691138386286
14.24,-0.9376684907716517,-0.32477827791020236,0.12368052236183363
14.44,-0.9166237629814415,-0.38162204658482085,0.11901886698400148
14.64,-0.8793877902264942,-0.4612446445822697,0.118027506305686
14.84,-0.7892817630397787,-0.5922683670997392,0.16202617031154862
15.04,-0.6871611696441863,-0.7111524452173417,0.14856556328648296
15.24,-0.6299156398036063,-0.7642145376760803,0.13850063947631597
15.44,-0.5838021067845331,-0.7973033655954189,0.15323982290566268
15.64,-0.5334273559836151,-0.8288011229290074,0.16894956205905334
15.84,-0.47300542257854217,-0.8667011232739805,0.15841411908954145
16.04,-0.36572607233193843,-0.9208200879306266,0.13540607696882304
16.24,-0.17513219679453496,-0.9750567959925633,0.13635599816156707
16.44,0.11700166900350584,-0.9865452776310228,0.11418854861290637
16.64,0.3210388256879306,-0.9400844113239902,0.11478402321987928
16.84,0.46287400012098545,-0.8804194716953605,0.10300103820671114
17.04,0.5310915117885275,-0.8431785840657271,0.08361627520460356
17.24,0.48315614309985966,-0.8731104986788312,0.06510144761578425
17.44,0.384398041636677,-0.9224697233805197,0.03588530384648984
17.64,0.2161123270653268,-0.9760595522340092,0.024560386461838963
17.84,-0.013636743958903297,-0.999272720432915,-0.03560996226901214
18.04,-0.3942003303164145,-0.9167261197877992,-0.06495629975017789
18.24,-0.7210401236962185,-0.6925678141869636,-0.02123588407468487
18.44,-0.8813349850792523,-0.4713582198031925,-0.032711965690240936
18.64,-0.9769532655056448,-0.2028121910238232,-0.06655473078582606
18.84,-0.9853762207461181,0.16511827042514915,-0.0420673312667284
19.04,-0.8973890831053033,0.4411291821040545,0.009893342187123134
19.240000000000002,-0.803362164003472,0.5946427513283704,0.03176840789659313
19.44,-0.7762942508509711,0.6289672644339825,0.04204065135273623
19.64,-0.6722439232528098,0.7378182263494619,0.06092924188109044
19.84,-0.4353168257819395,0.8946040350585672,0.10091026532551833
20.04,0.03953924362612893,0.9932481356561204,0.10906323500206128
20.240000000000002,0.534496968082578,0.8362621709577109,0.12238697861957532
20.44,0.5859186606817808,0.8096014529156286,-0.03528187214097202
20.64,0.645649246709777,0.7627849627105101,-0.036002095575444294
20.84,0.544026723932449,0.8344647598356381,-0.08776951771416783
21.04,0.19339638462193814,0.9666180658684279,-0.1680694890571847
21.240000000000002,-0.15252174001921248,0.968034346043679,-0.19911459941776963
21.44,-0.4338775918632268,0.8597817609832844,-0.2693056975993073
21.64,-0.5932177317920047,0.7154363056351848,-0.3691119278303372
21.84,-0.6705080003466237,0.6307311797051246,-0.39063691635450176
22.04,-0.6923908655723289,0.6030038290983212,-0.3962086210126734
22.240000000000002,-0.7570740403125907,0.5168245099436568,-0.39966401314888195
22.44,-0.8811525365416171,0.3716830169274036,-0.2922703239708364
22.64,-0.8878415793549501,0.3330454219811547,-0.3175186244394209
22.84,-0.8814289677673036,0.33933076477381485,-0.3285385926473228
23.04,-0.8118416951264307,0.5027889893382437,-0.29684388869314926
23.240000000000002,-0.5617505555167608,0.8047433867243822,-0.19189683400197738
23.44,-0.14226760296694885,0.9825269968062984,-0.12000262369146274
23.64,0.2563142253830987,0.9648362303381532,-0.058258617329321895
23.84,0.6082410297658519,0.7935622932409104,0.01737056290404375
24.04,0.8174491188668399,0.5744309942237568,0.042496716801814556
24.240000000000002,0.9122588114244657,0.3922448465794867,0.11801627561593428
24.44,0.9533311163269168,0.24998090908748402,0.16932019293241263
24.64,0.9521276368629961,0.14862275584712029,0.2671408609069263
24.84,0.9480533945494523,0.14270407699436977,0.2843067137660415
25.04,0.957034312403377,0.11251780104100066,0.2672546900084144
25.240000000000002,0.9592475540420559,0.07309032700678691,0.27295042436745603
25.44,0.9526770240115111,0.07294033177864868,0.2951037036714233
25.64,0.9489395307175847,0.12022096384671847,0.2916516533353721
25.84,0.9420732895902568,0.14398781582735234,0.3029280870666503
26.04,0.9352817167963628,0.18443575232238404,0.30204563147267094
26.240000000000002,0.9334725121104593,0.18790799870678365,0.3054826560644649
26.44,0.9363443748241117,0.18164240241974175,0.3004417570485631
26.64,0.9306018466061214,0.20768984305406407,0.3014052623718681
26.84,0.8946742112068079,0.33936903818537884,0.290493909957863
27.04,0.6454955950074273,0.7101501576552808,0.2811088586440971
