0.019999821,0.18109533315782694,0.0,-0.9723015315861235,0.14776404157891054
0.059999821,0.18057301568823184,-3.384331928078286e-23,-0.9714988624251043,0.15356870225402577
0.099999821,0.1802582795085222,1.3289011969833846e-22,-0.9707999142023517,0.15828606778025117
0.139999821,0.17999419846936227,1.435158362779503e-22,-0.9700141998820075,0.16332342313532552
0.179999821,0.1804788708237708,7.940933880509066e-23,-0.9685915161574316,0.17104926779739432
0.219999821,0.18129472584321768,-4.896909226313924e-22,-0.9659946222734567,0.18435458258528417
0.25999982099999996,0.1813521988040071,-3.7269449679189215e-18,-0.9613702848300792,0.2070713776326515
0.299999821,0.18054115068209473,-1.4108180769467626e-17,-0.9539228221149475,0.2396583867896962
0.33999982100000004,0.17994614536359435,5.908901840045999e-18,-0.9429402504153742,0.2801482980768855
0.37999982099999996,0.18022294671523248,1.951563910473908e-18,-0.928711236056287,0.32406037940495314
0.419999821,0.17868375525135516,3.577867169202165e-18,-0.910102340105068,0.3738794540283717
0.45999982100000003,0.17509346634039188,-4.363913744254155e-18,-0.8870651780410819,0.42715061506668817
0.49999982099999996,0.1714281542112809,-6.776263578034403e-18,-0.8639287217085437,0.47353938775011634
0.539999821,0.1671016295848142,-7.450501804048826e-18,-0.84043251847713,0.5155096771897575
0.579999821,0.16132347061225472,1.4040418133687282e-17,-0.8131807517671509,0.5592064044563763
0.619999821,0.1543935272553254,1.1926223897340549e-18,-0.7839048899865917,0.6013782189244707
0.659999821,0.14701483575377675,-5.692061405548898e-18,-0.755866969449124,0.6380060834851711
0.699999821,0.1394314979141531,-2.222614453595284e-18,-0.7218130682235142,0.6778973019058064
0.739999821,0.1319814331707823,3.469446951953614e-18,-0.6688936530793669,0.7315477989634894
0.779999821,0.1284136665538651,2.6020852139652106e-18,-0.5921926749410252,0.7954984387089556
0.819999821,0.13233462900816126,-5.204170427930421e-18,-0.5096926633416281,0.8501181887837655
0.8599998209999999,0.14354104287861588,-4.336808689942018e-18,-0.4257553801100527,0.8933802803491152
0.899999821,0.1613426027292445,-3.469446951953614e-18,-0.34740503987842897,0.9237306440795501
0.939999821,0.183719201333396,-1.734723475976807e-18,-0.2788689636155938,0.9425918290508271
0.9799998209999999,0.2076099302598455,-6.938893903907228e-18,-0.22992038811434595,0.9508074105658048
1.019999821,0.23107401220196971,8.673617379884035e-19,-0.19208381958105125,0.9537864578300731
1.0599998210000001,0.2541441747800679,8.673617379884035e-18,-0.16486518839783296,0.9530111269444369
1.0999998210000002,0.27681945136548214,-2.6020852139652106e-18,-0.14599621511536964,0.9497663378524743
1.1399998210000002,0.29833209017337725,-3.0357660829594124e-18,-0.13012194469126556,0.9455507619808401
1.179999821,0.31871209967533237,-4.336808689942018e-18,-0.11208300833452552,0.9412013582455265
1.219999821,0.3369867807714502,-1.734723475976807e-18,-0.08934030215638276,0.9372610202050978
1.259999821,0.35262289458092416,-3.903127820947816e-18,-0.0683642880771806,0.9332649239808977
1.299999821,0.3667266761790489,-3.0357660829594124e-18,-0.05438984706353466,0.9287374707176794
1.3399998210000001,0.38025759930732617,-2.3852447794681098e-18,-0.04711083640732086,0.9236799918056208
1.3799998210000002,0.3943129505543095,2.710505431213761e-18,-0.04453983786093422,0.9178962358940559
1.4199998210000002,0.40811257582372784,-8.809142651444724e-19,-0.04512974874934802,0.9118154589785934
1.459999821,0.4214687125500376,-7.318364664277155e-19,-0.047676866809871356,0.9055887812426828
1.499999821,0.43508004713141235,2.6020852139652106e-18,-0.05262072651663768,0.8988528309623269
1.539999821,0.45041400375753404,1.6263032587282567e-18,-0.05807484467972785,0.8909290306385428
1.5799998210000001,0.47009605903864515,-2.087089182034596e-18,-0.06117436389453723,0.8804926987081912
1.6199998210000002,0.49250282943824963,2.3852447794681098e-18,-0.060640065530913424,0.8681956838453675
1.6599998210000002,0.5141473749784861,-1.734723475976807e-18,-0.05840070204882949,0.8557113034212742
1.699999821,0.5332499856583898,3.469446951953614e-18,-0.05768227257552235,0.8439888673589543
1.739999821,0.5484464410147759,-6.7220534694101275e-18,-0.05761961651452731,0.8341981066455046
1.779999821,0.5600581099281894,-6.288372600415926e-18,-0.05931879866700431,0.8263269290228701
1.8199998210000001,0.5682362739953485,1.5178830414797062e-18,-0.06328783440354592,0.8204280510394515
1.8599998210000002,0.5753957163850572,-5.312590645178972e-18,-0.06773381994885554,0.8150655796933538
1.8999998210000002,0.5842025327369244,-7.589415207398531e-19,-0.07166399266341957,0.8084377977923225
1.939999821,0.5981404384885695,-2.574980159653073e-18,-0.07331331717348176,0.7980308097872678
1.979999821,0.6161868296701052,8.890457814381136e-18,-0.07147837313326012,0.7843498155257812
2.019999821,0.6362740877716881,1.5178830414797062e-18,-0.06920284909007268,0.76835294683376
2.059999821,0.6577609031414118,4.553649124439119e-18,-0.0669983811920841,0.7502411687025945
2.099999821,0.6795466837725025,-2.168404344971009e-19,-0.06456332937624057,0.7307857969840751
2.139999821,0.6995653122487295,2.8189256484623115e-18,-0.061550974914312204,0.711912811645805
2.179999821,0.7170943293874044,5.204170427930421e-18,-0.0590992314302139,0.694465984483608
2.219999821,0.7318500769357541,1.6805133673525319e-18,-0.057907132706484385,0.6790009049116534
2.259999821,0.744179918098681,-5.692061405548898e-19,-0.05816352067765537,0.6654421495224213
2.299999821,0.7539500022879649,6.667843360785852e-18,-0.05892790172650271,0.6542834985295668
2.3399998209999997,0.7618599011065996,-1.2468324983583301e-18,-0.060858829231208444,0.6448764951449611
2.3799998209999997,0.7686780869582567,-2.6020852139652106e-18,-0.06352500304107923,0.6364735443196563
2.4199998209999998,0.7751480559752528,-4.336808689942018e-19,-0.06747985317934074,0.6281655520105197
2.459999821,0.7827795297195792,-1.734723475976807e-18,-0.07483940957411478,0.6177825431546219
2.499999821,0.7944827543502332,6.505213034913027e-19,-0.0838425025724818,0.6014711861780665
2.539999821,0.8095251728597509,6.938893903907228e-18,-0.09151831129226018,0.5799080903079417
2.579999821,0.8244810965314459,6.938893903907228e-18,-0.09769391266813257,0.5573928783989766
2.619999821,0.8379464765416603,3.2526065174565133e-19,-0.10320916960124972,0.5359044408862809
2.659999821,0.8486306776937568,1.734723475976807e-18,-0.10804172425355826,0.5178348758990197
2.699999821,0.8563280440052992,2.8189256484623115e-18,-0.11272321091605775,0.5039799190154631
2.739999821,0.8620410066048684,-2.0599841277224584e-18,-0.11731888436780989,0.49307360738773864
2.779999821,0.8666821991533389,2.2768245622195593e-18,-0.12210272015240638,0.48368676992669085
2.819999821,0.8708555734090223,7.589415207398531e-19,-0.12640310171967306,0.475008237968658
2.8599998209999997,0.874630864865949,-4.553649124439119e-18,-0.12985285434290722,0.4670750329902489
2.8999998209999998,0.8771230762028431,-2.8189256484623115e-18,-0.13265676055144376,0.4615812962766781
2.939999821,0.8782329941450241,6.613633252161577e-18,-0.13521758188307886,0.45871888291715085
2.979999821,0.8777715514224609,8.673617379884035e-18,-0.1388648741893855,0.458512431924994
3.019999821,0.8758679347558239,-3.0357660829594124e-18,-0.14318035471362095,0.4608196468149437
3.059999821,0.8722774440529677,-1.3444106938820255e-17,-0.1492370948981697,0.46568267103552063
3.099999821,0.8675954466377751,-4.9873299934333204e-18,-0.15658384075138726,0.4719741961049816
3.139999821,0.8621564912436397,4.336808689942018e-18,-0.16482235816705523,0.47908222139284906
3.179999821,0.856194189986528,-6.938893903907228e-18,-0.17578638910862346,0.4858298616156326
3.219999821,0.8485969063315618,-3.469446951953614e-18,-0.1941881135799046,0.49211204731115943
3.259999821,0.8391715743062945,-5.204170427930421e-18,-0.2193200995392454,0.49768440081480425
3.299999821,0.8287423651971032,1.1275702593849246e-17,-0.24713189716181685,0.502107476077296
3.339999821,0.8181486695082311,-1.9081958235744878e-17,-0.2759842987437597,0.5044456575577063
3.3799998209999997,0.8071068497510495,1.3877787807814457e-17,-0.3053965665507108,0.5052835542781636
3.4199998209999998,0.7949826806568437,-8.673617379884035e-19,-0.3341785127153231,0.5062877236266288
3.459999821,0.7809818592831895,2.6020852139652106e-18,-0.362568810406438,0.5085382907815621
3.499999821,0.7642066401925197,-2.6020852139652106e-17,-0.39058164130740974,0.5132584071978468
3.539999821,0.7437306018826505,-8.673617379884035e-18,-0.4187712388909938,0.5210522443104653
3.579999821,0.7193561404103785,2.0816681711721685e-17,-0.448545703816445,0.5304087997400628
3.619999821,0.6914106340357689,-3.642919299551295e-17,-0.4813286816344019,0.5387708560959331
3.659999821,0.6602590413578207,2.6020852139652106e-17,-0.5168683820987463,0.544889964939598
3.699999821,0.6252739625365556,-5.898059818321144e-17,-0.5567237008277607,0.5468923044900853
3.739999821,0.5867352206462617,3.469446951953614e-18,-0.6030521116442225,0.5404349465889736
3.779999821,0.5471276053277927,-8.673617379884035e-18,-0.6546822835931865,0.5215769272480195
3.819999821,0.5102604134654793,-1.3877787807814457e-17,-0.7055218859819061,0.49180603783460464
3.8599998209999997,0.47906265773280027,-1.734723475976807e-17,-0.7490780465123383,0.4575817415492505
3.8999998209999998,0.45382780566550746,3.469446951953614e-18,-0.7836439239794283,0.42419632626291615
3.939999821,0.4330180646871308,1.8214596497756474e-17,-0.8121322494743836,0.3910710485554886
3.979999821,0.41595720423949056,-1.3010426069826053e-17,-0.8358509892092152,0.35823557623335395
4.019999821,0.40119133903103854,2.905661822261152e-17,-0.8558018338848515,0.3265711723434989
4.059999821,0.3874493733329123,-9.974659986866641e-18,-0.8724774319934465,0.29776855738317026
4.099999821,0.37439731293844825,-7.37257477290143e-18,-0.8853145411723236,0.275762244067798
4.139999821,0.36027594822419595,8.673617379884035e-19,-0.8947749268259463,0.2637784514602719
4.179999821,0.3458816854603315,9.974659986866641e-18,-0.9011747713265559,0.26124680129649497
4.219999821,0.33216586347487387,-1.3010426069826053e-18,-0.9071647186064724,0.25829830130612796
4.259999821,0.3193101981345233,-1.2576745200831851e-17,-0.9143933294266393,0.24884902344063348
4.299999821,0.30717526755401375,6.288372600415926e-18,-0.9222781218376889,0.23461973698447777
4.339999821,0.29650101587054156,-1.1492543028346347e-17,-0.9300373298415073,0.2170661481876348
4.379999821,0.28785001266569954,-2.168404344971009e-18,-0.9369705137010681,0.19806217878008234
4.419999821,0.2809228395494067,-4.553649124439119e-18,-0.9424794962756975,0.18114844001372396
4.459999821,0.2752316286689667,-6.7220534694101275e-18,-0.9464571894179247,0.16871970596036107
4.499999821,0.2708725473261362,-1.0191500421363742e-17,-0.9487159864965006,0.16299092021036682
4.539999821,0.26877659030020756,-5.366800753803247e-18,-0.9492970395398915,0.1630775129421342
4.579999821,0.2685736422769644,4.2012834183813297e-19,-0.9477878088676971,0.17194902743503584
4.619999821,0.26928140277675866,-3.686287386450715e-18,-0.9443399837090107,0.1889696305945651
4.6599998209999995,0.27081738521247833,-1.5178830414797062e-18,-0.9402035902763838,0.2065796521879012
4.699999821,0.27261321500948954,-5.095750210681871e-18,-0.9360596827770112,0.22242820253194318
4.739999821,0.2742561938619586,7.426784881525705e-18,-0.9329470848811183,0.23322366290789484
4.779999821,0.2752728551970261,2.0057740190981832e-18,-0.9315591931052994,0.2375338395527693
4.819999821,0.2753826644362032,-1.938011383317839e-18,-0.9314241020232891,0.23793597941069636
4.859999821,0.27428516022149474,-9.269928574751063e-18,-0.932253844974113,0.23594579761727344
4.899999821,0.27267985748815354,9.486769009248164e-19,-0.9335866449276075,0.23251165934863105
4.939999821,0.27131666246635333,-6.396792817664476e-18,-0.9346359847904598,0.229875715557095
4.979999821,0.26983183073353084,-7.426784881525705e-18,-0.9349585959113694,0.23031110927272266
5.019999821,0.2687348238360687,1.0842021724855044e-19,-0.9346622529754831,0.23278330550232995
5.059999821,0.2688495329624921,-3.550762114890027e-18,-0.9348136182210932,0.23204186651170988
5.099999821,0.26919707917929164,3.249218385667496e-18,-0.9355946323140552,0.22846360004706742
5.139999821,0.26741277663758195,-6.342582709040201e-18,-0.9364206035733894,0.22717143327061998
5.179999821,0.26439520944519795,-2.656295322589486e-18,-0.9372556555076826,0.2272597840386506
5.219999821,0.2610659922424336,-6.0173220572945496e-18,-0.9381230009159941,0.22752974057657524
5.259999821,0.25932318009918226,5.963111948670274e-19,-0.9383686815706627,0.22850756160482597
5.299999821,0.2586028905017574,-4.052205619664573e-18,-0.9381679210707773,0.23014234051532562
5.339999821,0.2585498482913332,4.73322010925703e-18,-0.9375762435888606,0.2326000073222917
5.379999821,0.2581277030127253,-7.087971702623985e-18,-0.9367542913247017,0.2363503472012054
5.419999821,0.2575622965813763,-9.961107459710572e-19,-0.9360748211462957,0.2396363757772549
5.459999821,0.2578648544905183,4.960224939121183e-18,-0.9344021736143678,0.24576064526959657
5.499999821,0.2578461698164644,-7.37257477290143e-18,-0.9315161024464131,0.25650166392057283
5.539999821,0.25759578204902883,-6.383240290508407e-18,-0.9275032154116291,0.2708914883705988
5.579999821,0.2567975269895234,5.651403824080692e-18,-0.9221199919146729,0.2893954917467592
5.619999821,0.2552155964681133,1.2801208931854241e-17,-0.9161983534734311,0.30894267496090444
5.6599998209999995,0.25369194670747597,1.0672615135404184e-19,-0.9108459715629873,0.3255764307551285
5.699999821,0.25284274147601954,4.445228907190568e-18,-0.9063019765304379,0.33865509802734783
5.739999821,0.25215855853010904,5.9631119486702744e-18,-0.9019718536683664,0.3505179546757464
5.779999821,0.2519304707111813,-9.568084172184577e-18,-0.8975030757175173,0.361965836792423
5.819999821,0.25159402213399035,3.4558944247975454e-18,-0.8937553571627375,0.37135132902596296
5.859999821,0.2515559737007601,-8.538092108323347e-19,-0.8916845495256942,0.376322011358122
5.899999821,0.25214369207909715,-2.337810934421869e-19,-0.8924778215750575,0.37404130325588536
5.939999821,0.25400832300142706,-6.667843360785852e-18,-0.8969037736941482,0.36199916102002117
5.979999821,0.2583200967378162,-8.673617379884035e-19,-0.9051223416733964,0.3376748054342117
6.019999821,0.26409351760986854,9.486769009248164e-18,-0.9141535559156858,0.3075351852441492
6.059999821,0.26973811750822696,4.065758146820642e-18,-0.921367004454761,0.27986459416149473
6.099999821,0.2749403280059479,6.884683795282953e-18,-0.9259873752794785,0.2587570228206452
6.139999821,0.28010034445632015,-7.047314121155779e-18,-0.9283668786632272,0.2442923159588682
6.179999821,0.28627442205795334,5.421010862427522e-19,-0.9288469297266396,0.2351389725519351
6.219999821,0.2944019136315599,-6.5052130349130266e-18,-0.9263566306467123,0.23492744860264045
6.259999821,0.30423534988654416,-1.1058862159352145e-17,-0.9204819501231959,0.2452627802517341
6.299999821,0.3198258811841095,-4.7704895589362195e-18,-0.9113110726738473,0.2592750172053797
6.339999821,0.33969985829121935,2.47198095326695e-17,-0.8985810983652132,0.27776971745979195
6.379999821,0.35961130541473213,-7.806255641895632e-18,-0.8853832503058346,0.2945780186907846
6.419999821,0.37980089448008764,-8.673617379884035e-19,-0.8745954782542259,0.3013868443867236
6.459999821,0.3985765690235595,-3.469446951953614e-18,-0.86686552843124,0.2994676514133616
6.499999821,0.4164008543129147,8.673617379884035e-19,-0.8601082333048269,0.29465938900487193
6.539999821,0.4335027758004985,2.7321894746634712e-17,-0.8530361888643007,0.29052470439040456
6.579999821,0.45023668058579025,9.974659986866641e-18,-0.8459755089614485,0.2856787876138294
6.619999821,0.46510950322217265,3.0357660829594124e-18,-0.8392015167414306,0.28180483372594256
6.659999821,0.47936183243439434,-1.5178830414797062e-17,-0.8330222610426548,0.27619946816118734
6.699999821,0.4927407338289747,1.7997756063259374e-17,-0.8278331176504848,0.2681396996842541
6.739999821,0.5052552867990782,1.8865117801247777e-17,-0.8232306510987991,0.2588597887912071
6.779999821,0.5168108890909707,7.37257477290143e-18,-0.8185061431699879,0.25090675261935835
6.819999821,0.5284185173595752,-1.8865117801247777e-17,-0.8134957833228645,0.24289602925413853
6.859999821,0.5415291915652936,-2.7972416050126014e-17,-0.8071853225669935,0.23494252428000056
6.899999821,0.5560793270896937,1.474514954580286e-17,-0.8003135077899325,0.22421880213855236
6.939999821,0.5702285602875974,1.2576745200831851e-17,-0.7934522686291817,0.21277426169426336
6.979999821,0.5835001133135491,1.3010426069826053e-17,-0.7868938972840379,0.20081238054515807
7.019999821,0.5959658811839541,-1.2793585635328952e-17,-0.7802779208633789,0.18971303244046211
7.059999821,0.6077520711749624,2.6020852139652106e-18,-0.7737891589172551,0.17857143535479086
7.099999821,0.6187754320862976,1.1275702593849246e-17,-0.7674350999279661,0.16781040505573208
7.139999821,0.6292083171793937,9.974659986866641e-18,-0.7612585218432009,0.15678761594392718
7.179999821,0.6397440629083749,4.119968255444917e-18,-0.7552725527990591,0.14244614758524562
7.219999821,0.651268955360286,0.0,-0.7480383150511196,0.12762220417859993
7.259999821,0.6618725012309492,-3.2526065174565133e-19,-0.740453807673775,0.1168458420984494
7.299999821,0.6701177244567228,7.15573433840433e-18,-0.7340814713864835,0.10984820770499291
7.339999821,0.6751628256797364,7.589415207398531e-19,-0.7300821645398529,0.1055234184480259
7.379999821,0.6769306413004931,-2.3242584072658e-18,-0.7290551887368755,0.10120987424328731
7.419999821,0.6769562725325503,2.4123498337802474e-18,-0.7298141186377879,0.09540208234511602
7.459999821,0.6779267472248564,2.032879073410321e-18,-0.7300994418856229,0.0858494633380293
7.499999821,0.6797523593791018,4.296151108473811e-18,-0.7292691354482287,0.07812335118988138
7.539999821,0.6823075998695468,-5.936006894358137e-18,-0.7274989007963242,0.07212273220281255
7.579999821,0.6855555705488987,2.439454888092385e-18,-0.7252387932976998,0.06357871015890869
7.619999821,0.6879652897790883,-2.9815559743351372e-18,-0.7239099036567554,0.051557845638099314
7.659999821,0.6891551587772246,9.656175598699024e-19,-0.7233777041437339,0.04230678761710935
7.699999821,0.689369039306468,-1.968504569418994e-18,-0.7235426737389553,0.03544470234549893
7.739999821,0.6892485741125668,-4.819617469876969e-19,-0.7239665495118673,0.02844008213199818
7.779999821,0.6887652821056357,-4.656987144004143e-18,-0.72464213274557,0.02227477532761267
7.819999821,0.6881052019202494,-4.506215279392878e-19,-0.72541540372523,0.01684408289146832
7.859999821,0.6865363601376986,5.692061405548898e-19,-0.7270019193895592,0.01166342200116136
7.899999821,0.6838265182301273,2.541098841762901e-19,-0.7296204748281289,0.005937649100227266
7.939999821,0.6801965408433106,1.6263032587282567e-19,-0.7330291585185797,0.0009584290988858121
7.979999821,0.6764981495154613,-2.956144985917508e-19,-0.7364299805149567,-0.004597553794910335
8.019999821,0.6743085249515619,3.9132922163148676e-19,-0.7383802521294865,-0.010129977435547157
8.059999821000002,0.6732487302375664,1.1180834903756764e-18,-0.7392844293230754,-0.013952770117773657
8.099999821,0.672873973500019,1.6152918304139507e-18,-0.7395660094656932,-0.016814678982541707
8.139999821000002,0.6727556066945272,-1.2661024979083654e-18,-0.7396026045268977,-0.01969469568457898
8.179999821000001,0.6726345644657291,-8.237395412048071e-19,-0.7396377725194236,-0.022331774414591346
8.219999821,0.6714228708364215,6.335806445462167e-19,-0.7406946710674587,-0.023721989167172948
8.259999821000001,0.6667300842456991,-1.2061749168901237e-18,-0.7450751150120453,-0.01827752038736295
8.299999821,0.6576916233451076,6.776263578034403e-20,-0.7532870641976355,-0.0005722710760969439
8.339999821000001,0.646580519513178,3.5236570605778894e-19,-0.762289160085268,0.029135342842763742
8.379999821,0.6358081397688384,-5.421010862427522e-20,-0.7691691519587949,0.06424036954032483
8.419999821000001,0.6258556642339418,-2.5478751053409354e-18,-0.7735233486101022,0.09983144144660021
8.459999821,0.6164380391162689,9.595189226496714e-18,-0.775621009661789,0.135706275837621
8.499999821000001,0.6072299122721837,4.228388472693467e-18,-0.775451338405955,0.17305217538745093
8.539999821,0.5979015821066815,-4.7704895589362195e-18,-0.7734328629888311,0.2105120057460566
8.579999821000001,0.5882651207664272,7.589415207398531e-18,-0.7703794003888155,0.24588559767955084
8.619999821,0.5786769358308885,-3.7947076036992655e-18,-0.7671140248847274,0.2768918141847601
8.659999821000001,0.5701861285562358,2.4936649967166602e-18,-0.764054945923183,0.30184071695577075
8.699999821,0.563768549462162,-5.421010862427522e-19,-0.76214272859413,0.3182820822610414
8.739999821000001,0.5595688637978851,2.2768245622195593e-18,-0.762218479402439,0.3254315232508643
8.779999821,0.5571873599706698,2.4936649967166602e-18,-0.763714666303754,0.3260094390680448
8.819999821000001,0.5554840615627789,-1.5937771935536915e-17,-0.7659177513228521,0.3237397960681766
8.859999821,0.5538745280540304,4.553649124439119e-18,-0.7686510130905235,0.3199978550675568
8.899999821000002,0.55119455140486,-1.2793585635328952e-17,-0.7720426974100809,0.3164405787464074
8.939999821,0.5459647407405468,8.239936510889834e-18,-0.7761634092936185,0.31542489429627263
8.979999821000002,0.5358982730877834,8.673617379884035e-19,-0.7832584653129162,0.31514951597168434
9.019999821,0.5155541798288543,-1.3010426069826053e-17,-0.7973929994355758,0.31363719822771835
9.059999821000002,0.48486133499890904,1.734723475976807e-18,-0.817882066776116,0.3098038261046898
9.099999821,0.45034735131171355,-2.6020852139652106e-18,-0.8392836033598129,0.30461499683681453
9.139999821000002,0.4154955730743873,-7.806255641895632e-18,-0.8585573419412555,0.300404259880503
9.179999821000001,0.3820515983052688,2.0816681711721685e-17,-0.8748068550581788,0.29790861447029127
9.219999821000002,0.3511090281065147,1.1275702593849246e-17,-0.8879715050068158,0.2970337635320766
9.259999821000001,0.3221809884818757,-1.214306433183765e-17,-0.8984979965342659,0.2981623062775574
9.299999821,0.29506882429543496,-1.1275702593849246e-17,-0.9076840591708877,0.29840247595482533
9.339999821000001,0.26879917505107076,9.540979117872439e-18,-0.9172804616692461,0.29384274388134574
9.379999821,0.24342988145921182,8.673617379884035e-18,-0.9239935726581908,0.2949199391345165
9.419999821000001,0.22163264964656204,-2.6020852139652106e-18,-0.9236623306524708,0.312612967652159
9.459999821,0.20513417795601646,-4.7704895589362195e-18,-0.9164917273227979,0.34345725029934043
9.499999821000001,0.19502943613539223,-7.48099499014998e-18,-0.9038142536077182,0.38089803624622987
9.539999821,0.19062144023546654,8.998878031629687e-18,-0.8851617495856862,0.4244433337831608
9.579999821000001,0.19039670868254457,-3.469446951953614e-18,-0.8604995763547901,0.4725352605002944
9.619999821,0.19326779800757748,1.0842021724855044e-17,-0.8324585014797604,0.5192883607085509
9.659999821000001,0.19672646475448288,-7.37257477290143e-18,-0.8056094933147421,0.5588309604400672
9.699999821,0.19866500676538554,4.7704895589362195e-18,-0.7827512440549942,0.589773435326879
9.739999821000001,0.19852704260643847,-1.0733601507606494e-17,-0.7680502518066774,0.6088397359351975
9.779999821,0.19672572825386384,-1.4799359654427136e-17,-0.7611436669205037,0.6180285641859901
9.819999821000001,0.19404448791348064,-3.3610267347050637e-18,-0.7596960425781386,0.6206518022220753
9.859999821,0.19056013213164158,1.5829351718288365e-17,-0.7641303456552027,0.61627238368341
9.899999821000002,0.1863519785218875,-1.1058862159352145e-17,-0.7730102062958979,0.6064059375231672
9.939999821,0.18138006749932672,-1.3010426069826053e-18,-0.785078840077247,0.5922436035761841
9.979999821000002,0.17546022544460974,-8.673617379884035e-19,-0.7977384856345672,0.5769116204622631
10.019999821,0.1711706784503884,0.0,-0.8159126937907348,0.5522563489449265
