0.016666568,0.03748136630234575,0.0,-0.9094059222083843,0.41421735336949295
0.04999990133333333,0.037318798097568634,9.04728794979874e-24,-0.9128104028951617,0.40667490170273096
0.08333323466666667,0.03737205495543485,-2.371692252312041e-19,-0.9178693523675593,0.3951191990941031
0.116666568,0.0375657870672989,-1.861778418064952e-18,-0.9222869095878717,0.3846760559807009
0.14999990133333332,0.037659634008848246,-2.104029840979682e-18,-0.9261117423267613,0.37536487940510654
0.18333323466666665,0.037700344877805075,8.436448154652831e-19,-0.9298727597348072,0.36594444209369825
0.216666568,0.037598460560050936,-9.147955830346444e-19,-0.9336860918062987,0.3561132372307919
0.24999990133333333,0.0373238887255807,-1.3417001884508117e-18,-0.9359989227597671,0.3500184908300643
0.28333323466666666,0.03705148763820647,2.0396553369883552e-18,-0.936918474579654,0.3475787094387832
0.316666568,0.03673365877802857,-4.0657581468206416e-20,-0.935609715914071,0.35111977699920405
0.3499999013333333,0.03638762086942272,-2.222614453595284e-18,-0.9331345699130733,0.357681164559454
0.38333323466666663,0.035920033290991436,-1.0842021724855044e-19,-0.9301898690573445,0.3653170660008297
0.416666568,0.03538126419370638,-1.0164395367051604e-18,-0.927881255602428,0.37119340194259515
0.44999990133333334,0.03491555147991071,1.883801274693564e-18,-0.9275072721970237,0.37217088049240243
0.48333323466666667,0.03453085257158327,-1.2739375526704677e-18,-0.9291837705474949,0.36800154995844747
0.516666568,0.03420563529343152,2.2632720350634905e-18,-0.933700242770927,0.35641805673069477
0.5499999013333333,0.033961534543514325,6.505213034913027e-19,-0.9405901109274118,0.33784146784699015
0.5833332346666666,0.033610164572576054,-1.4230153513872246e-18,-0.9476910055621987,0.31741473628978406
0.616666568,0.033141374268053685,-1.3145951341386741e-18,-0.9543387980417498,0.2968823131543086
0.6499999013333333,0.03271884870414774,2.981555974335137e-19,-0.9600173412989451,0.2780219080302477
0.6833332346666666,0.03223391118838488,1.0028870095490916e-18,-0.9649056496600663,0.26061094033747906
0.716666568,0.03178707864730775,3.1170812458958252e-19,-0.969428142487459,0.24330774378220016
0.7499999013333333,0.0313235844397297,-2.574980159653073e-19,-0.9736572440173296,0.22585482999135878
0.7833332346666666,0.030967817171919664,1.1270335846035002e-23,-0.9781578091575218,0.2055438996510571
0.816666568,0.030884032282682043,9.583662878251094e-24,-0.9826464927417365,0.18289900724806263
0.8499999013333334,0.031050761698883635,1.1270335846035002e-23,-0.9864683418953286,0.16098465963004138
0.8833332346666667,0.0313328699330938,2.274746684520826e-23,-0.9890437882646224,0.14425892054538877
0.916666568,0.031575190229989086,-4.549493369041652e-24,-0.9906419740150586,0.13278360848195014
0.9499999013333333,0.03179949625864088,-1.4217166778255163e-23,-0.9920342486903176,0.12188864370044389
0.9833332346666667,0.03194722138757919,9.669167827312362e-23,-0.9930858893392382,0.11295924681453759
1.016666568,0.031971937044567335,-3.812785635986612e-23,-0.993591872046985,0.10841119427340615
1.0499999013333332,0.03195395773808469,-2.773639991466871e-23,-0.9934721881994331,0.10950778903394547
1.0833332346666666,0.031941393509310315,-4.17726209339279e-23,-0.9930152570273393,0.11358013334914928
1.116666568,0.03185496576709235,-1.250076700720763e-22,-0.9928993938312122,0.11461262969493695
1.1499999013333333,0.03168107370319188,-2.0679515313825692e-24,-0.9933727020168156,0.11048522279845274
1.1833332346666667,0.03142330857549772,-5.790264287871194e-24,-0.9940568688744068,0.10422819734495879
1.216666568,0.031172622261727175,1.2407709188295415e-24,-0.9946034028866538,0.09895624582418439
1.2499999013333334,0.03086602666030294,7.113753267956038e-23,-0.9953567572231331,0.09117134554482739
1.2833332346666666,0.030736742498674675,6.617444900424222e-24,-0.9959968551450867,0.08393757919827954
1.316666568,0.030511723499311045,-2.0159384144652348e-19,-0.9960753228376164,0.08308421007050727
1.3499999013333333,0.030172614287105517,1.4060746924421386e-19,-0.9956727631405435,0.0878940389739644
1.3833332346666667,0.029820660377339502,4.912791094074942e-20,-0.9951296952876274,0.09395540309856208
1.416666568,0.029452866570196853,-3.2526065174565133e-19,-0.995208022978529,0.09323904573710619
1.4499999013333333,0.029016809922182907,1.4568966692773966e-19,-0.995832842041105,0.08645794037724532
1.4833332346666666,0.028669631419444227,-4.0488174878755556e-19,-0.996316996351146,0.08081147824476348
1.516666568,0.02852896026921547,-3.628608702722852e-24,-0.996722104289052,0.07570432779941877
1.5499999013333332,0.028688602773046103,-3.980806697911446e-24,-0.9971569736048533,0.0696773568825635
1.5833332346666666,0.02907708735040038,7.237830359838992e-25,-0.9975673776130196,0.06335495334620812
1.616666568,0.02935100190274837,-8.220107337245713e-24,-0.9979932582973488,0.05610681848355192
1.6499999013333333,0.02954959477101022,7.031035206700735e-24,-0.9984527322996656,0.04710586812915623
1.6833332346666667,0.02998366229090029,-1.9231949241857893e-23,-0.9992593579788964,0.02411877872590445
1.716666568,0.032226722262795326,-3.8963515573697816e-20,-0.9982882345055457,-0.04880613916299209
1.7499999013333334,0.041029572625567216,-2.168404344971009e-19,-0.9866969533117562,-0.15730764919564857
1.7833332346666666,0.05864520362543738,-1.3010426069826053e-18,-0.9662638386174527,-0.2507886246862012
1.816666568,0.08059191690986153,4.336808689942018e-19,-0.941192199340302,-0.32811916559347676
1.8499999013333333,0.10340431819284637,-1.734723475976807e-18,-0.9103048599001293,-0.4008149311356536
1.8833332346666667,0.1264512021977853,-1.734723475976807e-18,-0.8748271727804218,-0.46764036526774383
1.916666568,0.14929265479501488,-9.540979117872439e-18,-0.8371033543707469,-0.5262790869163435
1.9499999013333333,0.17044053880323573,-8.673617379884035e-19,-0.7945600896606648,-0.5827729288933203
1.9833332346666666,0.19034403744657183,6.938893903907228e-18,-0.7367767470416127,-0.6487905458831206
2.016666568,0.21007587809112702,1.734723475976807e-18,-0.6467718801550317,-0.733180919340491
2.0499999013333334,0.23382572989858671,-3.469446951953614e-18,-0.5282112853621844,-0.81628326336721
2.0833332346666666,0.26423214616147817,6.938893903907228e-18,-0.4145574511653623,-0.8708177149198204
2.1166665680000003,0.2980465422395374,-3.469446951953614e-18,-0.3178478919302367,-0.9000783167339163
2.1499999013333335,0.33351216879859974,0.0,-0.2381225642181898,-0.9121772183481718
2.1833332346666667,0.36876796840632514,-5.204170427930421e-18,-0.1762052912291605,-0.9126674535778726
2.2166665680000004,0.4014698979615397,8.673617379884035e-18,-0.13014460667396596,-0.9065783487291266
2.2499999013333336,0.43009048402145755,-6.938893903907228e-18,-0.09711223978881925,-0.8975474296310961
2.283333234666667,0.4536054355467337,3.469446951953614e-18,-0.07272508672593705,-0.8882303589740461
2.316666568,0.471687006912055,8.673617379884035e-19,-0.0546783218898432,-0.8800691158231028
2.3499999013333337,0.4842053047734349,2.6020852139652106e-18,-0.042134933706584936,-0.8739392828971625
2.383333234666667,0.49180640025346756,3.903127820947816e-18,-0.03413315414461599,-0.870035282306336
2.416666568,0.4952408030697926,7.589415207398531e-19,-0.029324458128702137,-0.8682606884630012
2.4499999013333333,0.4957044403900877,-5.963111948670274e-19,-0.027280167230548973,-0.8680627282941153
2.483333234666667,0.4942003177185446,-3.9641141931501256e-19,-0.026891493466358843,-0.8689320419607269
2.516666568,0.49160028979151743,1.8431436932253575e-18,-0.027519657380882755,-0.8703860198409296
2.5499999013333334,0.4888025396910693,5.421010862427522e-20,-0.028256692682268162,-0.8719367158860903
2.5833332346666666,0.48636348203338947,-2.3987973066241786e-18,-0.028209632598792434,-0.8733010820862401
2.6166665680000003,0.4846281202502124,-8.131516293641283e-20,-0.02760146812335654,-0.8742847042126387
2.6499999013333335,0.483724467207994,1.0299920638612292e-18,-0.02586464197824017,-0.8748380765145513
2.6833332346666667,0.48332075986647466,-4.336808689942018e-19,-0.02350990464470263,-0.8751276063898856
2.7166665680000004,0.48325689561135743,3.2526065174565133e-19,-0.02079588076752358,-0.8752315717495437
2.7499999013333336,0.48290187670567275,4.336808689942018e-19,-0.016081497994706755,-0.875526791649682
2.783333234666667,0.48167639056344935,8.673617379884035e-19,-0.00876283682873735,-0.8763053505853314
2.816666568,0.48039028736196876,0.0,-0.0029701282493402852,-0.877049799125721
2.8499999013333337,0.4795176771237869,2.168404344971009e-19,0.002681764705934331,-0.8775281223208005
2.883333234666667,0.4788096048031674,-2.168404344971009e-19,0.008236483416445948,-0.8778801300229806
2.916666568,0.47818668446052043,-3.2526065174565133e-19,0.012771283653087849,-0.8781653540868639
2.9499999013333333,0.4773587617142185,-4.336808689942018e-19,0.016019339584404345,-0.8785624584364777
2.983333234666667,0.47591025661692804,6.2341624917916505e-19,0.017527431160191405,-0.879319178002922
3.016666568,0.4736902634733226,-3.4558944247975454e-19,0.017701747094190486,-0.8805135901508776
3.0499999013333334,0.46923049300765735,1.1926223897340549e-18,0.01540809631155724,-0.8829412975956242
3.0833332346666666,0.4609407504538418,8.673617379884035e-19,0.005731782017266245,-0.8874124020127034
3.1166665680000003,0.449701888368734,0.0,-0.010444785616180018,-0.8931176395363754
3.1499999013333335,0.4368938751632325,-8.673617379884035e-19,-0.029264645086406565,-0.8990368860023601
3.1833332346666667,0.423836510827194,3.469446951953614e-18,-0.04782321327355319,-0.9044752911838014
3.2166665680000004,0.411285132483562,1.734723475976807e-18,-0.06355529406550417,-0.9092883285263405
3.2499999013333336,0.3993595190088401,2.6020852139652106e-18,-0.0768176372834414,-0.9135704817797132
3.283333234666667,0.38807862493027906,1.734723475976807e-18,-0.08856263690903911,-0.9173612375808897
3.316666568,0.3776083895324824,5.637851296924623e-18,-0.09816923953946355,-0.9207468189263153
3.3499999013333337,0.3672546974893206,2.8189256484623115e-18,-0.10515260657519415,-0.9241574089420429
3.383333234666667,0.35453730645374304,-2.168404344971009e-18,-0.11012830606113248,-0.9285338198130588
3.416666568,0.3370646070811361,4.119968255444917e-18,-0.11268227448237747,-0.9347139432311458
3.4499999013333333,0.3127987388886837,0.0,-0.11801436119723699,-0.9424593145069219
3.483333234666667,0.28019994128785564,4.336808689942018e-18,-0.13922036453333672,-0.9497924420637844
3.516666568,0.242781137773864,0.0,-0.17633700174676195,-0.9539195883072067
3.5499999013333334,0.2048763177325156,1.734723475976807e-18,-0.22738549437555378,-0.9520092076130097
3.5833332346666666,0.1694744540540246,-1.734723475976807e-18,-0.29887199061224545,-0.9391240294287886
3.6166665680000003,0.13889280912596993,3.469446951953614e-18,-0.39139992311882627,-0.9096784529467946
3.6499999013333335,0.11415437541061116,5.204170427930421e-18,-0.4929721054997942,-0.8625237862074954
3.6833332346666667,0.09531707218142457,-3.469446951953614e-18,-0.5922571293355404,-0.800091337599643
3.716666568,0.08187437772285361,1.734723475976807e-18,-0.6813330144976263,-0.7273801685694166
3.7499999013333336,0.07230706405506286,2.6020852139652106e-18,-0.7592705478661242,-0.6467456405966822
3.783333234666667,0.06555016488921904,-2.6020852139652106e-18,-0.8203011147167015,-0.5681630550093286
3.816666568,0.06104824202911588,6.505213034913027e-19,-0.8693964050400306,-0.490329484172251
3.8499999013333337,0.0574976912891851,-3.469446951953614e-18,-0.9059547548546327,-0.4194520206801917
3.883333234666667,0.05443651343697405,-4.336808689942018e-19,-0.9300144621208288,-0.3634690719317555
3.916666568,0.0519247594855065,-1.3010426069826053e-18,-0.9441757444735173,-0.32532442714965587
3.9499999013333333,0.05004377027459087,-3.0357660829594124e-18,-0.9530113943644525,-0.2987723268112802
3.983333234666667,0.048283902340581386,-2.710505431213761e-19,-0.955894499740856,-0.2897142905345606
4.016666568,0.046636489257169865,-1.599198204416119e-18,-0.9484012738250682,-0.3136240770042285
4.049999901333333,0.045310379530088964,-2.89346454782069e-18,-0.9312769057833147,-0.36148346333061315
4.083333234666666,0.044608148230247495,-4.87890977618477e-19,-0.9042354877888985,-0.42469788760322463
4.116666567999999,0.044644873999632496,3.0357660829594124e-18,-0.8696937188313165,-0.4915685818387015
4.149999901333333,0.04531402032241018,1.0842021724855044e-19,-0.8345851627063768,-0.5490120633944129
4.183333234666667,0.04633355356428175,-2.0599841277224584e-18,-0.8055215689946738,-0.5907522354578648
4.216666568,0.047623926127982906,-2.2768245622195593e-18,-0.784550813986348,-0.6182329511871034
4.249999901333333,0.04897860343606482,-2.6020852139652106e-18,-0.7683789086233234,-0.6381182877713845
4.283333234666666,0.05000025927543919,-1.3552527156068805e-18,-0.7530577951221459,-0.6560517748456758
4.316666568,0.0505790978977118,-1.6805133673525319e-18,-0.7361934788887342,-0.6748784457200842
4.349999901333333,0.05064976989856242,-7.589415207398531e-19,-0.716293549916768,-0.6959584406822417
4.383333234666666,0.05028364556640843,-4.716279450311944e-18,-0.6911339479747091,-0.7209753261696575
4.416666568,0.04977923642625041,2.8731357570865868e-18,-0.6641011929480409,-0.7459836681495169
4.449999901333333,0.049304179996476474,-2.4936649967166602e-18,-0.638301919540545,-0.7682055436832845
4.4833332346666666,0.049046838686054195,1.5720931501039814e-18,-0.6175492466147033,-0.7850014876549704
4.516666568,0.04921251054255222,-3.63207727782644e-18,-0.6039032460871859,-0.7955369244550872
4.549999901333333,0.04978320416207191,-1.734723475976807e-18,-0.5982452117989844,-0.7997651524934966
4.583333234666666,0.05076580700309254,5.149960319306146e-19,-0.6009521990456128,-0.7976711648928817
4.616666567999999,0.051933520280320236,3.7947076036992655e-19,-0.6071835764473507,-0.792862544180199
4.649999901333333,0.05321256797336683,-4.553649124439119e-18,-0.6153604976454679,-0.7864476336967401
4.683333234666667,0.054608441917539156,1.2197274440461925e-18,-0.6241568941947121,-0.7793882790371881
4.716666568,0.056043973278962586,-2.7647155398380363e-18,-0.6323223459032393,-0.7726755618825608
4.749999901333333,0.05738824264156798,-3.1712913545201005e-18,-0.638413040661262,-0.7675515481843254
4.783333234666666,0.05846505418058879,-5.936006894358137e-18,-0.641918529913384,-0.7645406715103524
4.816666568,0.059293110021519976,-2.439454888092385e-18,-0.6425169528835085,-0.7639740128834666
4.849999901333333,0.05975835378696302,2.168404344971009e-18,-0.6372772651265058,-0.7683141457148591
4.883333234666666,0.05994794569728563,2.222614453595284e-18,-0.6274401633515078,-0.7763537114100176
4.916666568,0.06014054187369396,-2.8189256484623115e-18,-0.614694194550865,-0.7864694287819468
4.949999901333333,0.060276584484086786,7.26415455565288e-18,-0.601429915778155,-0.7966484731486119
4.9833332346666666,0.060318147404181184,3.2526065174565133e-19,-0.5901751162150582,-0.8050186664259842
5.016666568,0.06007438407702485,5.068645156369733e-18,-0.5804702714067355,-0.8120623943951334
5.049999901333333,0.05947990765379526,-2.846030702774449e-19,-0.570888540471197,-0.818870206408905
5.083333234666666,0.058737400572106926,-4.529932201915998e-18,-0.5632100848736568,-0.8242234636739241
5.116666567999999,0.05769118762062667,7.521652571618187e-19,-0.5541957437510333,-0.8303847328071253
5.149999901333333,0.056307124620949486,-2.303929616531697e-18,-0.5458862713472503,-0.8359651227602244
5.183333234666667,0.0545548239397029,1.0842021724855044e-18,-0.5407466047539778,-0.8394146059200742
5.216666568,0.05266601156000883,3.2526065174565133e-18,-0.5375885337970308,-0.8415609660365193
5.249999901333333,0.050934264682553014,4.553649124439119e-18,-0.5419014883371855,-0.8388971794082938
5.283333234666666,0.04917167786512888,-6.505213034913027e-19,-0.55155940515624,-0.8326850357005476
5.316666568,0.047545154145727624,-1.5178830414797062e-18,-0.5631024102056953,-0.8250182627904644
5.349999901333333,0.04650468002442402,-1.4094628242311558e-18,-0.5707502389932586,-0.8198057571308976
5.383333234666666,0.044992980935566945,-7.589415207398531e-19,-0.5660245221525345,-0.8231596880244602
5.416666568,0.04152728924976319,-4.336808689942018e-19,-0.5795402905622442,-0.8138848418926331
5.449999901333333,0.034785776878274124,0.0,-0.6709364727179006,-0.740698453693429
5.4833332346666666,0.02587826199132024,1.734723475976807e-18,-0.9110450658795219,-0.4114938681109187
5.516666568,0.0271584535657301,-1.7618285302889447e-19,-0.8952514288225745,0.44473283844467454
5.549999901333333,0.048981221593975804,-1.734723475976807e-18,-0.5176190014302494,0.8542080597193598
5.583333234666666,0.08247178524519468,1.734723475976807e-18,-0.31966118696383905,0.9439359778011113
5.616666567999999,0.12342036895808527,1.734723475976807e-18,-0.21763686255942874,0.9681950261086548
5.649999901333333,0.17072004192692075,0.0,-0.15743703702482356,0.9726603963652036
5.683333234666667,0.22292218433700745,-5.204170427930421e-18,-0.1163694894767177,0.9678656113579742
5.716666568,0.278504404040448,4.336808689942018e-18,-0.08412788831650118,0.956743327824909
5.749999901333333,0.3352415119845871,2.6020852139652106e-18,-0.05609534935271612,0.9404607596403396
5.783333234666666,0.390585032085594,3.469446951953614e-18,-0.030325123887635756,0.9200672364408458
5.816666568,0.44268897880314734,1.734723475976807e-18,-0.005327836638513375,0.8966594014468257
5.849999901333333,0.491027260514936,0.0,0.017550481432528953,0.8709673989494002
5.883333234666666,0.5347909711340526,0.0,0.03702671790916058,0.8441727544492136
5.916666568,0.5730442616178003,-8.673617379884035e-19,0.053441415162484227,0.8177800984203158
5.949999901333333,0.6058834506205453,3.0357660829594124e-18,0.06706037246632784,0.7927219882839246
5.9833332346666666,0.6336375999006677,4.336808689942018e-19,0.07766234373527767,0.7697219967999259
6.016666568,0.657506177440116,-7.589415207398531e-19,0.08449320737719067,0.7486965503695084
6.049999901333333,0.6785751513199062,-8.131516293641283e-20,0.08717972141691753,0.7293390570817082
6.083333234666666,0.6977526795778517,-4.0115480381963664e-18,0.08724055151775029,0.7110065290226291
6.116666567999999,0.716336022574996,-3.903127820947816e-18,0.0873453244173554,0.6922669261663899
6.149999901333333,0.734859186674403,-3.7947076036992655e-19,0.08804543087330402,0.6724804665286341
6.183333234666667,0.7530546427091795,-6.7559347873002995e-18,0.08976871178841982,0.6518054030751798
6.216666568,0.7707596147843367,-2.588532686809142e-18,0.09225152045521298,0.6304119868714444
6.249999901333333,0.7875350588108723,9.974659986866641e-18,0.0949534901498758,0.6089108028702672
6.283333234666666,0.8032409852033935,-3.2526065174565133e-19,0.0976747144985657,0.587591328932878
6.316666568,0.8179635164454382,3.62021881656488e-18,0.09964594502955763,0.5665742417401093
6.349999901333333,0.8320512397758663,4.7704895589362195e-18,0.09927256243105881,0.5457432479983745
6.383333234666666,0.8462467906874974,4.119968255444917e-18,0.0947909983572904,0.5242909839788771
6.416666568,0.8605727915421538,-1.1492543028346347e-17,0.0881805465407742,0.5016359852214703
6.449999901333333,0.8741568572320779,-3.686287386450715e-18,0.08279247879952532,0.47853442343092384
6.4833332346666666,0.88652493153978,-1.6263032587282567e-18,0.08044506460607326,0.4556337754588801
6.516666568,0.8975705262817071,5.102526474259905e-18,0.08101963993057087,0.4333623983410423
6.549999901333333,0.907166222661965,4.336808689942018e-18,0.08359677263630415,0.41238455847184174
6.583333234666666,0.9152201529844618,-1.0842021724855044e-18,0.08720302592892788,0.3934052666652257
6.616666567999999,0.9221528524943613,-5.421010862427522e-19,0.09089532818959614,0.3759948881963934
6.649999901333333,0.9282191609607005,2.927345865710862e-18,0.0948933212755262,0.35972829580492144
6.683333234666667,0.933722687449673,-4.87890977618477e-19,0.09852909099580183,0.3441714124811957
6.716666568,0.9388178044858863,-1.3823577699190182e-18,0.10092234169909874,0.32929593214352143
6.749999901333333,0.9433583864720811,-4.20128341838133e-18,0.10205745521216901,0.3156885023379977
6.783333234666666,0.947245070748122,-1.1384122811097797e-18,0.10238056110811986,0.30371861426421
6.816666568,0.9504980015897193,-3.0899761915836876e-18,0.10204706679321676,0.29349607345388895
6.849999901333333,0.9530207842513396,3.4423418976414766e-18,0.10130669998271623,0.28546162145474724
6.883333234666666,0.9546865956531612,4.119968255444917e-18,0.09983510353742253,0.28036842936010065
6.916666567999999,0.955234921939494,-1.1926223897340549e-18,0.09554100403953934,0.27999671507781204
6.949999901333333,0.9541957188453657,3.903127820947816e-18,0.08633358504622862,0.2864560040045269
6.9833332346666666,0.9512023251199123,2.168404344971009e-19,0.07305563252210048,0.29979494866202905
7.016666568,0.9457157887586756,2.168404344971009e-18,0.058074399027697635,0.31976399276674067
7.049999901333333,0.9361182883004907,-1.3010426069826053e-18,0.04197590855061601,0.3491712665880593
7.083333234666666,0.9205329784735783,1.734723475976807e-18,0.02548005619843657,0.38983304410822733
7.116666567999999,0.8972611508471008,-1.3010426069826053e-18,0.008080635297332259,0.44142624583697765
7.149999901333333,0.8656770565835826,-4.336808689942018e-19,-0.009568575111692467,0.5005114145302949
7.183333234666667,0.8255824583196674,0.0,-0.026650703304901414,0.5636517936884513
7.216666568,0.7779217085155651,1.734723475976807e-18,-0.04278094316767564,0.6269031873598254
7.249999901333333,0.7238242544851881,3.469446951953614e-18,-0.0584332434588586,0.6875056397425694
7.283333234666666,0.6671414938800201,0.0,-0.07627071245342887,0.7410161979102626
7.316666568,0.6137137093784704,-8.673617379884035e-19,-0.09363961444408124,0.7839560609675024
7.349999901333333,0.5666425353228541,-1.1275702593849246e-17,-0.10473782462161002,0.8172797717161614
7.383333234666666,0.5250750267771496,-4.336808689942018e-19,-0.11151196300591783,0.8437187317830169
7.416666567999999,0.4883426505759602,-1.734723475976807e-18,-0.11581337897191758,0.8649327817117076
7.449999901333333,0.45587695064794287,2.168404344971009e-18,-0.11720792667440219,0.8822916228734244
7.4833332346666666,0.42660194877269225,6.5052130349130266e-18,-0.1157350970104744,0.897003993649592
7.516666568,0.3998336208983797,-1.5178830414797062e-18,-0.1135454412792027,0.9095276292471836
7.549999901333333,0.3748495020422026,-1.1275702593849246e-17,-0.11270924238911005,0.9202089314382825
7.583333234666666,0.3519125269495113,2.6020852139652106e-18,-0.1152197038175633,0.9289144165251192
7.616666567999999,0.3305748650300671,-4.7704895589362195e-18,-0.122991082897563,0.935731506436562
7.649999901333333,0.30974827977359837,1.734723475976807e-18,-0.1375135448875049,0.9408219959959316
7.683333234666667,0.28914438913962787,0.0,-0.15849428524961276,0.944073664378096
7.716666568,0.2690207606091456,-2.6020852139652106e-18,-0.18353508642241562,0.9454854321528139
7.749999901333333,0.24950734717529532,-7.806255641895632e-18,-0.2079190491333477,0.9457884291494748
7.783333234666666,0.23025258666476267,-4.336808689942018e-18,-0.22942769717882083,0.9456990420326168
7.816666568,0.21116067683091694,6.938893903907228e-18,-0.24713085452062636,0.9456941943906677
7.849999901333333,0.19234134465950112,-1.3010426069826053e-18,-0.25901320631728947,0.9465289039896311
7.883333234666666,0.17395945259280687,5.637851296924623e-18,-0.2656148962697598,0.9482546260014847
7.916666567999999,0.15612275465260525,2.6020852139652106e-18,-0.2706688425672397,0.9499284515914834
7.949999901333333,0.1387056590371225,-3.903127820947816e-18,-0.27828319802867196,0.9504310610696667
7.9833332346666666,0.12216671549603794,-8.673617379884035e-18,-0.2895618093549421,0.9493309497683105
8.016666568,0.10714473526986677,-7.37257477290143e-18,-0.3065138130805525,0.9458167307120182
8.049999901333333,0.09393577689750396,8.673617379884035e-19,-0.33917985796697725,0.9360198148373589
8.083333234666666,0.08244279404260818,3.469446951953614e-18,-0.39221651578494854,0.9161710486890335
8.116666568,0.072077596016262,-5.204170427930421e-18,-0.4614674890637693,0.884224279631416
8.149999901333333,0.0626720754019309,-8.673617379884035e-19,-0.5504389834200226,0.8325197514151522
8.183333234666666,0.054402285705333876,-4.336808689942018e-18,-0.6664938240042055,0.7435229477792104
8.216666567999999,0.04782462964231439,-4.336808689942018e-18,-0.8032277418567365,0.5937491048509493
8.249999901333332,0.04387711915985392,-2.168404344971009e-18,-0.9264734216490657,0.3737937899325033
8.283333234666665,0.04252206717445675,2.168404344971009e-19,-0.9929097960778882,0.11100455241014864
8.316666568,0.04311422843687938,1.4264034831762418e-18,-0.9884574980571411,-0.14523407947485817
8.349999901333334,0.04475381168505917,1.951563910473908e-18,-0.9317556411876424,-0.3603172511199867
8.383333234666667,0.04679913077323789,-2.168404344971009e-19,-0.8497001351614426,-0.5251852260540995
8.416666568,0.0489496163670055,6.505213034913027e-19,-0.7576841835749462,-0.6507830767758874
8.449999901333333,0.051353064120844595,2.168404344971009e-18,-0.6673942507674804,-0.7429318790090474
8.483333234666667,0.0539884819565369,2.168404344971009e-18,-0.5841780246395565,-0.8098279319363184
8.516666568,0.056864312275459905,3.469446951953614e-18,-0.513521211362102,-0.856190642013003
8.549999901333333,0.05991373582878291,-2.6020852139652106e-18,-0.4567794750640782,-0.8875600573590636
8.583333234666666,0.06295038435058545,-1.951563910473908e-18,-0.40961995803832146,-0.9100817211035487
8.616666568,0.06573650330811388,-1.3010426069826053e-18,-0.36635835640193265,-0.9281488387253937
8.649999901333333,0.0680806075949148,6.5052130349130266e-18,-0.32877264387916705,-0.9419520048846489
8.683333234666666,0.0698739769954293,3.2526065174565133e-18,-0.2952651351754442,-0.9528568241287193
8.716666567999999,0.07100275409942446,1.0842021724855044e-18,-0.26360425757009104,-0.9620142432943589
8.749999901333332,0.07120513157863265,1.5178830414797062e-18,-0.23242670775695853,-0.9700039457435886
8.783333234666665,0.07031919571930471,3.2526065174565133e-19,-0.20642914786346517,-0.9759314615411032
8.816666568,0.06830250678105504,-9.75781955236954e-19,-0.1795325289588072,-0.9813780304312295
8.849999901333334,0.06561848523774595,0.0,-0.15121501539128226,-0.9863205531242457
8.883333234666667,0.06274196169309113,1.3010426069826053e-18,-0.12198770410355893,-0.9905465391845278
8.916666568,0.060013583887477004,-1.0842021724855044e-18,-0.09181906850373302,-0.9939656072561504
8.949999901333333,0.05754313332845008,5.421010862427522e-19,-0.05987990900871566,-0.996545625801374
8.983333234666667,0.05550514315441241,-1.0842021724855044e-19,-0.026866512074762927,-0.9980968738616232
9.016666568,0.053727260971439136,-3.2526065174565133e-19,0.005754318591627405,-0.9985390674610848
9.049999901333333,0.05207068754530738,-1.0842021724855044e-19,0.034645698833534494,-0.9980422431194459
9.083333234666666,0.050745398899202404,-1.0842021724855044e-19,0.053690923750202554,-0.9972673609405909
9.116666568,0.04992162625184364,1.0842021724855044e-19,0.06260451007635683,-0.9967890983304696
9.149999901333333,0.04937741095792673,-3.2526065174565133e-19,0.0754933781939598,-0.9959229996018547
9.183333234666666,0.04917944353441157,-5.692061405548898e-19,0.07480679018463135,-0.9959846015255047
9.216666567999999,0.048977833199153886,4.336808689942018e-19,0.06882261645773673,-0.9964259226450439
9.249999901333332,0.04834841070529024,-7.589415207398531e-19,0.07819421176262856,-0.9957650809448451
9.283333234666665,0.04733381960613697,0.0,0.09823623570674969,-0.9940367958559994
9.316666568,0.046394803337923556,4.87890977618477e-19,0.11708177979487701,-0.9920379927519406
9.349999901333334,0.0457289275241096,-3.7947076036992655e-19,0.13234879119513812,-0.9901477983900588
9.383333234666667,0.045370213443283854,-9.215718466126788e-19,0.1490426753293623,-0.9877893624972771
9.416666568,0.04524200550246766,1.0842021724855044e-19,0.16038782957305622,-0.9860166859962153
9.449999901333333,0.04501697600359706,8.673617379884035e-19,0.16851271620839525,-0.9846709787271891
9.483333234666667,0.04465403908428049,1.1655173354219173e-18,0.17029331171944195,-0.9843811278042082
9.516666568,0.044030224961408716,-1.463672932855431e-18,0.1566729801041653,-0.9866685951195201
9.549999901333333,0.04313701265020226,2.168404344971009e-19,0.1377018242893646,-0.9895339335904543
9.583333234666666,0.04208279385976828,-9.75781955236954e-19,0.113920996548647,-0.9925981286534443
9.616666568,0.04094725219793765,4.336808689942018e-19,0.0887018338471712,-0.995216211287571
9.649999901333333,0.03972397135558212,-4.336808689942018e-19,0.06957412998488978,-0.9967855569462203
9.683333234666666,0.038615388072139836,-2.710505431213761e-19,0.06279847048950396,-0.9972788997608527
9.716666567999999,0.037655195079556204,-1.2197274440461925e-19,0.06384556569270253,-0.9972491313733491
9.749999901333332,0.03694714646379429,-5.014435047745458e-19,0.06661850576351278,-0.9970942197495781
9.783333234666665,0.03653374545097237,-8.809142651444724e-20,0.06816093092455704,-0.9970052020620662
9.816666568,0.03618480905637753,1.2536087619363645e-19,0.0665210541854831,-0.9971286822389605
9.849999901333334,0.03584386027811685,1.0842021724855044e-19,0.0644474155261645,-0.9972771672470804
9.883333234666667,0.035565122290786975,3.9302328752599536e-19,0.05988901389476243,-0.9975712646679206
9.916666568,0.03542288660564384,2.168404344971009e-19,0.049489772775998454,-0.9981462725949057
9.949999901333333,0.03536462551190433,-1.0842021724855044e-19,0.03716960028762218,-0.9986830148134399
9.983333234666667,0.03521709493536706,3.2526065174565133e-19,0.027716917250800353,-0.9989952596095868
10.016666568,0.034953685790960386,5.421010862427522e-20,0.02979472228021604,-0.998944700358269
10.049999901333333,0.03469294849829172,-2.439454888092385e-19,0.040213611242752946,-0.9985886364240841
10.083333234666666,0.03452485002529367,-8.131516293641283e-20,0.05325224147658367,-0.9979840847971728
10.116666568,0.034369795417181125,1.6263032587282567e-19,0.0733955877751266,-0.9967104919976135
10.149999901333333,0.0342011416180669,-2.168404344971009e-19,0.0966770537649278,-0.9947280176949648
10.183333234666666,0.03409767062152286,-1.0842021724855044e-19,0.11807606254775922,-0.992418960072511
10.216666567999999,0.03415580009766836,5.421010862427522e-20,0.13584396856417374,-0.9901413017970839
10.249999901333332,0.03428540863376768,-5.421010862427522e-19,0.15342718853598045,-0.987564989543858
10.283333234666665,0.034318859115366945,-5.421010862427522e-20,0.16049735315458796,-0.986439463697287
10.316666568,0.034318707054550965,-7.047314121155779e-19,0.17790303740264946,-0.9834494067459779
10.349999901333334,0.034394129319852695,1.6263032587282567e-19,0.20350560611897323,-0.9784694743048853
10.383333234666667,0.03479329662918788,1.8431436932253575e-18,0.22674670759698468,-0.9733320898355303
10.416666568,0.035559441624700754,5.55653613398821e-19,0.24051518298355135,-0.96999380042644
10.449999901333333,0.03658408034239139,-6.911788849595091e-19,0.25034573275179683,-0.9674650480293681
10.483333234666667,0.03757711728450359,-1.5585406229479126e-18,0.25423200720174893,-0.9664129794092982
10.516666568,0.03839364564706097,-1.395910297075087e-18,0.2586054619002911,-0.9652197382198858
10.549999901333333,0.03884921870504943,2.0599841277224584e-18,0.25884375147035227,-0.9651376329471159
10.583333234666666,0.0389598707060426,1.531435568635775e-18,0.2596388016950805,-0.9649195930899689
10.616666568,0.038903774317510305,2.520770051028798e-18,0.26215852450507976,-0.9642403250088495
10.649999901333333,0.03882842861705659,-6.505213034913027e-19,0.264335522081936,-0.9636488389952019
10.683333234666666,0.03883157540114383,5.505714157152952e-19,0.2633511611659553,-0.9639181887818118
10.716666567999999,0.03884926424173395,-2.6529071908004687e-18,0.26353770981288227,-0.9638664898078245
10.749999901333332,0.03879038363841242,-9.0801931945661e-19,0.26649542135696347,-0.9630552925626645
10.783333234666665,0.03866066729804581,-8.538092108323347e-19,0.2713453195483269,-0.9617052928851366
10.816666568,0.03850386763165621,-5.149960319306146e-19,0.2789787246707632,-0.9595250509280508
10.849999901333334,0.038253508428273804,-8.538092108323347e-19,0.2829893059345598,-0.9583599124648339
10.883333234666667,0.03803353196314995,-1.463672932855431e-18,0.28831390948996083,-0.9567802987316486
10.916666568,0.037788444160503774,6.505213034913027e-19,0.29259735915032165,-0.9554887853377381
10.949999901333333,0.037587841668592484,-1.2061749168901237e-18,0.29573168520422694,-0.9545312590612027
10.983333234666667,0.037475578268508496,-1.9244588561617704e-18,0.30356706887083373,-0.9520727995960243
11.016666568,0.03713451280277156,-7.589415207398531e-19,0.3105338743440106,-0.9498366916706257
11.049999901333333,0.0367024489885154,1.0842021724855044e-19,0.32896748063740144,-0.9436277480666444
11.083333234666666,0.03614345416081664,-1.951563910473908e-18,0.35044912588015653,-0.9358841065490744
11.116666568,0.03558400440882706,1.1926223897340549e-18,0.37191340059811273,-0.9275851449251331
11.149999901333333,0.03508482359600247,-1.463672932855431e-18,0.392312821726104,-0.9191625019889245
11.183333234666666,0.03476106442545145,-2.8731357570865868e-18,0.4132738965388327,-0.9099430503276674
11.216666567999999,0.03459549333299952,-1.2468324983583301e-18,0.4310616907166473,-0.9016590101793206
11.249999901333332,0.03457726123277504,2.168404344971009e-19,0.44143625150723004,-0.8966261477677785
11.283333234666665,0.034512866804363586,-3.3203691532368573e-19,0.4430516124725344,-0.8958315303171862
11.316666568,0.03451944789020851,-1.046085689859061e-18,0.44253569289046113,-0.8960862504442945
11.349999901333334,0.0346473240837104,-2.862971361719535e-19,0.4451894744199021,-0.8947658323827357
11.383333234666667,0.03476733973489366,-3.9979955110402976e-19,0.4458925881855868,-0.8944109971869294
11.416666568,0.03499024210366402,5.692061405548898e-19,0.4459711805951104,-0.8943631192284992
11.449999901333333,0.03527642627594806,-2.9544509200229996e-18,0.4500609796363531,-0.892300783569063
11.483333234666667,0.03541744200053265,-1.4907779871675686e-18,0.4577762466245463,-0.8883617015768304
11.516666568,0.03542158134456568,-9.215718466126788e-19,0.4683768955473109,-0.8828184384642824
11.549999901333333,0.03530845623910235,5.692061405548898e-19,0.47715842955548415,-0.8781077075291821
11.583333234666666,0.035226654898207685,1.463672932855431e-18,0.4845834247173315,-0.8740354611077888
11.616666568,0.03515590665754223,-1.5111067779016718e-18,0.48808877175189097,-0.8720856684505353
11.649999901333333,0.03518459599783002,3.5914196963582334e-19,0.48643661427383267,-0.8730071388587152
11.683333234666666,0.03551632327108967,-5.421010862427522e-19,0.4808834836262286,-0.8760648754269323
11.716666567999999,0.035903431595611844,5.963111948670274e-19,0.46675655974598496,-0.8836567532326972
11.749999901333332,0.03620254775936069,1.8431436932253575e-18,0.4503196616639727,-0.8921331615036943
11.783333234666665,0.036444774541198786,-1.3823577699190182e-18,0.43730068719095955,-0.8985765896076726
11.816666568,0.036561583055072344,-2.222614453595284e-18,0.42800296351493655,-0.9030374930571482
11.849999901333334,0.03663437190630005,-2.0328790734103208e-19,0.42223081007177476,-0.9057477937158687
11.883333234666667,0.036643421801784294,-2.4936649967166602e-18,0.41540195440772903,-0.9088995961671978
11.916666568,0.03651477974678726,5.014435047745458e-19,0.40857982137509674,-0.9119918861618989
11.949999901333333,0.0362431687130754,-3.3068166260807885e-18,0.40080615205120196,-0.9154457172326191
11.983333234666667,0.03583610151426344,0.0,0.3892209315481506,-0.9204470871663668
12.016666568,0.03536235534224015,-2.2497195079074217e-18,0.37563933395256915,-0.9260910293336824
12.049999901333333,0.03506898735329182,2.168404344971009e-19,0.36567237951535797,-0.9300827258828059
12.083333234666666,0.03502729058094493,7.318364664277155e-19,0.3629360641429235,-0.9311554662133503
12.116666568,0.035159478285124536,-7.250602028496811e-19,0.3659986067649181,-0.9299509830807519
12.149999901333333,0.03528018989616039,6.2341624917916505e-19,0.37400844681028245,-0.9267540072292382
12.183333234666666,0.03529849839043479,1.4094628242311558e-18,0.3876594045720334,-0.9211265939371402
12.216666567999999,0.03527178735263518,9.215718466126788e-19,0.4089164679419951,-0.9118899183908078
12.249999901333332,0.035205490134682244,1.6805133673525319e-18,0.4332397085100778,-0.9005908773879956
12.283333234666665,0.03517006088869669,2.927345865710862e-18,0.4562130059368966,-0.8891753258110049
12.316666568,0.03522587469184691,4.87890977618477e-19,0.47640148467590304,-0.8785219195619365
12.349999901333334,0.035310692925463266,-1.5720931501039814e-18,0.4946082548620429,-0.868398427674445
12.383333234666667,0.035378995856913495,1.0842021724855044e-18,0.5077086034114332,-0.8608021263183361
12.416666568,0.035481101613809046,3.0493186101154812e-18,0.5139819853228147,-0.8570668644813475
12.449999901333333,0.035513954652478134,-1.8126505071242027e-18,0.5138680574431802,-0.8571338160197124
12.483333234666667,0.03550234085404792,-4.472333961502706e-19,0.5172151992967917,-0.8551187177288677
12.516666568,0.035433198417744234,1.0842021724855044e-18,0.5239002559551252,-0.8510423081492736
12.549999901333333,0.03532272723964496,-8.131516293641283e-20,0.5309604928118749,-0.8466600616618954
12.583333234666666,0.035335771518202885,-2.0464316005663896e-18,0.5361215363370874,-0.8434009020191847
12.616666568,0.03548601621261261,4.0657581468206416e-19,0.5411365700832866,-0.8401856670830884
12.649999901333333,0.035601889080439555,-2.2802126940085765e-18,0.5425447523518951,-0.8392721234434783
12.683333234666666,0.03565330114721065,-4.743384504624082e-19,0.5391385891803654,-0.8414620750657226
12.716666567999999,0.03567349451583931,-2.3310346708438345e-18,0.5337505564275528,-0.8448891911382855
12.749999901333332,0.03558422488296467,1.5043305143236374e-18,0.5251959946913174,-0.8502369846693784
12.783333234666665,0.03549814367141383,-3.0222135558033436e-18,0.5167873638214086,-0.8553775203910859
12.816666568,0.03556117769512835,-3.3881317890172014e-19,0.5113940209506606,-0.8586102480036276
12.849999901333334,0.035677932510573836,-1.3552527156068805e-19,0.504906785814681,-0.8624362137399257
12.883333234666667,0.035743858827411684,-1.0977546996415732e-18,0.4993036629663826,-0.865689452808846
12.916666568,0.03575399457256018,-6.945670167485263e-20,0.4985121587697265,-0.8661450683522088
12.949999901333333,0.0356235255389799,-3.198396408832238e-18,0.5006880280400843,-0.8648944808504131
12.983333234666667,0.0355778687478679,6.505213034913027e-19,0.5067410795427788,-0.8613638566594135
13.016666568,0.03560119906881745,-6.2341624917916505e-19,0.5154106849394265,-0.8562034690861358
13.049999901333333,0.03557452213781532,9.486769009248164e-19,0.523554133714558,-0.8512493891011405
13.083333234666666,0.03522597977397001,-5.031375706690544e-19,0.5236582539204714,-0.8511998375528081
13.116666568,0.034570117661871055,-3.144186300207963e-18,0.501720190401911,-0.8643389135680024
13.149999901333333,0.03409105791735145,-5.421010862427522e-19,0.47795987355635844,-0.8777198636467479
13.183333234666666,0.033588056972937604,-1.2197274440461925e-18,0.45426762160671663,-0.8902318632741473
13.216666567999999,0.032991774433392414,7.724940478959219e-19,0.4391307901845247,-0.8978171817979712
13.249999901333332,0.032505719879476334,1.5924219408380846e-18,0.42902844622862657,-0.9027059158451148
13.283333234666665,0.03220083898495821,2.5343225781848666e-18,0.42004849454019827,-0.9069301892666148
13.316666567999999,0.032180177389175404,-1.111307226797642e-18,0.41489898322631036,-0.9092982293510613
13.349999901333334,0.03223624578878932,-1.802486111757151e-18,0.4093118898487912,-0.9118248742416801
13.383333234666667,0.032216603261960075,1.8973538018496328e-19,0.4025452016054878,-0.914833018172529
13.416666568,0.032125789787906416,-2.1141942363467336e-18,0.3861924301942119,-0.9218586336804532
13.449999901333333,0.03222519395582344,-1.6805133673525319e-18,0.3650083179698816,-0.9304463792649782
13.483333234666667,0.032583154430591156,-1.111307226797642e-18,0.35075415684081546,-0.9359005606934109
13.516666568,0.03306598677692969,8.944667923005412e-19,0.346586956463899,-0.9374348628718475
13.549999901333333,0.0335841420519253,-6.030874584450618e-19,0.35029498258895625,-0.9360371416646024
13.583333234666666,0.03401088346616397,5.319366908757006e-19,0.35577939663695535,-0.933950898460136
13.616666568,0.034337932695177965,-1.836367429647323e-18,0.36140560990766335,-0.9317762024786271
13.649999901333333,0.034586639567349524,4.228388472693467e-18,0.3705333174973131,-0.928174996963328
13.683333234666666,0.03468324783030405,2.1141942363467336e-18,0.38475453865493486,-0.922367072972778
13.716666567999999,0.034633547236923516,1.7889335846010823e-18,0.39974559901861934,-0.9159716007994098
13.749999901333332,0.034517239480414144,3.5236570605778894e-19,0.41203080167953204,-0.9105158859931957
13.783333234666665,0.034497632247509916,-1.3552527156068805e-19,0.4251039515974823,-0.9044868952646694
13.816666567999999,0.0345227541735561,9.41900637346782e-19,0.43061361051130476,-0.9018758772063318
13.849999901333334,0.034756889223922255,5.692061405548898e-19,0.42450210526395243,-0.9047595930842338
13.883333234666667,0.03529956485750868,7.860465750519907e-19,0.4189397542253449,-0.9073276271835209
13.916666568,0.03588252988744868,-1.1384122811097797e-18,0.41658576669562647,-0.9083879914637212
13.949999901333333,0.036290571198233826,2.7376104855258987e-18,0.41997389870555524,-0.9068102992622891
13.983333234666667,0.03655439392031597,-2.710505431213761e-20,0.42998418129557325,-0.9020961035946746
14.016666568,0.036762029086292086,1.3010426069826053e-18,0.44304819736894835,-0.8957437401542833
14.049999901333333,0.037027013907836456,5.692061405548898e-19,0.458699714975293,-0.8878195603401932
14.083333234666666,0.037338959888537845,5.231275482242559e-18,0.47508364588431523,-0.879148071423528
14.116666568,0.037524476291470286,2.1412992906588713e-18,0.4867240139488978,-0.8727494760379546
14.149999901333333,0.03758108107037041,-2.032879073410321e-18,0.49142171484589975,-0.8701105450018966
14.183333234666666,0.0375412207467416,1.971892701208011e-18,0.488419147626918,-0.8718012347870582
14.216666567999999,0.037501511463021844,3.6591823321385775e-19,0.48429080047850653,-0.8741030014877402
14.249999901333332,0.03755252943207609,1.6940658945086007e-19,0.48135314247326316,-0.8757219648749068
14.283333234666665,0.037672328777638334,-1.4907779871675686e-18,0.47574373617256766,-0.8787768164540048
14.316666567999999,0.03789402698680032,3.06287113727155e-18,0.4710431928271025,-0.8812958375085932
14.349999901333334,0.037936381311699324,-4.0657581468206416e-20,0.4735913047889914,-0.8799273305229438
14.383333234666667,0.03743554246324508,1.5720931501039814e-18,0.48709308570570975,-0.8725473660599594
14.416666568,0.03659879421956647,-9.215718466126788e-19,0.5059163445132945,-0.8618057673373852
14.449999901333333,0.03584672506959194,-8.673617379884035e-19,0.5204195308682039,-0.8531579714171952
14.483333234666667,0.035349956746805224,3.876022766635678e-18,0.5294830283591072,-0.8475836850940843
14.516666568,0.03528591756919141,4.37069000783219e-19,0.5335246326651493,-0.8450481467708322
14.549999901333333,0.03550858695614191,-1.7618285302889447e-18,0.529631862283832,-0.8474840592637352
14.583333234666666,0.03597808477081716,1.6534083130403943e-18,0.5231280286315638,-0.8514943588047296
14.616666568,0.03651780484154637,5.421010862427522e-19,0.5154169024253459,-0.8561611218829178
14.649999901333333,0.03691245212526361,5.421010862427522e-20,0.5067651510284452,-0.8612935345056396
14.683333234666666,0.037173453089552465,-1.009663273127126e-18,0.5053405332555675,-0.8621189476135978
14.716666567999999,0.037287234409261086,-1.802486111757151e-18,0.5087354623043816,-0.8601150455282457
14.749999901333332,0.037335937006385884,-4.167402100491158e-18,0.5127061194608455,-0.8577519821459209
14.783333234666665,0.03751120277238273,-1.2807138162485021e-18,0.5184552375403805,-0.8542816141844075
14.816666567999999,0.037658541945948414,-9.385125055577648e-19,0.5217456169660192,-0.8522695262622343
14.849999901333334,0.03782658170475054,2.981555974335137e-19,0.5215993173145518,-0.852351630428151
14.883333234666667,0.037912573566411624,-4.743384504624082e-19,0.5177305477589366,-0.854703291606393
14.916666568,0.03773097682493578,-1.2197274440461925e-18,0.5069900695175887,-0.8611256835087353
14.949999901333333,0.037502828748524716,4.336808689942018e-19,0.49708173552616397,-0.8668928919088885
14.983333234666667,0.03734780895447863,1.917682592583736e-18,0.4916458163088378,-0.8699939841586931
15.016666568,0.0373114741758119,-1.951563910473908e-18,0.4884780907009307,-0.8717780731355895
15.049999901333333,0.03727251770752531,1.633079522306291e-18,0.4855147408529681,-0.8734335669289437
15.083333234666666,0.037223441582823834,1.870248747537495e-18,0.48537237819322665,-0.8735147794306526
15.116666568,0.037095272960089916,1.5720931501039814e-18,0.4903620890985585,-0.8707289832656967
15.149999901333333,0.03695088806241885,3.7947076036992655e-19,0.5014158912619582,-0.8644169918860775
15.183333234666666,0.036854143293749496,-2.6020852139652106e-18,0.5138754846489353,-0.8570727847732104
15.216666567999999,0.03683456569698872,2.439454888092385e-19,0.5253915038584812,-0.8500629285195525
15.249999901333332,0.03695594396890424,-1.0028870095490916e-18,0.536196525342736,-0.8432837864062986
15.283333234666665,0.03719495313506699,9.961107459710572e-19,0.5452816826124607,-0.8374272637480845
15.316666567999999,0.03762516379005549,1.5382118322138094e-18,0.5506634333436032,-0.8338789661743522
15.349999901333334,0.0380197338854467,5.285485590866834e-19,0.5491612424150117,-0.834851142219067
15.383333234666667,0.03814400719019046,1.3010426069826053e-18,0.5458348931804774,-0.8370240761782968
15.416666568,0.0381037741541223,-4.20128341838133e-18,0.549141356889769,-0.834860391052585
15.449999901333333,0.03787330332351639,1.5720931501039814e-18,0.5542639069527168,-0.8314788838839356
15.483333234666667,0.03760912963192538,0.0,0.5560644149714127,-0.830287853560938
15.516666568,0.037598488310917985,1.734723475976807e-18,0.5573779833094916,-0.8294070999205264
15.549999901333333,0.03775272292700999,-1.5280474368467578e-18,0.5585027864681104,-0.8286430892844958
15.583333234666666,0.03808857869285503,-1.260385025514399e-18,0.5586001289197279,-0.8285621015615073
15.616666568,0.038477468655515594,4.119968255444917e-18,0.5544259054141408,-0.8313431300080456
15.649999901333333,0.03874609931847285,1.7618285302889447e-18,0.5462677519114316,-0.8367139792122716
15.683333234666666,0.03903694567962376,5.1228552649940085e-18,0.5393285256545187,-0.8411901439551759
15.716666567999999,0.039418501023522755,5.963111948670274e-19,0.5361028160252524,-0.8432318497464698
15.749999901333332,0.039804690740079196,-1.870248747537495e-18,0.533418611226842,-0.8449142984894468
15.783333234666665,0.04025246793442856,8.131516293641283e-19,0.5300143977012312,-0.8470327485136506
15.816666567999999,0.04058952776379959,-1.883801274693564e-18,0.5272328877658217,-0.8487508305115373
15.849999901333334,0.040789428301165366,2.2497195079074217e-18,0.5282845426205889,-0.8480870619028564
15.883333234666667,0.0409796874650022,-1.5077186461126546e-18,0.530431991481428,-0.8467364215789454
15.916666568,0.04127096895463523,-6.2341624917916505e-19,0.5300904004337268,-0.8469361690762515
15.949999901333333,0.041618806647131856,-1.8973538018496328e-18,0.5265303995464207,-0.849136981462211
15.983333234666667,0.04202325691037356,1.8973538018496328e-18,0.5202078802510499,-0.8530051624716899
16.016666568,0.042378941863130855,2.4936649967166602e-18,0.5132027458619809,-0.8572204890961744
16.049999901333333,0.04265306852768779,-1.6534083130403943e-18,0.5038731230819569,-0.8627239370626084
16.083333234666668,0.04282162466103117,2.710505431213761e-20,0.4938693099133765,-0.8684810954690235
16.116666568000003,0.042734624373111846,-6.505213034913027e-19,0.4831777346824279,-0.8744787182012186
16.149999901333334,0.04241904607239305,-3.876022766635678e-18,0.47984819712314436,-0.876325471641659
16.18333323466667,0.04191999593569994,-1.4094628242311558e-18,0.4863612049917515,-0.8727516784399342
16.216666568,0.041323858046938604,4.336808689942018e-19,0.49686217579611863,-0.8668450363353667
16.249999901333336,0.04083572971488849,-5.421010862427522e-19,0.5071315973418671,-0.8609006830965689
16.283333234666667,0.04056731351909777,-1.951563910473908e-18,0.5182341299942311,-0.8542761143699183
16.316666568000002,0.04052778665723109,1.1655173354219173e-18,0.5287547731607724,-0.8478065158798711
16.349999901333334,0.04056188265248386,-7.860465750519907e-19,0.5343740134191929,-0.8442743318720228
16.38333323466667,0.04059322942209315,9.994988777600744e-19,0.5346649045593388,-0.8440886384483792
16.416666568,0.04065390472066349,-2.202285662861181e-18,0.5355381537014204,-0.8435319472083065
16.449999901333335,0.04067898005701736,-2.1650162131819917e-18,0.5361193405489258,-0.8431614752056131
16.483333234666667,0.04076440876713747,-2.9984966332802232e-18,0.5367950596833467,-0.8427273146619956
16.516666568,0.04084966781612546,-1.2400562347802957e-18,0.5348175641276042,-0.8439795481763337
16.549999901333333,0.041031993976896684,-1.2061749168901237e-18,0.5353888802614655,-0.8436083939617091
16.583333234666668,0.04127444111743001,6.369687763352339e-19,0.5412428652528338,-0.8398527140655953
16.616666568000003,0.04151158127898806,-7.386127300057499e-19,0.5475581046070286,-0.8357373455212328
16.649999901333334,0.04178331393983735,1.0909784360635388e-18,0.5505659931606491,-0.8337453099425707
16.68333323466667,0.04223096586672066,1.0164395367051604e-18,0.5535577461979159,-0.8317393625086215
16.716666568,0.04280677595889691,-3.0086610286472748e-18,0.5531106363007143,-0.83200733406805
16.749999901333336,0.043358704970416696,3.3068166260807885e-18,0.5480834751178418,-0.8352990644110878
16.783333234666667,0.04381701845571978,5.963111948670274e-19,0.5391413191443025,-0.841074733234207
16.816666568000002,0.044222113391443246,6.505213034913027e-19,0.5310011609684432,-0.8462163858832797
16.849999901333334,0.044434657976961285,2.3852447794681098e-18,0.5232962588987826,-0.8509915314461178
16.88333323466667,0.04438092626329161,-4.099639464710814e-18,0.5179042318872882,-0.8542865678314568
16.916666568,0.04404297080653218,-2.3310346708438345e-18,0.5159642887175426,-0.8554771005063405
16.949999901333335,0.04354814069438403,2.7376104855258987e-18,0.5160821441347156,-0.8554313414572655
16.983333234666667,0.043107871753003686,1.7889335846010823e-18,0.5190968174575179,-0.8536276738124199
17.016666568,0.0426808143663581,0.0,0.5265497465816119,-0.8490722657464822
