0.03336666666666667,-0.9721289034944823,-0.006458153231978053,0.23435803218035414
0.23336666666666667,-0.9725279435641886,-0.02598297717426892,0.2313315453715122
0.4333666666666667,-0.9852093852815784,-0.1012019940703622,0.1382773428630915
0.6333666666666667,-0.9328829546868971,-0.35982513648563336,0.01597698368718251
0.8333666666666667,-0.8249349005563555,-0.5543458185104931,-0.11037718670090887
1.0333666666666668,-0.7133696403768133,-0.6502131478449458,-0.2613936084877041
1.233366666666667,-0.5520687633965631,-0.7709794170132304,-0.31750719523142956
1.433366666666667,-0.4955848041708329,-0.8233327484229721,-0.2766204751084632
1.6333666666666669,-0.5531395502066798,-0.7872979209239097,-0.27239423948762465
1.8333666666666668,-0.5836241173183088,-0.7694188807184638,-0.25957171586744804
2.0333666666666668,-0.558057468741651,-0.7915202431075256,-0.2491336314764934
2.233366666666667,-0.5203156842892515,-0.8108510103357247,-0.26794071680157594
2.433366666666667,-0.5270233069195341,-0.7896701795169023,-0.31411373982260393
2.633366666666667,-0.5220800524119519,-0.7710243375368614,-0.36462842703137976
2.833366666666667,-0.4597481531253207,-0.7812822532264586,-0.42217256719408536
3.0333666666666668,-0.37487472513136516,-0.766226760708158,-0.5218864738929018
3.233366666666667,-0.27518641807373767,-0.7743905165796081,-0.5697295526294156
3.433366666666667,-0.23252064330723612,-0.7598306733124888,-0.6071173678371251
3.633366666666667,-0.22312295656817904,-0.746403741213921,-0.6269749607074723
3.833366666666667,-0.24498497644530876,-0.7392670921866461,-0.6272691031176277
4.033366666666667,-0.24714497329192858,-0.7443831908341466,-0.6203329971717663
4.233366666666667,-0.25166939934733445,-0.7431163154611056,-0.6200327855264292
4.433366666666667,-0.2297561721670448,-0.7372852733095747,-0.6353129363644134
4.633366666666667,-0.19047661747986988,-0.7384052261137843,-0.6468975036597984
4.8333666666666675,-0.15034439219721907,-0.7425775437913048,-0.6526677218858937
5.033366666666667,-0.13864918572112533,-0.7416810649919916,-0.6562664101805108
5.233366666666667,-0.12995034060022953,-0.7432765756528239,-0.6562414502785511
5.433366666666667,-0.1172163568932321,-0.746257076494808,-0.6552562105452351
5.633366666666667,-0.11149510777976349,-0.7519005373276442,-0.6497802881802277
5.8333666666666675,-0.10413828725561153,-0.7637243170884834,-0.6370874230552644
6.033366666666667,-0.10475771987530721,-0.777108358548475,-0.620587156812499
6.233366666666667,-0.10720084561110196,-0.7806512987743901,-0.615704091607424
6.433366666666667,-0.09514671272480324,-0.7563647159476856,-0.6471935719141844
6.633366666666667,-0.08151127705974684,-0.7372038234670147,-0.6707357410916045
6.8333666666666675,-0.07078631303184568,-0.7215008573119582,-0.6887857510035081
7.033366666666667,-0.06061627892666249,-0.7025943531757203,-0.7090041196034595
7.233366666666667,-0.060013109422431044,-0.703032448665212,-0.7086210572804398
7.433366666666667,-0.05332260853248111,-0.7137128832260397,-0.6984057701196814
7.633366666666667,-0.05549963532608898,-0.7188750234176488,-0.6929202632229382
7.8333666666666675,-0.054010391556665704,-0.7430650223376197,-0.6670361685713064
8.033366666666666,-0.059113827529307494,-0.7861481506332522,-0.6152045518774656
8.233366666666667,-0.06252295566350663,-0.8280890512833186,-0.557099096355211
8.433366666666666,-0.0500272188192315,-0.870675870674782,-0.48930645366878484
8.633366666666666,-0.03830786944340536,-0.8992793638478709,-0.4356938522587578
8.833366666666667,-0.01723006117528786,-0.9226328828834797,-0.3852942880630531
9.033366666666666,0.015042771270656674,-0.9300123137809267,-0.3672203851209057
9.233366666666667,0.05728551028680612,-0.9073087553957598,-0.41654434661075107
9.433366666666666,0.06343616693095111,-0.8988605884388858,-0.43361906701205943
9.633366666666667,0.12987454264325476,-0.9778882912655233,-0.16391184514549387
9.833366666666667,0.17305960567060058,-0.9788349664146505,-0.10923589798764359
10.033366666666666,0.1694527413372403,-0.9845389201518476,-0.044372098885769345
10.233366666666667,-0.0009009763221253797,-0.999603678666509,0.028136699132087842
10.433366666666666,-0.1929076127360147,-0.9749544476994442,0.11068187683430147
10.633366666666667,-0.2972322366269497,-0.9434837971949195,0.1465991880618622
10.833366666666667,-0.3927885291317724,-0.9016870697680831,0.18076946532959476
11.033366666666666,-0.5981080327729944,-0.7889745794137083,0.14066234098500233
11.233366666666667,-0.8122685278829845,-0.5677198900746513,0.1338430611740311
11.433366666666666,-0.9297706137847009,-0.3325767052389692,0.15785861039174343
11.633366666666667,-0.9771505843436459,-0.18711927488078778,0.1008122635643123
11.833366666666667,-0.9980185356699582,0.028728540122478094,0.05597922330314922
12.033366666666666,-0.9638309577849477,0.2662050873043822,-0.012834964301325153
12.233366666666667,-0.9403344367976446,0.33781253732908734,-0.04066738983191113
12.433366666666666,-0.9422205394244597,0.3294145220675208,-0.060881259330823084
12.633366666666667,-0.9602774461792996,0.26647731851626155,-0.08280739746994464
12.833366666666667,-0.9903118455129356,0.10434288684620517,-0.09162429045489978
13.033366666666666,-0.9845051736894388,-0.09676855197577189,-0.14623751340624033
13.233366666666667,-0.8563889538172922,-0.49184450777238226,-0.15712078141947755
13.433366666666666,-0.5784241860311535,-0.8084678892306502,-0.10865142933774428
13.633366666666667,-0.405363346324839,-0.9119909960950988,-0.06287273254597832
13.833366666666667,-0.3036941581226586,-0.9522419434042813,-0.03170393577787628
14.033366666666666,-0.31210095147577926,-0.9493934215116051,0.03528636108188359
14.233366666666667,-0.4265879554180428,-0.8667934761059308,0.25824752868604767
14.433366666666666,-0.5189185917544239,-0.7321947761793881,0.44115111341491753
14.633366666666667,-0.559744316825176,-0.6583448297600396,0.503257771832827
14.833366666666667,-0.5673080157558569,-0.6363150071672878,0.5227473834586325
15.033366666666666,-0.5226256660692756,-0.6507871654777312,0.5507617256265235
15.233366666666667,-0.40917192237296557,-0.6861337666275733,0.6014971257080709
15.433366666666666,-0.19299847774647508,-0.803529977567418,0.5631084822110644
15.633366666666667,0.06446553564165408,-0.869939059055849,0.48892763088565455
15.833366666666667,0.13416837293341777,-0.8626186614351085,0.48773752433896383
16.033366666666666,0.22920829483109972,-0.8649839271740942,0.44639261117440204
16.233366666666665,0.39223161066214723,-0.8481330903031153,0.35612445118282093
16.433366666666668,0.5339261525015081,-0.8378193954822266,0.11393649208542733
16.633366666666667,0.5249014951368494,-0.8242331186260645,-0.2124104200905697
16.833366666666667,0.40517221771745504,-0.7624847853403871,-0.504432776605905
17.033366666666666,0.30224950414379037,-0.7096797428006505,-0.6363960244244422
17.233366666666665,0.1971772198553123,-0.7015547278529056,-0.6847934782088433
17.433366666666668,0.03744913298468655,-0.730395249433818,-0.6819973182082216
17.633366666666667,-0.14739914448994523,-0.7400403397730658,-0.6562116942818055
17.833366666666667,-0.46368418718176235,-0.7124171346634344,-0.5267435816367678
18.033366666666666,-0.7468377539352788,-0.5354351831641398,-0.394388810600518
18.233366666666665,-0.8467854095004829,-0.3878911709649545,-0.36399850239326015
18.433366666666668,-0.9040800938391227,-0.21103266937038823,-0.3716239986629653
18.633366666666667,-0.9347320902780784,-0.08414950519142764,-0.34524597054913264
18.833366666666667,-0.9549364400075087,0.08047113292176074,-0.2856935286492752
19.033366666666666,-0.9388450514215709,0.20092320241175876,-0.27964233612568584
19.23336666666667,-0.8997893903507987,0.25088028275714236,-0.3569847850200819
19.433366666666668,-0.8183492158937059,0.19787761139902074,-0.5395822567071449
19.633366666666667,-0.7547627304936553,-0.07253140424684566,-0.6519757787339514
19.833366666666667,-0.6742871676430692,-0.29751269647891115,-0.6758868329726027
20.033366666666666,-0.5859526147561216,-0.4657023373500065,-0.6631597592188514
20.23336666666667,-0.5172639139884676,-0.5936599928826463,-0.6164461502320437
20.433366666666668,-0.57193598227023,-0.6241548969754205,-0.532278025815635
20.633366666666667,-0.6018270094943936,-0.6560745234718699,-0.45537947943906554
20.833366666666667,-0.6178622697747097,-0.6878354238357388,-0.3809575374048314
21.033366666666666,-0.6607932290953704,-0.6817232169460331,-0.3140155471604318
21.23336666666667,-0.7277001112001453,-0.5864855817751481,-0.3556504049332182
21.433366666666668,-0.7629890321084614,-0.6372383072557285,-0.1085130252460376
21.633366666666667,-0.7086436301892447,-0.6914079604004795,0.14063867777769246
21.833366666666667,-0.6269920877078448,-0.7222537411425631,0.2919425548927902
22.033366666666666,-0.618601913578814,-0.6799172096901882,0.39375660055894735
22.23336666666667,-0.7061224962169821,-0.459827159131019,0.5384700586493133
22.433366666666668,-0.7567570751436252,-0.24147197909313006,0.6074619432795053
22.633366666666667,-0.7777332411320024,-0.17101232039417272,0.6048849410521896
22.833366666666667,-0.8573692093667485,-0.10578879393542964,0.5037129836598655
23.033366666666666,-0.9874400969410113,-0.038431822195414876,0.1532483278729873
23.23336666666667,-0.9802726134790486,0.17957811618982003,-0.0825669634216488
23.433366666666668,-0.8677090331763744,0.4903323235432686,-0.08157969252688539
23.633366666666667,-0.764710009340932,0.637649194088094,-0.09285530083197491
23.833366666666667,-0.9366383223423227,0.3313691601573053,-0.11359195753398067
24.033366666666666,-0.620337423703482,-0.7815803193587222,0.06567865059548808
24.23336666666667,0.30894795224141414,-0.9396758710916782,0.146834669250599
24.433366666666668,0.15511113136093174,-0.9856423880799788,-0.06670547014997201
24.633366666666667,-0.49705351567469747,-0.8598686202537177,-0.11646354991322959
24.833366666666667,-0.7222470339135267,-0.6813963829229465,-0.11856724396998837
