0.03999998387356878,-0.985327831022932,0.027925156450899383,0.1683723583277173
0.2399999838735688,-0.987453214962717,0.007890239399876764,0.15771459153168674
0.4399999838735688,-0.984132351489579,0.00023309666865389003,0.1774357923800443
0.6399999838735688,-0.9844961914158997,-0.05935691319391624,0.16505758372058474
0.8399999838735688,-0.9757360901140429,-0.15826679926019743,0.1512967372447028
1.0399999838735687,-0.953357827315036,-0.273870789766318,0.12690013242675563
1.239999983873569,-0.9341874372070536,-0.33829416027860454,0.11336178053431985
1.4399999838735689,-0.9294672919139436,-0.34506781892588995,0.1304559450691651
1.6399999838735688,-0.9312854397696413,-0.3309220034893295,0.15230908469186738
1.8399999838735688,-0.9371116746897303,-0.3058450870942431,0.1681680464907756
2.0399999838735687,-0.9455394606210734,-0.25772577881389946,0.198827944070188
2.239999983873569,-0.9560241552351044,-0.15491999841858284,0.24903334856398526
2.439999983873569,-0.9646965244085806,0.008949658754882794,0.26321192868518795
2.639999983873569,-0.9469125693463406,0.18618531839789804,0.26209084918589914
2.839999983873569,-0.922214865825451,0.28799254538903307,0.25803107380873963
3.0399999838735687,-0.9159605764998592,0.3059885413191492,0.2595905138471455
3.239999983873569,-0.9246830701363025,0.27122793391520034,0.26720147392444116
3.439999983873569,-0.9396633215156882,0.21184591271586214,0.26861524801039843
3.639999983873569,-0.9368155497299597,0.18804345013627172,0.29498523123200837
3.839999983873569,-0.9350610398163063,0.19220617586711278,0.29785506169308046
4.039999983873569,-0.9274328923724449,0.22137892508737927,0.30142926479165477
4.239999983873569,-0.9098948590507234,0.2867810269471141,0.29974653969015724
4.4399999838735695,-0.8696921192707285,0.3988254673477539,0.2908158597347047
4.63999998387357,-0.8105153717594051,0.504430474938386,0.29768226029635597
4.83999998387357,-0.6996826321361924,0.6320803563587023,0.3330444976161979
5.039999983873569,-0.5542264556085152,0.759277256287172,0.3410734290276026
5.239999983873569,-0.4579436574010772,0.8256614369877938,0.3295008317400373
5.4399999838735695,-0.3978553237833842,0.863771890736292,0.3092074742160511
5.63999998387357,-0.32559292378125176,0.894982871868794,0.3049506632966419
5.83999998387357,-0.27048691656257484,0.9151814469929143,0.2987971670689445
6.039999983873569,-0.24739593829591666,0.9192528055033463,0.3062181073824827
6.239999983873569,-0.22159670584355606,0.9279637774235802,0.29962998472957414
6.4399999838735695,-0.21905219851934027,0.9498592223064769,0.22312237028854506
6.63999998387357,-0.2288893364519315,0.9667705303019509,0.11386137799218624
6.83999998387357,-0.222824847714248,0.9747604974958246,0.013822436934750236
7.039999983873569,-0.20849452856637796,0.9778406014009716,-0.018915332660849295
7.239999983873569,-0.16329290334764007,0.9865171485922399,-0.010924433611637427
7.4399999838735695,-0.08070892933292273,0.9967234194897238,0.005337955286983753
7.63999998387357,-0.0033775908167593127,0.9988292780428969,0.048256245239136596
7.83999998387357,0.06832526981518655,0.9922501635051594,0.10378473167410528
8.03999998387357,0.11080563613453281,0.9858365031867837,0.1258908256596809
8.23999998387357,0.11823532840745954,0.9820785056750096,0.14677266709956727
8.43999998387357,0.06304719156126581,0.9819550229182091,0.17829577841871674
8.639999983873569,-0.12192037595052152,0.972112137447903,0.20033325773458804
8.83999998387357,-0.271036238964915,0.9313775082625768,0.24305409741526088
9.03999998387357,-0.4135134774786636,0.874546284221814,0.25332864168372454
9.23999998387357,-0.5191402234858176,0.8189523651600895,0.2445617548959587
9.43999998387357,-0.5874741872528539,0.7718200761797351,0.24324442299363627
9.63999998387357,-0.6413046968830526,0.7274951594636866,0.24388333012455285
9.83999998387357,-0.7009339060507455,0.6713975811766332,0.2406594011016644
10.03999998387357,-0.7547476225589754,0.6125212541529064,0.23489090968474097
10.23999998387357,-0.8109588808033592,0.5366066627487437,0.23323589590759658
10.43999998387357,-0.8542515860314188,0.4704359602879042,0.22123344012785112
10.63999998387357,-0.8858077309786285,0.41290945140963237,0.21177924514713584
10.83999998387357,-0.9085239863473871,0.3650266868053536,0.20332162735764087
11.03999998387357,-0.9388348788665812,0.3007653691340083,0.16771780750193288
11.23999998387357,-0.9607729187994869,0.2280201802249868,0.15786765315187132
11.43999998387357,-0.9719094260373313,0.17096130634434067,0.1617538231783778
11.63999998387357,-0.9829553270098674,0.07727925433238297,0.16681349451634855
11.83999998387357,-0.9878316340489217,-0.03507714711161176,0.15151982221065297
12.03999998387357,-0.9815235780675156,-0.13241025116499847,0.13812672110769958
12.23999998387357,-0.9650222409880459,-0.23311214031150923,0.11996167903875385
12.43999998387357,-0.94284074186969,-0.3272370518448304,0.0629860887062895
12.63999998387357,-0.9168772370154145,-0.398340331012726,-0.025712116436649623
12.83999998387357,-0.874494449194103,-0.47595328405597165,-0.09342338960366373
13.03999998387357,-0.8255117378229049,-0.5081754390803506,-0.24553633912743053
13.23999998387357,-0.7085524525899125,-0.4518863489640681,-0.541989067739142
13.43999998387357,-0.6351982296291143,-0.36199021169740875,-0.6822655609887576
13.63999998387357,-0.6376579031356621,-0.3550752163353052,-0.6836036785397419
13.83999998387357,-0.6832878150443662,-0.42373930009412475,-0.5946114423450306
14.03999998387357,-0.7270494630179891,-0.5937698041702398,-0.34472670041772085
14.23999998387357,-0.5919060483199918,-0.8056186384701919,0.025016780601144296
14.43999998387357,-0.36101836567352075,-0.9056599527166929,0.2223640926310221
14.63999998387357,-0.15157201318294122,-0.9295235527928104,0.3361724105620534
14.83999998387357,0.05790580745194557,-0.9296150218546619,0.36395443204540623
15.03999998387357,0.21863298157455835,-0.9003101140424123,0.37635265100801096
15.23999998387357,0.34851061202055283,-0.8581098652803091,0.3770779924865272
15.43999998387357,0.43631935310574177,-0.8098088595907256,0.39221809371031763
15.63999998387357,0.500982119931366,-0.7328789403476528,0.46033180892045256
15.83999998387357,0.4991866975299829,-0.6489187707675854,0.5742099528522607
16.039999983873567,0.3727414050163741,-0.603680715202438,0.7047222425034504
16.239999983873567,0.22621575278817668,-0.5575132987888097,0.7987523739333097
16.43999998387357,0.14711612197329005,-0.5484205132487557,0.823159636585463
16.63999998387357,0.057139177222032767,-0.4772758020459449,0.876893906472037
16.839999983873568,-0.009416990612413634,-0.47834273060911675,0.8781227433344495
17.039999983873567,-0.03888427010445458,-0.5070870874873349,0.8610172467738703
17.239999983873567,-0.05125947749105003,-0.5469015173470765,0.8356262300160343
17.43999998387357,-0.04501726635586811,-0.6523061019325481,0.7566176016399626
17.63999998387357,-0.016532254681925096,-0.768408813145879,0.6397457154486254
17.839999983873568,-0.033613062932438376,-0.8331565729093484,0.5520147525367871
18.039999983873567,-0.07516974499932311,-0.9022444349072088,0.42462276094871376
18.239999983873567,-0.12792241955229694,-0.9623181667970095,0.23995749712882303
18.43999998387357,-0.23071338031188676,-0.9685023121214144,0.09367287526566358
18.63999998387357,-0.31843430366505604,-0.9475214043809029,0.028333416479353255
18.839999983873568,-0.36291689143192674,-0.9312374387358316,0.0329873098344687
19.039999983873567,-0.4364679164516096,-0.8977459831092126,0.059564315824701924
19.23999998387357,-0.3729508141607818,-0.9207362594795977,0.1146840472617237
19.43999998387357,-0.20286251058276417,-0.9683055770518918,0.1457089950904214
19.63999998387357,-0.013166055267140375,-0.9906851319459917,0.13553458720878725
19.839999983873568,0.18060801495457662,-0.9765366767791416,0.11728965785318708
20.039999983873567,0.3427136030265872,-0.934271602719548,0.09840710671685357
20.23999998387357,0.49036938980774664,-0.8683740746268498,0.07392109344118472
20.43999998387357,0.659089419537408,-0.7475914980336267,0.08190292498855661
20.63999998387357,0.7889416331460936,-0.6094279180294558,0.07854114982006266
20.839999983873568,0.8724162108756444,-0.48483717145634186,0.06182937955047572
21.039999983873567,0.9221480991515802,-0.38456219191243085,0.04189037816293804
21.23999998387357,0.9378291555200182,-0.3448230034641733,0.03966826614003003
21.43999998387357,0.9166541805786932,-0.3979192031949761,0.037488944454062284
21.63999998387357,0.8751390780901851,-0.48118658335271924,0.050902514680493546
21.839999983873568,0.8330619923914145,-0.5508340605799215,0.050887665871820954
22.039999983873567,0.7804929878094843,-0.6229932146664556,0.05205910544544676
22.23999998387357,0.7155370698944167,-0.6951664780540794,0.0689221981425371
22.43999998387357,0.6324472081749636,-0.7685028083717695,0.09702557599106304
22.63999998387357,0.5459481887627335,-0.8284385117930456,0.1250208277240825
22.839999983873568,0.442191901083867,-0.882919947939314,0.1578565429327338
23.039999983873567,0.3127254622251278,-0.9331055447959943,0.17752979340677058
23.23999998387357,0.17142712125945958,-0.9639934257850964,0.2032963775865386
23.43999998387357,0.016934695091094853,-0.9751000753230031,0.22111774964313893
23.63999998387357,-0.1488944913014788,-0.9669270266974391,0.20708103607555114
23.839999983873568,-0.33764340920446406,-0.9246067081241451,0.17635011628184127
24.039999983873567,-0.5144558045691294,-0.8437837460885553,0.15285357366412614
24.23999998387357,-0.6895058967668041,-0.7045558343698904,0.1678770221893184
24.43999998387357,-0.8068073551804691,-0.56648653155719,0.1677942227581198
24.63999998387357,-0.892139532939781,-0.4224605740425825,0.1600441099997147
24.839999983873568,-0.9480293588122203,-0.3055965945845828,0.08860618606168078
25.039999983873567,-0.9715781008688177,-0.23351692629224552,0.03880514201963104
25.23999998387357,-0.9876636148481185,-0.15622041164419978,0.010759502352059209
25.43999998387357,-0.9974623503314209,-0.06755793675403649,0.022467417583151773
25.63999998387357,-0.9983112528912487,0.03691807231597798,0.044851959680454266
25.839999983873568,-0.9864215050710223,0.15427909025104852,0.05630787373652217
26.039999983873567,-0.9620651894206494,0.2668318385297754,0.05684488764901736
26.23999998387357,-0.9372675119941605,0.34315204917522635,0.06145146139124591
26.43999998387357,-0.9181725241575681,0.3904743490399837,0.0669999897307581
26.63999998387357,-0.8937379739622908,0.43876582456639085,0.09336479577632388
26.839999983873568,-0.8602181027913689,0.4928812271072392,0.13073986230404516
27.039999983873567,-0.8249676903658527,0.5442584726674706,0.15235164843907337
27.23999998387357,-0.7767501030535089,0.6012087801109849,0.18763603098505602
27.43999998387357,-0.7224057849905839,0.6185431571325388,0.30908614426507314
27.559988888888892,-0.6473757086047789,0.5932116239717535,0.4785443146598391
