0.03333333333333333,-0.9943481267625548,0.07176441341805821,0.07824111304525609
0.23333333333333334,-0.9957954266737186,0.06089212951756838,0.06843695477242333
0.43333333333333335,-0.9968538109813219,0.06700772574960705,0.04233726752969457
0.6333333333333334,-0.9688633414590092,0.06540752645626582,-0.23880050473095016
0.8333333333333334,-0.8466159783037234,-0.006081826170152044,-0.5321695187355865
1.0333333333333334,-0.7921297076132817,-0.03165325567968839,-0.6095314575322374
1.2333333333333336,-0.7794339280209751,0.09374816040651028,-0.6194304111602761
1.4333333333333336,-0.6519195651604034,0.45903644023931384,-0.6035614526239145
1.6333333333333335,-0.3748445802543089,0.722751783426086,-0.5806215636784281
1.8333333333333335,-0.044039250228753324,0.8445051550515705,-0.5337336297542177
2.033333333333333,0.2897095431227515,0.8975387723221656,-0.33240417085534
2.2333333333333334,0.42886729137207014,0.8948439703923297,-0.12380272631762221
2.4333333333333336,0.4658182421556715,0.8848571247756483,0.006421371253305462
2.6333333333333333,0.615544989748665,0.7877918243700639,-0.022099933280498474
2.8333333333333335,0.8700062166081093,0.4879933036351556,-0.07036844939666195
3.033333333333333,0.9453713822217125,0.32234045846064097,-0.04867831668815918
3.2333333333333334,0.9206339624691906,0.3803796707674308,0.08800234778196495
3.4333333333333336,0.7633585915502592,0.5085192973256243,0.39836137482674977
3.6333333333333333,0.5407629839197126,0.5975123793790972,0.5920763056490088
3.8333333333333335,0.3937358908053609,0.6810623939928142,0.6173540829868108
4.033333333333333,0.04862231525300381,0.8179070530547722,0.5732921794536318
4.233333333333333,-0.406626056534294,0.7317691328727937,0.5469636060305744
4.433333333333334,-0.7264196257355532,0.47583415543560537,0.4958794045603254
4.633333333333334,-0.9613843398109985,-0.1073137335996767,0.2534243748084792
4.833333333333334,-0.5556144998167689,-0.8314363395259936,0.0024780857488612877
5.033333333333333,-0.12706769126341166,-0.9914824368318872,-0.028572351861357686
5.233333333333333,0.04384080466857665,-0.9990267556841966,-0.004850285880292684
5.433333333333334,0.3057069558540891,-0.9519836907330734,-0.016441098523589805
5.633333333333334,0.42557379037254045,-0.904912729499178,0.004461046771462328
5.833333333333334,0.38817041487266973,-0.9213432981155064,0.021219237385465075
6.033333333333333,0.42617802641223046,-0.9045898231011563,-0.009462650009154902
6.233333333333333,0.434530836619697,-0.9006034592266727,-0.00981637690476843
6.433333333333334,0.3243459953062214,-0.9443080416115136,0.0555157444032275
6.633333333333334,0.09862582681306142,-0.9257575564444853,0.36502861938672065
6.833333333333334,0.20502497045137974,-0.9244923556495328,0.32136995167095006
7.033333333333333,0.5432198866074944,-0.829681174978725,0.12861299576661667
7.233333333333333,0.5960897484426508,-0.8003194862754991,0.06454247972691197
7.433333333333334,0.19291889339594254,-0.9577390198595185,0.21335011227888698
7.633333333333334,-0.3985399517105946,-0.7984051916386017,0.4513480440359133
7.833333333333334,-0.6823907783073186,-0.4649215492034313,0.5640840174720549
8.033333333333333,-0.7054629819150028,-0.4162445910133514,0.5736396269433632
8.233333333333334,-0.698508510199753,-0.4520735283572912,0.5547209984641924
8.433333333333334,-0.7521090371880164,-0.4376120966198405,0.4927754550219624
8.633333333333333,-0.9182134012337317,-0.34658224494718126,0.1917417463208106
8.833333333333334,-0.9839265702635287,-0.03922885219444841,-0.17421137013684243
9.033333333333333,-0.9522694155206299,0.26448814967983414,-0.15241056047051202
9.233333333333334,-0.9068861001249705,0.3902168491568006,-0.1590233065756738
9.433333333333334,-0.8887099551890216,0.41390900449479245,-0.19716478272261745
9.633333333333335,-0.7377856730580294,0.6542657654215762,-0.166158384764747
9.833333333333334,-0.6687665827960224,0.7233353939933788,-0.17186379936384044
10.033333333333333,-0.8293010021967285,0.5456280347427641,-0.12062294747787825
10.233333333333334,-0.8979482206096314,0.4375653175622186,-0.047176116528082776
10.433333333333334,-0.9004995873238281,0.43297646278680957,-0.04039648378557538
10.633333333333335,-0.9329112780862299,0.35845322711360905,-0.03446492697448237
10.833333333333334,-0.9814786842365827,0.17411384711744432,-0.07989969105816296
11.033333333333333,-0.9683645378019686,0.005320873447339084,-0.24948308606664657
11.233333333333334,-0.9120631430632121,-0.09919354428518914,-0.3978711648735015
11.433333333333334,-0.8693268875920918,-0.1954735225717255,-0.4539392740035254
11.633333333333335,-0.8354095366061611,-0.29872722026261306,-0.46135989641672537
11.833333333333334,-0.8594501451042345,-0.3166041699936983,-0.4013816732524189
12.033333333333333,-0.8895096182158783,-0.32134907775487864,-0.32481904089435903
12.233333333333334,-0.9617937304623134,-0.21683100140579195,-0.1671440602377129
12.433333333333334,-0.9989524019131656,-0.035602146144289915,-0.02875040698560488
12.633333333333335,-0.9903825870743675,0.11973160441115181,0.0693301819196692
12.833333333333334,-0.9618302208755625,0.23674013746024597,0.13724698002422916
13.033333333333333,-0.9479541899687457,0.2679449545358163,0.17201265959079465
13.233333333333334,-0.9060703673010573,0.27214016250218176,0.32400034174706227
13.433333333333334,-0.8615154965573285,0.28016754275795824,0.4234349975811489
13.633333333333335,-0.8668596626846894,0.28040479627457304,0.41222260422786305
13.833333333333334,-0.9051238506643456,0.3037118159916799,0.29750621470077515
14.033333333333333,-0.9191124757147895,0.3545729815731329,0.171785499166167
14.233333333333334,-0.9196432735712038,0.38156386820644195,0.09308739901069928
14.433333333333334,-0.9105131664603474,0.40295228213896084,0.0927104741728498
14.633333333333335,-0.9132298436711455,0.36616369862368836,0.17870478012240007
14.833333333333334,-0.914745378216129,0.306010797288737,0.2638148687525836
15.033333333333333,-0.9093780739095925,0.29212476446792146,0.29613280918709645
15.233333333333334,-0.9012052212297056,0.2774211101619345,0.332966480091971
15.433333333333334,-0.8979494578168401,0.26266590243099047,0.35311951929418545
15.633333333333335,-0.8942850884284897,0.24087505780096574,0.37713841907690854
15.833333333333334,-0.8928640030903131,0.20420130662552144,0.40136728610833616
16.033333333333335,-0.8141422177889087,0.09142853738730894,0.5734224200055097
16.233333333333334,-0.7295351577862392,-0.017125488289831042,0.6837288725837468
16.433333333333337,-0.7028395368147247,-0.04279858382907686,0.7100597627751405
16.633333333333336,-0.6661772349415516,-0.019170841315459305,0.7455470276842944
16.833333333333336,-0.7267524379333398,0.008371805174470214,0.6868484598774811
17.033333333333335,-0.8421809237742599,-0.021472586274001032,0.5387673149602157
17.233333333333334,-0.7885419945984887,-0.293604917472598,0.5403680923135133
17.433333333333337,-0.3350015144427736,-0.7906610821838912,0.5124734514497764
17.633333333333336,0.0583055477016865,-0.9628801487324412,0.26355698109554737
17.833333333333336,0.1414936167460744,-0.9576363608367682,0.2508229591234154
18.033333333333335,0.35439520947097963,-0.8836005994633562,0.3060294367083307
18.233333333333334,0.5140770867895285,-0.79251781257911,0.32808575949409036
18.433333333333337,0.5892094115356457,-0.7245067019969402,0.3576622822151296
18.633333333333336,0.48987774413502994,-0.8025012079097482,0.3406047667085264
18.833333333333336,0.11137465099589139,-0.9756726235484556,0.18883489818785312
19.033333333333335,-0.1731469513568032,-0.9808867439133531,0.08877684862003578
19.233333333333338,-0.1609598405938376,-0.9860553981229438,0.04226915599594238
19.433333333333337,-0.024080440180723917,-0.999212316603157,0.03154169857910094
19.633333333333336,0.16559516312583344,-0.9847483980348478,0.0533744743967517
19.833333333333336,0.49849633055531717,-0.8459460415134339,0.18941146552053253
20.033333333333335,0.7088629703714627,-0.6373421392709346,0.30217261084634284
20.233333333333338,0.7696592698296318,-0.5588009051913221,0.30881411354191185
20.433333333333337,0.8376213915684634,-0.4517045901268462,0.3071699328470292
20.633333333333336,0.8609427740780125,-0.4160867790272793,0.2926590714151208
20.833333333333336,0.7859475485085232,-0.5821746302106555,0.20822860258026404
21.033333333333335,0.5017316145723402,-0.8593712567506746,0.09872400928547516
21.233333333333338,0.2779667199065133,-0.9575356869064067,0.07655005502996386
21.433333333333337,0.20643652731885104,-0.9777983404423176,0.03597729307192402
21.633333333333336,0.2566854948592369,-0.9660234262904827,0.030187689326367624
21.833333333333336,0.35858335658381646,-0.9326145672258338,0.04059612517537238
22.033333333333335,0.4403195678700551,-0.896062034221643,0.056493441896375785
22.233333333333338,0.4582547267927865,-0.8869610047438531,0.05746983065786204
22.433333333333337,0.45104810466845907,-0.8907118931817121,0.05646176245603183
22.633333333333336,0.47464648275326515,-0.8779192643392548,0.06299588646868916
22.833333333333336,0.5380471729615013,-0.8379212680282895,0.09161434524134256
23.033333333333335,0.6809223232405619,-0.720623227346823,0.1305639840113841
23.233333333333338,0.7071790571728127,-0.6946948180571116,0.13151764467465177
23.433333333333337,0.6340438631458345,-0.7643628277971372,0.11720856235390911
23.633333333333336,0.43854704234103337,-0.8888160997535511,0.13297530775605654
23.833333333333336,0.06879197221213235,-0.9814501973503283,0.1789502016767985
24.033333333333335,-0.2633917254476914,-0.9399996541771221,0.21685351994509816
24.233333333333338,-0.6122666294594288,-0.7603312391932019,0.21685474667924787
24.433333333333337,-0.9215417746595567,-0.3074907779871338,0.2370868596320388
24.633333333333336,-0.922672209641614,0.31371887733698633,0.2241795252860581
24.833333333333336,-0.7005137789381177,0.6881108814438113,0.18916622414284026
25.033333333333335,-0.699283977863079,0.7142839716238748,-0.028290036854208056
25.233333333333338,-0.7971252950917947,0.5756014994709864,-0.1824121096078101
25.433333333333337,-0.8795766527377832,0.4240695605381824,-0.21566158624926782
25.633333333333336,-0.9495737649486666,0.2509755868139876,-0.1879386063175665
25.833333333333336,-0.9789335248381245,0.10981758311725175,-0.1721314973684094
26.033333333333335,-0.9896163482683353,-0.039745922037294525,-0.13812944987022224
26.233333333333338,-0.9898062266010068,0.08503230230767117,-0.11425034505914346
26.433333333333337,-0.9677464844808907,0.2301351768256453,-0.102491668745838
26.633333333333336,-0.9515305781295681,0.29444062101673935,-0.08884975846723843
26.833333333333336,-0.9587895626039926,0.2663639793914941,-0.09885749908010143
27.033333333333335,-0.9756083716782182,0.19099661055410705,-0.1082062838665986
27.233333333333338,-0.9948509935317604,0.03968694440774006,-0.0932547431096443
27.433333333333337,-0.9736135862482758,-0.21542894046750094,-0.0752791889025202
27.633333333333336,-0.8869113637648456,-0.45709157718344046,-0.0667497033157213
27.833333333333336,-0.7645109825659592,-0.6414680504562923,-0.06357434844208258
28.033333333333335,-0.6594940191195219,-0.7507264546093924,-0.038437339855816495
28.233333333333338,-0.5943829598195782,-0.8039467119548509,0.01945716868153814
28.433333333333337,-0.5664190504171986,-0.8229228402532324,0.04435604033310926
28.633333333333336,-0.5138095763845578,-0.8537298167214343,0.08452880725709624
28.833333333333336,-0.3975830768978911,-0.8473255211317682,0.3520897019271986
29.033333333333335,-0.3301749580356079,-0.8554877288872583,0.3989050548808642
29.233333333333338,-0.1150318982396542,-0.9275184724052242,0.35563625480884375
29.433333333333337,0.2828676759022887,-0.940114195994195,0.19018721413340522
29.633333333333336,0.6263446670623216,-0.7775677103615953,0.05550507945778879
29.833333333333336,0.6978396649124488,-0.7148292640612961,0.04515446064861024
30.033333333333335,0.006104856010575199,-0.9974395633672045,0.07125340807940793
30.233333333333338,-0.5826686538257306,-0.8043538984760462,0.11624132593573253
30.433333333333337,-0.6828213927762148,-0.7241919392082133,0.09644159244329151
30.633333333333336,-0.2166192529046897,-0.8982998242923452,0.38227414893941797
30.833333333333336,0.08025991439928687,-0.8430564938666163,0.5318026836054394
31.033333333333335,0.1324997001476999,-0.8624304740243747,0.48852585083582023
31.233333333333338,0.15160230617513554,-0.8994217655250027,0.4099478362697715
31.433333333333337,0.21218340377438955,-0.8710286205770985,0.44304327700380675
31.633333333333336,0.1788537411223211,-0.9778080829642776,0.10909946001825435
31.833333333333336,0.06588301424097809,-0.9907449202102335,-0.11867574104315311
32.03333333333333,-0.09664887749344137,-0.9741014459340734,-0.2044146949424259
32.233333333333334,-0.2593542888730856,-0.9573758481513734,-0.12714888210116
32.43333333333333,-0.31895455512184917,-0.9474365728642351,0.025138261003811894
32.63333333333333,-0.31300755706452316,-0.9349399633977215,0.167073439128925
32.833333333333336,-0.3014305140562832,-0.9036894618917234,0.30411346839890596
33.03333333333333,-0.3288751068394557,-0.8826913168706593,0.3357040411172883
33.233333333333334,-0.4166210414308405,-0.8452558572335336,0.3346183552190263
33.43333333333333,-0.5072705818475807,-0.849556266035741,0.1446744885300323
33.63333333333333,-0.5223926829006269,-0.841184041201678,0.1396971498617583
33.833333333333336,-0.52211630226123,-0.83764848180899,0.16043561897582062
34.03333333333333,-0.545854719777113,-0.8088752444226219,0.21854853890450376
34.233333333333334,-0.5526662791413152,-0.7652812486601066,0.33000696106191846
34.43333333333333,-0.522685067021748,-0.7849828319472371,0.3325692022129628
34.63333333333333,-0.4716170858837806,-0.7545814535763324,0.45627201779324605
34.833333333333336,-0.46373995495756265,-0.7035743830737113,0.5384499435030188
35.03333333333333,-0.5274770108489568,-0.6656148809117857,0.5279439679877393
35.233333333333334,-0.6901317627493089,-0.5463130601438317,0.4746158345028259
35.43333333333333,-0.8126187880324343,-0.39957090031828,0.4242567630050656
35.63333333333333,-0.9224108649390368,-0.1509236180274019,0.35550001091974254
35.833333333333336,-0.9532688355659272,0.18320618197358526,0.24023742844411763
36.03333333333333,-0.9032672304215927,0.40806355057978794,0.13263653016692614
36.233333333333334,-0.8573038567424958,0.5042585855033509,0.10369848678067764
36.43333333333333,-0.835942538207305,0.5418481920063273,0.08718147529723813
36.63333333333333,-0.838399428230273,0.5373711863735579,0.09120639669796338
36.833333333333336,-0.8265144426718947,0.5501952109619119,0.11899204128572895
37.03333333333333,-0.7816250906588186,0.5839821075760994,0.21915089706312232
37.233333333333334,-0.8197906950429673,0.5355529019842805,0.20279621667374192
37.43333333333333,-0.8375983245322864,0.5140724794208329,0.1848202711902142
37.63333333333333,-0.8330267545812657,0.5266255493900682,0.16950503497363428
37.833333333333336,-0.7982554514229568,0.5935977195929037,0.10212728121141865
38.03333333333333,-0.6836591263568272,0.7294572801224048,-0.022411502079138074
38.233333333333334,-0.3598837014522948,0.9284114907416843,-0.09238953018497054
38.43333333333334,-0.06705132368076544,0.9970998242551925,-0.03600083975301286
38.63333333333333,-0.051844215575043984,0.9981662834972795,0.031244964404485615
38.833333333333336,-0.4715101777832609,0.8796339201041313,0.06262841886105706
39.03333333333333,-0.758405418752395,0.6483288916672879,0.06701394658181659
39.233333333333334,-0.8463087114908951,0.529211096949914,0.06080443832229257
39.43333333333334,-0.8883797194728981,0.4589028570449832,0.013771050257940818
39.63333333333333,-0.9353753499802486,0.35336359699354963,-0.014391767407381807
39.833333333333336,-0.9794062537510041,0.12930795097623368,-0.15505755037324703
40.03333333333333,-0.9254035586469521,-0.1583895265159011,-0.34429785293205983
40.233333333333334,-0.8998652385637086,-0.35255586103987413,-0.2568013186709001
40.43333333333334,-0.8220610634168608,-0.5438886093350528,-0.16852533533425262
40.63333333333333,-0.7698071166954708,-0.6285678880428246,-0.11090271956263863
40.833333333333336,-0.7138816879063503,-0.6992890694133452,-0.036982875374937836
41.03333333333333,-0.6913401509303625,-0.7224548023626963,-0.010385290302218624
41.233333333333334,-0.6633267895065954,-0.7482126436240902,-0.013244253241420959
41.43333333333334,-0.6084727491468743,-0.7932946055542841,-0.021085121392062447
41.63333333333333,-0.5848784487424692,-0.8106151615553604,-0.028640182492086705
41.833333333333336,-0.586488826333513,-0.8093384795116242,-0.031655681445067745
42.03333333333333,-0.5930344659234614,-0.8046847249035509,-0.028153432006975787
42.233333333333334,-0.6017901016244545,-0.7981711842699142,-0.02777470410267549
42.43333333333334,-0.6084844733666736,-0.793234546590877,-0.02292596271583254
42.63333333333333,-0.607059893064946,-0.7943860087434578,-0.02071606489214302
42.833333333333336,-0.5959949835260131,-0.802866895254653,-0.013954501638586757
43.03333333333333,-0.5772881506880141,-0.8165375624154585,0.002190944963766411
43.233333333333334,-0.5512709020397022,-0.834097955515863,0.01951904630331776
43.43333333333334,-0.5318075292718499,-0.8463599201366577,0.029251280246180983
43.63333333333333,-0.5087565006054945,-0.859643776142712,0.046684057565189556
43.833333333333336,-0.5782535531576506,-0.8156352609750792,0.01902496556282501
44.03333333333333,-0.6847999661578278,-0.703227268300751,-0.19110315399935776
44.233333333333334,-0.7350711342127905,-0.6273972119737745,-0.2569886496611401
44.43333333333334,-0.7715649869464937,-0.5839762952311696,-0.2523076644224974
44.63333333333333,-0.8023410747214297,-0.5426750818345581,-0.24850061442724247
44.833333333333336,-0.8136702626123388,-0.5248776477587132,-0.24988829229007062
45.03333333333333,-0.8266426525354756,-0.5120410223075467,-0.23340076367346135
45.233333333333334,-0.849120687855532,-0.480587965060016,-0.21915580141812704
45.43333333333334,-0.8658452388170481,-0.444844717569893,-0.22896549885956788
45.63333333333333,-0.8611694411804941,-0.45292680665468327,-0.23074770072628373
45.833333333333336,-0.8546012667155104,-0.47570833475307517,-0.20822645166909526
46.03333333333333,-0.7071010360022718,-0.7010703375050731,-0.09224156739256299
46.233333333333334,-0.2455173053537158,-0.9693335580078355,-0.010663305853267
46.43333333333334,-0.03814589575398458,-0.9982817753711911,0.04447906922215071
46.63333333333333,-0.003416461673748483,-0.9964167719579544,0.08451002514803804
46.8,0.05245881356553744,-0.9940345506925532,0.09562104846083733
