0.04,-0.977346070350869,0.08495484101717354,0.19384873937547722
0.24000000000000002,-0.9770884334930944,0.08528503719848335,0.19499911682893495
0.44,-0.9728684497063513,0.13074164497325133,0.19087588070693562
0.6400000000000001,-0.8683084635825646,0.4331405586550549,0.2417222962799941
0.8400000000000001,-0.7133016579295163,0.6645921201883347,0.22252653454942767
1.04,-0.6165125731827684,0.7659999704671818,0.1820886936408693
1.2400000000000002,-0.538945576296734,0.8232916829676523,0.17812487346373715
1.4400000000000002,-0.5078758503704541,0.8481636754969983,0.1506004653973905
1.6400000000000001,-0.4902016078725127,0.8600827977210291,0.14127973918283745
1.84,-0.4102495137871785,0.8978704909188799,0.15976206675701687
2.04,-0.331530469786178,0.9296544723380027,0.16071748400627253
2.24,-0.18176594684609004,0.9690769249229614,0.16688635099672222
2.4400000000000004,0.0030837769209541843,0.9861296775573429,0.16594803210810508
2.64,0.13235376188944736,0.9806909992332005,0.14397098921900345
2.8400000000000003,0.18081540304033294,0.9738463837158401,0.1375827421842683
3.04,0.19196073926222373,0.9726833103625079,0.1305306566448414
3.24,0.0932187485121716,0.9887107048403082,0.1173090237791017
3.4400000000000004,-0.03682524045548202,0.9937977127715889,0.1049285840719989
3.64,-0.2224481742664342,0.9693740503722662,0.10407093845256188
3.8400000000000003,-0.7703885751889011,0.6234586848561893,0.13341930705788244
4.04,-0.997813402801486,0.029479987197288008,0.059155249509806
4.24,-0.9704717022602151,-0.23805306390164926,0.03892831718938338
4.44,-0.9676458015131258,-0.2511878893389459,-0.02379594636625109
4.640000000000001,-0.9819670514111256,-0.1170162091363761,-0.1484854091898992
4.840000000000001,-0.9583921100664943,0.024476528393737196,-0.28440369709285374
5.04,-0.9382043244961016,0.10496263722148019,-0.32978097319937366
5.24,-0.9018266163989509,0.2306185998815889,-0.3654091068146434
5.44,-0.8984530321486563,0.23983444153977368,-0.36777926759700674
5.640000000000001,-0.9420806204133632,0.10653759001045882,-0.31801548162996096
5.840000000000001,-0.9521973691725517,0.05366408460336103,-0.30073299813049237
6.04,-0.9740317201095652,0.027463528121919552,-0.22473976693833833
6.24,-0.9882230797103809,0.05098970843449429,-0.1442747183726098
6.44,-0.9884790297854459,0.09667569699541775,-0.11646036787196663
6.640000000000001,-0.9954171027023561,0.05861432523744629,-0.07555893411507188
6.840000000000001,-0.9975149605423191,0.05797814187054979,-0.040030470388119396
7.04,-0.9984542578628529,0.04931189315030766,-0.02564043972853248
7.24,-0.998992937930671,0.022291565169722884,-0.038938362663716926
7.44,-0.9983338291647869,-0.01426512793629467,-0.055911283924940484
7.640000000000001,-0.9980943155738198,-0.023914823196486842,-0.056884254857640926
7.840000000000001,-0.9988397681578187,-0.031137266129577033,-0.03673674188616984
8.04,-0.998634955392383,-0.03441729543565364,-0.039289637862273345
8.24,-0.9990543486933019,-0.03231332876672351,-0.029090499153774325
8.44,-0.9996487963001095,-0.026500000908411717,0.0001844114877207276
8.639999999999999,-0.9997052127701942,-0.0224985073180387,-0.00912714240936967
8.84,-0.9997921804478862,-0.018320639109806795,-0.008941481860967933
9.04,-0.9998607774474464,-0.008244462969287623,-0.014507051820963337
9.24,-0.9998033583363133,0.017476907642784454,-0.009370291280163704
9.44,-0.9954168492720904,0.0956237966853364,0.0011771544954377819
9.64,-0.9922676655862838,0.12363258492505001,0.010948231669896497
9.84,-0.9934166835190515,0.1134709848360897,0.01573621639202065
10.04,-0.9934194011573253,0.11409544675909786,0.010006119780582372
10.24,-0.9964638813747362,0.08400370537063515,-0.0017636892013689223
10.44,-0.998091589195399,0.05932434822899521,-0.017140632561484345
10.64,-0.9987871744513049,0.04689845787488084,-0.01499049033677798
10.84,-0.9989610232249754,0.04341029345784271,-0.013871571620209917
11.04,-0.9988160435449112,0.04533633647219949,-0.017638813808476247
11.24,-0.9988473014104419,0.044160540595875916,-0.018812631909376386
11.44,-0.998906888020265,0.04043715561202689,-0.02344921132316781
11.64,-0.9987861141199728,0.0408370814101063,-0.02754325730607487
11.84,-0.9986428221195884,0.04239443997676612,-0.0302526905924158
12.04,-0.9988832728111232,0.03414183652284924,-0.032657959167505815
12.24,-0.9988289450688361,0.03266539538491877,-0.035689080080936804
12.44,-0.9986968348538079,0.03336024516287862,-0.038622870111616706
12.64,-0.99864482450174,0.03546176244865359,-0.03809170382017894
12.84,-0.9987734820915335,0.03151586788467849,-0.038187452680548996
13.04,-0.9990564983091057,0.028534750416588733,-0.032739596897504684
13.24,-0.999221692238305,0.02778044820667333,-0.028004579230093307
13.44,-0.9993565755198153,0.023661717562962713,-0.026954741461912752
13.64,-0.99915614477469,0.026088647740956965,-0.03172350576508026
13.84,-0.9991256204504972,0.029501163258859434,-0.029625595787823294
14.04,-0.998825179193821,0.03594510906959128,-0.032499392954432695
14.24,-0.9982946044888928,0.044085198831495975,-0.0382671908082136
14.44,-0.9980968620429951,0.045989943198446855,-0.04108015463128508
14.64,-0.9978909074574254,0.04516491850000697,-0.046624746119242555
14.84,-0.9978987720022743,0.04455522872283827,-0.04704117802318324
15.04,-0.9982488685578029,0.041060141715852046,-0.042582404644876545
15.24,-0.9980533968800919,0.04691742382067354,-0.041087374193802595
15.44,-0.9977311488701338,0.050841073260201874,-0.04413320568498527
15.64,-0.9984031963895423,0.040631660726730405,-0.039244433818480265
15.84,-0.9986430368605284,0.035106738151006636,-0.03846559327994933
16.04,-0.9987096863943044,0.03544458842958388,-0.03636816538193678
16.24,-0.9986573405043502,0.033085044077007394,-0.039860959787750117
16.44,-0.9987467900004903,0.028646489300472627,-0.04103934836805106
16.64,-0.9986526032500302,0.026005175288385692,-0.04490778195544983
16.84,-0.9985323535487275,0.01768313302264251,-0.05119028934224157
17.04,-0.9976569771603473,0.008796136122844305,-0.06784676788607612
17.24,-0.9964748451242729,-0.0106523064663572,-0.08321304826470073
17.44,-0.9934569885515997,-0.04875598094925279,-0.10327664895639795
17.64,-0.9873418061199464,-0.10495772353224496,-0.11891187560008806
17.84,-0.9714844697591543,-0.20607288065629634,-0.11726846496305442
18.04,-0.9551469423941712,-0.27095106316537604,-0.11949828368900867
18.24,-0.9468658806108138,-0.3012144287367518,-0.11276024146790689
18.44,-0.939371901462677,-0.32668365233831975,-0.10420279284784378
18.64,-0.9274399316664284,-0.356573012774358,-0.11274244857900108
18.84,-0.917314441678891,-0.38441287112755274,-0.10373504518153871
19.04,-0.9168775676467102,-0.38726954999065216,-0.09673583408587695
19.240000000000002,-0.9164102483596868,-0.38792195634169807,-0.09853330649768667
19.44,-0.9183741115259939,-0.3834128286942522,-0.09789583275866717
19.64,-0.9191293810376517,-0.38190449163267987,-0.09669612290122095
19.84,-0.9163678707664888,-0.3885226839074695,-0.09654040354291288
20.04,-0.913550909021628,-0.39522383493495744,-0.09603570651097768
20.240000000000002,-0.9114685916604228,-0.40065716924674194,-0.0932675675020658
20.44,-0.911196790594129,-0.40212087535362295,-0.08955004419762011
20.64,-0.9110944577695403,-0.402980908364962,-0.08667915848101385
20.84,-0.9113410041771322,-0.4036199779024532,-0.08092272575389264
21.04,-0.9120293783546728,-0.40165331648208513,-0.08292783837126977
21.240000000000002,-0.9131832231707656,-0.39952955223290976,-0.0804520839507744
21.44,-0.9160980546754259,-0.3930548280408982,-0.07919757807938428
21.64,-0.9173094452795045,-0.3906365692638622,-0.07711324370539323
21.84,-0.9208741165900342,-0.38218510244451004,-0.07697667740298622
22.04,-0.9240385161125495,-0.37475271354461626,-0.07558587454984304
22.240000000000002,-0.9271371568717667,-0.36709911035131576,-0.07519930536255112
22.44,-0.9277390468831418,-0.3647754742880793,-0.07898806394808688
22.64,-0.9297343596541195,-0.3587673091126769,-0.08294599683283772
22.84,-0.9283320219168336,-0.3620727920996211,-0.0842790027526933
23.04,-0.9264802218942335,-0.3670753772698215,-0.08300642048076794
23.240000000000002,-0.9308303616127811,-0.3569799508857121,-0.07823140395936884
23.44,-0.9346392077966686,-0.34690307205122406,-0.0781524782117576
23.64,-0.934228018390083,-0.3476062357053376,-0.07992443026825066
23.84,-0.9319311978610222,-0.35340804182178576,-0.08128344498735192
24.04,-0.9306246615172603,-0.35617284197752386,-0.08413468971559074
24.240000000000002,-0.9314596318327455,-0.353996576545635,-0.08407959360021057
24.44,-0.9344777478720308,-0.34630480798755553,-0.08260943467134663
24.64,-0.9355373685237048,-0.3427891498132103,-0.08523749683137477
24.84,-0.9342943675691229,-0.3463730577071703,-0.08437854954428808
25.04,-0.9363486028033909,-0.34114981456674137,-0.08287398897854391
25.240000000000002,-0.9333990392456033,-0.34915176404645837,-0.08282076550377385
25.44,-0.9339342209398199,-0.3485922696700636,-0.07905884190781698
25.64,-0.9358922852700521,-0.3434088448121788,-0.07858750331168757
25.84,-0.9379876913305153,-0.33822371266622897,-0.0760513714716763
26.04,-0.9365943294433586,-0.3415966824765318,-0.07812021873736147
26.240000000000002,-0.9382251302009592,-0.33761136750636805,-0.07584305894327777
26.44,-0.9383508792208362,-0.33613177050034987,-0.08070353353964124
26.64,-0.9378630197921217,-0.33698595777381457,-0.08278538741630573
26.84,-0.9361988043034315,-0.3420197099032583,-0.08095873552937988
27.04,-0.9359434122979172,-0.34276584631313856,-0.08075582689421609
27.240000000000002,-0.9373321531585457,-0.3392943299967724,-0.07929560068002599
27.44,-0.9337975646346017,-0.3476344472909518,-0.08469001912386592
27.64,-0.9038550875834988,-0.4165093869642591,-0.09780547643196189
27.84,-0.8535600101210332,-0.5096830457155778,-0.10797454344554416
28.04,-0.8023590959927548,-0.5909363095667962,-0.08375057679362917
28.240000000000002,-0.6964487328145444,-0.7142012376840325,-0.06982660418215442
28.44,-0.5627823645266913,-0.8232877047191446,-0.07398219675049464
28.64,-0.416999233888161,-0.9036809144268968,-0.09732648065790969
28.84,-0.22371316110620382,-0.966307314444549,-0.12728941668038796
29.04,0.035584965634152976,-0.9891808391706111,-0.14231998327200063
29.240000000000002,0.24145311504717382,-0.9597379352628419,-0.14353915441939125
29.44,0.4161495175739214,-0.905031731233996,-0.0879610395720089
29.64,0.5804900605647323,-0.8108187411419093,-0.07486159628676703
29.84,0.7315147696949454,-0.6769822198729395,-0.08112469225863037
30.04,0.8032631423541998,-0.5841123840726856,-0.11653774885494941
30.240000000000002,0.8333357125650478,-0.5361222755006698,-0.13462724789465103
30.44,0.8454550922604985,-0.5123201427900315,-0.15077718084111325
30.64,0.8352772070608782,-0.5218406981228267,-0.1731885479679883
30.84,0.8008352939760873,-0.5199085274691274,-0.29725066019626933
31.04,0.7583230085759713,-0.5425897130631901,-0.36130681967310263
31.240000000000002,0.740055249771676,-0.567625287027219,-0.360721167680314
31.44,0.5720792188629441,-0.7390952551541476,-0.35561716937429944
31.64,0.32272544258839586,-0.882635002016596,-0.3417656242533583
31.84,0.053542403694985474,-0.9358862009634251,-0.3482100369788477
32.04,-0.2288600589295482,-0.9173621461666575,-0.32568353689934687
32.24,-0.5082727337241221,-0.8099889510305875,-0.2925350019416078
32.44,-0.7251012504378289,-0.6391574895272464,-0.25633158251515775
32.64,-0.899652615100959,-0.38349408577207733,-0.20870423646836964
32.84,-0.8497981346714042,-0.4717724048346689,-0.23510407981469716
33.04,-0.7697910090518246,-0.5668082269467559,-0.2935136048779492
33.24,-0.7309602573300754,-0.5987860527879456,-0.3273413588145889
33.44,-0.734881916876746,-0.5966106759539782,-0.32249692957499126
33.64,-0.710390351744597,-0.6200497626013703,-0.33299225223144874
33.84,-0.6887931360091635,-0.6483665041127075,-0.3243222041910306
33.96,-0.660360088308231,-0.685288153276545,-0.30709070443171627
