19.999831       4.887876       7.646219      -7.888680       0.496257       0.402221
19.999831       4.952442       7.691757      -8.046831       0.495379       0.403371
19.999831       5.012172       7.747629      -8.201974       0.495146       0.404396
20.002905       5.061861       7.823004      -8.344078       0.494194       0.405393
19.999831       5.095968       7.910275      -8.464628       0.489577       0.409843
19.999831       5.123155       8.008350      -8.560471       0.470252       0.433566
19.999831       5.139990       8.123446      -8.637957       0.468217       0.437898
19.999831       5.146359       8.250078      -8.702197       0.467755       0.439685
19.999831       5.136280       8.386248      -8.746288       0.467971       0.440045
19.999831       5.120654       8.532969      -8.782287       0.468202       0.439835
19.999831       5.125829       8.698845      -8.811242       0.468500       0.439347
19.999831       5.137890       8.895908      -8.815480       0.468765       0.438852
19.999831       5.153566       9.114921      -8.816152       0.469185       0.438204
19.999831       5.166748       9.342011      -8.855721       0.469750       0.437649
20.007515       5.182267       9.580506      -8.922995       0.470282       0.437126
19.999831       5.196058       9.839816      -8.964793       0.470921       0.436700
19.999831       5.213719      10.120966      -8.968604       0.471696       0.436292
19.999831       5.229221      10.414506      -8.973539       0.472465       0.435922
19.999831       5.252508      10.711791      -8.984400       0.473227       0.435586
19.999831       5.270599      11.013683      -8.994947       0.474054       0.435326
19.999831       5.287057      11.322594      -8.997828       0.474917       0.435082
19.999831       5.310584      11.638667      -9.001358       0.475837       0.434891
19.999831       5.341609      11.952304      -9.013178       0.476820       0.434763
19.999831       5.399800      12.265667      -9.021194       0.477740       0.434588
19.999831       5.482985      12.580594      -9.034611       0.478345       0.434316
19.999831       5.585061      12.898050      -9.051262       0.478015       0.433983
19.999831       5.687341      13.234576      -9.047950       0.430863       0.413263
19.999831       5.778658      13.598380      -9.028854       0.388892       0.413046
19.999831       5.853144      14.005778      -8.977250       0.327712       0.448439
19.999831       5.878337      14.456481      -8.886930       0.300158       0.472840
19.999831       5.840806      14.968903      -8.744988       0.302560       0.474830
19.999831       5.730451      15.543009      -8.556966       0.306143       0.474228
19.999831       5.548488      16.172310      -8.346342       0.309058       0.472709
19.999831       5.316357      16.867615      -8.115440       0.312061       0.471156
19.999831       5.065275      17.614616      -7.882377       0.314535       0.469009
20.007515       4.808393      18.415297      -7.666205       0.316813       0.466237
19.999831       4.559388      19.264761      -7.452985       0.319312       0.464562
19.999831       4.321556      20.165871      -7.223325       0.320652       0.463754
19.999831       4.090856      21.110455      -6.991075       0.404854       0.492905
19.999831       3.859803      22.072210      -6.772843       0.412893       0.496545
19.999831       3.616672      23.023703      -6.586893       0.417039       0.496617
19.999831       3.385823      23.961756      -6.417154       0.420304       0.495590
19.999831       3.178667      24.853783      -6.257481       0.423366       0.494373
19.999831       2.988601      25.680338      -6.094258       0.426542       0.493175
19.999831       2.799204      26.431047      -5.959697       0.429605       0.491963
19.999831       2.594115      27.093157      -5.854098       0.432621       0.490862
19.999831       2.363470      27.681400      -5.752529       0.435549       0.489742
19.999831       2.116726      28.200403      -5.640718       0.463250       0.478004
19.999831       1.854741      28.657230      -5.537230       0.464948       0.478393
19.999831       1.583073      29.057188      -5.456270       0.466017       0.478766
19.999831       1.326484      29.399347      -5.406518       0.467315       0.478593
19.999831       1.074775      29.690350      -5.374170       0.472594       0.478297
20.009821       0.842702      29.929585      -5.369065       0.537901       0.472997
20.009052       0.628503      30.103899      -5.384089       0.543320       0.471902
19.999831       0.422882      30.207743      -5.399390       0.545406       0.471011
20.010845       0.230541      30.232292      -5.422194       0.546634       0.469885
19.999831       0.072729      30.190050      -5.446097       0.547257       0.468993
19.999831      -0.041954      30.083902      -5.449801       0.547475       0.468358
19.999831      -0.097667      29.910898      -5.435082       0.547537       0.467754
19.999831      -0.084529      29.655407      -5.396786       0.547414       0.467412
19.999831      -0.021482      29.312317      -5.353091       0.547199       0.467118
19.999831       0.062148      28.886168      -5.328336       0.546764       0.467009
19.999831       0.153766      28.398260      -5.310483       0.546157       0.467049
20.002649       0.249329      27.851143      -5.280742       0.545337       0.467179
19.999831       0.366282      27.269863      -5.229244       0.544380       0.467421
19.999831       0.525865      26.675846      -5.161952       0.543282       0.467740
19.999831       0.699251      26.099274      -5.101802       0.541972       0.468132
19.999831       0.860866      25.550724      -5.085102       0.540613       0.468619
20.006491       0.989971      25.042288      -5.116219       0.539242       0.469154
19.999831       1.128009      24.604042      -5.169298       0.537767       0.469726
19.999831       1.262538      24.279022      -5.207242       0.470451       0.480767
19.999831       1.419011      24.117989      -5.239167       0.455301       0.479335
19.999831       1.609976      24.163298      -5.265090       0.450658       0.478821
19.999831       1.802471      24.444355      -5.233175       0.449146       0.479265
19.999831       1.993033      25.038694      -5.095785       0.449103       0.480095
19.999831       2.205601      26.088129      -4.764265       0.449987       0.480986
19.999831       2.482323      27.815981      -4.094872       0.451720       0.481834
19.999831       2.802103      30.401464      -3.110964       0.452431       0.482297
19.999831       3.127153      33.725597      -1.952469       0.336917       0.486381
19.999831       3.388280      37.546242      -0.771640       0.289708       0.475836
19.999831       3.566180      41.677742       0.297971       0.256052       0.429806
19.999831       3.672633      45.932804       1.172921       0.250188       0.478229
19.999831       3.713618      50.118401       1.768421       0.288784       0.467285
19.999831       3.672520      54.080147       2.186031       0.297262       0.465726
19.999831       3.577069      57.741825       2.500760       0.341150       0.447487
19.999831       3.458271      61.068031       2.767381       0.375643       0.446958
20.000856       3.348204      64.092445       2.982349       0.386722       0.445983
19.999831       3.276297      66.839699       3.197198       0.420767       0.453312
19.999831       3.265703      69.344994       3.427463       0.429671       0.453649
19.999831       3.281551      71.611679       3.597324       0.428036       0.450498
19.999831       3.335776      73.592499       3.621518       0.412743       0.421651
19.999831       3.421033      75.297318       3.527489       0.419031       0.420783
19.999831       3.504267      76.734695       3.366490       0.425800       0.421774
19.999831       3.604855      77.873421       3.120931       0.432219       0.422731
19.999831       3.690048      78.772316       2.845803       0.435186       0.423058
19.999831       3.736638      79.471718       2.626701       0.466478       0.426790
19.999831       3.728812      80.018013       2.407046       0.469375       0.426787
19.999831       3.716715      80.410896       2.178046       0.472091       0.426504
19.999831       3.757854      80.660233       1.984336       0.474276       0.426317
19.999831       3.845542      80.814598       1.847459       0.474513       0.424660
20.008540       3.982799      80.868103       1.692109       0.473676       0.421952
19.999831       4.097788      80.845032       1.513437       0.473279       0.419766
19.999831       4.173903      80.772011       1.338445       0.473047       0.418132
19.999831       4.241519      80.675758       1.197092       0.472787       0.416875
19.999831       4.270266      80.611786       1.178735       0.472473       0.415884
19.999831       4.249575      80.591042       1.224938       0.472130       0.415026
19.999831       4.179876      80.597084       1.205617       0.471765       0.414294
19.999831       4.102212      80.615265       1.066718       0.471425       0.413703
19.999831       4.046667      80.665337       0.903342       0.471076       0.413174
19.999831       3.994452      80.814606       0.802014       0.470732       0.412659
19.999831       3.911098      81.095390       0.774917       0.470489       0.412261
19.999831       3.798228      81.526573       0.831138       0.470386       0.411898
19.999831       3.669392      82.113335       0.982164       0.470309       0.411560
19.999831       3.542222      82.812111       1.179078       0.470354       0.411259
19.999831       3.447069      83.638435       1.394091       0.470579       0.411060
19.999831       3.367762      84.582268       1.615473       0.470965       0.410832
19.999831       3.310995      85.614311       1.837075       0.471514       0.410610
19.999831       3.282154      86.698723       2.024441       0.472209       0.410495
20.008796       3.248668      87.784843       2.157855       0.473072       0.410384
20.003417       3.216329      88.855446       2.181514       0.473542       0.410348
19.999831       3.199342      89.851540       2.080283       0.505510       0.399702
19.999831       3.218822      90.740196       1.871471       0.507531       0.399615
19.999831       3.216509      91.492371       1.584997       0.509255       0.399522
19.999831       3.150776      92.084183       1.203966       0.510872       0.399552
19.999831       3.060727      92.514862       0.692659       0.512058       0.399520
19.999831       3.013704      92.774742       0.122646       0.512852       0.399207
19.999831       3.022787      92.884766      -0.425767       0.513149       0.398896
19.999831       3.042075      92.877792      -0.936046       0.513073       0.398655
19.999831       3.060892      92.777901      -1.406444       0.512899       0.398550
19.999831       3.121035      92.634918      -1.792404       0.510918       0.399985
19.999831       3.213405      92.476852      -2.070583       0.509559       0.400719
19.999831       3.314455      92.301422      -2.298799       0.508098       0.401230
19.999831       3.436550      92.095879      -2.554564       0.506673       0.401727
19.999831       3.603685      91.865692      -2.868501       0.505141       0.402184
19.999831       3.803128      91.656654      -3.171242       0.503586       0.402639
19.999831       4.019671      91.494133      -3.429058       0.502045       0.403086
19.999831       4.243229      91.374016      -3.650048       0.500511       0.403450
19.999831       4.464425      91.287796      -3.890791       0.473410       0.412826
19.999831       4.656812      91.230392      -4.130488       0.472430       0.413526
19.999831       4.814023      91.234200      -4.298872       0.471290       0.414316
19.999831       4.959134      91.295883      -4.406902       0.470292       0.415108
19.999831       5.139305      91.412704      -4.454913       0.469660       0.415733
19.999831       5.337420      91.596901      -4.439680       0.469152       0.416402
19.999831       5.503305      91.821251      -4.371001       0.468855       0.417130
19.999831       5.648290      92.084511      -4.292901       0.468543       0.417640
19.999831       5.776307      92.360687      -4.244094       0.467632       0.420249
19.999831       5.874643      92.650909      -4.218496       0.460848       0.448788
19.999831       5.922109      92.943466      -4.227684       0.461506       0.449783
19.999831       5.920676      93.202858      -4.275379       0.461624       0.450024
19.999831       5.898698      93.427849      -4.362219       0.462097       0.450274
19.999831       5.868748      93.611900      -4.468731       0.462352       0.450314
19.999831       5.830696      93.754280      -4.572795       0.462645       0.450458
19.999831       5.774063      93.857826      -4.700732       0.462852       0.450548
19.999831       5.691894      93.932159      -4.810043       0.462975       0.450603
19.999831       5.585029      93.993019      -4.895401       0.463024       0.450721
19.999831       5.436840      94.038200      -4.983691       0.462995       0.450681
19.999831       5.262002      94.087646      -5.037014       0.462936       0.450660
19.999831       5.076145      94.168251      -5.049547       0.462795       0.450531
19.999831       4.877429      94.265175      -5.032078       0.462670       0.450358
19.999831       4.680889      94.367516      -5.011255       0.462553       0.450118
19.999831       4.505828      94.438126      -5.029772       0.462465       0.449812
19.999831       4.345073      94.446800      -5.120133       0.462370       0.449498
19.999831       4.214129      94.374352      -5.275874       0.462277       0.449174
19.999831       4.134223      94.243607      -5.410808       0.462196       0.448930
19.999831       4.076985      94.103355      -5.455317       0.462042       0.448613
19.999831       4.019015      94.008469      -5.320398       0.461851       0.448362
19.999831       3.938172      93.980850      -5.003556       0.461639       0.448095
19.999831       3.827712      94.014252      -4.657939       0.461431       0.447896
19.999831       3.659711      94.070442      -4.330348       0.461217       0.448690
19.999831       3.425695      94.133812      -3.977947       0.461120       0.488409
19.999831       3.128034      94.195221      -3.625716       0.461255       0.488829
19.999831       2.783028      94.236977      -3.296951       0.461309       0.487543
19.999831       2.416410      94.251381      -2.978284       0.461480       0.485987
19.999831       2.042865      94.213120      -2.695121       0.461718       0.484064
19.999831       1.675026      94.116959      -2.469237       0.461539       0.484010
19.999831       1.313385      93.946136      -2.316006       0.461600       0.483152
19.999831       0.977022      93.726425      -2.179224       0.461383       0.482919
19.999831       0.700244      93.489525      -2.074718       0.461087       0.482388
19.999831       0.493994      93.241447      -2.109313       0.460719       0.481659
19.999831       0.357558      93.005920      -2.327544       0.460312       0.480970
19.999831       0.256680      92.767929      -2.707603       0.459902       0.480439
19.999831       0.194037      92.531860      -3.107460       0.459527       0.479942
19.999831       0.134943      92.337349      -3.399700       0.459195       0.479391
19.999831       0.081796      92.202118      -3.578695       0.458953       0.478989
19.999831       0.051929      92.080994      -3.713048       0.458837       0.478741
19.999831       0.049045      91.929016      -3.782110       0.458793       0.478486
19.999831       0.039505      91.759079      -3.726992       0.458789       0.478211
19.999831       0.032641      91.600914      -3.582870       0.458870       0.477997
19.999831       0.014461      91.424965      -3.407459       0.459036       0.477847
19.999831       0.000584      91.232735      -3.204913       0.459179       0.477644
19.999831      -0.034864      91.040939      -2.926393       0.459397       0.477478
19.999831      -0.080640      90.867538      -2.592903       0.459634       0.477281
19.999831      -0.124576      90.718971      -2.248325       0.459887       0.477093
19.999831      -0.167618      90.577911      -1.908879       0.460194       0.476919
19.999831      -0.215236      90.453423      -1.572140       0.460557       0.476762
19.999831      -0.274068      90.343353      -1.257104       0.460956       0.476552
19.999831      -0.335245      90.232704      -0.952912       0.461383       0.476348
19.999831      -0.408640      90.121315      -0.635298       0.461880       0.476143
19.999831      -0.483485      89.972092      -0.340916       0.462381       0.475909
19.999831      -0.528745      89.808548      -0.097758       0.462933       0.475668
19.999831      -0.560498      89.651451       0.176539       0.463485       0.475427
19.999831      -0.562827      89.512215       0.517106       0.463760       0.475312
19.999831      -0.541181      89.397224       0.881755       0.464624       0.474953
19.999831      -0.466322      89.278290       1.214043       0.465209       0.474736
19.999831      -0.335492      89.165573       1.509410       0.465797       0.474537
19.999831      -0.177339      89.057388       1.778456       0.466410       0.474379
19.999831      -0.011889      88.954277       2.034290       0.467045       0.474234
19.999831       0.154228      88.871971       2.253188       0.467691       0.474129
19.999831       0.316951      88.780991       2.434751       0.468333       0.474044
19.999831       0.485701      88.686440       2.585839       0.469002       0.473981
19.999831       0.662180      88.572128       2.698495       0.469338       0.473972
20.005210       0.848712      88.434799       2.788024       0.573438       0.451927
19.999831       1.040295      88.258400       2.843394       0.624800       0.450416
19.999831       1.202227      88.017883       2.845090       0.625894       0.451041
19.999831       1.338144      87.723244       2.805851       0.625061       0.451052
19.999831       1.438698      87.357468       2.751995       0.623386       0.451444
19.999831       1.514748      86.923515       2.720011       0.622004       0.451782
19.999831       1.601585      86.425758       2.683254       0.620355       0.452338
19.999831       1.704131      85.840630       2.618680       0.618610       0.452743
19.999831       1.824769      85.193756       2.511330       0.616657       0.453139
19.999831       1.949955      84.473587       2.347634       0.614569       0.453336
19.999831       2.073216      83.723793       2.149950       0.612151       0.453585
19.999831       2.192303      82.977020       1.959360       0.610844       0.453705
20.005979       2.324000      82.247711       1.778596       0.579484       0.455838
19.999831       2.498036      81.572136       1.604028       0.582317       0.448518
19.999831       2.695469      80.953934       1.404772       0.581641       0.445783
19.999831       2.900742      80.398247       1.169107       0.579651       0.444973
19.999831       3.101849      79.931664       0.902158       0.577156       0.444908
19.999831       3.299680      79.543449       0.616215       0.574624       0.445336
19.999831       3.489862      79.244850       0.336622       0.572225       0.445755
19.999831       3.653169      79.017754       0.054816       0.570038       0.446279
19.999831       3.797985      78.850258      -0.235872       0.567987       0.446886
19.999831       3.933322      78.721687      -0.538086       0.566163       0.447402
19.999831       4.019384      78.611336      -0.834187       0.564575       0.447878
19.999831       4.067325      78.537941      -1.129090       0.563060       0.448353
19.999831       4.092046      78.489845      -1.392183       0.561732       0.448758
19.999831       4.137662      78.456184      -1.558215       0.560550       0.449079
19.999831       4.210407      78.429306      -1.669744       0.559530       0.449371
20.009308       4.285441      78.368996      -1.774276       0.558592       0.449616
19.999831       4.374805      78.265991      -1.845904       0.557738       0.449892
20.003673       4.501608      78.107567      -1.883939       0.556957       0.450155
19.999831       4.677507      77.880684      -1.907009       0.556866       0.450159
19.999831       4.926931      77.577835      -1.910268       0.592784       0.443718
19.999831       5.212051      77.156624      -1.915471       0.637219       0.445645
19.999831       5.543898      76.644745      -1.909839       0.637536       0.445807
19.999831       5.900173      76.037987      -1.905583       0.636324       0.446417
19.999831       6.250590      75.341682      -1.921152       0.634082       0.447542
19.999831       6.548048      74.537910      -2.021798       0.631546       0.448779
19.999831       6.732798      73.640282      -2.197649       0.628657       0.449891
19.999831       6.784077      72.679413      -2.431162       0.625649       0.450844
19.999831       6.716980      71.641403      -2.689956       0.622451       0.451709
19.999831       6.568375      70.520691      -2.981625       0.590806       0.457889
19.999831       6.370965      69.334648      -3.287208       0.588418       0.457090
19.999831       6.127814      68.109482      -3.529485       0.590490       0.444800
19.999831       5.875688      66.837311      -3.702121       0.587504       0.441921
19.999831       5.589158      65.504021      -3.824410       0.582890       0.440298
19.999831       5.262935      64.118050      -3.926939       0.551354       0.434466
19.999831       4.929664      62.681850      -4.069037       0.545055       0.434666
19.999831       4.588489      61.230663      -4.300248       0.538301       0.434258
19.999831       4.273025      59.835552      -4.586808       0.531797       0.434190
19.999831       3.986793      58.577782      -4.883982       0.525820       0.433787
19.999831       3.714120      57.511417      -5.138020       0.491010       0.432890
20.000856       3.441278      56.648731      -5.347522       0.487636       0.431971
19.999831       3.150649      55.987255      -5.537668       0.483949       0.431248
20.008028       2.887601      55.529785      -5.697835       0.480674       0.430379
19.999831       2.616983      55.227772      -5.819296       0.477994       0.429640
20.016737       2.378525      55.041344      -5.925135       0.475526       0.429029
19.999831       2.165485      54.896400      -6.008577       0.473532       0.428464
19.999831       1.966005      54.757500      -6.077702       0.472246       0.428128
19.999831       1.769536      54.630974      -6.097526       0.471792       0.428585
19.999831       1.527213      54.514629      -6.060817       0.471530       0.429189
19.999831       1.236263      54.423565      -5.986015       0.471077       0.429507
20.013407       0.902283      54.372486      -5.869654       0.470618       0.429651
19.999831       0.562406      54.363293      -5.709603       0.470145       0.429582
19.999831       0.272975      54.393959      -5.522510       0.469716       0.429335
19.999831       0.063642      54.432434      -5.353233       0.469330       0.428984
19.999831      -0.064576      54.466564      -5.220309       0.468982       0.428594
19.999831      -0.141755      54.476906      -5.147130       0.468744       0.428206
19.999831      -0.207975      54.448433      -5.160438       0.468461       0.427857
20.006491      -0.273033      54.400875      -5.246853       0.468177       0.427512
19.999831      -0.359976      54.345516      -5.383938       0.467915       0.427174
19.999831      -0.486493      54.273880      -5.547683       0.467652       0.426920
19.999831      -0.638167      54.205524      -5.701231       0.467370       0.426646
19.999831      -0.806083      54.159988      -5.800379       0.467080       0.426362
19.999831      -0.975136      54.158768      -5.837463       0.466781       0.426034
19.999831      -1.149341      54.194122      -5.828165       0.466470       0.425730
19.999831      -1.315561      54.270737      -5.787551       0.466197       0.425378
19.999831      -1.464354      54.390755      -5.690577       0.465923       0.425000
19.999831      -1.594646      54.567078      -5.531260       0.465361       0.424510
19.999831      -1.667277      54.767796      -5.346432       0.438053       0.403421
19.999831      -1.668616      54.937149      -5.163565       0.436639       0.400843
19.999831      -1.621197      55.065483      -4.979414       0.436559       0.400370
19.999831      -1.559712      55.144993      -4.770299       0.437090       0.400170
19.999831      -1.461001      55.184338      -4.548258       0.437518       0.400258
19.999831      -1.289885      55.178288      -4.372546       0.437967       0.400156
19.999831      -1.101256      55.143967      -4.285376       0.438318       0.400425
19.999831      -0.934042      55.105373      -4.338264       0.438642       0.400627
19.999831      -0.813765      55.080242      -4.555123       0.438791       0.400777
19.999831      -0.792007      55.072758      -4.838942       0.439075       0.400936
19.999831      -0.859250      55.106167      -5.121697       0.439303       0.401002
19.999831      -0.988974      55.195419      -5.421880       0.439469       0.401048
19.999831      -1.139913      55.343678      -5.705526       0.439747       0.401069
19.999831      -1.282698      55.541214      -5.862638       0.440039       0.401131
19.999831      -1.369271      55.736652      -5.890622       0.440351       0.401111
19.999831      -1.417828      55.901192      -5.864089       0.440683       0.400857
19.999831      -1.499406      56.036083      -5.795459       0.441049       0.400598
19.999831      -1.647600      56.149605      -5.731243       0.441509       0.400377
19.999831      -1.826610      56.228634      -5.661730       0.441947       0.400121
19.999831      -1.999503      56.278130      -5.561983       0.442452       0.399778
19.999831      -2.162659      56.319172      -5.451283       0.442923       0.399390
19.999831      -2.356403      56.344288      -5.339860       0.443406       0.399079
19.999831      -2.605861      56.350903      -5.229048       0.443922       0.398683
19.999831      -2.916140      56.370846      -5.136214       0.444309       0.398318
19.999831      -3.288275      56.422512      -5.055272       0.444322       0.398448
19.999831      -3.680410      56.504604      -4.953287       0.443702       0.399923
19.999831      -4.025413      56.582405      -4.850830       0.375521       0.521329
19.999831      -4.281990      56.674458      -4.823996       0.368904       0.534460
19.999831      -4.455367      56.798313      -4.884657       0.367257       0.536359
19.999831      -4.598063      56.967499      -4.962543       0.367171       0.535640
19.999831      -4.744568      57.191837      -5.047123       0.367559       0.534646
19.999831      -4.893562      57.453133      -5.162473       0.368428       0.533917
19.999831      -5.033713      57.719074      -5.277828       0.369167       0.533271
19.999831      -5.176728      57.973949      -5.342606       0.369749       0.531994
19.999831      -5.330094      58.234558      -5.354337       0.370481       0.530799
19.999831      -5.477537      58.508759      -5.280615       0.371244       0.529777
19.999831      -5.631329      58.772373      -5.109753       0.372050       0.528778
19.999831      -5.776815      58.973824      -4.922375       0.372806       0.527703
19.999831      -5.883764      59.076511      -4.748465       0.373628       0.526574
19.999831      -5.986568      59.100048      -4.591891       0.374555       0.525389
19.999831      -6.089782      59.069546      -4.459502       0.428400       0.471391
19.999831      -6.198148      58.994808      -4.375988       0.478241       0.429927
19.999831      -6.291505      58.880280      -4.325498       0.485068       0.420774
19.999831      -6.358729      58.729538      -4.314694       0.506455       0.385131
19.999831      -6.391181      58.536526      -4.369834       0.505604       0.382594
19.999831      -6.395753      58.292805      -4.508649       0.504060       0.381759
19.999831      -6.403016      58.020966      -4.745956       0.502618       0.381726
19.999831      -6.455630      57.757202      -5.041069       0.501072       0.381802
19.999831      -6.557939      57.503044      -5.312856       0.499663       0.381595
19.999831      -6.639057      57.253727      -5.553379       0.498359       0.381520
19.999831      -6.661929      57.029499      -5.794535       0.497108       0.381214
19.999831      -6.707830      56.790318      -5.975154       0.495836       0.380789
19.999831      -6.789501      56.483444      -6.075140       0.494612       0.380473
19.999831      -6.894617      56.162949      -6.146840       0.493345       0.380231
19.999831      -7.037741      55.854656      -6.170335       0.492100       0.379899
19.999831      -7.213625      55.536499      -6.116587       0.490935       0.379488
19.999831      -7.401113      55.201748      -6.057589       0.489848       0.379108
19.999831      -7.562418      54.897274      -6.055916       0.488697       0.378641
20.000087      -7.724761      54.660305      -6.026881       0.487578       0.378042
19.999831      -7.906352      54.461323      -5.972493       0.486439       0.377403
19.999831      -8.078240      54.279099      -5.997449       0.485553       0.376962
19.999831      -8.222575      54.144199      -6.126670       0.486091       0.377108
19.999831      -8.324169      54.069992      -6.303871       0.487138       0.377346
19.999831      -8.351196      54.014725      -6.466846       0.487970       0.377500
19.999831      -8.289145      53.962215      -6.591389       0.488604       0.377636
19.999831      -8.181526      53.952419      -6.656670       0.489115       0.377758
19.999831      -8.024701      53.996403      -6.661529       0.489536       0.377858
19.999831      -7.826357      54.059872      -6.645942       0.489922       0.377979
19.999831      -7.595704      54.099266      -6.618357       0.490310       0.378138
20.019554      -7.323043      54.112991      -6.610906       0.490705       0.378347
19.999831      -6.987057      54.114265      -6.597310       0.491042       0.378604
19.999831      -6.601275      54.135654      -6.565797       0.491347       0.378912
19.999831      -6.193995      54.165806      -6.519616       0.491677       0.379296
19.999831      -5.782463      54.207203      -6.497554       0.492020       0.379742
19.999831      -5.361227      54.257530      -6.501199       0.492364       0.380174
19.999831      -4.949317      54.318436      -6.527827       0.492704       0.380723
19.999831      -4.583589      54.400818      -6.561474       0.493061       0.381315
19.999831      -4.253307      54.507736      -6.579309       0.493429       0.381963
19.999831      -3.936384      54.626747      -6.596639       0.493620       0.382297
19.999831      -3.632644      54.744293      -6.614027       0.494327       0.383132
19.999831      -3.339368      54.847939      -6.618641       0.510162       0.412545
19.999831      -3.069704      54.932915      -6.643896       0.511302       0.411498
19.999831      -2.817998      55.004337      -6.685553       0.513123       0.410379
19.999831      -2.576916      55.082687      -6.705428       0.513574       0.408034
19.999831      -2.335343      55.171608      -6.699926       0.514132       0.404131
19.999831      -2.094512      55.244675      -6.711267       0.514747       0.401400
19.999831      -1.857156      55.301041      -6.714568       0.515251       0.400001
19.999831      -1.619167      55.354790      -6.711695       0.515719       0.399257
19.999831      -1.368176      55.409569      -6.687696       0.516026       0.398991
19.999831      -1.094982      55.449142      -6.683666       0.516393       0.398928
19.999831      -0.791485      55.448284      -6.746499       0.516373       0.400116
19.999831      -0.494713      55.420849      -6.850302       0.516430       0.400798
20.005722      -0.209450      55.396549      -6.971848       0.516598       0.401169
19.999831       0.059948      55.384800      -7.123768       0.516696       0.401677
19.999831       0.316767      55.380215      -7.280231       0.516790       0.402257
19.999831       0.573848      55.370106      -7.389381       0.516925       0.402921
19.999831       0.844424      55.352146      -7.418480       0.516976       0.403650
19.999831       1.122602      55.314995      -7.394201       0.516957       0.404431
19.999831       1.399596      55.251759      -7.343103       0.516959       0.405290
19.999831       1.652922      55.165741      -7.268118       0.516950       0.406150
19.999831       1.863149      55.047501      -7.169074       0.516932       0.407093
19.999831       2.038247      54.885475      -7.097618       0.516876       0.408011
19.999831       2.189247      54.695480      -7.065313       0.516783       0.408926
20.004954       2.320202      54.504826      -7.018894       0.516630       0.409809
19.999831       2.425171      54.329910      -6.951393       0.516431       0.410700
20.000599       2.497371      54.161800      -6.884430       0.516207       0.411569
19.999831       2.545198      53.987602      -6.856889       0.515944       0.412348
19.999831       2.581483      53.823635      -6.854215       0.515647       0.413082
19.999831       2.604362      53.671387      -6.824145       0.515327       0.413794
19.999831       2.646135      53.534637      -6.781567       0.515024       0.414607
19.999831       2.713319      53.402000      -6.785521       0.514699       0.415364
19.999831       2.756098      53.297039      -6.815149       0.514375       0.416117
19.999831       2.749633      53.247196      -6.796416       0.514047       0.416854
19.999831       2.713630      53.262794      -6.701432       0.513731       0.417567
19.999831       2.694087      53.308407      -6.562943       0.513441       0.418245
19.999831       2.708304      53.342663      -6.418862       0.513168       0.418877
19.999831       2.763764      53.342236      -6.331357       0.512931       0.419459
19.999831       2.832265      53.322880      -6.286841       0.512756       0.420041
19.999831       2.895391      53.298893      -6.258318       0.512602       0.420640
19.999831       2.930015      53.271610      -6.236170       0.512471       0.421221
20.014688       2.902187      53.240170      -6.270155       0.512323       0.421767
19.999831       2.831478      53.194347      -6.347224       0.512176       0.422277
19.999831       2.759334      53.149597      -6.414264       0.512015       0.422752
19.999831       2.669993      53.111546      -6.447592       0.511837       0.423176
19.999831       2.526024      53.080009      -6.481126       0.511660       0.423594
19.999831       2.363948      53.002407      -6.532697       0.511496       0.423969
19.999831       2.249533      52.844379      -6.609328       0.511314       0.424290
19.999831       2.205336      52.607525      -6.682931       0.511119       0.424590
19.999831       2.186004      52.310501      -6.758682       0.510889       0.424883
19.999831       2.140228      51.949852      -6.871538       0.510615       0.425192
19.999831       2.102751      51.505356      -6.985609       0.510291       0.425507
20.004698       2.127080      50.956394      -7.051499       0.509927       0.425789
19.999831       2.181048      50.292339      -7.052322       0.509474       0.426072
19.999831       2.180845      49.511856      -7.028557       0.509245       0.426220
19.999831       2.098420      48.577801      -7.035616       0.480703       0.442744
19.999831       1.942493      47.448727      -7.109350       0.477456       0.442828
19.999831       1.698746      46.067177      -7.197616       0.473739       0.442959
19.999831       1.338014      44.399361      -7.272380       0.469650       0.443080
19.999831       0.877954      42.413681      -7.403926       0.467352       0.442987
19.999831       0.347811      40.006378      -7.618387       0.462256       0.442840
19.999831      -0.225889      37.173512      -7.875189       0.417233       0.440044
19.999831      -0.823876      33.879745      -8.107868       0.406908       0.437861
19.999831      -1.453925      30.182554      -8.298026       0.404594       0.437395
19.999831      -2.102122      26.051828      -8.446184       0.407238       0.437230
19.999831      -2.727075      21.586897      -8.548354       0.456763       0.439484
19.999831      -3.345565      16.829781      -8.578816       0.507518       0.435692
19.999831      -3.916809      11.794858      -8.558862       0.577228       0.419628
19.999831      -4.421851       6.616486      -8.542563       0.581537       0.430926
19.999831      -4.868307       1.212150      -8.480350       0.620206       0.442475
19.999831      -5.235629      -4.197450      -8.349013       0.657716       0.443149
19.999831      -5.522480      -9.447488      -8.197987       0.659362       0.447000
19.999831      -5.756652     -14.551940      -8.061876       0.659649       0.445724
19.999831      -5.977562     -19.402966      -7.955149       0.608516       0.444872
19.999831      -6.192914     -24.000231      -7.844893       0.602747       0.438467
19.999831      -6.398241     -28.267864      -7.762672       0.553307       0.434489
20.002392      -6.574357     -32.165745      -7.755804       0.504517       0.440597
19.999831      -6.738942     -35.663765      -7.780991       0.468251       0.444859
19.999831      -6.920310     -38.770233      -7.834488       0.455607       0.444162
19.999831      -7.072417     -41.516880      -7.960879       0.419825       0.443565
19.999831      -7.186145     -43.868134      -8.125878       0.412326       0.444461
19.999831      -7.229286     -45.874043      -8.399311       0.492365       0.426247
19.999831      -7.253701     -47.616360      -8.739224       0.533542       0.416696
19.999831      -7.291833     -49.148457      -9.078084       0.525776       0.416775
19.999831      -7.296137     -50.456844      -9.419400       0.519306       0.417705
19.999831      -7.273348     -51.555763      -9.732786       0.513710       0.418407
19.999831      -7.218094     -52.502907     -10.035935       0.508783       0.418992
19.999831      -7.144091     -53.351120     -10.306911       0.504779       0.419433
19.999831      -7.081382     -54.150368     -10.546191       0.501304       0.419968
19.999831      -7.019227     -54.878708     -10.746721       0.498181       0.420653
19.999831      -6.949640     -55.552437     -10.864207       0.495471       0.421241
19.999831      -6.865211     -56.190342     -10.953539       0.495383       0.420320
19.999831      -6.733552     -56.803486     -11.025526       0.519476       0.399116
20.002649      -6.588617     -57.399475     -11.071939       0.517127       0.400462
19.999831      -6.452091     -57.946320     -11.095435       0.514961       0.402566
19.999831      -6.315523     -58.464458     -11.084455       0.513978       0.403888
19.999831      -6.151547     -58.946110     -11.069397       0.513868       0.404094
19.999831      -5.990222     -59.393978     -11.022699       0.514556       0.403833
19.999831      -5.829667     -59.805473     -10.942552       0.515019       0.404233
20.005466      -5.671065     -60.154190     -10.846041       0.515675       0.403853
19.999831      -5.514197     -60.440521     -10.707355       0.516358       0.403744
19.999831      -5.387322     -60.674393     -10.550507       0.517168       0.403761
20.006747      -5.293498     -60.839699     -10.381119       0.518092       0.403849
20.009308      -5.220935     -60.917423     -10.187425       0.519055       0.403990
19.999831      -5.150021     -60.876835      -9.979457       0.520151       0.404074
19.999831      -5.068042     -60.707279      -9.775671       0.521356       0.404306
19.999831      -4.991968     -60.404171      -9.599220       0.522064       0.404408
19.999831      -4.920785     -59.931187      -9.404435       0.524435       0.404959
19.999831      -4.855997     -59.215199      -9.185018       0.555177       0.413588
19.999831      -4.773504     -58.229092      -8.963659       0.556552       0.413431
19.999831      -4.688960     -56.916931      -8.668604       0.446420       0.428309
19.999831      -4.620162     -55.259472      -8.335191       0.401749       0.423890
19.999831      -4.561505     -53.192738      -7.998370       0.396403       0.423897
19.999831      -4.522719     -50.758610      -7.663203       0.401940       0.423677
19.999831      -4.447805     -47.872055      -7.333986       0.435379       0.425575
19.999831      -4.293331     -44.518738      -7.013172       0.446667       0.425787
19.999831      -4.109693     -40.641357      -6.724780       0.483007       0.424735
19.999831      -3.949828     -36.203407      -6.413414       0.490165       0.424634
19.999831      -3.759041     -31.245926      -6.112583       0.518038       0.422824
19.999831      -3.576964     -25.718990      -5.751367       0.403213       0.420662
19.999831      -3.438543     -19.656496      -5.067197       0.391335       0.417737
19.999831      -3.327341     -13.233684      -4.154108       0.344576       0.431227
19.999831      -3.252037      -6.453974      -2.979095       0.287923       0.435990
19.999831      -3.237219       0.432385      -1.782781       0.282301       0.439697
19.999831      -3.247050       7.506586      -0.794010       0.281085       0.439493
19.999831      -3.292115      14.400573      -0.168473       0.280425       0.436197
19.999831      -3.396736      21.043350       0.102605       0.281238       0.434526
19.999831      -3.491114      27.225557       0.109568       0.283104       0.434802
19.999831      -3.568031      32.848545      -0.056645       0.284577       0.435242
19.999831      -3.586651      37.770882      -0.280736       0.345943       0.428480
19.999831      -3.626247      42.008953      -0.477906       0.382830       0.428560
19.999831      -3.711670      45.612026      -0.545591       0.390611       0.429254
19.999831      -3.851344      48.627254      -0.450621       0.433429       0.431525
19.999831      -4.071499      51.083199      -0.232836       0.444711       0.430911
19.999831      -4.306649      53.034279       0.076352       0.479442       0.427315
19.999831      -4.514553      54.466343       0.441294       0.487997       0.425365
19.999831      -4.766561      55.491356       0.913176       0.489986       0.422657
19.999831      -5.008398      56.171322       1.483665       0.489070       0.419325
19.999831      -5.206952      56.609497       2.060957       0.490737       0.415318
19.999831      -5.353216      56.882286       2.607108       0.493134       0.412564
19.999831      -5.475235      57.049301       3.088937       0.495472       0.410617
19.999831      -5.587492      57.147057       3.502016       0.497622       0.408999
19.999831      -5.672849      57.178078       3.858273       0.499486       0.407732
19.999831      -5.713842      57.154408       4.149527       0.500389       0.407815
19.999831      -5.704342      57.103275       4.392787       0.532272       0.404032
19.999831      -5.644675      57.049057       4.607335       0.532498       0.404676
19.999831      -5.537105      57.010487       4.773162       0.532285       0.405318
19.999831      -5.397692      56.992737       4.932487       0.531943       0.405686
19.999831      -5.231470      57.000107       5.083720       0.531915       0.406247
19.999831      -5.058722      57.042637       5.216301       0.531959       0.406742
19.999831      -4.876784      57.116249       5.321517       0.531883       0.407197
19.999831      -4.696785      57.226315       5.433635       0.531959       0.407558
20.002905      -4.520788      57.362530       5.558908       0.532165       0.407882
19.999831      -4.375513      57.479874       5.680714       0.532377       0.408297
19.999831      -4.259228      57.564903       5.756667       0.532652       0.408653
19.999831      -4.186267      57.615891       5.782616       0.532947       0.409020
19.999831      -4.174997      57.623589       5.782459       0.533254       0.409441
19.999831      -4.203671      57.565956       5.735986       0.533551       0.409791
19.999831      -4.238609      57.437206       5.639052       0.533837       0.410032
19.999831      -4.262736      57.243862       5.493362       0.534009       0.410309
19.999831      -4.275347      56.997448       5.332114       0.534108       0.410472
19.999831      -4.293436      56.688305       5.182942       0.534080       0.410577
19.999831      -4.322963      56.231873       5.024329       0.533931       0.410648
19.999831      -4.293858      55.494713       4.845402       0.533626       0.410644
19.999831      -4.079295      54.376362       4.661505       0.533077       0.410713
19.999831      -3.692898      52.928513       4.428060       0.532202       0.410741
19.999831      -3.259627      51.334763       4.105120       0.531593       0.410777
19.999831      -2.847730      49.739990       3.738398       0.496337       0.404656
19.999831      -2.488858      48.235798       3.379904       0.489498       0.407022
19.999831      -2.171508      46.896587       3.009937       0.483760       0.408060
19.999831      -1.866272      45.720371       2.584047       0.478341       0.408674
19.999831      -1.581867      44.752647       2.174648       0.473334       0.409468
19.999831      -1.321705      44.009464       1.835961       0.468762       0.410410
19.999831      -1.060827      43.509045       1.593713       0.437948       0.416661
19.999831      -0.787407      43.238888       1.396082       0.435768       0.417733
19.999831      -0.501782      43.152431       1.202970       0.434529       0.418266
19.999831      -0.212854      43.188923       1.013606       0.433498       0.419412
19.999831       0.042141      43.309845       0.815282       0.432952       0.420312
19.999831       0.263023      43.497593       0.613648       0.432721       0.421073
19.999831       0.438801      43.706215       0.394522       0.432789       0.421709
19.999831       0.588949      43.917171       0.159086       0.432857       0.422577
19.999831       0.722695      44.123756      -0.087149       0.433215       0.423529
19.999831       0.837645      44.308784      -0.331687       0.433561       0.424200
20.002136       0.912175      44.455578      -0.595440       0.433929       0.424991
19.999831       0.926432      44.562912      -0.859944       0.434331       0.425629
19.999831       0.876449      44.635063      -1.102434       0.434764       0.426198
19.999831       0.774492      44.678841      -1.339184       0.435545       0.426535
19.999831       0.649399      44.679310      -1.580252       0.436308       0.426619
19.999831       0.509215      44.675400      -1.792503       0.436997       0.426610
19.999831       0.372000      44.700096      -1.994701       0.437582       0.426538
19.999831       0.283535      44.752983      -2.204729       0.438097       0.426460
19.999831       0.240899      44.862656      -2.423874       0.438542       0.426331
19.999831       0.241492      45.049202      -2.651228       0.438998       0.426177
19.999831       0.273396      45.318123      -2.891230       0.439443       0.426051
19.999831       0.315143      45.649364      -3.151035       0.439939       0.425933
19.999831       0.360136      46.043606      -3.413286       0.440482       0.425821
19.999831       0.412127      46.488834      -3.675030       0.441095       0.425766
19.999831       0.497389      46.938381      -3.948379       0.441805       0.425723
19.999831       0.622352      47.349731      -4.267233       0.442549       0.425687
19.999831       0.773777      47.677525      -4.606589       0.443365       0.425658
19.999831       0.947571      47.936996      -4.931975       0.444225       0.425687
19.999831       1.146611      48.149105      -5.196116       0.445106       0.425752
19.999831       1.385633      48.329697      -5.370220       0.445968       0.425806
19.999831       1.654100      48.496132      -5.422105       0.446838       0.425945
19.999831       1.916202      48.660725      -5.360172       0.447714       0.426111
19.999831       2.137059      48.820644      -5.217501       0.476057       0.431999
19.999831       2.294315      48.968540      -5.035510       0.476531       0.432583
19.999831       2.416410      49.098576      -4.826047       0.477180       0.433552
19.999831       2.494674      49.219185      -4.581684       0.478015       0.434130
19.999831       2.537583      49.324276      -4.335616       0.478630       0.434521
19.999831       2.529056      49.404884      -4.092004       0.479091       0.434886
20.000343       2.474836      49.437359      -3.893280       0.479603       0.435097
19.999831       2.392389      49.411190      -3.758865       0.479955       0.435277
20.005466       2.311409      49.322899      -3.674683       0.480204       0.435335
19.999831       2.232041      49.180038      -3.623586       0.480338       0.435248
19.999831       2.195819      48.984051      -3.596644       0.480365       0.435189
19.999831       2.196315      48.746758      -3.590325       0.480298       0.435137
19.999831       2.228236      48.485966      -3.564593       0.480074       0.435092
19.999831       2.301044      48.229462      -3.519908       0.479778       0.435089
19.999831       2.434543      47.989552      -3.443356       0.479402       0.435055
19.999831       2.634659      47.801300      -3.303104       0.478973       0.435085
19.999831       2.858242      47.689293      -3.103570       0.478567       0.435172
19.999831       3.080845      47.647118      -2.899471       0.478173       0.435325
19.999831       3.304295      47.656448      -2.716219       0.477790       0.435574
19.999831       3.529506      47.730087      -2.547710       0.477495       0.435835
19.999831       3.731764      47.851460      -2.411546       0.477283       0.436163
19.999831       3.904237      48.011608      -2.333263       0.477127       0.436490
19.999831       4.030988      48.194721      -2.301135       0.477061       0.436857
19.999831       4.126655      48.391121      -2.308497       0.477042       0.437191
19.999831       4.224359      48.586029      -2.359633       0.477022       0.437552
19.999831       4.344273      48.765121      -2.436307       0.476772       0.437933
19.999831       4.470518      48.941277      -2.516433       0.476554       0.438318
19.999831       4.591019      49.121792      -2.554770       0.476402       0.438708
19.999831       4.710080      49.318905      -2.547070       0.476299       0.439053
19.999831       4.840256      49.534130      -2.519075       0.476264       0.439442
19.999831       4.963015      49.757053      -2.486920       0.476269       0.439802
19.999831       5.074558      49.981693      -2.491298       0.476333       0.440157
19.999831       5.163400      50.209164      -2.577022       0.476459       0.440511
19.999831       5.231143      50.444988      -2.776896       0.476655       0.440850
19.999831       5.297941      50.701054      -3.064448       0.476860       0.441208
19.999831       5.353669      50.977859      -3.344367       0.477128       0.441543
19.999831       5.408925      51.276695      -3.601718       0.477424       0.441871
19.999831       5.464950      51.561039      -3.837299       0.477788       0.442189
19.999831       5.548138      51.811539      -4.016270       0.478190       0.442512
20.004185       5.657378      52.024323      -4.117174       0.478620       0.442823
19.999831       5.777239      52.187977      -4.124822       0.479062       0.443118
19.999831       5.903596      52.297321      -4.099923       0.479511       0.443414
19.999831       6.008224      52.340267      -4.097532       0.479948       0.443720
19.999831       6.054896      52.334000      -4.099229       0.480372       0.444022
20.009821       6.042493      52.295074      -4.062081       0.480794       0.444310
19.999831       6.020975      52.218292      -3.986367       0.481205       0.444599
19.999831       6.057879      52.079525      -3.971235       0.481590       0.444882
19.999831       6.122759      51.883888      -4.024556       0.481947       0.445150
19.999831       6.152010      51.662640      -4.096057       0.482274       0.445438
19.999831       6.165145      51.443867      -4.162034       0.482553       0.445698
19.999831       6.221125      51.237110      -4.246641       0.482806       0.445978
19.999831       6.343169      51.052731      -4.342923       0.483020       0.446254
19.999831       6.518636      50.903381      -4.436479       0.483213       0.446543
19.999831       6.714669      50.808056      -4.483197       0.483392       0.446838
19.999831       6.935798      50.776993      -4.491847       0.483548       0.447156
19.999831       7.153596      50.809589      -4.463523       0.483707       0.447495
19.999831       7.315461      50.921856      -4.412889       0.483883       0.447839
19.999831       7.393806      51.089520      -4.368298       0.484064       0.448198
19.999831       7.377244      51.304543      -4.364041       0.484264       0.448570
19.999831       7.300733      51.540081      -4.414391       0.484304       0.448796
19.999831       7.182701      51.787189      -4.484691       0.469354       0.511430
19.999831       7.034968      52.059631      -4.572742       0.467024       0.515879
19.999831       6.886367      52.349960      -4.659653       0.466459       0.516905
19.999831       6.768147      52.659657      -4.773772       0.466988       0.516934
19.999831       6.677632      52.974613      -4.930983       0.467707       0.516788
19.999831       6.597343      53.304176      -5.089652       0.468668       0.516430
19.999831       6.540922      53.682541      -5.229170       0.469669       0.516068
19.999831       6.530972      54.170826      -5.323287       0.468895       0.515829
19.999831       6.581339      54.848774      -5.333913       0.346203       0.505720
19.999831       6.678247      55.804543      -5.265777       0.299759       0.494470
19.999831       6.791132      57.065109      -5.176361       0.288803       0.491271
19.999831       6.938423      58.712563      -5.191625       0.289455       0.489601
19.999831       7.074399      60.843426      -5.294747       0.293687       0.488819
19.999831       7.124717      63.444313      -5.373397       0.296549       0.488981
19.999831       7.047255      66.452744      -5.328086       0.337086       0.487846
19.999831       6.828378      69.703178      -5.186806       0.344952       0.483580
19.999831       6.501194      73.034966      -5.080032       0.384193       0.474030
19.999831       6.122438      76.286667      -5.046279       0.395343       0.469683
19.999831       5.759005      79.311935      -5.087242       0.400788       0.469089
19.999831       5.438879      82.037712      -5.237056       0.428931       0.463082
20.003161       5.140924      84.456604      -5.437578       0.382205       0.464907
19.999831       4.813537      86.552605      -5.667439       0.339089       0.470133
19.999831       4.459921      88.257401      -5.924277       0.338496       0.469285
19.999831       4.087000      89.534111      -6.204823       0.344584       0.466968
19.999831       3.708330      90.368881      -6.454960       0.347549       0.466214
19.999831       3.263932      90.818344      -6.641680       0.355252       0.464134
19.999831       2.767929      90.993217      -6.797188       0.359083       0.462906
19.999831       2.290427      90.916054      -6.874359       0.361952       0.461668
19.999831       1.859509      90.660332      -6.853897       0.364112       0.460147
19.999831       1.490494      90.310059      -6.788988       0.365693       0.458446
19.999831       1.183568      89.891014      -6.709210       0.366491       0.457051
19.999831       0.940893      89.483192      -6.634497       0.366805       0.455465
19.999831       0.756440      89.112587      -6.572014       0.366754       0.453822
19.999831       0.601681      88.804962      -6.517266       0.366583       0.452013
20.002905       0.484635      88.541924      -6.481808       0.366060       0.450577
20.012382       0.413352      88.275108      -6.467545       0.365491       0.448921
19.999831       0.370621      88.008232      -6.443079       0.364984       0.448694
19.999831       0.325702      87.715744      -6.426221       0.364299       0.448003
19.999831       0.275419      87.375725      -6.411186       0.364726       0.448234
19.999831       0.217741      87.015457      -6.350505       0.391943       0.469097
19.999831       0.163883      86.663498      -6.238074       0.390783       0.470194
19.999831       0.115874      86.347862      -6.116700       0.389100       0.469449
19.999831       0.069434      86.048569      -6.014111       0.388232       0.469882
19.999831       0.024474      85.766838      -5.894598       0.386890       0.469974
19.999831       0.000246      85.504227      -5.775551       0.385819       0.469891
19.999831      -0.001993      85.237999      -5.685720       0.384665       0.470376
19.999831       0.011310      84.997009      -5.596945       0.383530       0.470563
20.000599      -0.004758      84.788345      -5.481350       0.382483       0.470725
19.999831      -0.027092      84.605026      -5.382781       0.381415       0.470668
19.999831      -0.028574      84.439789      -5.340065       0.380412       0.470580
19.999831      -0.025996      84.304092      -5.300744       0.379383       0.470821
19.999831      -0.027966      84.222900      -5.256132       0.378522       0.470789
19.999831      -0.036531      84.182266      -5.230368       0.377790       0.470468
19.999831      -0.024660      84.170837      -5.222695       0.377015       0.470622
19.999831      -0.004283      84.199036      -5.207347       0.376423       0.470602
19.999831       0.006417      84.234009      -5.186873       0.375825       0.470706
19.999831       0.031049      84.261070      -5.170534       0.375355       0.470854
19.999831       0.060269      84.232643      -5.150304       0.374992       0.470898
19.999831       0.102191      84.090820      -5.116359       0.375144       0.470836
19.999831       0.174347      83.768814      -5.072505       0.475279       0.829053
19.999831       0.276351      83.192009      -5.031649       0.629600       0.424865
19.999831       0.396052      82.377983      -5.006004       0.735562       0.405328
19.999831       0.510753      81.382263      -5.015123       0.752499       0.403585
19.999831       0.605692      80.314301      -5.001321       0.746595       0.404901
19.999831       0.677491      79.276970      -4.924317       0.710144       0.414047
19.999831       0.733299      78.262863      -4.810693       0.697817       0.417985
19.999831       0.798112      77.260727      -4.714081       0.688474       0.420572
19.999831       0.865056      76.245979      -4.643167       0.657532       0.428129
19.999831       0.918155      75.248123      -4.564806       0.652153       0.429131
19.999831       0.963173      74.258804      -4.497162       0.646893       0.430303
19.999831       1.003880      73.243965      -4.471614       0.641956       0.431075
19.999831       1.059039      72.227608      -4.465998       0.637061       0.431867
19.999831       1.107270      71.233063      -4.450348       0.632334       0.432281
19.999831       1.155091      70.272377      -4.415076       0.600101       0.435511
19.999831       1.209828      69.354637      -4.399920       0.595926       0.435995
19.999831       1.265879      68.481636      -4.395545       0.590220       0.428940
19.999831       1.332347      67.691696      -4.374668       0.558281       0.416633
19.999831       1.389373      66.998535      -4.322762       0.554797       0.417962
19.999831       1.446093      66.396301      -4.275460       0.551742       0.418518
19.999831       1.495259      65.845985      -4.278877       0.548843       0.419393
19.999831       1.543591      65.359802      -4.295105       0.546228       0.420112
19.999831       1.603452      64.955414      -4.286366       0.543855       0.421000
19.999831       1.640604      64.617813      -4.273058       0.541660       0.421784
19.999831       1.675221      64.334572      -4.263477       0.539734       0.422493
19.999831       1.696546      64.099907      -4.260385       0.538036       0.423097
19.999831       1.712497      63.905888      -4.251138       0.536410       0.423670
19.999831       1.731953      63.760498      -4.242611       0.534972       0.424084
19.999831       1.745255      63.633625      -4.266887       0.533708       0.424532
19.999831       1.747749      63.536297      -4.302540       0.532568       0.425012
19.999831       1.749534      63.479752      -4.316984       0.531635       0.425378
19.999831       1.737492      63.455223      -4.321477       0.530766       0.425752
19.999831       1.722242      63.448078      -4.336750       0.530017       0.426037
19.999831       1.703110      63.436592      -4.369253       0.529401       0.426303
19.999831       1.682541      63.422592      -4.400012       0.528892       0.426490
19.999831       1.658591      63.421448      -4.425360       0.528389       0.426643
19.999831       1.631587      63.421906      -4.450432       0.527979       0.426737
19.999831       1.598285      63.428963      -4.476590       0.527588       0.426811
19.999831       1.545630      63.446545      -4.487030       0.527229       0.426850
19.999831       1.492036      63.476658      -4.484384       0.526955       0.426788
19.999831       1.454442      63.515911      -4.485561       0.526715       0.426700
19.999831       1.427149      63.545242      -4.481825       0.526551       0.426555
19.999831       1.418277      63.571045      -4.469463       0.526435       0.426387
19.999831       1.414808      63.594227      -4.448231       0.526370       0.426213
19.999831       1.417483      63.615990      -4.424496       0.526317       0.426015
20.003673       1.420453      63.631271      -4.396889       0.526271       0.425813
19.999831       1.425980      63.636627      -4.368134       0.526184       0.425645
19.999831       1.431630      63.641747      -4.329564       0.526124       0.425503
19.999831       1.443108      63.644993      -4.285275       0.526063       0.425376
19.999831       1.443724      63.654484      -4.223553       0.526007       0.425257
19.999831       1.429469      63.655125      -4.173291       0.525944       0.425122
19.999831       1.405723      63.638752      -4.167696       0.525879       0.424966
19.999831       1.394842      63.614815      -4.166819       0.525792       0.424843
19.999831       1.380601      63.583542      -4.162666       0.525696       0.424718
19.999831       1.357842      63.547279      -4.154647       0.525617       0.424566
19.999831       1.336315      63.497829      -4.155362       0.525814       0.424436
19.999831       1.319089      63.456886      -4.149806       0.568327       0.424323
19.999831       1.308868      63.423866      -4.135597       0.570286       0.426952
19.999831       1.295407      63.388935      -4.129483       0.571266       0.427889
19.999831       1.286095      63.352947      -4.138337       0.571464       0.428545
19.999831       1.276158      63.328182      -4.131387       0.571207       0.429081
19.999831       1.259285      63.313473      -4.118689       0.570880       0.429509
19.999831       1.245252      63.293991      -4.114501       0.570677       0.429753
19.999831       1.240499      63.265945      -4.123674       0.570355       0.429994
19.999831       1.238805      63.240284      -4.128703       0.571736       0.428332
19.999831       1.231591      63.217556      -4.120559       0.572778       0.427083
19.999831       1.225223      63.194874      -4.109349       0.573611       0.426053
19.999831       1.223442      63.170990      -4.116192       0.574272       0.425180
19.999831       1.210406      63.148861      -4.105359       0.574749       0.424494
19.999831       1.194870      63.131348      -4.087328       0.575159       0.423916
19.999831       1.180876      63.118885      -4.062488       0.575503       0.423418
19.999831       1.172456      63.116890      -4.043907       0.575784       0.422975
19.999831       1.170817      63.111816      -4.037061       0.575992       0.422576
19.999831       1.168660      63.108627      -4.023932       0.576176       0.422212
19.999831       1.168231      63.113804      -4.005140       0.576317       0.421887
19.999831       1.162473      63.127438      -3.997317       0.576456       0.421591
19.999831       1.145649      63.141647      -3.989419       0.576549       0.421307
19.999831       1.125284      63.154087      -3.987719       0.576636       0.421017
19.999831       1.104617      63.166042      -3.989994       0.576712       0.420748
19.999831       1.092128      63.181320      -3.994307       0.576785       0.420500
19.999831       1.070090      63.205338      -3.967547       0.576841       0.420237
19.999831       1.045474      63.225750      -3.957104       0.576887       0.420017
19.999831       1.028196      63.226940      -3.983393       0.576942       0.419757
19.999831       1.021595      63.216980      -4.022619       0.576967       0.419502
19.999831       1.016001      63.212963      -4.045102       0.576974       0.419228
19.999831       1.000550      63.214535      -4.061802       0.576954       0.418956
20.007515       0.976961      63.216446      -4.078870       0.576939       0.418706
19.999831       0.957730      63.220409      -4.083637       0.576927       0.418419
19.999831       0.949047      63.233189      -4.085642       0.576926       0.418119
19.999831       0.944552      63.252529      -4.086515       0.576904       0.417848
19.999831       0.932281      63.282635      -4.096779       0.576901       0.417597
19.999831       0.915386      63.317055      -4.100373       0.576891       0.417365
19.999831       0.905273      63.367985      -4.100027       0.576867       0.417145
19.999831       0.886720      63.422836      -4.106085       0.576849       0.416934
20.008284       0.863411      63.485207      -4.120892       0.576841       0.416741
19.999831       0.835956      63.554874      -4.137394       0.576849       0.416571
19.999831       0.808101      63.642807      -4.148244       0.576863       0.416411
19.999831       0.779533      63.780869      -4.151266       0.576918       0.416263
19.999831       0.733508      64.007912      -4.165455       0.577007       0.416107
19.999831       0.670772      64.336632      -4.182303       0.577149       0.415953
19.999831       0.587057      64.770599      -4.210303       0.577171       0.415974
19.999831       0.479931      65.286957      -4.238781       0.577106       0.416167
19.999831       0.371161      65.859718      -4.245575       0.577133       0.416136
19.999831       0.282309      66.466667      -4.241083       0.498838       0.439023
19.999831       0.214504      67.064445      -4.230161       0.491215       0.441091
19.999831       0.159769      67.679520      -4.214494       0.490737       0.441144
19.999831       0.131114      68.109550      -4.196039       0.492154       0.441118
19.999831       0.106985      68.544418      -4.158702       0.494085       0.441213
19.999831       0.095474      68.822777      -4.128074       0.495907       0.441078
19.999831       0.076978      69.019188      -4.096338       0.497651       0.440856
19.999831       0.060425      69.116180      -4.061134       0.499201       0.440581
19.999831       0.037503      69.131233      -4.001270       0.500621       0.440336
19.999831      -0.000663      69.084915      -3.919466       0.548153       0.433726
19.999831      -0.063564      68.976273      -3.861847       0.599325       0.433747
19.999831      -0.119008      68.818329      -3.829063       0.601015       0.433200
19.999831      -0.162471      68.642708      -3.789287       0.600745       0.432976
19.999831      -0.212695      68.493149      -3.751766       0.599897       0.432837
19.999831      -0.266141      68.379417      -3.736246       0.599014       0.432826
19.999831      -0.322334      68.302872      -3.731615       0.598361       0.432805
19.999831      -0.359408      68.265648      -3.722551       0.597774       0.432611
19.999831      -0.385787      68.274170      -3.713647       0.597228       0.432382
19.999831      -0.407790      68.310486      -3.719527       0.596872       0.432284
19.999831      -0.433401      68.369156      -3.725305       0.596643       0.432135
19.999831      -0.462962      68.449982      -3.728307       0.596546       0.432089
19.999831      -0.487655      68.545204      -3.708716       0.596379       0.432115
19.999831      -0.505779      68.643990      -3.698714       0.596310       0.432111
19.999831      -0.519472      68.727737      -3.691351       0.596345       0.432064
19.999831      -0.531484      68.805069      -3.676404       0.596365       0.431975
19.999831      -0.557699      68.870552      -3.653232       0.596413       0.431901
19.999831      -0.589386      68.927673      -3.625107       0.596652       0.431849
19.999831      -0.627893      68.967934      -3.588317       0.596873       0.431803
19.999831      -0.656794      68.984032      -3.543024       0.597102       0.431744
19.999831      -0.680196      68.994881      -3.494232       0.597294       0.431690
19.999831      -0.706698      68.991417      -3.457975       0.597519       0.431595
19.999831      -0.730445      68.977699      -3.426917       0.597707       0.431519
19.999831      -0.753205      68.960396      -3.405575       0.597877       0.431455
19.999831      -0.772624      68.940063      -3.392045       0.598036       0.431391
19.999831      -0.778924      68.917091      -3.392412       0.598199       0.431337
19.999831      -0.786067      68.889023      -3.407211       0.598284       0.431297
19.999831      -0.794164      68.858475      -3.430085       0.599012       0.431335
19.999831      -0.801691      68.827065      -3.459484       0.629219       0.433902
19.999831      -0.810903      68.788452      -3.489809       0.629398       0.434277
19.999831      -0.823448      68.756317      -3.520192       0.629176       0.434298
19.999831      -0.829670      68.724785      -3.539200       0.628679       0.434260
19.999831      -0.842877      68.705872      -3.533665       0.628149       0.434234
19.999831      -0.858797      68.683235      -3.550688       0.627940       0.434240
19.999831      -0.859114      68.644821      -3.588681       0.627765       0.434155
19.999831      -0.856357      68.610382      -3.611856       0.627586       0.434228
19.999831      -0.870093      68.581673      -3.631112       0.627376       0.434341
19.999831      -0.891677      68.572678      -3.638757       0.627122       0.434445
19.999831      -0.907209      68.567116      -3.632819       0.626908       0.434594
19.999831      -0.916060      68.569847      -3.617957       0.626671       0.434742
19.999831      -0.913559      68.587593      -3.609262       0.626438       0.434890
20.008284      -0.916499      68.616791      -3.606054       0.626307       0.435070
19.999831      -0.924739      68.657257      -3.602675       0.626210       0.435217
19.999831      -0.936472      68.700081      -3.591205       0.626141       0.435446
19.999831      -0.944245      68.745277      -3.591844       0.626059       0.435670
19.999831      -0.951497      68.792625      -3.597342       0.625978       0.435874
19.999831      -0.962502      68.831413      -3.607563       0.625953       0.436040
19.999831      -0.982314      68.867188      -3.620602       0.625925       0.436230
19.999831      -1.000335      68.898628      -3.638475       0.625943       0.436435
19.999831      -1.024679      68.925026      -3.651049       0.625948       0.436666
19.999831      -1.050296      68.957016      -3.647312       0.625985       0.436875
19.999831      -1.082447      68.979370      -3.641652       0.625978       0.437075
19.999831      -1.118581      68.991722      -3.635976       0.625944       0.437291
19.999831      -1.135280      68.999771      -3.631531       0.625890       0.437484
19.999831      -1.142068      69.002296      -3.628001       0.625862       0.437626
19.999831      -1.138694      69.013176      -3.612544       0.625797       0.437771
19.999831      -1.136882      69.017792      -3.608632       0.625694       0.437912
19.999831      -1.129807      69.023735      -3.610084       0.625554       0.438032
19.999831      -1.129025      69.037079      -3.611865       0.625422       0.438171
19.999831      -1.135755      69.063812      -3.607141       0.625271       0.438314
19.999831      -1.142177      69.095291      -3.609195       0.625109       0.438456
19.999831      -1.152895      69.126411      -3.618604       0.624944       0.438588
19.999831      -1.157356      69.158775      -3.626626       0.624781       0.438711
19.999831      -1.148719      69.201180      -3.622438       0.624630       0.438806
19.999831      -1.150219      69.261902      -3.595934       0.624512       0.438883
19.999831      -1.158352      69.322868      -3.587729       0.624377       0.438949
20.004954      -1.166791      69.351547      -3.619045       0.624245       0.439015
19.999831      -1.159028      69.353760      -3.640314       0.624126       0.439056
19.999831      -1.160792      69.340851      -3.635634       0.623975       0.439113
19.999831      -1.166854      69.313011      -3.632644       0.623817       0.439172
19.999831      -1.174567      69.270576      -3.618489       0.623657       0.439207
19.999831      -1.170639      69.222466      -3.599004       0.623564       0.439173
19.999831      -1.167223      69.185768      -3.577813       0.623847       0.438905
19.999831      -1.162077      69.149269      -3.568446       0.624185       0.438553
19.999831      -1.164054      69.106087      -3.571222       0.624484       0.438200
19.999831      -1.170534      69.071159      -3.563147       0.624781       0.437855
19.999831      -1.175265      69.043037      -3.556539       0.625029       0.437527
19.999831      -1.179909      69.021843      -3.563851       0.625249       0.437198
19.999831      -1.183712      68.997978      -3.582537       0.625453       0.436888
19.999831      -1.189342      68.972740      -3.601514       0.625639       0.436594
19.999831      -1.187927      68.950500      -3.617407       0.625806       0.436308
19.999831      -1.194754      68.928452      -3.628661       0.625957       0.436041
19.999831      -1.204165      68.903015      -3.636529       0.626100       0.435781
19.999831      -1.209308      68.877510      -3.637534       0.626233       0.435529
19.999831      -1.213438      68.846596      -3.636752       0.626344       0.435301
19.999831      -1.211154      68.821404      -3.620135       0.626236       0.435042
19.999831      -1.209885      68.798973      -3.608431       0.626034       0.434751
19.999831      -1.203126      68.776489      -3.594479       0.625823       0.434476
19.999831      -1.193070      68.759117      -3.582067       0.625622       0.434214
19.999831      -1.187364      68.739807      -3.570649       0.625428       0.433971
19.999831      -1.183334      68.726265      -3.565025       0.625225       0.433736
19.999831      -1.183994      68.713455      -3.558748       0.625035       0.433510
19.999831      -1.196245      68.698631      -3.563660       0.624849       0.433283
19.999831      -1.209168      68.684334      -3.570260       0.624669       0.433066
19.999831      -1.216792      68.670250      -3.568570       0.624493       0.432865
19.999831      -1.226908      68.666695      -3.543536       0.624307       0.432682
19.999831      -1.249539      68.666466      -3.525949       0.624125       0.432499
19.999831      -1.265411      68.648788      -3.542510       0.623950       0.432310
19.999831      -1.264295      68.620140      -3.579871       0.623779       0.432125
19.999831      -1.267881      68.590141      -3.597898       0.623614       0.431945
19.999831      -1.272853      68.560860      -3.597469       0.623445       0.431761
19.999831      -1.274015      68.528076      -3.601593       0.623276       0.431583
19.999831      -1.265837      68.498840      -3.604273       0.623104       0.431404
19.999831      -1.268090      68.468620      -3.599738       0.622923       0.431228
20.007259      -1.275269      68.450668      -3.589956       0.622732       0.431065
19.999831      -1.277906      68.438324      -3.584970       0.622540       0.430900
19.999831      -1.287395      68.434418      -3.571885       0.622357       0.430745
19.999831      -1.296402      68.437950      -3.561460       0.622175       0.430591
19.999831      -1.294646      68.449364      -3.570455       0.621997       0.430445
19.999831      -1.294312      68.453468      -3.578493       0.621803       0.430294
19.999831      -1.291119      68.465530      -3.577456       0.621618       0.430148
20.008284      -1.294353      68.468880      -3.581569       0.621427       0.430005
19.999831      -1.296821      68.459404      -3.588863       0.621243       0.429866
19.999831      -1.294542      68.446495      -3.589949       0.621060       0.429723
19.999831      -1.297191      68.424850      -3.584406       0.620887       0.429571
19.999831      -1.294122      68.403519      -3.563195       0.620719       0.429420
20.000343      -1.295390      68.369514      -3.546583       0.620539       0.429271
19.999831      -1.295419      68.316345      -3.533646       0.620357       0.429128
19.999831      -1.296428      68.220657      -3.547024       0.620164       0.428987
19.999831      -1.314604      68.014252      -3.594574       0.619957       0.428848
19.999831      -1.354038      67.565254      -3.707961       0.619760       0.428696
19.999831      -1.403494      66.708290      -3.968825       0.619516       0.428535
19.999831      -1.427367      65.320526      -4.419024       0.590112       0.413701
19.999831      -1.420797      63.368977      -5.004446       0.583781       0.413274
19.999831      -1.379629      60.905918      -5.640490       0.577144       0.412415
19.999831      -1.325419      58.081322      -6.184784       0.574887       0.412359
19.999831      -1.232935      54.870007      -6.559555       0.576957       0.413187
19.999831      -1.114139      51.357555      -6.804609       0.577757       0.414920
19.999831      -0.917630      47.420475      -6.870321       0.576585       0.415774
19.999831      -0.551161      42.953781      -6.759517       0.538449       0.418181
19.999831      -0.052014      38.054005      -6.575191       0.495915       0.428322
19.999831       0.517383      32.716446      -6.389106       0.495188       0.428841
19.999831       1.055444      27.063025      -6.268137       0.572287       0.455578
19.999831       1.464992      21.277645      -6.164052       0.584905       0.458734
19.999831       1.738456      15.394652      -6.043095       0.592498       0.461147
19.999831       1.875085       9.693905      -5.930244       0.595629       0.460078
19.999831       1.890991       4.116967      -5.814129       0.551429       0.461230
19.999831       1.891117      -0.989781      -5.630089       0.505957       0.467332
19.999831       1.900334      -5.695907      -5.437803       0.496092       0.468399
19.999831       1.917130      -9.970285      -5.253235       0.504975       0.467196
19.999831       1.996298     -13.820479      -5.132150       0.504603       0.466681
19.999831       2.113905     -17.227901      -5.066307       0.502273       0.466570
19.999831       2.231209     -20.226133      -5.067910       0.461558       0.469001
19.999831       2.319341     -22.704632      -5.168623       0.452038       0.468340
19.999831       2.412555     -24.762915      -5.303760       0.443543       0.468281
19.999831       2.482211     -26.404348      -5.512120       0.412985       0.469684
20.002905       2.511244     -27.737875      -5.763137       0.412194       0.468070
20.009052       2.474520     -28.852772      -6.000248       0.453095       0.444713
20.006491       2.420220     -29.803766      -6.245286       0.455883       0.438795
19.999831       2.367419     -30.670206      -6.441305       0.455883       0.436502
19.999831       2.296913     -31.464506      -6.638738       0.455893       0.435778
19.999831       2.200188     -32.238701      -6.796663       0.456409       0.435358
19.999831       2.086490     -33.019852      -6.899483       0.456997       0.434954
20.002905       1.981666     -33.793396      -6.995393       0.457599       0.434490
19.999831       1.874446     -34.609039      -7.044278       0.458314       0.434036
19.999831       1.815357     -35.448925      -7.044846       0.459034       0.433513
19.999831       1.824296     -36.403095      -6.938175       0.459692       0.433006
19.999831       1.919061     -37.624924      -6.595098       0.460294       0.432555
19.999831       2.038164     -39.322636      -6.012405       0.460772       0.432326
19.999831       2.139591     -41.629852      -5.291836       0.460760       0.432433
19.999831       2.201148     -44.501976      -4.580553       0.552800       0.425658
19.999831       2.140829     -47.736233      -3.956930       0.598663       0.478748
19.999831       1.943714     -51.037224      -3.381057       0.606255       0.491793
19.999831       1.627840     -54.175888      -2.819776       0.606381       0.492186
19.999831       1.235087     -56.882183      -2.350586       0.604631       0.486490
19.999831       0.811675     -59.051556      -1.992329       0.564108       0.479857
19.999831       0.404945     -60.595997      -1.743769       0.552256       0.480077
19.999831      -0.001347     -61.587345      -1.618098       0.544153       0.479593
19.999831      -0.396923     -62.129757      -1.576442       0.537857       0.478587
19.999831      -0.767373     -62.355213      -1.623152       0.533395       0.477554
19.999831      -1.118983     -62.382320      -1.771717       0.530032       0.476461
19.999831      -1.417718     -62.316795      -1.938880       0.527622       0.475347
19.999831      -1.651968     -62.286167      -2.066165       0.525777       0.474338
19.999831      -1.863187     -62.357769      -2.183936       0.524409       0.473381
19.999831      -2.036028     -62.572937      -2.287062       0.523312       0.472538
19.999831      -2.151778     -62.907013      -2.377535       0.523116       0.471325
19.999831      -2.228518     -63.342735      -2.479633       0.590887       0.453115
19.999831      -2.283400     -63.846451      -2.595462       0.633525       0.461313
19.999831      -2.336267     -64.369003      -2.725371       0.631602       0.460713
19.999831      -2.389273     -64.893318      -2.867106       0.629109       0.460321
20.007772      -2.438737     -65.406418      -3.030010       0.626375       0.460160
19.999831      -2.500903     -65.898270      -3.203913       0.623831       0.459754
19.999831      -2.561217     -66.367096      -3.343687       0.621395       0.459306
19.999831      -2.627468     -66.839279      -3.433797       0.619078       0.458882
19.999831      -2.681523     -67.364159      -3.466612       0.616799       0.458650
19.999831      -2.734480     -67.987335      -3.462133       0.614375       0.458583
19.999831      -2.777116     -68.736107      -3.400138       0.611997       0.458426
19.999831      -2.787729     -69.631409      -3.291572       0.609517       0.458240
19.999831      -2.793300     -70.632660      -3.180001       0.583189       0.454224
19.999831      -2.826042     -71.672989      -3.048584       0.594088       0.449311
19.999831      -2.871566     -72.667183      -2.860207       0.598565       0.446325
19.999831      -2.934467     -73.538010      -2.660840       0.598096       0.444938
19.999831      -3.037640     -74.245079      -2.501667       0.596092       0.443977
19.999831      -3.194401     -74.767662      -2.344578       0.593690       0.443230
19.999831      -3.380699     -75.096687      -2.240312       0.591305       0.442796
19.999831      -3.585338     -75.283829      -2.208925       0.589086       0.442194
19.999831      -3.770407     -75.336678      -2.164530       0.587246       0.441605
19.999831      -3.916511     -75.321358      -2.143027       0.585655       0.441076
19.999831      -4.045711     -75.261452      -2.169692       0.584334       0.440574
19.999831      -4.176992     -75.208397      -2.214111       0.583202       0.440087
19.999831      -4.301896     -75.179321      -2.252241       0.582330       0.439626
19.999831      -4.413115     -75.160072      -2.296355       0.581587       0.439099
19.999831      -4.517611     -75.142357      -2.354200       0.580947       0.438646
19.999831      -4.632232     -75.113808      -2.402598       0.580427       0.438202
19.999831      -4.719896     -75.045364      -2.442930       0.579759       0.437647
19.999831      -4.786425     -74.969452      -2.488708       0.543404       0.408082
19.999831      -4.831669     -74.870087      -2.533472       0.513089       0.414022
19.999831      -4.849383     -74.761543      -2.549032       0.513192       0.412837
19.999831      -4.836174     -74.666733      -2.526681       0.515267       0.412750
19.999831      -4.819073     -74.596886      -2.483708       0.517220       0.413058
19.999831      -4.801157     -74.582314      -2.398711       0.519355       0.413398
20.006747      -4.779790     -74.609055      -2.252602       0.521979       0.412187
19.999831      -4.748738     -74.647522      -2.092847       0.524141       0.411557
19.999831      -4.700683     -74.679306      -1.935684       0.526257       0.411306
19.999831      -4.656328     -74.660446      -1.803500       0.528078       0.411446
19.999831      -4.638258     -74.586571      -1.732860       0.529792       0.411915
19.999831      -4.655705     -74.436111      -1.709892       0.531491       0.411927
19.999831      -4.694065     -74.255188      -1.716856       0.533233       0.411741
19.999831      -4.759401     -74.063934      -1.740565       0.535067       0.411828
19.999831      -4.843088     -73.881332      -1.782470       0.536981       0.411734
19.999831      -4.936195     -73.722145      -1.820395       0.566934       0.407363
19.999831      -5.029640     -73.565430      -1.838619       0.569512       0.407243
19.999831      -5.122897     -73.408188      -1.858991       0.571922       0.406650
19.999831      -5.230877     -73.226425      -1.865142       0.573950       0.406310
19.999831      -5.332669     -73.025314      -1.875487       0.576164       0.405732
19.999831      -5.445702     -72.806175      -1.890064       0.578374       0.405305
19.999831      -5.571727     -72.543808      -1.899633       0.580626       0.405073
20.002649      -5.685264     -72.249916      -1.905302       0.580875       0.405954
19.999831      -5.789756     -71.953598      -1.916299       0.584442       0.446135
19.999831      -5.893499     -71.646484      -1.914612       0.589898       0.450151
19.999831      -6.007319     -71.360405      -1.897826       0.589382       0.457682
19.999831      -6.130407     -71.089752      -1.880464       0.590214       0.461783
19.999831      -6.257682     -70.840485      -1.862200       0.591314       0.463858
19.999831      -6.386912     -70.600334      -1.834438       0.592610       0.465080
19.999831      -6.497610     -70.371239      -1.794298       0.594070       0.465874
19.999831      -6.589586     -70.169281      -1.747769       0.595714       0.466542
19.999831      -6.669940     -69.987389      -1.702672       0.597349       0.467015
19.999831      -6.745450     -69.829010      -1.662475       0.599019       0.467281
19.999831      -6.814496     -69.682625      -1.631498       0.600720       0.467486
19.999831      -6.876521     -69.539085      -1.601081       0.602385       0.467547
19.999831      -6.932488     -69.392136      -1.562882       0.604065       0.467579
19.999831      -6.993312     -69.238663      -1.520259       0.605733       0.467516
19.999831      -7.073995     -69.091843      -1.490178       0.607411       0.467396
19.999831      -7.166335     -68.934807      -1.463468       0.609085       0.467225
19.999831      -7.260864     -68.771034      -1.429105       0.638837       0.464426
19.999831      -7.353056     -68.614067      -1.414647       0.639826       0.464276
19.999831      -7.442861     -68.459953      -1.402848       0.639058       0.466028
19.999831      -7.529888     -68.316048      -1.398317       0.640477       0.465549
19.999831      -7.614625     -68.182320      -1.397208       0.639520       0.467745
19.999831      -7.688753     -68.066551      -1.399159       0.641160       0.466740
19.999831      -7.765498     -67.962112      -1.400468       0.642709       0.465893
19.999831      -7.837064     -67.853485      -1.391217       0.644017       0.465104
19.999831      -7.889362     -67.751724      -1.384722       0.644211       0.465403
19.999831      -7.899187     -67.650986      -1.368994       0.643649       0.466336
19.999831      -7.833181     -67.561974      -1.331569       0.643360       0.467072
19.999831      -7.694486     -67.500427      -1.285391       0.643236       0.467690
19.999831      -7.514685     -67.460564      -1.214838       0.642985       0.468341
19.999831      -7.341576     -67.439507      -1.117363       0.642807       0.468975
19.999831      -7.201955     -67.431259      -1.009472       0.642687       0.469574
19.999831      -7.116549     -67.400169      -0.899567       0.642491       0.470223
19.999831      -7.050244     -67.342903      -0.796713       0.642307       0.470804
19.999831      -6.987237     -67.247833      -0.707098       0.642204       0.471318
19.999831      -6.955942     -67.132011      -0.636924       0.642082       0.471847
19.999831      -6.963404     -67.001389      -0.599829       0.642004       0.472335
19.999831      -6.988383     -66.857674      -0.578044       0.641947       0.472798
19.999831      -7.015437     -66.711761      -0.563098       0.641966       0.473127
19.999831      -7.036332     -66.574829      -0.573762       0.642091       0.473463
19.999831      -7.071536     -66.454803      -0.580302       0.642836       0.473468
19.999831      -7.092059     -66.342247      -0.570206       0.672470       0.464443
19.999831      -7.107150     -66.234070      -0.556476       0.673937       0.462600
19.999831      -7.143562     -66.136597      -0.547758       0.674289       0.462251
19.999831      -7.190348     -66.023804      -0.532378       0.674813       0.461789
19.999831      -7.223725     -65.882957      -0.506198       0.675210       0.461513
20.007003      -7.246721     -65.726181      -0.475200       0.675474       0.461493
19.999831      -7.279191     -65.567513      -0.450475       0.675685       0.461430
19.999831      -7.320477     -65.421692      -0.434899       0.675935       0.461450
19.999831      -7.359067     -65.269859      -0.408385       0.676230       0.461533
19.999831      -7.398436     -65.119904      -0.374988       0.676660       0.461488
19.999831      -7.443508     -64.976524      -0.347351       0.676947       0.461449
19.999831      -7.502332     -64.845070      -0.333315       0.677299       0.461387
19.999831      -7.569348     -64.721397      -0.322800       0.677623       0.461268
19.999831      -7.628263     -64.579140      -0.314247       0.678067       0.461192
19.999831      -7.683503     -64.429298      -0.317180       0.678165       0.461264
19.999831      -7.728569     -64.287392      -0.352864       0.598055       0.436646
19.999831      -7.760139     -64.144211      -0.406105       0.561337       0.420935
19.999831      -7.773775     -63.994221      -0.471327       0.559694       0.416054
19.999831      -7.774159     -63.822819      -0.550368       0.561032       0.414639
19.999831      -7.758307     -63.624504      -0.652859       0.562874       0.413923
19.999831      -7.759969     -63.378685      -0.758410       0.564340       0.413641
19.999831      -7.768247     -63.082081      -0.867412       0.566002       0.413518
19.999831      -7.777472     -62.722980      -1.005455       0.565473       0.416006
19.999831      -7.785018     -62.271099      -1.177781       0.565375       0.417836
19.999831      -7.813210     -61.702694      -1.370499       0.565698       0.419301
19.999831      -7.858793     -60.964565      -1.594188       0.566539       0.420456
19.999831      -7.898515     -60.015701      -1.879678       0.567714       0.421338
19.999831      -7.938349     -58.801277      -2.222093       0.567824       0.420798
19.999831      -7.982478     -57.242794      -2.618901       0.425689       0.420957
22.0202
