0.020833328,-0.981526343516704,0.01647969439588424,0.1906159926536794
0.22083332800000002,-0.9806113035252996,0.017450501447147444,0.19518440357174105
0.420833328,-0.9801221772715569,0.01915089970566457,0.1974683788886885
0.6208333280000001,-0.978477009772944,0.02339462509562423,0.2050254444268646
0.8208333280000001,-0.979404465563491,-0.011513877821076381,0.20157957101803328
1.020833328,-0.9813593923054995,-0.09927456297357716,0.1645548670814264
1.220833328,-0.9659604966100901,-0.23423064136872582,0.10980130068803258
1.420833328,-0.9255484425390241,-0.3717429338149218,0.07188373718903115
1.620833328,-0.9073745885742671,-0.41519919643239694,0.06542922352872654
1.820833328,-0.9089823327724533,-0.40934190361974127,0.07867861620869941
2.020833328,-0.9162463932959499,-0.38794518231981356,0.09995540148991393
2.2208333280000003,-0.9333898729976884,-0.341715099377138,0.10960901351181158
2.4208333280000005,-0.9488637828657015,-0.29461115281319633,0.11340983292409314
2.6208333280000002,-0.9565604727256984,-0.2666421432108504,0.11787293787257967
2.8208333280000004,-0.9590234076747397,-0.26007907799243946,0.1123965156156211
3.020833328,-0.958921844644789,-0.25772844333567524,0.11851137227626897
3.2208333280000003,-0.9594233608494385,-0.2560356897209121,0.11812087133739571
3.4208333280000005,-0.9560840643329471,-0.26933255959503616,0.115599456186351
3.6208333280000002,-0.8632217775532486,-0.4964424344148849,0.09161371114649358
3.8208333280000004,-0.7540770857978096,-0.6517709753176155,0.08100829839101317
4.020833328,-0.6980759424293668,-0.7111862046169407,0.083091280913841
4.220833328,-0.6568748690168176,-0.7489754957199228,0.08689714187034263
4.4208333280000005,-0.6069635684084291,-0.7904636349530239,0.08223422913701543
4.620833328000001,-0.5946460938513332,-0.7991416324690132,0.08814008351546088
4.820833328000001,-0.6676226205511451,-0.7374123913668726,0.10248415285795055
5.020833328,-0.8148690134777078,-0.5714105240163457,0.09735760841985093
5.220833328,-0.8537922489869293,-0.5126748063592196,0.09057228325695742
5.4208333280000005,-0.8566832340440929,-0.50861627707947,0.08604254295157794
5.620833328000001,-0.8436238133845706,-0.5307816904708936,0.08105343022559422
5.820833328000001,-0.8142815116577622,-0.5754534837582664,0.07615056009527854
6.020833328,-0.7322985547259724,-0.677428844707831,0.06949091382379112
6.220833328,-0.6502348670071562,-0.7565208610141616,0.06979114971525799
6.4208333280000005,-0.591494153292282,-0.8026457873355208,0.07677503952189278
6.620833328000001,-0.5069360004273691,-0.8574770694205508,0.08802821643454148
6.820833328000001,-0.4372036013197529,-0.8938572318965669,0.0993592470746707
7.020833328,-0.42815031518630964,-0.8990266892523644,0.09186032668021665
7.220833328,-0.35654935836297924,-0.9293415436839356,0.09590020977092525
7.4208333280000005,-0.31062543563411915,-0.946625827363092,0.0860893820761625
7.620833328000001,-0.31396542930185534,-0.9456505200171635,0.08468059514770394
7.820833328000001,-0.3229585439203802,-0.9415163551874964,0.09614952846103779
8.020833328,-0.33512186586310755,-0.9369949683615174,0.09865984130145593
8.220833328000001,-0.34234770113379376,-0.9340689313161586,0.10155433559575969
8.420833328,-0.3372735555693865,-0.9363043181014941,0.09788142120995423
8.620833328,-0.32890518256049756,-0.9392852751518889,0.09779853152111598
8.820833328,-0.3326060234945766,-0.9377785664410545,0.09972258249205848
9.020833328,-0.34325510527587055,-0.9339148937268122,0.09989446419741137
9.220833328000001,-0.3514314250789133,-0.9310722957045374,0.0979812922883085
9.420833328,-0.35701468321163754,-0.9290729912272159,0.09676721006316084
9.620833328000002,-0.36231185332195764,-0.9268030424283563,0.09882429604075654
9.820833328,-0.366172268385908,-0.9252305853119566,0.09932891758401659
10.020833328,-0.39171030118585415,-0.913887676133858,0.1066412460333467
10.220833328000001,-0.41151188318610105,-0.9048287567587959,0.10928353461963247
10.420833328,-0.4151420540893428,-0.9027203484877643,0.11292939100433955
10.620833328000002,-0.4453735731596826,-0.8867839802952519,0.12351741829672247
10.820833328,-0.46146487055455687,-0.8769634444006441,0.13410924811147407
11.020833328,-0.6879457880351316,-0.7107503414337555,0.14684871424878757
11.220833328000001,-0.8802168327814914,-0.4562833743610622,0.13047532168882678
11.420833328,-0.921103708053475,-0.36401449398799596,0.13806305507557665
11.620833328000002,-0.9351264694238522,-0.33305399546256187,0.12088640241691817
11.820833328,-0.9358396526845931,-0.3309358153323628,0.12118428360758772
12.020833328,-0.9314394932140034,-0.3418157994159666,0.12482960286271948
12.220833328000001,-0.9442049602042127,-0.303427295525478,0.12809710947502076
12.420833328,-0.9347879626218012,-0.32240819789443675,0.14907856609131737
12.620833328000002,-0.9399501357772502,-0.3113404860466912,0.1398600872319876
12.820833328,-0.9519994122000313,-0.2669386379750172,0.1498028128135048
13.020833328,-0.9668100961965502,-0.20432867769027493,0.15338849163402543
13.220833328000001,-0.9868407281822326,0.023119417487773422,0.16003396431941252
13.420833328,-0.974797999867345,0.1345876418197121,0.1779185940930093
13.620833328000002,-0.8868304837074863,0.42056363663107327,0.19146258305682698
13.820833328,-0.8150077545035987,0.5521136836816147,0.17587734473353697
14.020833328,-0.7936854407993365,0.5918127746258798,0.14078728938643792
14.220833328000001,-0.7863572819647888,0.6055924449205214,0.12206562069696279
14.420833328,-0.7821701933977263,0.613266131666257,0.11006561820690723
14.620833328000002,-0.8531192344456187,0.5155534529904058,0.07995129097513831
14.820833328,-0.9904124274628818,0.13781400020921641,0.009514456023133437
15.020833328,-0.9780561168317047,-0.20281119723276939,0.04768490961612194
15.220833328000001,-0.8835247095607308,-0.4624019670606364,0.07462243934689114
15.420833328,-0.8597877927760937,-0.508818837478774,0.04322432208794112
15.620833328000002,-0.793193881085712,-0.6044125920567381,0.07435647632480073
15.820833328,-0.5399127721901323,-0.8354840035654553,0.10227745700888673
16.020833328,-0.312414528679065,-0.9426955696728784,0.11714190193677647
16.220833327999998,-0.16096311444708872,-0.9793751210587229,0.12212799858634056
16.420833328,-0.08831761457781734,-0.9889492266183565,0.11907739553012983
16.620833328,-0.08147789628777058,-0.9887071682339338,0.12577554571281163
16.820833328,-0.08560132727419517,-0.9899898026658802,0.11221676963122677
17.020833328,-0.06591790395058611,-0.9922516853772533,0.10531582409477407
17.220833327999998,-0.05509862101989388,-0.9931273891731782,0.10325759456704763
17.420833328,-0.07144435725059317,-0.9916424019811538,0.10742928097170734
17.620833328,-0.067348988077781,-0.9909464491432346,0.11614322509433761
17.820833328,-0.07921129363323737,-0.9877868399318613,0.134174251696725
18.020833328,-0.08352447296523519,-0.9863759098205048,0.14172588663208593
18.220833327999998,-0.10205080820456958,-0.9869083133672659,0.12489040616225376
18.420833328,-0.09095116475817144,-0.9893049247945496,0.11403355386193428
18.620833328,-0.11236321295039037,-0.9875981079166876,0.10965621557779745
18.820833328,-0.14010354192236857,-0.9831300415672924,0.11758536859959018
19.020833328,-0.1590013101093674,-0.9790239772919025,0.12739951048198586
19.220833328,-0.17220735443701501,-0.9766945464446573,0.1281108505282399
19.420833328,-0.17628744158440723,-0.9762230356106278,0.12614009149669694
19.620833328,-0.1792743245912094,-0.9753773745671678,0.1284511336066165
19.820833328,-0.17896123485009025,-0.9752376392240679,0.12994007642601002
20.020833328,-0.1850299962054951,-0.9738279112116225,0.1319965902946093
20.220833328,-0.18670918666961756,-0.973184339893645,0.13435743447588097
20.420833328,-0.19372086954426715,-0.9715193685721392,0.1364636991738305
20.620833328,-0.20789711412704165,-0.9685970607697388,0.13637640487221633
20.820833328,-0.25397364877496603,-0.9565586928513402,0.1431532495560793
21.020833328,-0.29203536647612577,-0.9446163739771324,0.14971723595314398
21.220833328,-0.2643107193976167,-0.953342951196325,0.14586658635820732
21.420833328,-0.2325722410560906,-0.961749306559227,0.14473570403667962
21.620833328,-0.19211593047616166,-0.9705703387602451,0.14520567060587602
21.820833328,-0.18339083039472082,-0.9721825676108954,0.14570126478731069
22.020833328,-0.18338907355637613,-0.970871404694835,0.15419845409734956
22.220833328,-0.18512530114796116,-0.9698727803834784,0.15835217948010263
22.420833328,-0.16777812508637818,-0.97442622769458,0.14947918759282466
22.620833328,-0.14985758386500503,-0.97712419213342,0.15090068822160585
22.820833328,-0.147714790624961,-0.9794199437669526,0.13753877410448076
23.020833328,-0.11407094859107703,-0.986540026112238,0.11716055465043036
23.220833328,-0.04538600191085529,-0.9950395960178648,0.08852295288314765
23.420833328,-0.020538827844477248,-0.9948560411479668,0.09919482820273402
23.620833328,-0.022587102923557367,-0.9950631301210141,0.09663948393535113
23.820833328,-0.0544241580790254,-0.9934653332470603,0.1003226926158636
24.020833328,-0.06953840447569437,-0.9921670400935179,0.1037736712998175
24.220833328,-0.048771427491577035,-0.9953155831610255,0.0834759712567713
24.420833328,-0.09082265326466571,-0.9923925972589484,0.08311545319376344
24.620833328,-0.11615213172959482,-0.9888362705444301,0.09333548280505964
24.820833328,-0.1331471526830963,-0.9861516386149686,0.09887760812943053
25.020833328,-0.15648474576160715,-0.9833133950616746,0.09277548941508439
25.220833328,-0.187018994591173,-0.9775831825183726,0.09672133642251426
25.420833328,-0.2131666948479924,-0.9715683651912187,0.10302850075219673
25.620833328,-0.21483474494445387,-0.9706611095252351,0.10799556851969058
25.820833328,-0.225345958086197,-0.9686580810711255,0.10450225428104268
26.020833328,-0.23653023258835842,-0.9649244406297082,0.11390466604640068
26.220833328,-0.24393898036651157,-0.9632007319227724,0.11286329731663029
26.420833328,-0.3483034534856125,-0.9313312142426893,0.10633378422323995
26.620833328,-0.7722514881864743,-0.6269759062433722,0.1026101943477236
26.820833328,-0.9057322983220262,-0.4089656986398609,0.11133759972403975
27.020833328,-0.9636790519570801,-0.24089563818063253,0.11529083365406535
27.220833328,-0.9589859768720783,0.24690475711251234,0.1392262083011553
27.420833328,-0.8680771596726379,0.4757636842342316,0.14174258928972538
27.620833328,-0.8281129375250833,0.5437079490380516,0.13642077868276972
27.820833328,-0.8057800787177349,0.578320443684891,0.1275301107885958
28.020833328,-0.7870490251247119,0.6025191943044754,0.13237995522331397
28.220833328,-0.770678867921499,0.6221272923862609,0.13788297432017013
28.420833328,-0.7379087922423645,0.6617079791886055,0.1327899266117254
28.620833328,-0.739842516154382,0.6607187152369183,0.12682204313931156
28.820833328,-0.7480784054877156,0.6512919682042396,0.12726928692974232
29.020833328,-0.7519229107262903,0.6470685565347666,0.12615157339057054
29.220833328,-0.7565345156312395,0.640913818626149,0.12994230932476825
29.420833328,-0.7582638188546871,0.6386342233880085,0.13108130962689546
29.620833328,-0.7554984583752946,0.6415013886062795,0.1330340099702642
29.820833328,-0.7583628514248775,0.6383016604127772,0.13212409278031223
30.020833328,-0.7607519580513222,0.6356577356109525,0.13113238150447754
30.220833328,-0.7640817724407272,0.6313917242526913,0.13237649175382546
30.420833328,-0.7693511066205176,0.6244041719386405,0.13497520071259556
30.620833328,-0.7765592340407999,0.6147112681844658,0.13815141256249275
30.820833328,-0.7824543571472827,0.6065908740618707,0.14075755925025285
31.020833328,-0.798485736238095,0.5843637331357052,0.1447050670156724
31.220833328,-0.8330493441741683,0.5332309640158397,0.14728723361421014
31.420833328,-0.8779288587567854,0.45632291190442636,0.14494936713581488
31.620833328,-0.9233235915371971,0.3552506461588941,0.145844176142003
31.820833328,-0.9697093032172035,0.19656836656187154,0.14499911903595739
32.020833328,-0.9887208604678464,0.037363574496689575,0.14503455924900055
32.220833328000005,-0.9890040866635617,-0.03723345839427066,0.1431243729725183
32.420833328,-0.9856450857810727,-0.07611238985055815,0.15070059385038323
32.620833328,-0.983548162509406,-0.10103445907278087,0.14974995861182022
32.820833328000006,-0.9808243771364555,-0.12509528151929508,0.1494480235951365
33.020833328,-0.9797741386304972,-0.13355186055872237,0.1490185821036124
33.220833328000005,-0.979955629228034,-0.12779329861861063,0.15282616782626876
33.420833328,-0.9803811747784067,-0.119356749172981,0.15686528796062527
33.620833328,-0.9737742668277485,-0.17630681334618808,0.14380398058396618
33.820833328000006,-0.8441325102193363,-0.5244743978073252,0.11120661507053575
34.020833328,-0.39345035105154874,-0.8906763938376605,0.22779899630541314
34.220833328000005,-0.09532629160502998,-0.9710187839745438,0.21916984121322697
34.420833328,0.017137186346421085,-0.9827202913081667,0.1843017794144155
34.620833328,0.052989517964029786,-0.9828112910439923,0.17684478274006502
34.820833328000006,0.04488618523418092,-0.9829366444993104,0.17838380889407918
35.020833328,0.03908150006900052,-0.9839823423086251,0.1739292568177909
35.220833328000005,0.026252964204016793,-0.9841782289349212,0.17522555624401503
35.420833328,-0.015585366026483305,-0.98289158888469,0.18352444214749786
35.620833328,-0.0551111752919623,-0.9587149753120832,0.2789773368399137
35.820833328000006,-0.08690630084588835,-0.9435275216786747,0.31969221246095814
36.020833328,-0.07796594855773487,-0.935300668833092,0.3451578910380928
36.220833328000005,-0.0593030665516987,-0.932314823088076,0.3567523187700602
36.420833328,0.02785005438624455,-0.9257929027452928,0.3770038139026299
36.620833328,0.3005495784150486,-0.8794703630542391,0.3690553229852958
36.820833328000006,0.385884086589813,-0.8586917832233062,0.33725642046004717
37.020833328,0.4747779459983864,-0.8381875214419585,0.268379546337905
37.220833328000005,0.5766820208867842,-0.8062461542243075,0.13192795603832025
37.420833328,0.6869791463121447,-0.7207544185740986,0.0925889876721329
37.620833328,0.8191002837781266,-0.5658015921396563,0.09456893489313369
37.820833328000006,0.9307606183639295,-0.35258096707777464,0.09680564527596973
38.020833328,0.9803359122086455,-0.17617009586636942,0.08891342168917844
38.220833328000005,0.9950567843734992,-0.0036676292785182284,0.09923983256609914
38.42083332800001,0.9829524498727581,0.16166926030010437,0.08756444234482187
38.620833328,0.9635649398360205,0.24847244242243308,0.09901541332255924
38.820833328000006,0.9171047177351925,0.38744393461180476,0.09384100511171346
39.020833328,0.8520308749377643,0.5185237581695598,0.07194790036202224
39.220833328000005,0.8025937380046461,0.5920896463970264,0.07261640548232798
39.42083332800001,0.7724184765180259,0.6314335378517,0.06827433199715777
39.620833328,0.6790871244470518,0.7318199190536503,0.05727375914450922
39.820833328000006,0.4870605131507939,0.8714721950820011,0.05751756017290736
40.020833328,0.37825281588897447,0.9256981921812045,0.002768440808788515
40.220833328000005,0.29935933223041716,0.953905374656582,-0.02117844205424886
40.42083332800001,0.2088187371240821,0.9777306167101673,-0.020918321478055436
40.620833328,0.1714418800711051,0.9844806110092892,0.03749144308321567
40.820833328000006,0.11743048161661063,0.992143341538538,0.04314709524446392
41.020833328,0.3767833120995704,0.9262968076864879,0.002925712408888668
41.220833328000005,0.5073379568254547,0.8610121867291197,0.03558387089838195
41.42083332800001,0.5241503308101746,0.8510125700715753,0.03231155043875389
41.620833328,0.5007899273103567,0.8650917379112855,0.02873558250878745
41.820833328000006,0.5449523469593323,0.837954540363957,0.029310882397927937
42.020833328,0.523900234493778,0.8511408509739659,0.032981754057018205
42.220833328000005,0.4835753766547382,0.8748133836328948,0.029264294114042477
42.42083332800001,0.4168716371383721,0.9085040118660604,0.028956839828386163
42.620833328,0.3366290922029478,0.9409217138858742,0.036703986441376485
42.820833328000006,0.23281144869292714,0.9719007605340422,0.034752568694277085
43.020833328,0.0016397265176750775,0.9986402235728181,0.05210580734792237
43.220833328000005,-0.18484513731753388,0.9813883208445159,0.05205034985515307
43.42083332800001,-0.329125157121861,0.9429162278090474,0.05084897524893899
43.620833328,-0.37977056784240537,0.9232154205604258,0.058716292799301344
43.820833328000006,-0.38004453130072696,0.9222324120278349,0.07108820178997802
44.020833328,-0.3345628235460887,0.9396894177975272,0.07107401198900529
44.220833328000005,-0.09147896654613502,0.9938407038350471,0.06254801419956918
44.42083332800001,0.06673649097768808,0.9961031859489116,0.05766007036427369
44.620833328,0.11638704865890226,0.9898738740117087,0.08126357396473802
44.820833328000006,0.1624794269427567,0.9829692571881263,0.085859625222669
45.020833328,0.18927569482829526,0.9775437581969294,0.09264400767178406
