0.016683214000000002,-0.9691465828942141,-0.1882096558475969,0.1591603792097693
0.216683214,-0.9751159007911814,-0.173252507762672,0.13832045610880778
0.416683214,-0.9776103356547232,-0.16329674810919922,0.13271097798607523
0.616683214,-0.9792980899487529,-0.15176176241768377,0.13395379237111105
0.816683214,-0.9792054436489899,-0.15812725216682172,0.12709237290394618
1.016683214,-0.9802349187028068,-0.15976080221746228,0.11668757530489336
1.2166832140000001,-0.9803422886330275,-0.16054759706020252,0.11468856174855732
1.416683214,-0.9797240303692334,-0.16281070077332768,0.11676257975380407
1.616683214,-0.9784345381896902,-0.16614030536176724,0.12273244645091377
1.816683214,-0.9784971679673409,-0.16526135279021503,0.12341789802877869
2.016683214,-0.9788828826381013,-0.16534303509361714,0.12020808135958512
2.216683214,-0.9790060289614293,-0.1645631122874351,0.12027542280718041
2.4166832140000003,-0.9792169678088944,-0.16202823726516977,0.12198762348655111
2.616683214,-0.9789746453453124,-0.16315394676950343,0.12243134167587015
2.816683214,-0.9793356908457638,-0.16269808302114402,0.12012884090382174
3.016683214,-0.9791901035456451,-0.16435860705423744,0.11905036499507402
3.216683214,-0.9794442872941163,-0.16409701210314084,0.11730753899789541
3.4166832140000003,-0.9794777215246273,-0.16437643987481274,0.11663523931902631
3.616683214,-0.9791401074621935,-0.16551164141273247,0.11785816270325876
3.816683214,-0.9790909731441528,-0.16518851064009066,0.11871656270354437
4.016683214,-0.9793068611740883,-0.16449734598744478,0.11789272590131519
4.216683214000001,-0.9797161952124767,-0.1640758342764244,0.1150447627877227
4.416683214000001,-0.9800028784557823,-0.16167347475897692,0.11600019731767718
4.616683214000001,-0.9803604803990141,-0.15885213046718527,0.11687313257481838
4.816683214000001,-0.9811338787270973,-0.15594362129159273,0.11427116430834942
5.016683214,-0.9813816691505883,-0.15530800922702365,0.11300195451913232
5.216683214000001,-0.9808338655491895,-0.1569777073722408,0.11542498680957167
5.416683214000001,-0.9808127157549232,-0.1572849333419595,0.11518622468449768
5.616683214000001,-0.9807425123787268,-0.15845080721636184,0.1141817240434996
5.816683214000001,-0.9803888334640158,-0.16019623662426238,0.11478197153947733
6.016683214,-0.9804980592941518,-0.15906028621294122,0.11542695123002823
6.216683214000001,-0.9804237307227301,-0.1598419149063579,0.1149776955534933
6.416683214000001,-0.9804675692347979,-0.16026682021995228,0.11400829801112086
6.616683214000001,-0.9803384840544482,-0.1601188816451575,0.11531869069032208
6.816683214000001,-0.9804078142441579,-0.16112972063198103,0.11330371087503115
7.016683214,-0.9806413009578607,-0.16084533012285063,0.11167550596861386
7.216683214000001,-0.9804641455221952,-0.16194097202173294,0.11164757465385423
7.416683214000001,-0.9807368180344129,-0.15983708308077374,0.11228268176332667
7.616683214000001,-0.9807624129426954,-0.16120280617878896,0.11008516993176835
7.816683214000001,-0.9805176010276797,-0.1631779037513534,0.10935358157023645
8.016683214,-0.9803470426872988,-0.16413774558239105,0.1094462259257846
8.216683214000001,-0.9805859029100816,-0.1627098387387508,0.1094385461874817
8.416683214,-0.9805572791924166,-0.16314995168911148,0.10903905486845322
8.616683214,-0.9807744119438786,-0.1624647345851347,0.10810533239540744
8.816683214000001,-0.9808164133035857,-0.1624127861093078,0.10780190305603284
9.016683214,-0.9808332127378314,-0.16369304900276851,0.10569197934830181
9.216683214000001,-0.980677262932278,-0.16461389035763818,0.10570890723576394
9.416683214,-0.9803515184526008,-0.16617401411419686,0.10628780410214184
9.616683214000002,-0.9807576276372474,-0.16473534353231362,0.10476994999831354
9.816683214000001,-0.981138487313887,-0.16408691421207602,0.1021897905652829
10.016683214,-0.981123063320998,-0.16399713199741447,0.10248158525434518
10.216683214000001,-0.9810572241388702,-0.1628020852290905,0.10498668491763678
10.416683214,-0.9809073611693795,-0.16500057978484306,0.10293472433727296
10.616683214000002,-0.9807411443332785,-0.16543888560913556,0.10381128522593114
10.816683214000001,-0.9805958607393263,-0.16520942679869338,0.10553484352453253
11.016683214,-0.9805307386340991,-0.16593984349609278,0.10499256608998488
11.216683214000001,-0.9804454891334007,-0.166604678417165,0.10473549526058537
11.416683214,-0.9799263388650521,-0.1686044615237353,0.10638094732059084
11.616683214000002,-0.9802570616222801,-0.1663201328038997,0.10692851146324855
11.816683214000001,-0.9807453090382073,-0.16516987436539438,0.10419957486319927
12.016683214,-0.9819235946221117,-0.15855364234321592,0.10337696466858828
12.216683214000001,-0.9826943966738975,-0.15381458570418152,0.10321238283450308
12.416683214,-0.9837669389633978,-0.15117355682125122,0.09669108294252753
12.616683214000002,-0.9846665274623172,-0.15092175603604685,0.0874897322564049
12.816683214000001,-0.9849238131187498,-0.1545481955461787,0.07771703548799262
13.016683214,-0.9852441866505331,-0.15683735488397677,0.06852690555050127
13.216683214000001,-0.9845673612986219,-0.1665284980453255,0.053808646184763324
13.416683214,-0.9825790337270703,-0.18129215980136884,0.040885147358566104
13.616683214000002,-0.9800609736890542,-0.19854132550575726,0.007863200244169213
13.816683214000001,-0.9784995060736372,-0.2054028546224178,-0.01866504558285223
14.016683214,-0.9787908807850854,-0.20397976320017175,-0.018991258430097982
14.216683214000001,-0.9804556613443093,-0.19609606316723738,0.01590692139302314
14.416683214,-0.9777131161372348,-0.2016725577751586,0.058354451189631305
14.616683214000002,-0.9764686251230645,-0.20858671309851312,0.0547777990524514
14.816683214000001,-0.9749307497458516,-0.21488178650075188,0.05775682669812491
15.016683214,-0.9750518799153616,-0.21500032470872266,0.055214960370023956
15.216683214000001,-0.9774508323527649,-0.2028203811216288,0.058768727522079824
15.416683214,-0.9769853977967876,-0.20383997109551552,0.06283946749958662
15.616683214000002,-0.9798275863720822,-0.18933546099507656,0.06395298424656697
15.816683214000001,-0.9832583446800537,-0.16897958450739306,0.0681830450827017
16.016683214,-0.9888619488497862,-0.13754069419656653,0.05687357520791211
16.216683214,-0.9899498248955856,-0.1259495377530264,0.06431219269313163
16.416683214000003,-0.9911095195533819,-0.11396981670390394,0.06864984436357077
16.616683214000002,-0.9931677344401988,-0.09612046817069156,0.06617179811346999
16.816683214,-0.9961821762483034,-0.06815478370852956,0.054552700967392155
17.016683214,-0.9975328649152881,-0.062133119447947104,0.032675049832624724
17.216683214,-0.9981247267877011,-0.05705537631083415,0.022174620831171447
17.416683214000003,-0.9986583918867611,-0.04948341057873504,0.015258059891241446
17.616683214000002,-0.9983472846028532,-0.05595984116981353,0.013084169914787903
17.816683214,-0.9980466046717581,-0.061855605147927734,0.008766927338525328
18.016683214,-0.9972967311130494,-0.07332029322623089,0.004833705870857784
18.216683214,-0.9965466472852857,-0.08303479517845844,-5.0735862056409093e-05
18.416683214000003,-0.9960406540182002,-0.08881788803899472,-0.0037945101512896194
18.616683214000002,-0.9963064468903258,-0.08576439701560504,-0.004234629774220457
18.816683214,-0.996740392583681,-0.08041762175807925,-0.006449488576940649
19.016683214,-0.996967605185559,-0.07749270376945169,-0.0071045811327155395
19.216683214000003,-0.9968666475517223,-0.07876954432660215,-0.0072281315407249245
19.416683214000003,-0.9969120118322826,-0.078260961887281,-0.0064546501833129275
19.616683214000002,-0.9968981178417123,-0.07803217089744194,-0.010252948292283444
19.816683214,-0.997030499785889,-0.0764508172761198,-0.00924418922967757
20.016683214,-0.9972126981577072,-0.07412476002162054,-0.008506149820164422
20.216683214000003,-0.9972845820070605,-0.07330712507811615,-0.007037606395962213
20.416683214000003,-0.9973179442881562,-0.07299580607562224,-0.005341375872943668
20.616683214000002,-0.9971727649137685,-0.07508498430939646,-0.0029533109365229553
20.816683214,-0.9969502592596986,-0.07789699180708831,-0.004715848749307169
21.016683214,-0.9968138082716823,-0.0794359913465105,-0.007221836172544119
21.216683214000003,-0.9968324959971614,-0.07932817910682964,-0.005658173173768116
21.416683214000003,-0.997043929454079,-0.07675361448246186,-0.003505053872270065
21.616683214000002,-0.9971919113618184,-0.07481437268108453,-0.003331899593253702
21.816683214,-0.9973485531646181,-0.07276805682069755,0.0008206137843154485
22.016683214,-0.9974337921411821,-0.07144561996684964,0.004621004481023589
22.216683214000003,-0.9972841386008385,-0.07358642899938082,0.0030633906546925424
22.416683214000003,-0.9973474855489104,-0.07276996536864334,0.0015890907817527964
22.616683214000002,-0.9976333926021776,-0.06875756918266067,0.00010317538900522678
22.816683214,-0.9977577886785742,-0.06688684623153192,-0.0023547680228108592
23.016683214,-0.9979119800822163,-0.06453398842476128,-0.0026541187583688877
23.216683214000003,-0.9980972722693261,-0.06155623433416167,-0.0035588064190786783
23.416683214000003,-0.9979906188790445,-0.06321463246349059,-0.004316812704673348
23.616683214000002,-0.9979234560972475,-0.06419536322073283,-0.005266033790520496
23.816683214,-0.9979095750126177,-0.06443263655060052,-0.00499153736589581
24.016683214,-0.9979649498675869,-0.06329081044349263,-0.00776093739122344
24.216683214000003,-0.998061459955618,-0.06168301402751854,-0.008278159924844177
24.416683214000003,-0.9982396889765521,-0.058806248963464466,-0.007703793535888705
24.616683214000002,-0.9983750321034714,-0.05632344799494679,-0.008658202951731541
24.816683214,-0.9983556728215606,-0.05631290900423548,-0.010714794654567565
25.00866672400051,-0.9984656393723752,-0.054321316518587785,-0.010749956483708814
