0.033338138651471984,-0.996628747335186,-0.07021771301480971,-0.04243362775049199
0.233338138651472,-0.9965644091648078,-0.06827515510875212,-0.046881569735590926
0.433338138651472,-0.9957779747826618,-0.04621361813174719,-0.07931283904207213
0.633338138651472,-0.9829848630108151,-0.06397739867091062,-0.1721849341577608
0.833338138651472,-0.8817198513954894,-0.1263873251152229,-0.4545287094401576
1.033338138651472,-0.6361050400779602,-0.16870752934179298,-0.7529330299108979
1.2333381386514721,-0.516091002775949,-0.15957198102986855,-0.8415383887404772
1.433338138651472,-0.525307589653932,-0.12988094378264933,-0.8409416606959752
1.633338138651472,-0.5838926703118361,-0.1245357211473891,-0.8022220414040077
1.833338138651472,-0.6639699510328972,-0.13784929445645752,-0.7349431788534599
2.033338138651472,-0.7987309610631604,-0.12331769950385457,-0.5889156109564399
2.2333381386514723,-0.9306376454855579,-0.09068125803064801,-0.354528535166178
2.4333381386514725,-0.97858362080726,-0.06147354535765347,-0.19645635726265936
2.6333381386514723,-0.9936908774694901,-0.030480008762492582,-0.10793242839736879
2.8333381386514724,-0.9963829759068451,-0.021238733275905423,-0.08227928981131521
3.033338138651472,-0.997523478786848,-0.03372644714242673,-0.06172062890261363
3.2333381386514723,-0.9952248439446477,-0.09758002424463658,-0.002376733844573347
3.4333381386514725,-0.9801825512226138,-0.19439745879380618,0.03810241846967801
3.6333381386514723,-0.9533014732857429,-0.287480533673757,0.09258101203748054
3.8333381386514724,-0.8866692566639722,-0.41396699437487594,0.20603144627748063
4.033338138651472,-0.7598978186560265,-0.5705200240982033,0.31154808185061633
4.233338138651472,-0.5347529151130962,-0.7986795980904268,0.2759532920118192
4.4333381386514725,-0.17169254071456314,-0.9401648666485991,0.29429864930474964
4.633338138651473,0.08959459941783066,-0.9366962550862679,0.3384862382173319
4.833338138651473,0.3161691316073436,-0.9047856299182864,0.2853069296600206
5.033338138651472,0.4477829052802294,-0.8816984993130254,0.14865472090706247
5.233338138651472,0.49358024080220925,-0.8693353621947811,-0.025190750828477382
5.4333381386514725,0.4622980977674657,-0.8846307834206167,-0.060900294130724335
5.633338138651473,0.4087114668842776,-0.9011700340086841,0.14438665673146486
5.833338138651473,0.3042158167116977,-0.882064302578265,0.35974338490033914
6.033338138651472,0.3456063606853044,-0.8389885078000626,0.42030289938719645
6.233338138651472,0.5050137234609425,-0.7484787339931048,0.42981475530301805
6.4333381386514725,0.6903493847693752,-0.543548409409635,0.47746502864272816
6.633338138651473,0.7402092867807485,-0.33444033920384153,0.5833008411418206
6.833338138651473,0.7946720305512557,-0.1670487722243169,0.5836018090769531
7.033338138651472,0.7782503214488392,-0.004955600331330496,0.6279346137856509
7.233338138651472,0.6520806557318355,0.11675038221375156,0.749106245250487
7.4333381386514725,0.585585665506587,0.17697420652602244,0.7910559768927179
7.633338138651473,0.6133911936557643,0.19720287120905863,0.7647628855615711
7.833338138651473,0.6289553477936071,0.217068775729846,0.7465228175246675
8.033338138651471,0.6036491007104445,0.23289836339286712,0.7624736818673783
8.233338138651472,0.66558529407893,0.3253913425827956,0.6716522094641166
8.433338138651472,0.7164832660398459,0.2752523892857987,0.6410053444998213
8.633338138651471,0.7897415860719067,0.2918790488863406,0.5395505982295216
8.833338138651472,0.8262843542067652,0.3395701690284848,0.4493843191512975
9.033338138651471,0.8738621887978346,0.43111471425976894,0.22473312648155871
9.233338138651472,0.8510189242476613,0.5224961588343993,0.05257903171086372
9.433338138651472,0.7527832734984007,0.6488541231518872,-0.11093092449730986
9.633338138651473,0.65738098459658,0.7238885292615825,-0.20936962123081423
9.833338138651472,0.5360251828919349,0.821809271304615,-0.19314897075429982
10.033338138651471,0.22566780882511073,0.9697554527565883,-0.0929967844010662
10.233338138651472,0.009050362735367079,0.9976236499916452,-0.06830185877196777
10.433338138651472,0.0464133683039048,0.9985701331411513,-0.02652335652117906
10.633338138651473,0.10441397823484655,0.9943833835565653,0.017303400121642967
10.833338138651472,0.1630356329715914,0.986505579631257,0.015037411278210724
11.033338138651471,0.12951928056387357,0.9911626146727109,0.02866055193767203
11.233338138651472,0.07671562334289661,0.9953074665004549,0.05897253821531331
11.433338138651472,-0.006006084650474697,0.9953274536057746,0.09637005263989623
11.633338138651473,-0.11645665538460714,0.9886697614119315,0.09470982148808675
11.833338138651472,-0.4163141364846564,0.9059902736834156,0.07657782808414622
12.033338138651471,-0.6326253586330319,0.7726625141137751,0.05270479008409494
12.233338138651472,-0.815307316887053,0.5784843799937235,0.025095838972051497
12.433338138651472,-0.9242078244533808,0.3818892879811758,-0.0006847951366084689
12.633338138651473,-0.9829267299735696,0.17999794522313267,-0.03815472734689023
12.833338138651472,-0.9988084782078241,0.005397243900731986,-0.04850251146535133
13.033338138651471,-0.9981468268984499,0.013561436584230516,-0.05932115466111556
13.233338138651472,-0.9763099238258282,0.2099476711004216,-0.052353682188697424
13.433338138651472,-0.882495624949685,0.47016015109389936,-0.012284309831104526
13.633338138651473,-0.8043107120949728,0.5940736802836116,0.012678359655832512
13.833338138651472,-0.7033112162187632,0.7067097222693625,0.07690709714223472
14.033338138651471,-0.5967284517510525,0.7779931942457446,0.1965750354905097
14.233338138651472,-0.49634796657608277,0.8039070307184341,0.32767694767447253
14.433338138651472,-0.4252842418225292,0.8076378056048878,0.40847825966036194
14.633338138651473,-0.33729329922266216,0.8628846754974251,0.37638181025548395
14.833338138651472,-0.2101314741375513,0.9213730934785526,0.3269807122607419
15.033338138651471,0.10104201388816042,0.9571736068413416,0.27131015055792085
15.233338138651472,0.4313110874286428,0.8714932216097535,0.23338875411933274
15.433338138651472,0.6969413885043988,0.6733640666788724,0.24668509216256293
15.633338138651473,0.8717724704380228,0.3877606005329976,0.29942357365557587
15.833338138651472,0.9433421477422657,0.06768227350236238,0.3248456589621623
16.033338138651473,0.9242372648585857,-0.22615951651084476,0.30763184383009096
16.233338138651472,0.8110575637292922,-0.5356540426436798,0.2350752537316266
16.433338138651475,0.5570731546090937,-0.8066416682204474,0.197480934533961
16.633338138651474,0.2839885013243288,-0.9401622703145466,0.18826958488443957
16.833338138651474,0.04229665965974955,-0.99227050263506,0.11666294262529465
17.033338138651473,-0.2317796008491173,-0.9650247873930492,0.12249643401839982
17.233338138651472,-0.46291688404635717,-0.8808578668391835,0.09898169978503686
17.433338138651475,-0.6569795727501073,-0.7477852727888054,0.09589070230871566
17.633338138651474,-0.8345669923913942,-0.5445916936284041,0.08317344793700264
17.833338138651474,-0.9077495140409402,-0.40903543362170325,0.09317099226874329
18.033338138651473,-0.962511191273632,-0.2668735121158408,0.04848438103110861
18.233338138651472,-0.9897617937063186,-0.1419048337808986,0.015316979756675503
18.433338138651475,-0.9986110694359225,-0.05231068150669262,0.0062868593390302445
18.633338138651474,-0.9997677342016696,-0.015793162782071844,-0.014664707927507301
18.833338138651474,-0.9991445146983977,-0.023093454888636736,-0.03430642927222502
19.033338138651473,-0.9966914697055542,-0.06139303447640114,-0.053263585440357496
19.233338138651476,-0.9916487171656088,-0.11377817589082186,-0.06072354102619345
19.433338138651475,-0.9839851543930849,-0.16920807916885097,-0.05605213535633639
19.633338138651474,-0.9675853069044015,-0.2524050213942142,-0.008389221519400854
19.833338138651474,-0.9333938808808792,-0.35091418216547443,0.0750673023976991
20.033338138651473,-0.8965517758215852,-0.4289065729898694,0.11060770731395089
20.233338138651476,-0.8789999600798934,-0.4567509679710692,0.13688543909794382
20.433338138651475,-0.8501936933092082,-0.5087028297502709,0.13561753154115003
20.633338138651474,-0.8359697890019555,-0.5296169701665399,0.14373717955922458
20.833338138651474,-0.8096761085940141,-0.5634427499678906,0.16418546427950353
21.033338138651473,-0.8364773821244907,-0.5190058682467499,0.17589342773280658
21.233338138651476,-0.8856178337355508,-0.42960855513255064,0.17640164944374298
21.433338138651475,-0.9118896716224133,-0.37509062497060164,0.1666260779335905
21.633338138651474,-0.9045335825834264,-0.3876968203481625,0.1775110516861299
21.833338138651474,-0.8744214886002235,-0.4498941794022776,0.1816102629647352
22.033338138651473,-0.8101465309003126,-0.5478082173147067,0.2087312997915559
22.233338138651476,-0.7156177109860606,-0.6587572572734338,0.2322286970050311
22.433338138651475,-0.678564453274171,-0.6912036511713925,0.24857150955019244
22.633338138651474,-0.7247442774543974,-0.6476947245171988,0.23502611797350031
22.833338138651474,-0.7813165901938266,-0.5820195508298552,0.22538329205978308
23.033338138651473,-0.8294104729125216,-0.5405247748860025,0.14110717613737253
23.233338138651476,-0.854943715806216,-0.5127306955992905,0.07860328615094647
23.433338138651475,-0.8542623775017556,-0.5149252053680371,0.07132897911601778
23.633338138651474,-0.8474544559687924,-0.5241186811059373,0.08438337024799868
23.833338138651474,-0.8400482747773702,-0.5384268540749008,0.06644861815395386
24.033338138651473,-0.8462069528542586,-0.5285022886618485,0.06796413628009124
24.233338138651476,-0.8722983184078411,-0.481648356829691,0.08432380486026402
24.433338138651475,-0.9169250340926158,-0.38422822773293763,0.10778288763742251
24.633338138651474,-0.943137459326217,-0.32040821553270776,0.08848902889530733
24.833338138651474,-0.9375651609209016,-0.33821086117151533,0.0811479045508027
25.033338138651473,-0.9065406472103573,-0.4139726939337876,0.08252674495355547
25.233338138651476,-0.8867331961292932,-0.45618140243093164,0.07485163297134355
25.433338138651475,-0.8716895840675746,-0.4842745468319501,0.07506951657503068
25.633338138651474,-0.866725046577722,-0.4901139877375033,0.09260654760268201
25.833338138651474,-0.8646248316762134,-0.4904600019490673,0.10896277775920345
26.033338138651473,-0.8684215389775478,-0.4835734154347006,0.10954808316299235
26.233338138651476,-0.8734601125740716,-0.4727173585844277,0.11664360520428098
26.433338138651475,-0.8793329323684066,-0.4631786759871692,0.11063050286043331
26.633338138651474,-0.8745041370428047,-0.47040613084039296,0.11815492525828374
26.833338138651474,-0.8392135330798172,-0.5319336540660253,0.11299218365735342
27.033338138651473,-0.7234179943538662,-0.6825086749239754,0.10415524037968152
27.233338138651476,-0.579329289549944,-0.8120577334443043,0.07028379488087132
27.433338138651475,-0.5157209630085093,-0.8546885369141847,0.059492799405186265
27.633338138651474,-0.5006624468560918,-0.8624844163997025,0.07387655768737365
27.833338138651474,-0.48346053634756064,-0.8717897650817463,0.07904755083646244
28.033338138651473,-0.4621732754665793,-0.8848128021892822,0.059179122386561846
28.233338138651476,-0.4402721040134826,-0.8953437099908882,0.06723180354038942
28.433338138651475,-0.3808974574050838,-0.9231975999239169,0.051218340826915905
28.633338138651474,-0.32965088338404963,-0.9412656507623649,0.07313870233342858
28.833338138651474,-0.2854175226549628,-0.9558994160885316,0.06923253630417037
29.033338138651473,-0.24268758276250024,-0.9655871933420299,0.09350994186050952
29.233338138651476,-0.2608434474683394,-0.9591875668348264,0.1091783290874028
29.433338138651475,-0.29865188189843844,-0.9481482861754014,0.1087284730931625
29.633338138651474,-0.3513984761930865,-0.9297237082240903,0.11014961323229387
29.833338138651474,-0.39362436600716366,-0.9132411058959794,0.10512155339104762
30.033338138651473,-0.4113344065274634,-0.9052616940868173,0.10632624899696516
30.233338138651476,-0.43110948196210136,-0.8978658000512475,0.08933991079412473
30.433338138651475,-0.4336742092302587,-0.8988615921570564,0.06304378156005269
30.633338138651474,-0.4334805173720817,-0.8993083984211867,0.0577844753195309
30.833338138651474,-0.43504268479410324,-0.8981524982786208,0.063717754535219
31.033338138651473,-0.4420329686712242,-0.8939839563814118,0.07348156462911383
31.233338138651476,-0.4498579729462167,-0.8887575640994538,0.08796474539681345
31.433338138651475,-0.4596773734404093,-0.8824051213194379,0.10028915303339041
31.633338138651474,-0.4595997783709442,-0.8814421808759978,0.10875534696714502
31.833338138651474,-0.4674755938582917,-0.8768683513939368,0.11210915872718559
32.03333813865147,-0.49395624151496315,-0.8621411006659622,0.11278277355560518
32.233338138651476,-0.5178740294252228,-0.8484676638576005,0.10912888267965279
32.43333813865147,-0.5263133102316847,-0.8444086375300625,0.09984163629263246
32.633338138651474,-0.5372957385355017,-0.8392840568743454,0.08315985346385657
32.83333813865148,-0.5342541298917614,-0.8426394384049222,0.06731494290448853
33.03333813865147,-0.4965108594518787,-0.8668122549390226,0.045972612867702455
33.233338138651476,-0.4645344704243682,-0.8849525918983805,0.032659391909378374
33.43333813865147,-0.4191174228896773,-0.9078343154972096,0.013320714546449125
33.633338138651474,-0.3908693073606197,-0.9204244873535273,-0.006320414814402195
33.83333813865148,-0.4049482576457975,-0.9143324402207649,-0.003619031579599319
34.03333813865147,-0.4033815109251898,-0.9150192787784008,0.004803759732332767
34.233338138651476,-0.4128241487001726,-0.9100383389937359,0.03750258406430386
34.43333813865147,-0.41436272715124495,-0.9066099974039273,0.07976116194636242
34.633338138651474,-0.471104258096514,-0.8755463254454748,0.10714200857861556
34.83333813865148,-0.527847369631037,-0.842317368932769,0.10898901030733789
35.03333813865147,-0.5635805214169276,-0.8191263282926919,0.10681317417414841
35.233338138651476,-0.5690069029115242,-0.8127647520877647,0.12507838423464593
35.43333813865147,-0.5224323045227574,-0.843716244263536,0.1233182320537956
35.633338138651474,-0.45895722036801895,-0.880307721978564,0.12006908218593827
35.83333813865148,-0.43128651293500914,-0.8954728344048773,0.1100924457138423
36.03333813865147,-0.43605195011986186,-0.8931435974181134,0.11024160370611848
36.233338138651476,-0.441761116211448,-0.8906196149310478,0.10790652298951812
36.43333813865147,-0.4362432605622932,-0.892637971888351,0.1135309154240847
36.633338138651474,-0.4097548316917826,-0.9036333116616228,0.1246908816260751
36.83333813865148,-0.38968545590105397,-0.9116586639327332,0.1304750011901589
37.03333813865147,-0.4111103944549273,-0.9038629806913228,0.11840589388586914
37.233338138651476,-0.42984862632306103,-0.8926781482405497,0.13548388133649128
37.43333813865147,-0.4421306054056022,-0.8869160202170817,0.13379275333877025
37.633338138651474,-0.4460642273837586,-0.8833465569313054,0.14396376421217522
37.83333813865148,-0.43581556789878123,-0.8873273277511633,0.1507149767045146
38.03333813865147,-0.4090874693110271,-0.8988654022226812,0.15712552669683288
38.233338138651476,-0.38261942561731677,-0.910430605977222,0.1572211399278835
38.43333813865148,-0.40335022921060687,-0.9045023715866608,0.1385065066697483
38.633338138651474,-0.4558681849155193,-0.8827569768176544,0.11368516992811699
38.83333813865148,-0.45840856625538334,-0.8849597260193146,0.0819015855005477
39.00562222222222,-0.4524322771265313,-0.886932762973742,0.09303391090277645
