0.03336666666666667,-0.9995027751755703,0.02318951730820701,-0.021364660150490877
0.23336666666666667,-0.9994862421485455,0.027822102013394533,-0.015911706235804332
0.4333666666666667,-0.9697505774814209,0.07563264545900462,-0.23208515767994203
0.6333666666666667,-0.8976733009179854,0.19530036690563365,-0.3950195077531403
0.8333666666666667,-0.9156833665203731,0.1684982064340441,-0.36487302819806566
1.0333666666666668,-0.7528556514923064,0.12486472554156705,-0.6462330603826487
1.233366666666667,-0.731653487110171,0.11121175096664228,-0.6725437690191329
1.433366666666667,-0.9902482091901137,0.13495439199208678,-0.03458028741666363
1.6333666666666669,-0.9970398480252629,0.07360038125479085,0.02223792546327685
1.8333666666666668,-0.9957674550540856,-0.08276917478547371,-0.03995546471312813
2.0333666666666668,-0.8123613851219831,-0.5791043526378867,-0.06860851782794193
2.233366666666667,-0.8301683491139059,-0.5540598535880098,-0.06195313366993952
2.433366666666667,-0.7975743461357166,-0.5978346988803797,-0.08042906937662518
2.633366666666667,-0.8455675978335501,-0.5249249814173642,-0.09730982159052216
2.833366666666667,-0.8076998752890715,-0.5883056418398221,-0.03895360365169099
3.0333666666666668,-0.7934632902652987,-0.5082546907542463,0.3348031904383106
3.233366666666667,-0.5628149398966511,-0.03793169135221162,0.8257121352022688
3.433366666666667,-0.397590644592106,0.23303013811838247,0.8874788076688714
3.633366666666667,-0.37789828713919577,0.49430612645875716,0.7828501375886711
3.833366666666667,-0.2870739004118426,0.9444679183082387,0.15990286735650927
4.033366666666667,-0.276299818007789,0.951386456053672,-0.13609636955664003
4.233366666666667,-0.28350679992102146,0.9428064196818021,-0.17532811926591815
4.433366666666667,-0.08863479899007876,0.9947106772551192,-0.051908968036851404
4.633366666666667,-0.012939641755391473,0.9991558782001614,-0.038988417886678825
4.8333666666666675,0.006710565014819259,0.9999264870036979,-0.010098955670055131
5.033366666666667,-0.006004848604686697,0.999953524737106,-0.007542556534270072
5.233366666666667,-0.048324189665627515,0.9988221089902053,0.004378045856138464
5.433366666666667,-0.09763273861901256,0.9951106653446972,0.01492018991116829
5.633366666666667,-0.41411131302331183,0.9097707427430489,-0.02879263924807446
5.8333666666666675,-0.7933576116114435,0.6087464466908662,-0.003385814441252866
6.033366666666667,-0.9704785207435028,0.22784728353061764,-0.07910155601010928
6.233366666666667,-0.9574446699553882,0.23358748983206348,-0.16951869680944753
6.433366666666667,-0.6149886478986792,0.6500727566868745,-0.4463119693323063
6.633366666666667,-0.3870125283602277,0.7774286360082752,-0.49580844971272614
6.8333666666666675,-0.36053006815801986,0.7880767427996959,-0.49895201914833
7.033366666666667,-0.26650901562510015,0.6232150547914784,-0.7352386959836886
7.233366666666667,-0.2658324820431431,0.34628756085856666,-0.8996766178385467
7.433366666666667,-0.26025185634936,0.3025644075919557,-0.9169098922605431
7.633366666666667,-0.26445444083361624,0.29334655146577093,-0.9187010664337555
7.8333666666666675,-0.25616484861246247,0.29168623622606166,-0.9215740393108025
8.033366666666666,-0.2562276118886094,0.3014669219070707,-0.9184035637462086
8.233366666666667,-0.24866542236177977,0.3085593417697687,-0.9181267016747986
8.433366666666666,-0.234370122505193,0.3095773269280184,-0.9215381296121198
8.633366666666666,-0.22563114957135277,0.3109361143514298,-0.9232601568004247
8.833366666666667,-0.23416617150224395,0.30265133118428017,-0.9238876424416363
9.033366666666666,-0.24202314083407955,0.29655622400094855,-0.9238393828513192
9.233366666666667,-0.2455766129993847,0.29474454428785457,-0.9234813375268044
9.433366666666666,-0.25197323659378407,0.29438233590116225,-0.9218722950332269
9.633366666666667,-0.4388886685685862,0.3374855109949395,-0.8327546256074344
9.833366666666667,-0.7234630066326257,0.3911650302083031,-0.5688507688104321
10.033366666666666,-0.9292195559790658,0.3326287908676704,-0.1609630525057829
10.233366666666667,-0.9590649542772863,0.28221149211123214,-0.023475246483446992
10.433366666666666,-0.9322152171305557,0.36187363623070457,-0.0047180876844947215
10.633366666666667,-0.9224049986592179,0.385964998097963,0.014143503516724826
10.833366666666667,-0.2693908850017046,0.9628888661389625,-0.016540330819583015
11.033366666666666,0.403847203319662,0.9065909059998272,-0.122475979397187
11.233366666666667,0.3966076441319076,0.9042966556018539,-0.15795548513249028
11.433366666666666,0.9228965347056816,0.3511235596292899,-0.15803237675077997
11.633366666666667,0.9833290663510416,-0.08260927148087717,-0.16198659060115922
11.833366666666667,0.9420758003159939,-0.2613544780595111,-0.21020709611528313
12.033366666666666,0.6985106868070722,-0.3005858479192645,-0.6494081678320422
12.233366666666667,0.6385166575885085,-0.20763604124650165,-0.7410693303311645
12.433366666666666,0.5846240907045536,-0.05173995961378153,-0.8096527954296449
12.633366666666667,0.5382667177276474,-0.014103405258207035,-0.8426565341506752
12.833366666666667,0.4915520937836041,-0.0011345673692313627,-0.8708474331671653
13.033366666666666,0.4628283843105934,0.023276767446025613,-0.8861422452257367
13.233366666666667,0.2943124278164297,0.11901068636652536,-0.9482703471918585
13.433366666666666,0.17686698964003394,0.21374469326536524,-0.9607451660438203
13.633366666666667,0.0970245427652183,0.34512183508924754,-0.9335294087739446
13.833366666666667,-0.17396933669466189,0.3487431044877012,-0.9209304626095827
14.033366666666666,-0.22227958959021699,0.31599962645328405,-0.9223535223183081
14.233366666666667,-0.23175497365553643,0.2996924213987551,-0.925458850917788
14.433366666666666,-0.24584870513596818,0.26206562941106154,-0.9332095263467641
14.633366666666667,-0.2204289454335239,0.27597791349665296,-0.9355465094142025
14.833366666666667,-0.25504762904824974,0.09288014155396503,-0.9624572646210231
15.033366666666666,-0.2761537822208708,-0.006951956250284881,-0.9610883200150765
15.233366666666667,-0.2875594914132542,-0.07267129656777901,-0.9550017913874864
15.433366666666666,-0.2965628679149481,-0.13596175286160242,-0.9452856008280578
15.633366666666667,-0.3022902490364351,-0.21074806493143125,-0.9296267307178444
15.833366666666667,-0.30537118490557014,-0.26241174614253954,-0.9153625046481815
16.033366666666666,-0.3147385052155507,-0.2673609214881776,-0.9107457444290772
16.233366666666665,-0.4423174970911516,-0.17500456331714634,-0.8796184596660047
16.433366666666668,-0.9278940679747737,0.1495851035386297,-0.3415214421036601
16.633366666666667,-0.9724088895763234,0.1967630765320112,-0.12532056170716557
16.833366666666667,-0.8227719335458691,0.410057435976616,-0.3935724133745602
17.033366666666666,-0.8275558644783326,0.3924744217056909,-0.40139147907535755
17.233366666666665,-0.8245592892984737,0.399050593995295,-0.4010743096529605
17.433366666666668,-0.989490884911999,0.14415323179592887,-0.011297541274903759
17.633366666666667,-0.9887779958624908,0.1471931065289272,-0.02553946531389366
17.833366666666667,-0.990435422656395,0.13557594980042859,-0.025628799877480426
18.033366666666666,-0.9869737496959711,0.14506497506339047,-0.06956270855086892
18.233366666666665,-0.9825244486208201,0.16184050370545003,-0.09194215150147297
18.433366666666668,-0.9856645003315482,0.15314022411051656,-0.07080652897537035
18.633366666666667,-0.9877176244070915,0.14702992209186616,-0.052878128231540984
18.833366666666667,-0.9884897154601436,0.14483978282266555,-0.04369805191776658
19.033366666666666,-0.9892070026840029,0.14239967078983093,-0.03452302999273959
19.23336666666667,-0.9982972052698356,0.056854884842771465,0.013046532870898306
19.433366666666668,-0.9950298752159392,-0.07953889089622529,-0.05990920015115502
19.633366666666667,-0.9950931736070322,-0.07808355462780917,-0.06076622694697585
19.833366666666667,-0.9601711197787898,0.2700293247401925,-0.07180239914585371
20.033366666666666,-0.9447284741199112,0.32455186200980135,-0.04641334994411477
20.23336666666667,-0.9686081418069503,0.24295027781540884,-0.05266336615430536
20.433366666666668,-0.976863669522223,0.1971515940657952,-0.08287713873495668
20.633366666666667,-0.8723642940179912,0.13244455002890249,-0.4705730333222817
20.833366666666667,-0.42128421046014547,0.07114003103965667,-0.9041342322911179
21.033366666666666,-0.3811543818505303,0.04337749077113013,-0.9234932216808858
21.23336666666667,-0.2495027591553664,0.2151998918207639,-0.9441596156022514
21.433366666666668,-0.24913546055629002,0.21429403064874394,-0.9444625936063962
21.633366666666667,-0.22416508191146092,0.30210959264564613,-0.9265418555484204
21.833366666666667,-0.16540315045826,0.4268322379198606,-0.8890759464133566
22.033366666666666,-0.128900039436458,0.4020362464832173,-0.9065051772311976
22.23336666666667,-0.07898637438336956,0.18814604784136146,-0.978959762882748
22.433366666666668,-0.0651837173611644,0.16243772949002208,-0.9845633890355189
22.633366666666667,0.009458412111518003,0.39024645909153866,-0.9206618486756385
22.833366666666667,0.06498669974586799,0.3995106268277002,-0.9144222153403092
23.033366666666666,0.35896982151853934,0.3793285077601074,-0.8527898630022747
23.23336666666667,0.40043735706542183,0.311170188083807,-0.8618718217428553
23.433366666666668,0.49251085760615626,0.25018621921129597,-0.83357057940933
23.633366666666667,0.6352726673779104,0.17083754873264145,-0.7531554753339955
23.833366666666667,0.6977834156639928,0.011443296240688149,-0.7162173942284842
24.033366666666666,0.7067417801984806,-0.074833895052344,-0.7035026256334641
24.23336666666667,0.7018493020764047,-0.10560511637710074,-0.7044537717762912
24.433366666666668,0.6397126698349805,0.10867903040676867,-0.760891955800852
24.633366666666667,0.6564662497776428,0.1808064934130048,-0.7323667625190063
24.833366666666667,0.6754624810013508,0.2141022472991417,-0.7056278512508963
25.033366666666666,0.6437916687639501,0.3573310683439677,-0.6766437724728478
25.23336666666667,0.6322170806336038,0.36668965863619735,-0.6825249132481483
25.433366666666668,0.6015630126742264,0.3928960705080106,-0.6955247080885573
25.633366666666667,0.5040004542962414,0.4830610316199168,-0.7159857413381109
25.833366666666667,0.43777112344658,0.4855663897011128,-0.7566913007752545
26.033366666666666,0.35256201148685085,0.49256091655532663,-0.7956656154054431
26.23336666666667,0.14964675700898722,0.39375019441296755,-0.9069545923123403
26.433366666666668,0.08448384182848101,0.3671575067878247,-0.9263141182553835
26.633366666666667,0.02357816820415304,0.34840451773853215,-0.9370476839539796
26.833366666666667,-0.023350131678055122,0.35050513447640097,-0.9362696844693291
27.033366666666666,-0.059512740134510925,0.34913185289067894,-0.9351818983806324
27.23336666666667,0.34975559879979423,0.6340958852962925,-0.6896328221296525
27.433366666666668,0.42773030639004994,0.6012237410927507,-0.6749642939755489
27.633366666666667,0.4180166760172961,0.5945483128752952,-0.6868583276255673
27.833366666666667,0.3255263555135022,0.7022770816487635,-0.633118861239336
28.033366666666666,0.2788773009286855,0.7569708932835653,-0.5909505205583735
28.23336666666667,0.15115345350715692,0.8858171770275323,-0.438726067581849
28.433366666666668,-0.05019382258781058,0.9594625915865245,-0.277330336458335
28.633366666666667,-0.2753178664110704,0.9380254182249378,-0.21049557524752457
28.833366666666667,-0.5502919652791769,0.8317483811224967,-0.07330336587966069
29.033366666666666,-0.5313498908800828,0.8375400035610742,-0.12725578924606964
29.23336666666667,-0.5508882412267361,0.8249394725278285,-0.12647929610660147
29.433366666666668,-0.8625013850304395,0.48837955879254397,-0.13257740144599936
29.633366666666667,-0.8932375588975726,0.42899120220774817,-0.13451100996965454
29.833366666666667,-0.9302273194347608,0.34571068848975256,-0.12313104418123441
30.033366666666666,-0.9399660936605111,0.31824210484800225,-0.12323029445113112
30.23336666666667,-0.9508767584337308,0.2861091743232436,-0.11821561080767765
30.433366666666668,-0.5595910687284922,0.6238145673451782,-0.5456310304292203
30.633366666666667,-0.5837803036553127,0.6138599043140562,-0.5313911694219702
30.833366666666667,-0.6011391479827416,0.6060469893582123,-0.5209018827499381
31.033366666666666,-0.59498615433856,0.6036413204654447,-0.530668100013696
31.23336666666667,-0.2775850825310834,0.7639293764072249,-0.5825447878217445
31.433366666666668,0.008220367153252,0.6593445811921459,-0.7517959489225912
31.633366666666667,0.0001493822282039592,0.5511887602866902,-0.8343805655805817
31.833366666666667,-0.02375757626329139,0.3692408889363742,-0.9290300014033834
32.033366666666666,-0.006584347317746639,0.35291398529246987,-0.935632601695444
32.23336666666667,0.04993021431703138,0.3342672303176454,-0.9411548185256378
32.433366666666664,0.24533531762169167,0.2855782152743676,-0.9264208897084367
32.63336666666667,0.25205329179988184,0.27741278109074147,-0.9270983157035418
32.83336666666667,0.09273087677357714,0.31092549930314584,-0.9458997401288857
33.033366666666666,0.010022862538202969,0.3183308588057576,-0.9479266883881521
33.23336666666667,-0.5079560147888886,0.5766586258723485,-0.6398792981858418
33.433366666666664,-0.7197589949785301,0.4976761750169783,-0.4840097250758158
33.63336666666667,-0.8322664426629307,0.395298063598851,-0.38867982882083024
33.83336666666667,-0.8459315471082433,0.36658848160840385,-0.38731473346504525
34.033366666666666,-0.44313327069639297,0.41030847507419266,-0.7970444527654703
34.23336666666667,-0.9671924338662587,0.17247277880781145,-0.1865259672061097
34.433366666666664,-0.9889851122378532,0.07735199163299727,-0.12619475885428044
34.63336666666667,-0.9990029174244388,0.019830985571756058,-0.03999878734053109
34.83336666666667,-0.9978660629841996,0.0265919024528422,-0.059633808098693585
35.033366666666666,-0.9968592619576988,0.048147112602093416,-0.06287660453009516
35.23336666666667,-0.8894529108082427,0.2427969468823943,-0.3871991245332716
35.433366666666664,-0.848620622561066,0.2804246461773301,-0.44855886657203436
35.63336666666667,-0.824306106194394,0.3196182553018041,-0.46729392695440397
35.83336666666667,-0.821254944259639,0.369081485296676,-0.4351082322138915
36.033366666666666,-0.827101994131812,0.4832245613830725,-0.28704758243071465
36.23336666666667,-0.959488935281307,0.2648107939974066,-0.09620928466217188
36.433366666666664,-0.9902724742394459,0.13914100077054808,-0.00045680220690695334
36.63336666666667,-0.980586155484254,-0.1924957758020898,0.037365331136792135
36.83336666666667,-0.9371585687277783,-0.2647060087111408,-0.2272983634176005
37.033366666666666,-0.7350358071287446,-0.3892589198741127,-0.5551575051614046
37.23336666666667,-0.5124823878719544,-0.22386716187400563,-0.8290025910427167
37.433366666666664,-0.4383091972023274,-0.16515485691345969,-0.8835207529457054
37.63336666666667,-0.18266333304918528,-0.30629038708057027,-0.934248524505871
37.83336666666667,-0.023569587688801005,-0.3569694098310225,-0.93381867350202
38.033366666666666,0.2575518608298355,-0.6303428738521163,-0.7323488925143156
38.23336666666667,0.46398719385486853,-0.8009766465144015,-0.378354722023167
38.43336666666667,0.6111670123374504,-0.7742698269023165,-0.16425930165190417
38.63336666666667,0.6953690641031889,-0.7173205491453538,-0.043738935310122205
38.83336666666667,0.7588753469158518,-0.6509048407375803,0.02076285499952975
39.033366666666666,0.78425641358767,-0.6197904929362579,0.028312940723917657
39.23336666666667,0.7747699249591733,-0.6318382624836438,0.02262683010071731
39.43336666666667,0.7858178308914673,-0.6182721903142484,0.015160321139440177
39.63336666666667,0.6416398459347235,-0.475666932879732,-0.6016969977269733
39.83336666666667,0.6648320031274453,-0.3661247513857899,-0.6511152540374415
40.033366666666666,0.6697421771529866,-0.3368077597166417,-0.6618201788530133
40.23336666666667,0.6579434108682116,-0.37579909036537634,-0.6525990436521183
40.43336666666667,0.6446061218660682,-0.41662572875194626,-0.6410194613228971
40.63336666666667,0.8267110209242595,-0.20415926589158473,-0.5242784394126635
40.83336666666667,0.4478295125531133,-0.5858964671673783,-0.6754065867662433
41.033366666666666,0.10178969480700784,-0.6942284494306126,-0.7125206790208012
41.23336666666667,0.07228996892811532,-0.7001423606498501,-0.7103343122896622
41.43336666666667,-0.7346574008002731,-0.6758120567229743,0.059636963682352245
41.63336666666667,-0.7651025923790851,-0.6424265734750874,-0.043659143691349586
41.83336666666667,-0.975720119179907,-0.21732331840814256,-0.02721808780243033
42.033366666666666,-0.9760394101923325,-0.21749906365042337,-0.00642083036627669
42.23336666666667,-0.9586323806035902,0.28113290976305483,0.04458975113690234
42.43336666666667,-0.9048698585199304,0.4255782529716103,0.009679346039552941
42.63336666666667,-0.8872885822926918,0.46117938519896834,0.005704945269406722
42.83336666666667,-0.5467103499702981,0.8085407510878307,-0.21764569158538508
43.033366666666666,-0.5098688225784739,0.8305992579783601,-0.22391662825310246
43.23336666666667,-0.5336651232647314,0.8321612502198988,-0.1506956862132877
43.43336666666667,-0.650201075352982,0.7594128550382144,-0.023036432287435796
43.63336666666667,-0.6706483308472424,0.7414361991358126,-0.02243165047087627
43.83336666666667,-0.9760067103485804,0.21565464654789582,0.03006617329899284
44.033366666666666,-0.9893592002005611,0.0930419468565991,0.11185512551349625
44.23336666666667,-0.9975043314652813,0.006643325585297035,0.07029206877856682
44.43336666666667,-0.9601434317585639,0.2793814269927688,0.00840289845067065
44.63336666666667,-0.9638611785254938,0.26634638225517887,-0.00558866630105606
44.83336666666667,-0.9628065457730872,0.2701677501602265,-0.003597525518710651
45.033366666666666,-0.9698681096559982,0.21947943730498387,-0.1057573944109255
45.23336666666667,-0.9661508295280055,0.22451646340898065,-0.12706270995327829
45.43336666666667,-0.9884973723592461,0.15042782796615484,-0.015633726755031798
45.63336666666667,-0.9906734915969829,0.13484956112284882,-0.019535324722612817
45.83336666666667,-0.9893539148631708,0.1442603679999735,-0.0191775225050281
46.033366666666666,-0.9221163890273116,0.3851160324406158,-0.03724253810403581
46.23336666666667,-0.9238304917134376,0.38070051753066303,-0.0400541949412721
46.43336666666667,-0.8697367956419796,0.4475059369675748,-0.2080777323146194
46.63336666666667,-0.9274986412236031,0.37324919236745424,-0.020768026517056126
46.83336666666667,-0.9336765797183801,0.3565428994878805,-0.03354408010607482
47.033366666666666,-0.9401077822867537,0.33930867068158116,-0.032664716196220925
47.23336666666667,-0.901641169340868,0.4324847894397708,0.00032962534759879524
47.43336666666667,-0.9029321998477882,0.429771956649163,-0.003083464931561795
47.63336666666667,-0.9052681987710097,0.4248077381869898,-0.005279571038084896
47.83336666666667,-0.9086907208305723,0.4173941880203246,-0.007953972797841302
48.033366666666666,-0.9124571670994975,0.4090388549508729,-0.01044669082717346
48.23336666666667,-0.9180046322079364,0.3963986021315758,-0.01164660778527945
48.43336666666667,-0.927287476946993,0.37385461721320284,-0.019252539719480728
48.63336666666667,-0.9387607749394035,0.34371491596394693,-0.02425415385182571
48.83336666666667,-0.9498616147591579,0.3116233304694417,-0.025569761716891157
49.033366666666666,-0.9942599668197862,0.09924755247678753,-0.039963004227479816
49.23336666666667,-0.9985771935869295,0.021991027240667822,-0.048579657974837355
49.43336666666667,-0.9954071745703783,-0.07786108390986732,-0.05569747235016655
49.63336666666667,-0.9763230500050823,-0.20415334977650265,-0.07151721333921485
49.83336666666667,-0.9390729759988546,-0.33010736929111434,-0.09576570622281333
50.033366666666666,-0.8746391743929147,-0.4694637672499868,-0.12087218810268563
50.23336666666667,-0.7644097435379478,-0.6281593392086776,-0.14523631966269973
50.43336666666667,-0.6251454357785139,-0.7614690692644986,-0.17134188244194876
50.63336666666667,-0.4468173295508334,-0.8336600068595137,-0.3246001647813173
50.83336666666667,-0.31640577372332995,-0.6037815194435563,-0.7316660871825155
51.033366666666666,-0.3462531195086383,-0.5725344858964218,-0.7431776636106988
51.23336666666667,-0.3190033132607514,-0.5749379098346552,-0.7534476000118525
51.43336666666667,-0.19249976556051276,-0.5308322216254568,-0.8253247801582904
51.63336666666667,-0.12959040345598782,-0.5994195392226472,-0.7898750175377264
51.83336666666667,-0.013153255812554054,-0.6886398050992247,-0.7249842830671787
52.033366666666666,0.033018670616675044,-0.7011567093984757,-0.712242259527058
52.23336666666667,-0.032794225244506536,-0.7174038149403402,-0.6958852671954325
52.43336666666667,-0.017962657261782367,-0.8215889823605418,-0.5697972332399176
52.63336666666667,0.33543668208608596,-0.8914923776776453,-0.30450545619698927
52.83336666666667,0.37683131259997193,-0.8793645775789367,-0.29106030568183056
53.033366666666666,0.45413681573080134,-0.8568520730946227,-0.24405793867714276
53.23336666666667,0.5402816313893344,-0.8110088020328946,-0.2244114119389842
53.43336666666667,0.5638608352195733,-0.7890767057865613,-0.24375994521355251
53.63336666666667,0.6301557019577199,-0.7328023655555193,-0.2567186871390716
53.83336666666667,0.6882051584344226,-0.665238361917478,-0.28953684003525676
