0.016683163,0.13246467118005542,0.0,-0.9810701963322382,0.14125997578147648
0.05004982966666667,0.1328379756393173,3.484498330379629e-23,-0.9818168451367006,0.1356088302208387
0.08341649633333334,0.13336516297997444,-2.2768146360522087e-22,-0.9825937751307331,0.1293182368332444
0.11678316300000001,0.1338535753136094,-1.0546552810051103e-22,-0.9833167161407607,0.12317246499893915
0.15014982966666668,0.13426404179148427,2.150669592637872e-23,-0.9836953827385546,0.11965183266738234
0.18351649633333333,0.13458511762352895,-1.4765173934071544e-22,-0.9837200585134416,0.11908691192810518
0.21688316300000002,0.13485495486721202,-1.9159570938259504e-22,-0.9837449957507894,0.11857455242606425
0.2502498296666667,0.134900491372192,2.001777082378327e-22,-0.9841135748082005,0.11542239516560729
0.28361649633333336,0.13464178006790933,5.37667398159468e-24,-0.984869588807444,0.10910308933481572
0.316983163,0.134671662322647,-1.5521878758435054e-19,-0.9858624994179431,0.09969290651125087
0.35034982966666667,0.13583892919893267,-8.995589161514176e-24,-0.9867888344293051,0.08829259062764565
0.3837164963333334,0.13819031767843815,-1.3648480107124957e-23,-0.9875426069935763,0.07525314260722565
0.41708316300000003,0.14086822325964926,-1.406207041340147e-23,-0.9885191869690935,0.05464394449188661
0.4504498296666667,0.1422565137989295,1.6990322093581866e-23,-0.9896404586179276,0.019360964549136914
0.4838164963333334,0.14181498526875513,1.4081922748102743e-18,-0.9891886128333474,-0.03734164155551821
0.5171831630000001,0.13996965679728252,1.6601845766184287e-18,-0.9825561121265249,-0.12244174818606021
0.5505498296666667,0.13786853112856925,-1.3552527156068805e-18,-0.9634312743219324,-0.22976607187064912
0.5839164963333334,0.13667524748678808,1.6543612251060553e-24,-0.9289087725578313,-0.3441632882652192
0.617283163,0.1362442609175548,1.4558378780933287e-22,-0.8798205548186322,-0.45536061828584123
0.6506498296666667,0.13702541657896944,-2.6469779601696886e-23,-0.8206489747583925,-0.554760574878352
0.6840164963333333,0.13851012067786542,4.499862532288471e-22,-0.7571889280296318,-0.6383415024413973
0.717383163,0.13965556752318217,1.164670302474663e-21,-0.689480780678056,-0.7107127236340689
0.7507498296666668,0.1400707044055896,-7.411538288475128e-22,-0.6139226351809071,-0.7768392341918972
0.7841164963333334,0.14045185325604362,0.0,-0.5286564071878956,-0.837135401267996
0.8174831630000001,0.1414926276159738,-6.071532165918825e-18,-0.4334585116746057,-0.8899963791989062
0.8508498296666667,0.14372199890178694,-1.474514954580286e-17,-0.3440393182677729,-0.9278905832680493
0.8842164963333334,0.14629645887496473,4.336808689942018e-18,-0.25644227166869177,-0.955423836536459
0.917583163,0.14960502249999452,3.970466940254533e-23,-0.18129000982494753,-0.9719836776306722
0.9509498296666667,0.15300530952590202,0.0,-0.11253330684687533,-0.9817971430529782
0.9843164963333335,0.156625037298667,5.293955920339377e-23,-0.039991127236126765,-0.9868481683792979
1.017683163,0.16110932351163695,5.293955920339377e-23,0.029380333241883414,-0.9864991545339603
1.0510498296666666,0.16655098367817806,-2.117582368135751e-22,0.10209497230750314,-0.9807330862499549
1.0844164963333334,0.17314962896025435,-5.293955920339377e-22,0.16747861212895856,-0.9705514517377656
1.1177831630000001,0.1808457351160015,7.411538288475128e-22,0.2239796735603008,-0.9576679622511
1.1511498296666667,0.18979363856627285,-6.352747104407253e-22,0.28119478566205763,-0.9406954168466244
1.1845164963333334,0.19981551965379477,1.0587911840678754e-22,0.33518989916285674,-0.9207179207578605
1.217883163,0.21112444962715995,-2.541098841762901e-21,0.3867671813575676,-0.8976845850265845
1.2512498296666668,0.2229810804935604,1.5881867761018131e-22,0.4233182518235712,-0.87811223395131
1.2846164963333333,0.2357213254773412,-2.567568621364598e-21,0.4539222083724839,-0.8592962733897155
1.317983163,0.24766739332394425,-6.505213034913027e-19,0.4775190304875976,-0.8429925490811336
1.3513498296666666,0.2583814195050199,-6.7220534694101275e-18,0.49390289024724815,-0.8302403128371841
1.3847164963333334,0.2690324663589652,-2.6056189295420372e-23,0.5120451147516473,-0.815739745570721
1.4180831630000001,0.2788459849514697,-1.3276248831476094e-22,0.5295729367368269,-0.8011226007000286
1.4514498296666667,0.288124370436544,7.939899904743374e-22,0.5470870582297499,-0.785926267456473
1.4848164963333335,0.29641227867870146,1.3069453678337837e-21,0.5619350172481091,-0.7722491809246982
1.518183163,0.30294872866228406,6.88214269644119e-22,0.5704929193277543,-0.7633871211900306
1.5515498296666668,0.30800945168203564,-7.47771273747937e-22,0.575152784071274,-0.7578452695963698
1.5849164963333333,0.3114583054339679,1.2176098616780567e-21,0.5763991088089765,-0.7554851364126358
1.618283163,0.3142746441601153,-9.107298248878237e-18,0.5768106678145625,-0.7540032503466755
1.6516498296666668,0.3173059383684427,1.1384122811097797e-18,0.5796174306944629,-0.7505734977410752
1.6850164963333334,0.32027076716773345,1.9061629445010775e-17,0.5843405306220891,-0.7456358226172392
1.7183831630000002,0.32277185950695014,-7.616520261710669e-18,0.5897355119212304,-0.7402907217366905
1.7517498296666667,0.3252229831540913,-1.4582519219930035e-17,0.5972921272493847,-0.7331249047428812
1.7851164963333335,0.32759655164301477,-4.0115480381963664e-18,0.6064660726559984,-0.724485612050933
1.818483163,0.32955162546891686,2.6129272356900657e-17,0.6157394708953655,-0.71572385047048
1.8518498296666668,0.33085593214519804,3.003240017784847e-17,0.6234779628473814,-0.7083851932444745
1.8852164963333335,0.33137164950624753,2.5912431922403556e-17,0.6292072717600808,-0.7030583468445166
1.918583163,0.33146355413830314,5.9631119486702744e-18,0.6338373151777787,-0.6988434518304004
1.9519498296666669,0.3309078463064418,-1.1058862159352145e-17,0.6375694398703968,-0.6957048272048865
1.9853164963333334,0.32970672001670764,1.5612511283791264e-17,0.6412710750978916,-0.6928671496171677
2.0186831630000004,0.328072414468106,-1.5178830414797062e-18,0.6454989427577533,-0.6897097982221871
2.052049829666667,0.3263119149234022,7.26415455565288e-18,0.6495890342175326,-0.6866983477505648
2.0854164963333335,0.3245868121984872,1.22514845490862e-17,0.6534757860214392,-0.6838221979655867
2.1187831630000002,0.32297857086455883,-8.998878031629687e-18,0.6568376182969371,-0.6813583388733819
2.152149829666667,0.3215581518333933,-2.2768245622195593e-18,0.6591324572106136,-0.6798122967709479
2.185516496333334,0.32056340176372844,-1.0787811616230769e-17,0.6604342335679982,-0.6790182093148293
2.2188831630000005,0.32019018738777144,7.318364664277155e-18,0.6617344619176694,-0.6779275372863359
2.252249829666667,0.3200867371085025,-1.6750923564901044e-17,0.6631143153993432,-0.6766268435701416
2.2856164963333336,0.3200616911399553,-1.7401444868392346e-17,0.6645666549849648,-0.6752123184204556
2.3189831630000004,0.3200765448859802,-1.2305694657710475e-17,0.666108845654099,-0.6736839104173535
2.352349829666667,0.3198864615233725,-6.776263578034403e-18,0.6671612384594996,-0.6727321410719446
2.3857164963333335,0.3196450975592641,1.8241701552068612e-17,0.6680050352803448,-0.6720091401509611
2.4190831630000003,0.31952766898593565,6.152847328855238e-18,0.6685926426172255,-0.6714804144504362
2.452449829666667,0.3196156517074314,7.538593230563273e-18,0.6688794388837663,-0.6711528376027117
2.485816496333334,0.32005061512642297,-2.2049961682923946e-17,0.6690304944057931,-0.6707949025688393
2.5191831630000006,0.3207626692932309,-1.1519648082658485e-17,0.668960744540039,-0.6705242965413843
2.552549829666667,0.32161209365171883,-1.9081958235744878e-17,0.6685135441012032,-0.670563421735936
2.5859164963333336,0.3226136883961915,-1.1221492485224971e-17,0.6677801314610352,-0.670813017230053
2.6192831630000004,0.32352826816903807,6.776263578034403e-18,0.666621763297995,-0.6715242991828478
2.652649829666667,0.3244262217042199,4.391018798566293e-18,0.6657062101914528,-0.6719991580227296
2.6860164963333335,0.32545242639442284,-6.5052130349130266e-18,0.6654462801782336,-0.6717603488975326
2.7193831630000003,0.3268974438089152,-8.077306185017008e-18,0.6662330286396109,-0.6702772656005042
2.752749829666667,0.32864340131394104,6.5052130349130266e-18,0.6677852250195432,-0.6678745451193677
2.786116496333334,0.33035743986629235,-1.3823577699190182e-18,0.6698440064436271,-0.664960877763902
2.8194831630000006,0.3312628578996861,1.0825081065909958e-18,0.671380302722916,-0.6629580741584026
2.852849829666667,0.3312356632050817,7.806255641895632e-18,0.6723658131081022,-0.6619721661705802
2.8862164963333337,0.3305964017848069,-1.1763593571467723e-17,0.6732240464694118,-0.6614192334535562
2.9195831630000004,0.32971519357439943,-6.993104012531504e-18,0.6743149257866641,-0.6607475100123511
2.952949829666667,0.32873075919920575,-9.540979117872439e-18,0.6753493824259702,-0.6601812626947046
2.986316496333334,0.32795471545230603,1.0842021724855044e-18,0.6766068287687608,-0.6592790789006413
3.0196831630000003,0.3273634674391939,5.068645156369733e-18,0.6777820762296495,-0.6583651094400534
3.053049829666667,0.32694054987960064,-6.667843360785852e-18,0.6785051975710924,-0.6578302012779874
3.086416496333334,0.3267590429307645,1.3230654636112171e-17,0.6785546728508278,-0.6578693516309123
3.1197831630000006,0.3267742304522497,-2.8053731213062427e-18,0.678212501055879,-0.6582145590336553
3.153149829666667,0.3267037902727146,-5.014435047745458e-18,0.677349538947654,-0.6591374936300032
3.1865164963333337,0.3265432086745899,-1.8634724839594607e-17,0.67631674286,-0.6602766058219419
3.2198831630000004,0.326247081052869,1.3444106938820255e-17,0.675488741786649,-0.6612698404010064
3.253249829666667,0.32584261518290847,-1.8472094513721782e-17,0.6750376662448807,-0.6619295576429777
3.286616496333334,0.32529282454894437,8.795590124288655e-18,0.6746946833511264,-0.6625493661265498
3.3199831630000003,0.32438756069779423,1.7320129705455933e-17,0.6738694694881299,-0.6638317923663504
3.353349829666667,0.3233360337756734,9.242823520438925e-18,0.6730099815201506,-0.6652152839768969
3.386716496333334,0.3223602324433481,1.6832238727837456e-17,0.6725371073816894,-0.6661664354601939
3.4200831630000006,0.3214287069739643,-2.7403209909571125e-17,0.6722946393932443,-0.666860933160845
3.453449829666667,0.32045454310707905,1.4257258568184383e-17,0.6725627503143181,-0.6670593921770936
3.4868164963333337,0.319698515430951,1.1384122811097797e-18,0.6739698832286058,-0.6660010928910443
3.5201831630000004,0.31907368631907823,-1.5124620306172787e-17,0.676062676657819,-0.6641771148790206
3.553549829666667,0.3184785601512101,-6.993104012531504e-18,0.6784805333807833,-0.6619936348238855
3.586916496333334,0.3180114092750984,-3.2526065174565133e-19,0.6810987689045571,-0.6595249885846348
3.6202831630000003,0.3174674702361673,-3.577867169202165e-18,0.6830422607139223,-0.6577747908065972
3.653649829666667,0.3168101426663973,2.2659825404947043e-17,0.6843473123926566,-0.6567344132331157
3.687016496333334,0.316291215344583,-2.2442984970449942e-17,0.6854501809709983,-0.6558337567575129
3.7203831630000006,0.3157292131744831,-1.1980434005964824e-17,0.6861068427571059,-0.6554177784208313
3.7537498296666674,0.31515933088056186,3.0086610286472748e-18,0.686771376454193,-0.6549959333019786
3.7871164963333337,0.31462580533347206,-1.328147661294743e-17,0.6872300298535896,-0.6547713254913494
3.8204831630000005,0.3142201706595537,-1.7076184216646695e-18,0.6879572947134069,-0.6542021438372787
3.8538498296666672,0.3138756220293893,-4.336808689942018e-19,0.6885533325119958,-0.653740317084918
3.887216496333334,0.3135526899880617,2.2476866288340114e-17,0.6886594252926497,-0.6537835318795112
3.9205831630000003,0.3133315003967239,1.7076184216646695e-18,0.6885284174444811,-0.654027514123478
3.953949829666667,0.31327355940690915,-1.0130514049161432e-17,0.6884083939825788,-0.6541815956375205
3.987316496333334,0.3133470614832827,9.507097799982267e-18,0.688244236483241,-0.6543191041131173
4.020683163,0.31339790110535565,1.2075301696057306e-17,0.6876592896537378,-0.6549095028594979
4.054049829666667,0.31339493639139243,1.4501204056993622e-17,0.6870001560927348,-0.6556023180044387
4.087416496333334,0.31332406035407695,-2.0857339293189892e-17,0.6862818205984028,-0.6563880680812046
4.1207831630000005,0.3129019237158499,4.0793106739767104e-18,0.6850711121913352,-0.6578525346731192
4.154149829666666,0.3119825288394334,-6.152847328855238e-18,0.6833650260463626,-0.6600599540008515
4.187516496333333,0.31067006483205717,1.28816770618434e-17,0.6811098383228923,-0.6630033928699074
4.220883163,0.309435530920165,1.530080315920168e-17,0.6792606281879809,-0.6654732535555619
4.254249829666667,0.30849097362496225,2.2161770031961514e-17,0.6776053994790916,-0.6675958671147564
4.287616496333333,0.30785661235324924,3.330533548603909e-18,0.6762493070840341,-0.6692616684815775
4.320983163,0.30723758295739934,-5.4786091028408146e-18,0.6747593373115489,-0.6710476170357621
4.354349829666667,0.3065950791478004,5.868244258577793e-18,0.6730665822108647,-0.6730385080761273
4.387716496333334,0.3061470858284287,3.8624702394796095e-19,0.671749123894723,-0.6745569482152215
4.4210831630000005,0.3056526192895237,-1.677802861921318e-17,0.6707705119256027,-0.6757539468271853
4.454449829666666,0.3051528065390142,-7.799479378317598e-18,0.6701307797569213,-0.6766139982913033
4.487816496333333,0.3047426765121038,1.85940672581264e-17,0.6700400341929248,-0.6768886567900098
4.521183163,0.30424783430067126,-3.5914196963582334e-18,0.6699542142204509,-0.6771961356738606
4.554549829666667,0.30385899458603877,-1.1370570283941728e-17,0.6698868387506325,-0.6774373289669281
4.587916496333333,0.3036558226268095,4.675621868843738e-19,0.6696878029157192,-0.6777251566901974
4.621283163,0.3035973425758398,1.254286388294168e-17,0.6692703991484866,-0.6781635395717713
4.654649829666667,0.30373712913056783,1.1655173354219173e-18,0.6686562600717995,-0.6787065361806345
4.688016496333334,0.30404893646774034,8.429671891074797e-18,0.6676783299875598,-0.6795291692766834
4.7213831630000005,0.3044499379945154,-6.993104012531504e-18,0.6668482575804048,-0.6801644188114472
4.754749829666666,0.30471376000372735,7.806255641895632e-18,0.6659721563505789,-0.6809042601057442
4.788116496333333,0.3048626835223356,-2.279535067650773e-17,0.6655749330781239,-0.6812259189531847
4.821483163,0.3048410460016838,-2.6237692574149207e-17,0.666043986696463,-0.6807770152245749
4.854849829666667,0.3046444939938166,-6.2341624917916505e-18,0.6667673464100727,-0.6801566275796493
4.888216496333333,0.3042994216810075,-9.120850776034306e-18,0.6671032714778508,-0.6799816814798424
4.921583163,0.3041288252985221,-4.14029704617902e-18,0.6672327907050717,-0.6799309234256544
4.954949829666667,0.3041713120310549,-8.649900457360915e-18,0.6672041694837773,-0.6799400040891621
4.988316496333334,0.3042659139105639,5.2583805365546965e-18,0.6669229062177764,-0.6801735740193119
5.0216831630000005,0.30436522881544653,4.187730891225261e-18,0.6666159216957102,-0.6804300261084162
5.055049829666666,0.3044933646363659,1.3078188705606397e-17,0.6664897956004122,-0.6804962477875582
5.088416496333333,0.3045746115842666,9.56284315582344e-18,0.6665457941741755,-0.680405033966542
5.121783163,0.3046023358466632,1.3369568039461877e-17,0.6668139683785697,-0.6801298027376691
5.155149829666667,0.30465707122353536,-3.1699361018044936e-17,0.6673879642168008,-0.6795420326749863
5.1885164963333334,0.30468185841930456,-9.053088140253962e-18,0.6681833735030405,-0.678748808119952
5.221883163,0.3046152949102453,6.911788849595091e-19,0.668885445414724,-0.6780868550702713
5.255249829666667,0.304640701570161,1.0537089863843496e-17,0.6694830006942337,-0.6774854645881968
5.288616496333334,0.3048271179320912,-2.6461309272224343e-18,0.6698717049295637,-0.6770172280732409
5.3219831630000005,0.3050255484379527,-1.360673726469308e-17,0.6697988885994356,-0.6769998992843995
5.355349829666666,0.3051047681191497,-1.5178830414797062e-18,0.6692867372841118,-0.6774705482650508
5.388716496333333,0.3053056509253161,-5.204170427930421e-18,0.6691296121761754,-0.6775352548923416
5.422083163,0.30554967173877634,6.532318089225164e-18,0.6692217348934264,-0.677334236287048
5.455449829666667,0.30571690199534346,4.980553729855286e-18,0.6694458554739472,-0.6770372385793302
5.4888164963333335,0.3057496387357837,-4.87890977618477e-19,0.6699191583386207,-0.6765541217846593
5.522183163,0.3056534285832063,-2.2212592008796772e-17,0.6707516149039613,-0.6757723379208854
5.555549829666667,0.3055779296147115,-1.429791614965259e-18,0.6713642787950018,-0.6751978481085775
5.588916496333334,0.30547975290655527,2.7315118483056677e-17,0.671215993576505,-0.6753896731008369
5.6222831630000005,0.30529806701066875,1.0503208545953324e-17,0.671684049695994,-0.6750063908316268
5.655649829666667,0.30510996881783653,6.417121608398579e-18,0.67189936746873,-0.6748771346868252
5.689016496333333,0.30500692966065623,-2.7477748808929503e-18,0.6715612311226252,-0.6752601615022491
5.722383163,0.30491035815022527,1.4965378112088978e-17,0.671507114083395,-0.6753575861927456
5.755749829666667,0.3048402344895464,-1.5185606678375096e-17,0.6714278684671765,-0.6754680221016996
5.7891164963333335,0.30467868526931663,4.2825985813177425e-18,0.6712213835197663,-0.6757460714265169
5.822483163,0.30442259181942044,-4.038653092508504e-18,0.6714167309654093,-0.6756674174249263
5.855849829666667,0.303990749220343,-1.235990476633475e-17,0.6716137654601261,-0.6756660228492515
5.889216496333334,0.30353029306362406,9.75781955236954e-18,0.6719090668690236,-0.6755794306015457
5.9225831630000005,0.302989949989803,-3.0466081046842675e-17,0.6719900752499338,-0.675741392080406
5.955949829666667,0.30245302731160656,7.657177843178875e-18,0.6715902943587958,-0.6763790673824188
5.989316496333333,0.3021151177051801,1.9143791640894442e-17,0.6709591770126714,-0.6771559926903576
6.022683163,0.3018957617061898,-6.010545793716515e-18,0.6699907775073924,-0.6782118453100617
6.056049829666667,0.3017078542483674,1.3525422101756668e-17,0.6689344161047504,-0.6793372635410506
6.0894164963333335,0.3015192319951427,-2.981555974335137e-19,0.667934428646469,-0.680404109162911
6.122783163,0.3014516176967078,3.215337067777324e-18,0.6674837056686247,-0.6808762184530451
6.156149829666667,0.3013735823434603,8.477105736121038e-18,0.6675003733121171,-0.6808944231623975
6.189516496333334,0.30124471565857397,-1.2915558379733572e-17,0.667710584471295,-0.6807453243855491
6.2228831630000006,0.3009466465876777,2.3093506273941244e-17,0.6681211766776425,-0.6804742531371146
6.256249829666667,0.30051977276436576,6.193504910323444e-18,0.6683844160935524,-0.6804043933580493
6.289616496333333,0.3000523745383383,8.267041565201971e-19,0.6681851474645121,-0.6808062729159693
6.322983163,0.29954147668364706,1.0191500421363742e-17,0.6673497179333651,-0.681849879167283
6.356349829666667,0.29892492180910274,1.3754120997515329e-17,0.6659350156119375,-0.6835016065111702
6.3897164963333335,0.2981935702371229,1.0842021724855044e-17,0.6645119814504514,-0.6852039267094381
6.423083163,0.2971873020538778,6.911788849595091e-18,0.6634550924923838,-0.6866637078977306
6.456449829666667,0.29600953614711395,1.5720931501039814e-17,0.6630981330214326,-0.6875167056104609
6.489816496333334,0.2946190595953078,-1.2739375526704677e-17,0.6633149025128333,-0.6879047534561502
6.523183163000001,0.2930310520027052,1.929879867024198e-17,0.6638793183830467,-0.6880385550137792
6.556549829666667,0.291270006876295,-1.0842021724855044e-18,0.6648192516520666,-0.6878787289392435
6.589916496333333,0.2893645703584615,1.1817803680091998e-17,0.6662722418686388,-0.687276832969511
6.623283163,0.2873146281722861,1.973247953923618e-17,0.6683609053761566,-0.6861078665945942
6.656649829666667,0.2850620078547223,1.1600963245594897e-17,0.6712945596712018,-0.684180726002773
6.6900164963333335,0.2827499333574842,-1.2685165418080402e-17,0.6749410208941402,-0.6815475724413624
6.723383163,0.2805433359457061,-4.553649124439119e-18,0.679911629755362,-0.6775069094702003
6.756749829666667,0.2781348501784878,1.734723475976807e-18,0.68523488635412,-0.6731226898860612
6.790116496333334,0.2753601341247006,-2.168404344971009e-18,0.690194440573168,-0.6691849002605471
6.823483163000001,0.27244325473209235,1.1058862159352145e-17,0.6953234774811127,-0.6650563394288913
6.856849829666667,0.2694947066903406,1.6263032587282567e-17,0.7003698460802694,-0.6609498330186544
6.890216496333333,0.2665075801513445,7.806255641895632e-18,0.7050055635475764,-0.6572220820155383
6.923583163,0.2637095253712215,1.8214596497756474e-17,0.7092839112974457,-0.6537381887293127
6.956949829666667,0.2613071969088339,-5.421010862427522e-19,0.7138576404659784,-0.6497121039291125
6.9903164963333335,0.25917392719045534,5.637851296924623e-18,0.7180996088145898,-0.6458806602500261
7.023683163,0.2571897006710868,-2.3852447794681098e-18,0.7225007930430997,-0.6417523369032707
7.057049829666667,0.255277132197291,2.3852447794681098e-18,0.7277460012465479,-0.636568412228243
7.090416496333334,0.25330785513883025,-8.456776945386935e-18,0.7339070655242377,-0.6302503865120337
7.123783163000001,0.25119027971241387,-6.505213034913027e-19,0.7406652293419638,-0.6231520371641384
7.157149829666667,0.24888697541223195,-1.5178830414797062e-18,0.747633943865281,-0.6157099637415306
7.190516496333333,0.2466178353228252,1.214306433183765e-17,0.7550769485448484,-0.6074853455655407
7.223883163,0.24421593342441103,-6.505213034913027e-19,0.762286054077084,-0.5993984898389658
7.257249829666667,0.24178879939094514,-1.214306433183765e-17,0.7694703316642115,-0.5911459931164668
7.2906164963333335,0.23930795960411647,-4.336808689942018e-19,0.776032454139924,-0.5835283460053001
7.323983163,0.23682041481394275,1.0299920638612292e-17,0.7818338910819767,-0.5767597921864596
7.357349829666667,0.23442438353607523,-2.710505431213761e-18,0.7865617391582821,-0.5712843765551702
7.390716496333334,0.23227521740201745,2.4936649967166602e-18,0.7902622232269686,-0.5670395417616084
7.424083163000001,0.23048388007263781,3.0357660829594124e-18,0.7932972473318057,-0.5635216574386843
7.457449829666667,0.22890062479718526,4.87890977618477e-18,0.7952514595596233,-0.5614086034571854
7.490816496333334,0.2278219403439924,-2.585822181377928e-17,0.7964532380857344,-0.5601423060621709
7.524183163,0.22716769938938072,-9.215718466126788e-18,0.7966576398881632,-0.560117345885626
7.557549829666667,0.22657979008535314,1.782157321023048e-17,0.7959598233338779,-0.5613462018782879
7.5909164963333335,0.22582821884739113,-2.6007299612496038e-17,0.7949160834075061,-0.56312523998866
7.624283163,0.22481700640705712,-2.5478751053409354e-18,0.7939771180216605,-0.564851882964187
7.657649829666667,0.22369265706013264,-1.0028870095490916e-17,0.7939638043903365,-0.5653167895042581
7.691016496333334,0.22226905980532038,-2.1412992906588713e-17,0.794605800394808,-0.5649761827123205
7.724383163000001,0.22053734934617011,1.734723475976807e-18,0.7953310981146294,-0.5646341487327373
7.757749829666667,0.21886773982297478,1.6263032587282567e-19,0.7957281546982118,-0.5647243719597742
7.791116496333334,0.21722237571397046,-8.61940727125976e-18,0.7949234626214806,-0.5664901835540085
7.824483163,0.2157011370440185,-8.267041565201971e-18,0.7925827104917056,-0.5703382036191673
7.857849829666667,0.21439397003963462,-1.1201163694490868e-17,0.7886920849916141,-0.5761944295827798
7.8912164963333336,0.21345299216741226,1.1329912702473521e-17,0.7836799591518433,-0.583338273867354
7.924583163,0.21254333410497134,-2.3283241654126208e-17,0.7773794924879404,-0.5920358568420794
7.957949829666667,0.21138812725822878,-1.3254371558635292e-17,0.7695862648545135,-0.6025379993009049
7.991316496333334,0.21017284332551195,3.3610267347050637e-18,0.7609662386056697,-0.6138059625246475
8.024683163,0.20885049151243995,8.294146619514109e-18,0.7519615034174186,-0.6252482463575793
8.058049829666666,0.207386050222074,-2.8189256484623115e-18,0.7430065400530211,-0.6363429166822914
8.091416496333334,0.2060023091235123,2.190088388420719e-17,0.7349852403239077,-0.6460338575816199
8.124783163,0.20447239681379617,2.2036409155767878e-17,0.726909213862204,-0.6555867858212625
8.158149829666668,0.20275491731103368,1.1384122811097797e-18,0.7181319790752265,-0.6657153326578067
8.191516496333334,0.2010090621095828,-3.7947076036992655e-18,0.708413455779488,-0.6765690893178533
8.224883163000001,0.19949279064162415,-1.7672495411513722e-17,0.6981318139763916,-0.6876151516626507
8.258249829666667,0.1982539943901835,-2.1467203015212988e-17,0.6870577677924437,-0.6990328872266324
8.291616496333333,0.19738278599708578,-8.565197162635485e-18,0.675526014456989,-0.7104256749188365
8.324983163,0.19664804127338012,-5.421010862427522e-19,0.662969480313056,-0.7223579556125754
8.358349829666667,0.19616132303170117,1.8431436932253575e-18,0.6505093194630571,-0.7337290785011612
8.391716496333334,0.19587910260503447,4.553649124439119e-18,0.6378249186612003,-0.7448561943741088
8.425083163,0.19581384118150466,1.8973538018496328e-17,0.6253183216025852,-0.7554031614110907
8.458449829666668,0.195879060545283,8.782037597132586e-18,0.6129459651635248,-0.7654597555911429
8.491816496333334,0.1958153741674427,-5.421010862427522e-18,0.5997640451029795,-0.7758475555425663
8.525183163000001,0.19560935198553295,-1.452830911130576e-17,0.5857812692500437,-0.7865095587541245
8.558549829666667,0.19535079499199576,3.469446951953614e-18,0.5716528755258895,-0.7969009077664407
8.591916496333333,0.19502238628560117,8.239936510889834e-18,0.5572891690467318,-0.8070904849585783
8.625283163,0.19446283641717776,4.336808689942018e-19,0.5403106689356098,-0.8186871113477603
8.658649829666667,0.1924244042693896,-1.1709383462843448e-17,0.509760946560943,-0.8385204982603955
8.692016496333334,0.18812156365607718,1.3877787807814457e-17,0.4488195028452988,-0.8735967783556047
8.725383163,0.18390445737108957,8.673617379884035e-18,0.36335126176280147,-0.9133208697574063
8.758749829666668,0.1809087606464885,3.469446951953614e-18,0.26527410688645114,-0.947048926157961
8.792116496333334,0.17950986835018018,0.0,0.16575837495663756,-0.9696908622322042
8.825483163000001,0.17926423980163037,0.0,0.06601060394664864,-0.9815838896879585
8.858849829666667,0.17989668945456178,-1.734723475976807e-18,-0.02685929187769478,-0.983318747692282
8.892216496333333,0.18075465073201566,-4.336808689942018e-18,-0.10519874409546104,-0.9778859751931637
8.925583163,0.1817647934854274,0.0,-0.17673868651241811,-0.9673287944329296
8.958949829666667,0.1831469566472698,2.6020852139652106e-18,-0.24644168129831193,-0.951695166526396
8.992316496333334,0.18549895134462496,-4.336808689942018e-18,-0.3193734343237244,-0.9292958347578636
9.025683163,0.18933864377625576,5.204170427930421e-18,-0.3934048164051836,-0.8996574505900409
9.059049829666668,0.19443923066915808,6.071532165918825e-18,-0.4634818175712179,-0.8645102604120245
9.092416496333334,0.20084132530747498,-1.734723475976807e-18,-0.5303168875174208,-0.823666656398432
9.125783163000001,0.2082692444670432,-1.6479873021779667e-17,-0.5932320666382684,-0.7776243546348174
9.159149829666667,0.21507380020200645,1.734723475976807e-18,-0.6459399857297491,-0.7324648764972415
9.192516496333333,0.22018100106096727,-1.3010426069826053e-18,-0.688208335052498,-0.6912956056102622
9.225883163,0.22298596632583417,-1.6046192152785466e-17,-0.7207535633075036,-0.6563471336124435
9.259249829666667,0.224008184552873,4.9873299934333204e-18,-0.7475429219387226,-0.6252998585579905
9.292616496333334,0.2242055260296441,-4.336808689942018e-18,-0.7719153408502573,-0.5948769525353976
9.325983163,0.22375262274754568,3.0357660829594124e-18,-0.7938074461064974,-0.5655126013799116
9.359349829666668,0.2233399919912329,1.1275702593849246e-17,-0.8147805816045436,-0.5350250945680193
9.392716496333334,0.22304038351071925,-8.456776945386935e-18,-0.8349824521467709,-0.5030480016165024
9.426083163000001,0.22335161000059706,2.0166160408230382e-17,-0.8542752788401637,-0.4693908885701782
9.459449829666667,0.22401149177837926,1.441988889405721e-17,-0.8718862290958195,-0.43546900585954157
9.492816496333333,0.2264805218220276,1.826880660638075e-17,-0.8883372249140149,-0.39945406252445237
9.526183163,0.23274294946289423,-8.023096076392733e-18,-0.9027387646737863,-0.36179198751569797
9.559549829666667,0.24116187505262526,-1.474514954580286e-17,-0.9133673640075618,-0.32802592639451567
9.592916496333334,0.2506107791561793,-4.336808689942018e-18,-0.9204769181670349,-0.2998607685117383
9.626283163,0.2609176144004349,6.505213034913027e-19,-0.9249868728397049,-0.27626306950044816
9.659649829666668,0.27152883140552203,8.673617379884035e-19,-0.9283091914669821,-0.253996336102452
9.693016496333334,0.28255564465392674,9.974659986866641e-18,-0.9312637913649985,-0.23002186540999228
9.726383163000001,0.2935573933483185,6.7220534694101275e-18,-0.9341829289536069,-0.2027962328599839
9.759749829666667,0.30501924517538753,1.6263032587282567e-18,-0.9374323805094003,-0.1678802908179402
9.793116496333333,0.3171001726098476,2.0599841277224584e-18,-0.9402100530297984,-0.1243082326819453
9.826483163,0.3285629246772847,-6.613633252161577e-18,-0.9411113272224867,-0.0797237373750037
9.859849829666667,0.3381260770749565,2.9815559743351372e-18,-0.9403377506157286,-0.037890246355133286
9.893216496333334,0.345012720378819,6.776263578034403e-20,-0.9385974080158108,0.0010622818874702518
9.926583163,0.3482741008364479,-1.8295911660692887e-19,-0.9365876983034981,0.038841138926653335
9.959949829666668,0.34902264873305366,1.145188544687814e-18,-0.9338369290705599,0.07830568673748714
9.993316496333334,0.34739823994443814,2.529240380501341e-18,-0.9298881819778235,0.1209232479777348
10.026683163000001,0.3452406826467677,1.2056666971217711e-17,-0.9240027065863442,0.164401548857376
10.060049829666667,0.3425304861184042,-1.4772254600114998e-18,-0.916016272647955,0.20877512860404862
10.093416496333333,0.34005761299538423,4.743384504624082e-18,-0.9050711521151047,0.2553566710562278
10.126783163,0.33842560665040144,5.312590645178972e-18,-0.8911904576473504,0.3020723041948966
10.160149829666667,0.3381549916085832,-1.6154612370034016e-17,-0.8748242271591921,0.3468915871356948
10.193516496333334,0.33958102324422923,1.1058862159352145e-17,-0.8560378237850746,0.38972294377123307
10.226883163,0.34207832653049314,8.239936510889834e-18,-0.8351900745886417,0.43062740022752455
10.260249829666668,0.3451280303966758,-6.071532165918825e-18,-0.8128652422776309,0.4691873192355478
10.293616496333334,0.3479197918129458,-1.951563910473908e-17,-0.7891897639241225,0.5060941957602599
10.326983163000001,0.35068549053037684,-5.637851296924623e-18,-0.7644455138226987,0.5409646412916645
10.360349829666667,0.35341927458547545,2.0816681711721685e-17,-0.7399960754041012,0.5722767029488481
10.393716496333333,0.3556902903358056,3.469446951953614e-18,-0.7156513182789197,0.6011053218916588
10.427083163,0.3575368769869204,-9.107298248878237e-18,-0.6926804243571029,0.6263874290779659
10.460449829666667,0.35920928033983207,-2.6020852139652106e-18,-0.6723620150208698,0.6472233105156332
10.493816496333334,0.36030002150704354,1.951563910473908e-17,-0.6541365978358141,0.6650482733409737
10.527183163,0.36088818511399146,-2.4936649967166602e-17,-0.6388323755494899,0.679450449845259
10.560549829666668,0.361321792621901,-5.204170427930421e-18,-0.626982895716654,0.6901731743955681
10.593916496333334,0.3618890226027489,-1.691355389077387e-17,-0.6167144910084043,0.6990705056715467
10.627283163000001,0.3625668972671695,4.336808689942018e-19,-0.6069610812049366,0.7072082373025587
10.660649829666667,0.36296135132994467,7.15573433840433e-18,-0.5970376732974304,0.7154055312229081
10.694016496333333,0.3626922735095866,-4.380176776841438e-17,-0.585167216315858,0.7252817684773257
10.727383163,0.36204576331504335,-1.3877787807814457e-17,-0.5725573877289194,0.7355956110681083
10.760749829666667,0.3616101232564087,1.2576745200831851e-17,-0.5615140232068582,0.7442715368066503
10.794116496333334,0.3612209627826569,-2.168404344971009e-17,-0.5512655869479143,0.752080892386811
10.827483163,0.36091863258633566,5.421010862427522e-18,-0.5422520068504574,0.7587493009674944
10.860849829666668,0.36001647262374287,-3.686287386450715e-18,-0.5329339119028742,0.7657477293361421
10.894216496333334,0.3585112750514109,1.6588293239028218e-17,-0.5256585261489214,0.7714614569425715
10.927583163000001,0.35660729278705117,-2.1169047417779474e-17,-0.5216121651818391,0.7750819233251439
10.960949829666667,0.35386574164577916,2.902951316829938e-17,-0.5186085551464966,0.7783470970064359
10.994316496333335,0.35044214305392085,-1.7889335846010823e-17,-0.5168929373319163,0.7810326470181377
11.027683163,0.3462113269831734,2.3201926491189795e-17,-0.515648880004846,0.7837371687104664
11.061049829666667,0.34194686697714666,-6.7220534694101275e-18,-0.5151906623142902,0.785907705540973
11.094416496333334,0.33846797862111677,1.3660947373317356e-17,-0.5157499582763413,0.7870460011880421
11.127783163,0.33593711001436,1.1709383462843448e-17,-0.516117660535654,0.7878888364473781
11.161149829666668,0.3345651807277245,6.179952383167375e-18,-0.5168097124682837,0.7880189470711191
11.194516496333334,0.3335138948144337,-4.980553729855286e-18,-0.516093792694237,0.7889332538993301
11.227883163000001,0.33195922439121855,2.981555974335137e-19,-0.5142014058844024,0.7908223489052929
11.261249829666667,0.3296355957975051,-1.5178830414797062e-18,-0.5125380841612002,0.7928714184958304
11.294616496333335,0.3271116995355159,2.45029690981724e-17,-0.5115880274328426,0.7945285559464552
11.327983163,0.3246733483530101,-2.0491421059976034e-17,-0.510626028464649,0.7961458885930797
11.361349829666667,0.32209231803977645,-1.0299920638612292e-18,-0.5076080192463689,0.7991186629384534
11.394716496333334,0.3193405457127672,-1.3261147822213326e-17,-0.5036475722789995,0.8027208349117034
11.428083163,0.31601457076743505,-6.965998958219366e-18,-0.49963696594362045,0.8065343720668868
11.461449829666668,0.31102435553817487,-1.2793585635328952e-17,-0.4973968097444904,0.809852001243478
11.494816496333334,0.30424500550887706,1.9081958235744878e-17,-0.5022123164212114,0.8094552278277929
11.528183163000001,0.2949118057897981,-1.734723475976807e-17,-0.5132496429138154,0.8059788029809727
11.561549829666667,0.2822980168397202,1.3877787807814457e-17,-0.5324916188546585,0.7979727473654136
11.594916496333335,0.26690496061039903,-1.0408340855860843e-17,-0.5622222223583325,0.7827310615326436
11.628283163,0.24767159084927787,5.204170427930421e-18,-0.6076087597764329,0.7546326113607422
11.661649829666667,0.22532353519368764,2.7755575615628914e-17,-0.6743883314965641,0.7031569403974475
11.695016496333334,0.20303680189790715,3.469446951953614e-18,-0.7588845514108487,0.6187651369502203
11.728383163,0.1841384117775002,0.0,-0.8474576418597072,0.4979041981763599
11.761749829666668,0.16990059000068813,-1.734723475976807e-18,-0.9202987183100433,0.3523975859654971
11.795116496333334,0.16176066675992137,-4.553649124439119e-18,-0.9642717195815685,0.20979403591282267
11.828483163000001,0.1583534748937925,1.3010426069826053e-18,-0.9819725079177909,0.1032190422485372
11.861849829666667,0.15712050036522385,2.1141942363467336e-18,-0.9866773878457663,0.042200481973990026
11.895216496333335,0.1568094953514151,-1.528894469794012e-19,-0.9874385624518671,0.01938730385134727
11.928583163,0.15637838688812342,6.606856988583543e-20,-0.9874302748576794,0.022961977457446162
11.961949829666667,0.15585090341468458,-2.693564772268675e-19,-0.9864947918619914,0.05038374275490938
11.995316496333334,0.15554029998078714,3.6253010142484055e-18,-0.9814414283177773,0.11216032214401116
12.028683163,0.1569651224254943,-4.662069341687669e-18,-0.9599021085723349,0.23227116114648177
12.062049829666668,0.16284271679400855,6.938893903907228e-18,-0.9015285890811191,0.40090953176066163
12.095416496333334,0.17579974878326898,-6.938893903907228e-18,-0.8065826449136061,0.5643747737558006
12.128783163000001,0.19474333295702645,2.7755575615628914e-17,-0.7007774852893701,0.6862841615397336
12.162149829666667,0.2163817766713732,1.734723475976807e-18,-0.602985104945785,0.7678462671251718
12.195516496333335,0.23809943234572653,-1.734723475976807e-17,-0.5245013301877474,0.8174393035252994
12.228883163,0.2580638516149801,1.734723475976807e-18,-0.46084511824899566,0.8491318068920224
12.262249829666667,0.2768720417529326,0.0,-0.41447958416504443,0.8669189966807361
12.295616496333334,0.2937254251337456,4.336808689942018e-18,-0.3846266344214078,0.8750929817588879
12.328983163,0.3083763069562749,-9.540979117872439e-18,-0.36137216036212066,0.8799512571860005
12.362349829666668,0.32205705682937935,-2.42861286636753e-17,-0.3408890499083758,0.8832179276933654
12.395716496333334,0.33522991404476377,-2.3418766925686896e-17,-0.3238475297344093,0.8847280272572251
12.429083163000001,0.3480370050455261,1.0408340855860843e-17,-0.31050963707164936,0.8845643042789897
12.462449829666667,0.360026813602832,-2.6020852139652106e-18,-0.29989307092072465,0.8834278915116552
12.495816496333335,0.3709059673141256,-4.336808689942018e-19,-0.289207895365431,0.8824894088141062
12.529183163,0.3806914603306773,-7.37257477290143e-18,-0.27780207675708124,0.881986404759591
12.562549829666667,0.3896394671221962,-5.204170427930421e-18,-0.2667763530603142,0.8814825370411881
12.595916496333334,0.3981334643464958,6.071532165918825e-18,-0.2551886212234056,0.8811177629383912
12.629283163,0.40645716037426444,-1.8214596497756474e-17,-0.241938687760392,0.8810551901812219
12.662649829666668,0.41484674089023915,-1.1709383462843448e-17,-0.22769390189497524,0.8809413536737779
12.696016496333334,0.42432159299551964,-1.3010426069826053e-17,-0.2119048030327123,0.880367843670708
12.729383163000001,0.4360003167342593,-1.734723475976807e-17,-0.1955519111807966,0.87844360879977
12.762749829666667,0.4506392330691811,-6.938893903907228e-18,-0.18126689731053464,0.874109028415925
12.796116496333335,0.4681353627771588,5.637851296924623e-18,-0.16971668425862527,0.8672055864682585
12.829483163,0.487357425522457,-3.469446951953614e-18,-0.16004493286337815,0.858410367628956
12.862849829666667,0.5072931479440509,8.239936510889834e-18,-0.15250900213160423,0.8481713661270567
12.896216496333334,0.5265195712514953,-6.071532165918825e-18,-0.14604027293596264,0.8375257487205578
12.929583163,0.5440924046866525,-6.071532165918825e-18,-0.14185339382076714,0.8269468361532236
12.962949829666668,0.5600966923550195,6.288372600415926e-18,-0.14090779931202524,0.8163557357586266
12.996316496333334,0.573824840930506,4.445228907190568e-18,-0.14084903880556152,0.8067754335616751
13.029683163000001,0.5849969191285116,-1.3755815063409838e-17,-0.14313248377869908,0.7983055158881781
13.063049829666667,0.5934570712787086,1.1384122811097797e-18,-0.14602841381630707,0.7915076796264149
13.096416496333335,0.5993409366869029,5.095750210681871e-18,-0.1491616637975955,0.7864739281529929
13.129783163,0.6028715685051312,6.613633252161577e-18,-0.15334533039097417,0.7829630141554873
13.163149829666667,0.6045261090528219,7.37257477290143e-18,-0.15862839074410265,0.7806312939687932
13.196516496333334,0.6048510196227775,-1.474514954580286e-17,-0.16463225978142584,0.7791350737199216
13.229883163,0.6039093196248899,4.119968255444917e-18,-0.16980630443734027,0.7787550016812324
13.263249829666668,0.6017253025856473,-2.710505431213761e-18,-0.17305549381016688,0.7797297328499988
13.296616496333334,0.5986159881303968,2.222614453595284e-18,-0.1744202991933276,0.7818161279891702
13.329983163000001,0.59538862350557,1.4094628242311558e-18,-0.1753150818922125,0.7840771703482186
13.363349829666667,0.5928435635231981,4.2825985813177425e-18,-0.17619716452938297,0.7858059992141329
13.396716496333335,0.591195790530632,-1.1977469390649434e-17,-0.17613977193487604,0.7870592849344901
13.430083163,0.5903434925892609,1.292911090688964e-17,-0.17520647019809488,0.7879068812735661
13.463449829666667,0.5902417661274397,1.5720931501039814e-18,-0.17348149518256079,0.7883646544258464
13.496816496333334,0.5906821047678653,4.0115480381963664e-18,-0.17089220465552607,0.7886003458628322
13.530183163,0.5915528156216527,8.782037597132586e-18,-0.16740504193901046,0.7886956436189394
13.563549829666668,0.5926860811850696,-2.3852447794681098e-18,-0.16288651979889002,0.7887909677711143
13.596916496333334,0.5939290694193171,4.7704895589362195e-18,-0.1572050026184411,0.7890087753950776
13.630283163000001,0.5952205804397465,-6.938893903907228e-18,-0.15036394504926953,0.7893688267534966
13.663649829666667,0.59664879742898,-7.589415207398531e-18,-0.14306321796270258,0.7896474708328446
13.697016496333335,0.5981358579785917,5.854691731421724e-18,-0.1352975180824375,0.7898911804805436
13.730383163,0.599766987293911,-1.452830911130576e-17,-0.12760435095672862,0.7899346115782608
13.763749829666667,0.6014607481464175,7.806255641895632e-18,-0.11921667570883739,0.7899571840752418
13.797116496333334,0.6028091398550477,1.214306433183765e-17,-0.10974495911762774,0.7903019580233164
13.830483163,0.6037138263195748,-9.107298248878237e-18,-0.09999885079174732,0.7909044479271236
13.863849829666668,0.6038708679289563,8.673617379884035e-19,-0.08878859744633331,0.7921215562211662
13.897216496333334,0.6033166627687491,-1.734723475976807e-18,-0.07952701456916542,0.7935265958865495
13.930583163000001,0.602122957482047,-2.3852447794681098e-18,-0.07189995775464698,0.7951593174628296
13.963949829666667,0.6003151162812151,1.3010426069826053e-18,-0.06660993321251799,0.7969848668335523
13.997316496333335,0.5979709694247689,-4.4994390158148434e-18,-0.06421255911582598,0.7989414665524619
14.030683163,0.5950026817279837,7.860465750519907e-19,-0.06264546239945676,0.8012785750144991
14.064049829666667,0.5915099137280704,3.835365185167472e-18,-0.06168484921931948,0.8039346996729279
14.097416496333334,0.587673470269765,1.3484764520288461e-18,-0.06120639600305231,0.806779814713661
14.130783163,0.583794666077343,-1.951563910473908e-18,-0.06108511445965619,0.8096001461530837
14.164149829666668,0.5802319511199795,2.4936649967166602e-18,-0.06101486062620192,0.8121625882064916
14.197516496333334,0.5771204775129332,-5.692061405548898e-18,-0.061753157195489135,0.8143208839343575
14.230883163000001,0.5744957655170728,-6.667843360785852e-18,-0.06277831066719891,0.8160965011031017
14.264249829666667,0.5724803564365705,-5.421010862427522e-19,-0.06459615955629637,0.8173699148273288
14.297616496333335,0.571050094174341,-3.903127820947816e-18,-0.06728708267540953,0.818152943188808
14.330983163,0.5699627279454081,4.336808689942018e-18,-0.07004309994429847,0.8186797010450556
14.364349829666667,0.5691064189656528,2.4936649967166602e-18,-0.07242011418310461,0.8190685019910099
14.397716496333334,0.5683876261711924,-2.710505431213761e-19,-0.07419417450549493,0.8194087691042397
14.431083163,0.5677709502643631,-1.0842021724855044e-18,-0.07544277653300764,0.8197222307006763
14.464449829666668,0.5672849164347592,-5.095750210681871e-18,-0.0767663492050826,0.8199358214002677
14.497816496333334,0.5667637499696964,5.9495594215142056e-18,-0.07722570912268378,0.8202530350878237
14.531183163000001,0.5659744807378243,-2.100641709190665e-18,-0.0768701751662983,0.8208312026984921
14.564549829666667,0.5646008607531716,-8.673617379884035e-19,-0.07615689085183555,0.8218430482838918
14.597916496333335,0.5624685677499122,-4.20128341838133e-18,-0.07505515418131614,0.8234050243496096
14.631283163,0.5600460894094503,-9.486769009248164e-20,-0.07468909249739711,0.8250878239309422
14.664649829666667,0.5578162562695984,-7.521652571618187e-18,-0.0748292766854872,0.8265842991444349
14.698016496333334,0.5559347020760671,2.520770051028798e-18,-0.07515280527768721,0.8278216371214807
14.731383163,0.5544124079719641,-7.48099499014998e-18,-0.07595528527111828,0.8287687714472063
14.764749829666668,0.5531314266577475,-2.3310346708438345e-18,-0.07732792311470231,0.8294974485496214
14.798116496333334,0.5518803657471003,0.0,-0.07889599737569056,0.8301828012558087
14.831483163000001,0.5505293120864757,-2.2768245622195593e-18,-0.0806094343119306,0.8309149147978405
14.864849829666667,0.5491855971411248,2.439454888092385e-18,-0.08229598839151121,0.8316384732486891
14.898216496333335,0.5478483645858151,3.3068166260807885e-18,-0.08380929311729587,0.8323690118017533
14.931583163,0.5465212819817639,-2.0599841277224584e-18,-0.08551783531378108,0.8330673371248296
14.964949829666669,0.5452725546105661,5.204170427930421e-18,-0.08759582411105273,0.8336694865393437
14.998316496333334,0.5442644047284557,-5.963111948670274e-19,-0.08930049153487007,0.8341472771382823
15.031683163,0.5434605088520306,-2.656295322589486e-18,-0.09044506830703967,0.8345480003793831
15.065049829666668,0.5427920009224311,1.6263032587282567e-18,-0.09119442459660716,0.8349014436789036
15.098416496333334,0.5422080766694725,4.174178364069192e-18,-0.09184721452859392,0.8352092496959849
15.131783163000001,0.5417059699778676,-3.06287113727155e-18,-0.09219760243698763,0.8354964058541539
15.165149829666667,0.541098321161443,-1.0299920638612292e-18,-0.0918952945798464,0.8359233587299443
15.198516496333335,0.540258651734109,-5.692061405548898e-19,-0.09092368395435693,0.8365724552736666
15.231883163000001,0.5393261565425912,-5.583641188300348e-18,-0.08947773992254673,0.8373297026424833
15.265249829666669,0.53829982973261,-5.2583805365546965e-18,-0.08786961855295769,0.8381600225763579
15.298616496333334,0.5373310681772536,-7.887570804832045e-18,-0.08686378206826659,0.8388861701901447
15.331983163,0.5364669299969026,5.570088661144279e-18,-0.0863856699948136,0.8394883852914498
15.365349829666668,0.5356961993305375,1.7618285302889447e-19,-0.08604146744111509,0.8400157426521224
15.398716496333334,0.5351883995582586,-2.72405795836983e-18,-0.08568628648035784,0.8403756524837425
15.432083163000001,0.5349067540740697,4.119968255444917e-18,-0.08521216533411986,0.8406031473442229
15.465449829666667,0.534907947868542,-2.8324781756183803e-18,-0.08479785871120661,0.8406442829550793
15.498816496333335,0.5350913452313693,5.5294310796760726e-18,-0.08399549988936239,0.8406081181245041
15.532183163000001,0.5353823678826078,-2.1141942363467336e-18,-0.0825877499927728,0.8405623020999355
15.565549829666669,0.5357730251849832,-2.3852447794681098e-18,-0.08119662716584652,0.8404489117257646
15.598916496333334,0.5363216103595652,1.0570971181733668e-18,-0.0804315210544664,0.840172542209151
15.632283163,0.5367954529890624,4.058981883242607e-18,-0.08009559033952865,0.8399019812206838
15.665649829666668,0.5371448959707634,-4.153849573335089e-18,-0.08024598229409748,0.8396641846942223
15.699016496333334,0.537224084155496,-5.244828009398628e-18,-0.08065962973738616,0.8395738844997005
15.732383163000002,0.5369759496641782,3.754050022231059e-18,-0.08105841841421049,0.8396942076056264
15.765749829666667,0.5364945155079195,-2.1955093992831465e-18,-0.0815549201522346,0.8399538260100287
15.799116496333335,0.5358712798560407,-5.421010862427522e-20,-0.08263828871994071,0.8402457287382594
15.832483163000001,0.5351482939834762,-4.336808689942018e-18,-0.0836142004263504,0.8406098791553885
15.865849829666669,0.5345745445190079,-3.876022766635678e-18,-0.08422194210566486,0.8409142172779845
15.899216496333334,0.5342256793987256,3.686287386450715e-18,-0.08521849136728284,0.8410355118543179
15.932583163,0.53425183300101,2.4936649967166602e-18,-0.086545806982639,0.8408833463856832
15.965949829666668,0.5345711705257158,-4.445228907190568e-18,-0.08791850222590282,0.840537923361653
15.999316496333334,0.5350908847996342,2.222614453595284e-18,-0.08966770784437839,0.8400222896889582
16.032683163,0.5355919831122186,-7.589415207398531e-19,-0.09155119720831874,0.8394996163880271
16.066049829666667,0.5359485545554308,6.938893903907228e-18,-0.09373793815518704,0.8390305988582054
16.099416496333333,0.5361061538166783,-1.0842021724855044e-19,-0.09689734122052371,0.8385708658809234
16.132783163000003,0.5359141882996347,-4.9873299934333204e-18,-0.10132147358431295,0.8381705922840811
16.16614982966667,0.535227838392979,4.9873299934333204e-18,-0.10671066181097526,0.8379403294179383
16.199516496333334,0.5339784386110956,4.119968255444917e-18,-0.11286535822025304,0.8379310460964378
16.232883163,0.53213335194534,3.686287386450715e-18,-0.119154969859088,0.8382339702644465
16.266249829666666,0.5296776912314055,1.0191500421363742e-17,-0.12612911994023487,0.8387687336297591
16.299616496333336,0.527079311122664,-5.204170427930421e-18,-0.13474025219357041,0.8390664242032755
16.332983163,0.5247217252981546,-1.1275702593849246e-17,-0.14425872655644814,0.8389615788654686
16.366349829666667,0.5228302995288867,6.5052130349130266e-18,-0.1532251475526215,0.8385526411931524
16.399716496333333,0.521440277178612,1.0191500421363742e-17,-0.1613253674715054,0.837898659233965
16.433083163000003,0.5206223032118307,-9.974659986866641e-18,-0.16782632464581007,0.8371300628661522
16.46644982966667,0.5203152139246837,4.336808689942018e-18,-0.17292565170309857,0.836282725602753
16.499816496333334,0.5205785724150702,4.9873299934333204e-18,-0.1770875605391619,0.8352472363585385
16.533183163,0.521285442247365,1.0299920638612292e-17,-0.1806801935285868,0.8340360635892441
16.566549829666666,0.5222742839748385,-5.312590645178972e-18,-0.18352259186751324,0.8327959117171505
16.599916496333336,0.5235272302493137,1.8431436932253575e-18,-0.18613682279730281,0.8314278816508427
16.633283163,0.5248897009961156,3.415236843329339e-18,-0.18880038921886488,0.8299669962227496
16.666649829666667,0.5260517597462848,-1.870248747537495e-17,-0.1912136921838183,0.8286777841774625
16.700016496333333,0.5268397079328411,1.2630955309456127e-17,-0.19304530249923177,0.8277520361365586
16.733383163000003,0.5271979576761247,-6.0986372202309624e-18,-0.194297414755447,0.8272308190834484
16.76674982966667,0.5269886829866173,1.8973538018496328e-19,-0.19489804971233982,0.8272228709497562
16.800116496333334,0.5262202202990305,-7.928228386300251e-18,-0.19496599758585895,0.8276959221439906
16.833483163,0.5249641109520029,8.17217387510949e-18,-0.19420629689654556,0.8286715854052822
16.866849829666666,0.5233553489654962,7.758821796849391e-18,-0.19338581289502196,0.8298801757363139
16.900216496333336,0.5216380674682587,3.957337929572091e-18,-0.1934076117824734,0.8309556078832254
16.933583163,0.5200995721684868,-1.089623183347932e-17,-0.19415056218436982,0.831746352101198
16.966949829666667,0.518923914946698,-3.1712913545201005e-18,-0.1945390083866033,0.8323896591815333
17.000316496333333,0.5181169007226907,-8.782037597132586e-18,-0.19489205800064585,0.8328096798871797
17.033683163000003,0.5178045783370125,9.540979117872439e-18,-0.19521547728235092,0.8329281698217755
17.06704982966667,0.5178657184189557,-1.0391400196915757e-17,-0.19523405528818455,0.8328858033020788
17.100416496333334,0.5182284326677882,9.215718466126788e-19,-0.19576986393339965,0.8325343548167764
17.133783163,0.518768501153082,-7.182839392716467e-18,-0.1964965517197984,0.8320266506390365
17.167149829666666,0.5193184722173877,3.903127820947816e-18,-0.196940344318184,0.8315785141486242
17.200516496333336,0.5198307863417914,-1.1926223897340549e-18,-0.19771107888477824,0.8310753773620608
17.233883163,0.5202896064122242,1.1438332919722072e-17,-0.1987095405800935,0.830549964747372
17.267249829666667,0.5207108171755949,-9.0801931945661e-18,-0.19989274768294374,0.8300018881304351
17.300616496333333,0.5210976650622621,8.131516293641283e-19,-0.2014544115106264,0.829381301663816
17.333983163000003,0.5217851321108308,-2.0057740190981832e-18,-0.2033924021995957,0.8284755920578235
17.36734982966667,0.5230474557701329,2.168404344971009e-18,-0.20631583877357065,0.8269553395943151
17.400716496333335,0.5252269112607958,-1.0733601507606494e-17,-0.21165307715893236,0.8242206419500784
17.434083163,0.5285576168510646,8.456776945386935e-18,-0.2164770517383167,0.8208316098563759
17.467449829666666,0.5326602817657508,1.146543797403421e-17,-0.21976663328266768,0.8172977738406196
17.500816496333336,0.5371320242266681,3.63207727782644e-18,-0.22271092925718583,0.8135656276782857
17.534183163,0.5419503413248163,1.6046192152785466e-17,-0.22643655409620625,0.8093307818852259
17.567549829666667,0.54721224881798,-9.324138683375338e-18,-0.2302116491130347,0.8047119679464363
17.600916496333333,0.553038306312021,-1.7645390357201585e-17,-0.23386190949261984,0.7996607024482303
17.634283163000003,0.5595034162632224,2.051852611428817e-17,-0.23659738786142073,0.7943409867600538
17.66764982966667,0.5665361507835629,-1.0028870095490916e-17,-0.23813605759878895,0.7888776888254924
17.701016496333335,0.5737978377754507,1.0408340855860843e-17,-0.23773665522444642,0.7837329418411032
17.734383163,0.5810961513426764,5.204170427930421e-18,-0.23495586754068823,0.7791809823160034
17.767749829666666,0.5883485403619996,1.8214596497756474e-17,-0.230542040930066,0.7750460389020153
17.801116496333336,0.5953523085815777,1.0625181290357943e-17,-0.22487204873517982,0.7713547759392101
17.834483163,0.6019353474036447,-4.7704895589362195e-18,-0.2188213899003145,0.7679785393278564
17.867849829666667,0.6079928264419413,2.6454533008646308e-17,-0.2136880899068664,0.7646450962551806
17.901216496333333,0.6134206017356889,-1.8865117801247777e-17,-0.20974826858864254,0.7613940039101255
17.934583163000003,0.6183530733465924,1.1600963245594897e-17,-0.2075434557468924,0.7580007853950161
17.96794982966667,0.6228782795072408,6.396792817664476e-18,-0.20606516269384445,0.7546918560856868
18.001316496333335,0.6269386018220218,1.463672932855431e-17,-0.20512278020316443,0.751580091931108
18.034683163,0.6305045901426773,-9.64939933512099e-18,-0.20530413288179628,0.7485413648093661
18.068049829666666,0.6335514328444939,-1.1709383462843448e-17,-0.20620187249812988,0.7457166819368826
18.101416496333336,0.6362243955151389,-1.2305694657710475e-17,-0.2078159259641383,0.7429879268649415
18.134783163,0.6384390852334976,1.0299920638612292e-18,-0.20926940338167796,0.7406766171916669
18.168149829666667,0.6397987405113845,1.509222129594031e-17,-0.20972621548900863,0.7393730358734378
18.201516496333333,0.640156333755573,1.2739375526704677e-17,-0.21057088729766904,0.7388232331047093
18.234883163000003,0.6396393033712684,1.5178830414797062e-17,-0.2122813064376153,0.7387815702356536
18.26824982966667,0.6387043698649628,6.396792817664476e-18,-0.2150689172283903,0.7387841963372042
18.301616496333335,0.638072715967036,2.0599841277224584e-17,-0.2196789946310296,0.7379731353215714
18.334983163,0.6378488923697406,-1.1384122811097797e-17,-0.22418199267512973,0.7368115258754463
18.368349829666666,0.637387357265738,3.3610267347050637e-18,-0.22681567071237013,0.7364047856424456
18.401716496333336,0.6366256395877242,1.0842021724855044e-18,-0.22764417271388757,0.7368079299579576
18.435083163,0.6350801801863629,1.0299920638612292e-18,-0.22631266793387625,0.7385497553090841
18.468449829666667,0.6320284565952882,-2.8189256484623115e-18,-0.22324804323991046,0.7420918684659799
18.501816496333333,0.6265219814656171,-2.5261910618912253e-17,-0.2197249573261428,0.7477908463390159
18.535183163000003,0.6172537741173549,1.6588293239028218e-17,-0.21740709566219274,0.7561295742752108
18.56854982966667,0.602654669918099,-5.502326025363935e-18,-0.21311540134494925,0.7690183187255609
18.601916496333335,0.5819470355436602,2.168404344971009e-19,-0.20927594091462481,0.7858379148248348
18.635283163,0.5558788961046618,1.0408340855860843e-17,-0.20782029560920867,0.8048660618999685
18.668649829666666,0.5248679346861397,-2.168404344971009e-18,-0.20594707994722333,0.8258931234727158
18.702016496333336,0.4894580428894644,1.2576745200831851e-17,-0.20554729359897195,0.847455682820614
18.735383163,0.4510690942398181,4.336808689942018e-18,-0.20906093265169287,0.8676578811147135
18.768749829666667,0.40978494200537235,1.734723475976807e-18,-0.2148222084628746,0.8865256454591638
18.802116496333333,0.36349628607709283,3.469446951953614e-18,-0.22201663217502549,0.9047535935523106
18.835483163000003,0.3114523757163164,-1.734723475976807e-18,-0.23593532959990904,0.9205063486512436
18.86884982966667,0.25472633008593204,5.204170427930421e-18,-0.2640318098359799,0.9302696921622727
18.902216496333335,0.19832486525866272,-3.469446951953614e-18,-0.32126523579008487,0.9259891446949443
18.935583163,0.14527463741143795,0.0,-0.4165073496133721,0.8974502256075372
18.968949829666666,0.09668256575103862,-6.938893903907228e-18,-0.5815022551022493,0.8077794307797116
19.002316496333336,0.05909674211174424,3.469446951953614e-18,-0.8806736771127808,0.4700228180763478
19.035683163,0.05252329690508888,8.131516293641283e-19,-0.9214397590102743,-0.38495463862292606
19.069049829666668,0.08015202337706534,3.469446951953614e-18,-0.5839418538012597,-0.8078289203338234
19.102416496333333,0.11487946033225722,-5.204170427930421e-18,-0.3990058893743315,-0.9097235897998732
19.135783163000003,0.14654917065976036,-1.734723475976807e-18,-0.30779430250394174,-0.940098935179191
19.16914982966667,0.17332232369386358,-8.673617379884035e-19,-0.2585471691779026,-0.9503224365548003
19.202516496333335,0.19542303229102584,-8.673617379884035e-19,-0.22892488454913013,-0.9536263606278657
19.235883163,0.21352262007422418,-5.204170427930421e-18,-0.20914796649546835,-0.9542878071250042
19.269249829666666,0.22829857592849076,4.336808689942018e-18,-0.19686793477618056,-0.9534793005021056
19.302616496333336,0.240160623152052,8.673617379884035e-19,-0.18870225352363776,-0.9522154874829116
19.335983163,0.24972120067648296,1.0842021724855044e-19,-0.18560327974388052,-0.9503634801911375
19.369349829666668,0.2570097870782723,-1.7889335846010823e-18,-0.18641891805511573,-0.948258380578385
19.402716496333333,0.26227802466881595,5.204170427930421e-18,-0.19197517458104224,-0.945703849056565
19.436083163000003,0.2661831180536031,7.37257477290143e-18,-0.20365780964894126,-0.9421624298560505
19.46944982966667,0.26917490754387885,3.903127820947816e-18,-0.2224935683289943,-0.9370386764701739
19.502816496333335,0.27170613320255055,1.734723475976807e-18,-0.24668970317856112,-0.9302257615900515
19.536183163,0.27456424231557197,-4.7704895589362195e-18,-0.2768048728826387,-0.9208656466554186
19.569549829666666,0.2785061050703864,-1.9949319973733282e-17,-0.31376423999162806,-0.9077369393943375
19.602916496333336,0.2835025307202151,7.806255641895632e-18,-0.35495443950899846,-0.8908611906173073
19.636283163,0.2894324132078083,-1.8214596497756474e-17,-0.39658210625809553,-0.8711782315809993
19.669649829666668,0.29553367291168586,-1.691355389077387e-17,-0.43426980147523747,-0.8509227859811879
19.703016496333333,0.30159380637516187,5.637851296924623e-18,-0.46477569543120595,-0.8324810681886887
19.736383163000003,0.30790249555378396,1.1926223897340549e-17,-0.48991403794755617,-0.8155858560897636
19.76974982966667,0.31337471678506373,3.469446951953614e-18,-0.5101956406296291,-0.8009348882165164
19.803116496333335,0.31778355714332684,3.0791341698588326e-17,-0.528674111348595,-0.7870942096084226
19.836483163,0.3215954831229503,5.421010862427522e-18,-0.547474986122242,-0.7725590493971106
19.869849829666666,0.3244923966902734,-2.4936649967166602e-17,-0.5654589900634518,-0.7582617061718359
19.903216496333336,0.3265924636573712,-4.119968255444917e-18,-0.5835472438641092,-0.7435119211289155
19.936583163,0.3279985712714714,-2.168404344971009e-18,-0.6014009311985675,-0.7285148297717551
19.969949829666668,0.3287905358849184,-6.288372600415926e-18,-0.6175406500440783,-0.7145210487142039
20.003316496333333,0.3296642929599513,0.0,-0.6319570025666539,-0.7013927579139849
20.036683163000003,0.33149325679090413,-1.6696713456276768e-17,-0.6455499307789134,-0.688024351003291
20.07004982966667,0.3348557281374127,-8.239936510889834e-18,-0.6580050319244609,-0.674463504791514
20.103416496333335,0.3393172339912473,-9.215718466126788e-19,-0.6688395702772345,-0.6614510140198544
20.136783163,0.34474682173349,5.380353280959316e-18,-0.679256154030918,-0.6478894242969111
20.170149829666666,0.3506516791669401,-1.0733601507606494e-17,-0.6883265754436535,-0.6350196260238086
20.203516496333336,0.3565503913117743,1.6046192152785466e-17,-0.6955372286975591,-0.6237786321694101
20.236883163,0.36082792379791484,9.161508357502512e-18,-0.6995405041661734,-0.6168032850420156
20.270249829666668,0.3628186459938125,2.927345865710862e-18,-0.6995403110291007,-0.6156346183935124
20.303616496333333,0.3637449862416266,-1.1492543028346347e-17,-0.6974511953594574,-0.6174555976552022
20.336983163000003,0.3645478808310576,6.559423143537302e-18,-0.6953985985530401,-0.6192944628462723
20.37034982966667,0.36524319854038384,-9.540979117872439e-18,-0.6927811314117348,-0.6218132435706613
20.403716496333335,0.3657245962328797,6.288372600415926e-18,-0.6890102713368523,-0.6257078916735943
20.437083163,0.3661580946029728,1.7997756063259374e-17,-0.6851572057739156,-0.6296728143510729
20.470449829666666,0.36681131081160157,-1.496198998029996e-17,-0.6819269861973356,-0.6327914725693558
20.503816496333336,0.36754847000183144,-4.553649124439119e-18,-0.6787762127858782,-0.6357444259727119
20.537183163,0.36795605179862934,-4.445228907190568e-18,-0.6756218408776213,-0.6388610741576752
20.570549829666668,0.3676592364144768,-4.0115480381963664e-18,-0.672452674798834,-0.6423660062884848
20.603916496333333,0.36667784417343846,1.4948437453143892e-17,-0.6704353941171607,-0.6450300310119579
20.637283163000003,0.3652937265056811,-1.929879867024198e-17,-0.6710359575058745,-0.6451908532440358
20.67064982966667,0.36277421645533187,-3.0357660829594124e-18,-0.6739469204439716,-0.6435762707708442
20.704016496333335,0.3591126329030781,-1.0842021724855044e-18,-0.6780374150892626,-0.6413293854397208
20.737383163,0.3551311123879047,1.734723475976807e-17,-0.6829277881576186,-0.6383506318445001
20.770749829666666,0.35063206881770215,1.214306433183765e-17,-0.689033809653957,-0.6342630065441092
20.804116496333336,0.3447565049646492,-6.5052130349130266e-18,-0.6960392378870877,-0.6298192848794978
20.837483163,0.3373018974785799,-8.673617379884035e-19,-0.7048245700629062,-0.624059096074233
20.870849829666668,0.3278558911716985,6.071532165918825e-18,-0.7167559314275735,-0.6154441074438873
20.904216496333333,0.31708937048951885,-1.3010426069826053e-17,-0.7322518886782315,-0.6027117907007656
20.937583163000003,0.30600138524225734,4.336808689942018e-18,-0.749401982169192,-0.5871625169837613
20.97094982966667,0.29535535155243836,1.7780915628762273e-17,-0.7674479266076659,-0.5690245128770204
21.004316496333335,0.2857955842063018,6.938893903907228e-18,-0.7858039071578206,-0.5484825462525512
21.037683163,0.2771354496528948,-8.239936510889834e-18,-0.8034357354586433,-0.5269601137977302
21.071049829666666,0.2691192513539521,5.637851296924623e-18,-0.8204856397340275,-0.5043591414269522
21.104416496333336,0.2622789786867403,-1.3010426069826053e-18,-0.837320348430835,-0.4796919547404413
21.137783163,0.2563110260443464,8.239936510889834e-18,-0.8538199330841956,-0.4530962147228711
21.171149829666668,0.25137193907114286,-1.1058862159352145e-17,-0.8704204292231992,-0.4232970879164128
21.204516496333333,0.2462495664080121,-9.75781955236954e-18,-0.8860496190115978,-0.39278139428092607
21.237883163000003,0.2396156109825603,-1.734723475976807e-18,-0.9007660241503378,-0.362222209023477
21.27124982966667,0.23157009236541914,-3.2526065174565133e-18,-0.9155064895488981,-0.3289728862926617
21.304616496333335,0.22125588770711335,-8.673617379884035e-19,-0.9311254063712775,-0.28991603916454944
21.337983163,0.2116440247590652,-6.288372600415926e-18,-0.9472981437007469,-0.24048499688110114
21.371349829666666,0.20269386464643496,4.553649124439119e-18,-0.9619353728993795,-0.1832908497433089
21.404716496333336,0.19510021712011189,2.168404344971009e-18,-0.9735956285449021,-0.11852196993782207
21.438083163,0.18955504022887323,7.589415207398531e-19,-0.9806199096485453,-0.04953261071970108
21.471449829666668,0.18389727455344804,1.7618285302889447e-19,-0.9826745117938553,0.02307804763236526
21.504816496333333,0.17939238950306294,-2.1277467635028025e-18,-0.9786463607367367,0.10034775137053265
21.538183163000003,0.1756520762310449,-9.75781955236954e-19,-0.9677315110300483,0.180671167249295
21.57154982966667,0.17415949731398897,-5.692061405548898e-18,-0.9501938478351983,0.258457193808721
21.604916496333335,0.17448830984131145,1.0842021724855044e-19,-0.9274208685205042,0.3308237632961032
21.638283163,0.17586304767338723,7.15573433840433e-18,-0.9006327000832708,0.39740776037181924
21.67164982966667,0.17803412871028362,-8.673617379884035e-19,-0.871815160001323,0.4563355955941171
21.705016496333336,0.17991066946763024,-4.553649124439119e-18,-0.8412656596105303,0.509808043259194
21.738383163,0.18263332144640976,1.734723475976807e-18,-0.8121693203105682,0.5540993277777209
21.771749829666668,0.18583990078785204,-8.239936510889834e-18,-0.785241044066113,0.590643745407604
21.805116496333333,0.18893293428374403,-6.071532165918825e-18,-0.7594047885627235,0.6225822945209248
21.838483163000003,0.19283383044206312,-1.2576745200831851e-17,-0.7395438834128966,0.6448953080489995
21.87184982966667,0.19678629511466408,2.168404344971009e-19,-0.7248065647101494,0.6602504053827731
21.905216496333335,0.20070760912202645,1.3444106938820255e-17,-0.7141369591020054,0.67061528411233
21.938583163,0.20438652189738027,4.119968255444917e-18,-0.7068979659951691,0.6771420939053963
21.97194982966667,0.20740217548171794,-2.2768245622195593e-17,-0.7013526993535728,0.6819741407963411
22.005316496333336,0.20959334623304796,1.8431436932253575e-18,-0.6952422685360918,0.6875382296684474
22.038683163,0.21070440339883337,2.168404344971009e-19,-0.6854736651724401,0.6969429738101985
22.072049829666668,0.21047916582969817,-1.0842021724855044e-17,-0.669197306608362,0.7126524297157407
22.105416496333333,0.20982220448929495,2.3852447794681098e-18,-0.6478079081940454,0.7323384167067214
22.138783163000003,0.210321703087136,8.456776945386935e-18,-0.6271166707343558,0.7499929749654888
22.17214982966667,0.21210990712443903,3.0357660829594124e-18,-0.6076556160904638,0.7653522323305662
22.205516496333335,0.21495051927253025,-4.336808689942018e-18,-0.5880889752499234,0.7797099662399888
22.238883163,0.21899242258701537,1.3010426069826053e-18,-0.5704271314882771,0.791615567375684
22.27224982966667,0.2240772777985713,-6.071532165918825e-18,-0.5560458185462358,0.8003764247225356
22.305616496333336,0.22989347931535695,-1.3010426069826053e-18,-0.5445589164662067,0.80660062897659
22.338983163,0.23592981514068065,6.938893903907228e-18,-0.5347947808588716,0.8113764013660959
22.372349829666668,0.24189743419150206,1.2576745200831851e-17,-0.5255881855183043,0.8156241110800639
22.405716496333334,0.24795304031901233,-6.938893903907228e-18,-0.5175506967061161,0.8189386827690901
22.439083163000003,0.25390699399231564,6.505213034913027e-19,-0.5104488933995465,0.8215675052172919
22.47244982966667,0.2595828819853384,2.6020852139652106e-17,-0.5029155250909418,0.8244347772884695
22.505816496333335,0.2652381377363754,-6.071532165918825e-18,-0.4954009514120601,0.8271799245812034
22.539183163,0.27101526839342494,-4.7704895589362195e-18,-0.48713427441530494,0.8302113724754162
22.57254982966667,0.27728571024418036,3.903127820947816e-18,-0.47827533276211504,0.8332858698944011
22.605916496333336,0.28446914295085646,9.107298248878237e-18,-0.46883506088069,0.836224247673915
22.639283163,0.29321586542311545,7.806255641895632e-18,-0.4573453265666886,0.83955923467721
22.672649829666668,0.303841988057609,8.673617379884035e-18,-0.4422452342822465,0.843859703415112
22.706016496333334,0.3169196081733968,2.7755575615628914e-17,-0.4247360876802901,0.8480337362259013
22.739383163000003,0.3329838512220565,1.3877787807814457e-17,-0.4052939156633549,0.8513862794005979
22.77274982966667,0.35244800146393684,-5.204170427930421e-18,-0.3835763022255738,0.8536097624998393
22.806116496333335,0.37587500407031704,8.673617379884035e-18,-0.3593368880054283,0.8541633229270111
22.839483163,0.4036657474910255,-2.2551405187698492e-17,-0.3337745346482533,0.8518500597657157
22.87284982966667,0.43609701556563224,8.673617379884035e-18,-0.30612120408990806,0.8462323566381125
22.906216496333336,0.47307739852664177,-1.734723475976807e-18,-0.2813081318169133,0.8349032937873364
22.939583163,0.5145485164165429,-1.734723475976807e-17,-0.2589121157386044,0.8174376677015162
22.972949829666668,0.5595334643760621,-5.204170427930421e-18,-0.23716186934469718,0.7941514653844384
23.006316496333334,0.6065220176609597,2.0816681711721685e-17,-0.2161937532617479,0.7651086871439098
23.039683163000003,0.6527132727248616,-1.3010426069826053e-17,-0.19958010620560054,0.730844145366002
23.07304982966667,0.6962240581519088,-1.474514954580286e-17,-0.18680109087990004,0.6930926440935343
23.106416496333335,0.7367122950183017,0.0,-0.17605884157471086,0.6528845829641237
23.139783163,0.7739998311588191,0.0,-0.16851162022980312,0.6103507968485388
23.17314982966667,0.8075025044655482,8.673617379884035e-19,-0.16346533579321468,0.5667616688484488
23.206516496333336,0.8367454142866749,1.734723475976807e-18,-0.15900083743683252,0.5239998524471232
23.239883163000002,0.8612355601952105,-4.336808689942018e-19,-0.15409556199574942,0.4842807735482136
23.273249829666668,0.8817520937595799,-9.107298248878237e-18,-0.1480020718466976,0.44789354971877215
23.306616496333334,0.8989128380837943,9.540979117872439e-18,-0.14169733717336352,0.4145812033439488
23.339983163000003,0.9135261907322185,1.5178830414797062e-18,-0.13483481127478872,0.383783106083077
23.37334982966667,0.9259642329637624,5.637851296924623e-18,-0.12830979659457462,0.355143401134936
23.406716496333335,0.9366368956405285,-6.7220534694101275e-18,-0.12123340415160308,0.3286545107596851
23.440083163,0.9455005893028705,-4.336808689942018e-18,-0.11358209197217374,0.30516838632327087
23.47344982966667,0.9522550362921218,-1.951563910473908e-18,-0.10765691693207244,0.28569272670645757
23.506816496333336,0.9568623323517638,-1.7889335846010823e-18,-0.10421368985625963,0.2712083770330224
23.540183163000002,0.9600051302197481,-3.957337929572091e-18,-0.10110091036066318,0.26109147032411795
23.573549829666668,0.962338818169931,3.2526065174565133e-19,-0.09720315751009226,0.2538809666228813
23.606916496333334,0.9646233255279951,-3.577867169202165e-18,-0.09198924601681613,0.24706237767934122
23.640283163000003,0.9673812142253454,-9.75781955236954e-19,-0.08471426555044412,0.23874061149319595
23.67364982966667,0.9705449795117354,2.168404344971009e-19,-0.07747543436750184,0.2281227735543566
23.707016496333335,0.9741131314255179,-4.336808689942018e-19,-0.07009940579609078,0.21491784591189003
23.740383163,0.9781786426582322,-1.3010426069826053e-18,-0.06141164748696282,0.19848212161359952
23.77374982966667,0.9825804519510717,-5.421010862427522e-19,-0.051725630010136046,0.1784940185095354
23.807116496333336,0.9868499125330874,-4.336808689942018e-19,-0.04114475361976868,0.15631493653200978
23.840483163000002,0.9905523918178799,5.421010862427522e-19,-0.03002651410172531,0.1338072027761444
23.873849829666668,0.9934203658513351,4.336808689942018e-19,-0.0195380292273682,0.11284609929328587
23.907216496333334,0.9954847292756068,-1.6263032587282567e-19,-0.010917289723446928,0.09429192205149912
23.940583163000003,0.9968408855495315,1.0842021724855044e-19,-0.00464488255516032,0.07928854874995762
23.97394982966667,0.9976974110964615,-1.3552527156068805e-20,-0.0010207331259082708,0.06781470338579892
24.007316496333335,0.9982171506313128,0.0,0.001678063788503823,0.059663257432232
24.040683163,0.9984885673831827,6.776263578034403e-21,0.0015430703022507207,0.05493814466399428
24.07404982966667,0.9985006528277558,-1.3552527156068805e-20,-0.0011704973645203826,0.05472728970509368
24.107416496333336,0.998211887567986,2.710505431213761e-20,-0.004554005208438598,0.059601078467760235
24.140783163000002,0.9975383050585356,-6.776263578034403e-20,-0.007527966950460978,0.06971843123978716
24.174149829666668,0.9964811270218257,5.421010862427522e-20,-0.01118518621437196,0.08306777412849141
24.207516496333334,0.9953199189501485,0.0,-0.015472923762333229,0.09538787958286406
24.240883163000003,0.9943841840723097,-2.981555974335137e-19,-0.018650535535455048,0.1041741426222825
24.27424982966667,0.9934860085608921,2.371692252312041e-20,-0.019140970895518215,0.11233509703972286
24.307616496333335,0.9921786573062692,4.607859233063394e-19,-0.02071935995174481,0.12309435449734962
24.340983163,0.9900427369691557,-7.453889935837843e-20,-0.02195015680566965,0.13904520700416073
24.37434982966667,0.9864422448440683,2.1006417091906648e-19,-0.022077176824049232,0.16261702201945188
24.407716496333336,0.9807435376170355,3.3881317890172014e-19,-0.02304337386417965,0.19393585626020252
24.441083163000002,0.9723882884657767,-3.2526065174565133e-19,-0.024005837165036296,0.2321308601556524
24.474449829666668,0.9604502295369355,5.963111948670274e-19,-0.02667945580205824,0.2771706391747763
24.507816496333334,0.944146202654568,1.5178830414797062e-18,-0.0313646213833498,0.3280308042523427
24.541183163000003,0.922258568772986,-1.0842021724855044e-18,-0.038012101535402715,0.3847001591651161
24.57454982966667,0.8937725389859005,-8.673617379884035e-19,-0.044443702033081046,0.4463131253999729
24.607916496333335,0.8575962187464982,2.8189256484623115e-18,-0.05010674894377507,0.5118769767258475
24.641283163,0.8122827885721513,-1.3010426069826053e-18,-0.0554606944302675,0.5806210319672913
24.67464982966667,0.7573958141057978,-5.637851296924623e-18,-0.05941803457610856,0.6502469361266752
24.708016496333336,0.6938790654808749,0.0,-0.0667421482406462,0.7169918605783552
24.741383163000002,0.6257083153417698,3.469446951953614e-18,-0.07927758231195675,0.7760181499520068
24.774749829666668,0.5539737372849971,-6.071532165918825e-18,-0.09439782441596492,0.8271651280995987
24.808116496333334,0.47846071661376177,-1.734723475976807e-18,-0.11806104253022232,0.870136157675408
24.841483163000003,0.39790215206128193,-1.734723475976807e-18,-0.1602066541409942,0.9033314482259257
24.87484982966667,0.3143332493726625,-1.3877787807814457e-17,-0.234252544273318,0.9199567130252928
24.908216496333335,0.2319191937742049,1.0408340855860843e-17,-0.36135259248041895,0.9031266752049808
24.941583163,0.15738822860495616,-2.0816681711721685e-17,-0.5888371009952219,0.7927798017029298
24.97494982966667,0.10839872921443072,3.469446951953614e-18,-0.9196217111789412,0.37755214717044383
25.008316496333336,0.11226240360715449,-6.037650848028653e-18,-0.9385434616085268,-0.32639442919300665
25.041683163000002,0.15384543531877903,0.0,-0.7126425547942807,-0.6844502692875911
25.075049829666668,0.20199148206974576,-1.0408340855860843e-17,-0.5531866383202042,-0.8081979858643914
25.108416496333334,0.24604577086687895,1.0408340855860843e-17,-0.45239072044556106,-0.8572071597305226
25.141783163000003,0.28402372995425756,1.5612511283791264e-17,-0.3836307408001585,-0.8787251991015125
25.17514982966667,0.31674725016715616,-6.938893903907228e-18,-0.33475865758830486,-0.8874727154573381
25.208516496333335,0.34680823287605583,-1.734723475976807e-18,-0.2959871316153498,-0.8900088019382197
25.241883163,0.37595272862492896,-5.204170427930421e-18,-0.2640482391160874,-0.8882218603812698
25.27524982966667,0.4052073886302487,-4.336808689942018e-18,-0.23725029346698331,-0.8829038851705688
25.308616496333336,0.4342559558133035,-3.469446951953614e-18,-0.21492252920103794,-0.8747742973376065
25.341983163000002,0.463196515230087,8.673617379884035e-18,-0.1970412032271141,-0.8640739276876227
25.375349829666668,0.49121636928655793,-4.336808689942018e-18,-0.1821532492907294,-0.8517785347834033
25.408716496333334,0.5175274037329055,8.673617379884035e-19,-0.16905832593285786,-0.8387995403064178
25.442083163000003,0.5418647299670252,-3.469446951953614e-18,-0.1570029630568197,-0.825671050727311
25.47544982966667,0.5647760930764261,3.903127820947816e-18,-0.14615634302125635,-0.812198429008565
25.508816496333335,0.5864430332145585,1.3010426069826053e-18,-0.13510784546437044,-0.7986428731843065
25.542183163,0.6066563457015257,-5.204170427930421e-18,-0.12442864289059498,-0.785165964015555
25.57554982966667,0.6254853448967261,3.903127820947816e-18,-0.11476477257306063,-0.7717493960449062
25.608916496333336,0.6426538508263352,7.806255641895632e-18,-0.10631692598244102,-0.7587441856566196
25.642283163000002,0.6586428208433773,6.5052130349130266e-18,-0.09908806696779797,-0.7459029357336407
25.675649829666668,0.6731016383257971,5.421010862427522e-18,-0.0932517678237277,-0.7336472533042551
25.709016496333334,0.6863420783243388,2.8189256484623115e-18,-0.0888658066321573,-0.7218292179823724
25.742383163000003,0.6982820768387683,-9.974659986866641e-18,-0.0854959571511091,-0.7106986579954631
25.77574982966667,0.7087677103025382,-4.0115480381963664e-18,-0.08333780182208454,-0.7005020653930724
25.809116496333335,0.7178272029262011,-1.6263032587282567e-18,-0.08279510603935383,-0.6912807513268969
25.842483163,0.7251385628030005,-9.351243737687476e-19,-0.08307556836580102,-0.6835733425732005
25.87584982966667,0.7304845558619206,5.583641188300348e-18,-0.08387826850630978,-0.677758622017895
25.909216496333336,0.7337541435253954,0.0,-0.08640362889114682,-0.6738985604479021
25.942583163000002,0.7349253451078992,-8.023096076392733e-18,-0.09010101142896323,-0.6721358083434577
25.975949829666668,0.7338726021210641,4.336808689942018e-19,-0.09443822200766278,-0.6726904385228689
26.009316496333334,0.7310541674690556,9.540979117872439e-18,-0.09894245541820637,-0.6751075430936482
26.042683163000003,0.7258633158761735,1.4094628242311558e-17,-0.10348868422283374,-0.6800092197191691
26.07604982966667,0.7162432850588489,-8.673617379884035e-19,-0.10956496104723133,-0.6891959633651574
26.109416496333335,0.6988776034175808,3.469446951953614e-18,-0.1205933674602549,-0.7050016561440794
26.142783163,0.6715354111497294,1.734723475976807e-18,-0.13710981487976193,-0.7281765515557346
26.17614982966667,0.6352137788140558,-2.6020852139652106e-18,-0.15785343477384595,-0.7560329016219248
26.209516496333336,0.5924833880975318,-1.3877787807814457e-17,-0.18020516096883624,-0.7851684754170057
26.242883163000002,0.5453255565008043,-1.5612511283791264e-17,-0.2039623636078415,-0.813030990589283
26.276249829666668,0.4941811646571273,-6.938893903907228e-18,-0.229183110858378,-0.8386060327683087
26.309616496333334,0.44130397140242367,-5.204170427930421e-18,-0.2581958532849277,-0.8594100919647831
26.342983163000003,0.38843983992683684,0.0,-0.2912571183656053,-0.8742332536337069
26.37634982966667,0.33574779509339714,3.469446951953614e-18,-0.3280203509863757,-0.882992676882825
26.409716496333335,0.2829269239034977,-1.9081958235744878e-17,-0.369345169920839,-0.8851759718760168
26.443083163,0.2298779911038585,-3.469446951953614e-18,-0.417909182971095,-0.8789243562414721
26.47644982966667,0.17786083288008325,1.3877787807814457e-17,-0.48902353325876935,-0.8539446750500366
26.509816496333336,0.12976427579602445,-1.0408340855860843e-17,-0.6035282235475222,-0.7867114567036032
26.543183163000002,0.08910305782342688,6.938893903907228e-18,-0.796099389389565,-0.5985703027214739
26.576549829666668,0.06705204420776283,6.938893903907228e-18,-0.9940626962039288,-0.08569352007786496
26.609916496333334,0.07733626762560886,0.0,-0.8631324210133321,0.4990205662148649
26.643283163000003,0.10524949790991055,3.469446951953614e-18,-0.6549260891921821,0.7483277095532048
26.67664982966667,0.1376471315104767,0.0,-0.519104179797561,0.8435544544981309
26.710016496333335,0.1700411052085913,5.204170427930421e-18,-0.43155795053024953,0.8859140804127518
26.743383163,0.20115006042161937,8.673617379884035e-18,-0.37142645308985034,0.90641107845032
26.77674982966667,0.2301826619651183,3.469446951953614e-18,-0.32574098206259283,0.9170107713301681
26.810116496333336,0.2557161716507743,-9.540979117872439e-18,-0.287991801969477,0.9228596651466817
26.843483163000002,0.27701522635049725,8.673617379884035e-19,-0.2545470475220644,0.9265356792740272
26.876849829666668,0.2944685352296107,8.673617379884035e-19,-0.22137995204969366,0.929666175887992
26.910216496333334,0.3088473243282764,7.806255641895632e-18,-0.18224378309410094,0.933488368314686
26.943583163000003,0.3208718705788813,6.071532165918825e-18,-0.13646725086854505,0.9372395276083864
26.97694982966667,0.33175177872177025,1.734723475976807e-18,-0.08965179471222459,0.9390970732676249
27.010316496333335,0.3420128277728955,-1.734723475976807e-18,-0.04007199815679739,0.9388404873046907
27.043683163,0.35261535760856527,0.0,0.004050265018298704,0.9357595871439766
27.07704982966667,0.36343287644062294,0.0,0.037971260596365214,0.9308462427763341
27.110416496333336,0.37357410924453216,1.3010426069826053e-18,0.06162630597773215,0.9255509620294785
27.143783163000002,0.3825458925287373,-4.336808689942018e-19,0.07310518758222714,0.9210397774569561
27.177149829666668,0.3896729966490811,2.0599841277224584e-18,0.07442872173907958,0.9179408047705537
27.210516496333334,0.3947550448233972,-1.5178830414797062e-18,0.06920507591461078,0.916176354232159
27.243883163000003,0.3981346719529289,4.336808689942018e-19,0.057506286086770435,0.9155226977248792
27.27724982966667,0.39992451106488314,-3.469446951953614e-18,0.0316550276968891,0.9160012798413676
27.310616496333335,0.400122169281971,-1.734723475976807e-18,-0.008737563256732453,0.9164201572627177
27.343983163,0.3993769909596053,1.734723475976807e-18,-0.07214582188550356,0.91394365224368
27.37734982966667,0.3983150465303141,-3.469446951953614e-18,-0.14346574335691295,0.9059595488710311
27.410716496333336,0.39745245061143963,-5.204170427930421e-18,-0.20786132004574917,0.8937702283762867
27.444083163000002,0.396540428345237,1.3877787807814457e-17,-0.25890264306584143,0.880752581660308
27.477449829666668,0.39476901106031953,1.0408340855860843e-17,-0.29621947913053204,0.8697191777177813
27.510816496333334,0.39225885351340317,-6.938893903907228e-18,-0.3226153186053051,0.8614246038055495
27.544183163000003,0.3895310608685164,0.0,-0.3411088802787378,0.8555175535391627
27.57754982966667,0.3867229916210091,-1.734723475976807e-17,-0.3516778261995355,0.8525069115914934
27.610916496333335,0.38374180512891354,-2.288005397123316e-17,-0.3517829631184381,0.8538096824562338
27.644283163,0.38022713546583026,4.7704895589362195e-18,-0.3403973867077885,0.8599749674135622
27.67764982966667,0.37585905038045353,1.8214596497756474e-17,-0.31671412645409613,0.8708743516440949
27.711016496333336,0.3710493097731585,2.6020852139652106e-18,-0.28319268538553055,0.8843779241144561
27.744383163000002,0.36625353053808146,-6.938893903907228e-18,-0.24160099805302837,0.8986029763517207
27.777749829666668,0.36204757522676956,-1.734723475976807e-18,-0.20914509751479105,0.908394122315829
27.811116496333334,0.3575917595548656,-1.734723475976807e-18,-0.17941550593822,0.916481429013915
27.844483163000003,0.3539147441800735,8.239936510889834e-18,-0.15749907860454732,0.9219210346286019
27.87784982966667,0.35148596987438574,1.0842021724855044e-18,-0.14727050042538503,0.9245371883736853
27.911216496333335,0.3496386548630731,-8.456776945386935e-18,-0.13876778140610854,0.9265507616257015
27.944583163,0.3479246306820615,4.7704895589362195e-18,-0.12860364224094212,0.9286600855895094
27.97794982966667,0.3462142894297304,-6.938893903907228e-18,-0.11623145924030237,0.9309274481276922
28.011316496333336,0.34474091758227704,-2.168404344971009e-18,-0.10248500372926532,0.9330865574828212
28.044683163000002,0.34385557382908527,5.204170427930421e-18,-0.08878674142261224,0.9348156282894636
28.078049829666668,0.3433224047605025,2.6020852139652106e-18,-0.07295371453774017,0.9363799879987886
28.111416496333334,0.3429019697134126,-1.734723475976807e-18,-0.05877197982977909,0.9375308493876615
28.144783163000003,0.3424015493614419,-1.0842021724855044e-18,-0.048735811936312504,0.9382888679025199
28.17814982966667,0.34172116726152346,1.0842021724855044e-18,-0.03891529710741935,0.938995337313484
28.211516496333335,0.34081810442048943,-8.673617379884035e-19,-0.026843776480246558,0.9397459397962318
28.244883163,0.3396855374877066,8.673617379884035e-19,-0.014373014922055723,0.9404292382012259
28.27824982966667,0.3383219123815315,2.168404344971009e-19,-0.0042374866558865625,0.9410208963191756
28.311616496333336,0.3368351139295466,-3.2526065174565133e-19,0.0025360470823358005,0.9415602341269864
28.344983163000002,0.33507782915303275,0.0,0.0066261116811932004,0.9421671523960489
28.378349829666668,0.3330379166986224,2.168404344971009e-19,0.011413502511045878,0.9428443551305125
28.411716496333334,0.3308429407791958,-1.1926223897340549e-18,0.016404424421158685,0.9435432387527262
28.445083163000003,0.32842045580527357,1.6263032587282567e-19,0.019108486185058754,0.9443383238884102
28.47844982966667,0.32571654064195144,1.6263032587282567e-19,0.021109309938296454,0.9452317875453455
28.511816496333335,0.32301580290805776,4.336808689942018e-19,0.022973985876649353,0.9461146796475585
28.545183163,0.32041764973077647,-5.421010862427522e-19,0.02528446606162002,0.9469388710560909
28.57854982966667,0.31806808138147497,0.0,0.02749906626702228,0.9476689806893277
28.611916496333336,0.3160515128611808,-2.0599841277224584e-18,0.029826356346001885,0.9482730775917243
28.645283163000002,0.3143886976626412,-5.421010862427522e-19,0.03366796299954501,0.9486971144941095
28.678649829666668,0.3130756871186001,-1.3010426069826053e-18,0.03881101563622022,0.9489348340115361
28.712016496333334,0.3122067790598658,-2.168404344971009e-18,0.04393274500099637,0.9489978087570812
28.745383163000003,0.31172121824559457,-2.710505431213761e-18,0.0498605802465816,0.9488644817006044
28.77874982966667,0.31150161132716364,-8.673617379884035e-19,0.05762427238701618,0.948496805146147
28.812116496333335,0.3116404913974798,2.0599841277224584e-18,0.06429994756388432,0.9480220044201607
28.845483163,0.3119538648035595,-4.336808689942018e-19,0.07043600625409081,0.9474827466804323
28.87884982966667,0.3124206836923615,-4.336808689942018e-19,0.07449790784619521,0.9470181508966642
28.912216496333336,0.3130133897867613,6.640738306473715e-18,0.07644594387239158,0.9466671196781159
28.945583163000002,0.31377022311497615,1.6263032587282567e-18,0.0791617643576242,0.9461932477830131
28.978949829666668,0.3146100977700116,1.951563910473908e-18,0.0819956119069475,0.9456728853092643
29.012316496333334,0.3153716204025186,1.0842021724855044e-18,0.08449823319809788,0.94519880957981
