0.03996762777328663,-0.9960871511749179,-0.08090627897499555,0.03556067050347276
0.23996762777328665,-0.9894513636800784,-0.08940601138084542,0.11398492900643316
0.43996762777328663,-0.9908819971830439,-0.0695173268115202,0.11541320951919923
0.6399676277732868,-0.9957196255132185,0.026971468142153156,0.08840230355637116
0.8399676277732867,-0.9811987981601213,0.1675072712428254,0.09586570069590056
1.0399676277732866,-0.9461034311545953,0.30940713769621864,0.09568448515896055
1.2399676277732867,-0.8705840819220128,0.47962723101327476,0.10973183482720394
1.4399676277732867,-0.7968004350139333,0.5905953306029439,0.1276958191625955
1.6399676277732866,-0.7526271069621386,0.6406720344271511,0.15195980445096918
1.8399676277732866,-0.7554168276888023,0.6371502474584094,0.1529214785707821
2.0399676277732866,-0.7531867081043719,0.6398444910137429,0.15267223078957207
2.2399676277732867,-0.7595238961238928,0.636060464819432,0.13620035356220828
2.439967627773287,-0.7718544709553107,0.6233492483374301,0.12520539230983027
2.6399676277732866,-0.7953652211503303,0.593644719901122,0.12239326581967197
2.839967627773287,-0.8085623494709736,0.5750235494704639,0.1247992170342752
3.0399676277732866,-0.8086979770872649,0.5754773824009448,0.12179229942784846
3.2399676277732867,-0.8047973677504598,0.5810102702696744,0.12136005398437769
3.439967627773287,-0.805416670366117,0.5757306111155314,0.1408483245228521
3.6399676277732866,-0.8032401935682842,0.5730824058362565,0.16242459037138782
3.839967627773287,-0.8180100420705793,0.5500337933070371,0.1682925942873334
4.0399676277732866,-0.8193636555592106,0.5472572496477686,0.1707416254362341
4.239967627773287,-0.8180030958071842,0.5489317552261144,0.17188619302969046
4.439967627773287,-0.8213806615691513,0.5458290741628757,0.16554283614436904
4.639967627773287,-0.8202361426393062,0.5488726353331828,0.16109469417270825
4.839967627773287,-0.8219514314307913,0.5443286903891099,0.1676368729968144
5.0399676277732866,-0.8257665618072918,0.5273943070731824,0.19991205633418418
5.239967627773287,-0.8298666301427621,0.5260449467412531,0.18600561868795307
5.439967627773287,-0.8326938873668166,0.5216395113280574,0.18577704423142563
5.639967627773287,-0.8447301493765046,0.5122164205446758,0.1551299882638688
5.839967627773287,-0.8613205301244526,0.4811924691113976,0.16303604526793739
6.0399676277732866,-0.8579575856053394,0.48553098850345056,0.16783456290382892
6.239967627773287,-0.8673657455643372,0.47966677893646753,0.132651591043362
6.439967627773287,-0.8845379169621137,0.4541285311443371,0.10658306927937358
6.639967627773287,-0.8878104634714625,0.4499858988708715,0.09646383658118135
6.839967627773287,-0.8825125306363943,0.4587230454906401,0.10365713099222325
7.0399676277732866,-0.8841522047141629,0.45379091924333664,0.1111246170358868
7.239967627773287,-0.92790529763549,0.35532644240674816,0.11284891646159814
7.439967627773287,-0.9611720498115172,0.2515959942728469,0.11334789952612334
7.639967627773287,-0.9725287520025125,0.19923906496750074,0.12038115101340582
7.839967627773287,-0.9737681302662764,0.1905677213854002,0.12433652739117727
8.039967627773287,-0.9788224177113887,0.16208847331283602,0.1250360004348592
8.239967627773288,-0.9881256064323951,0.07303520565858804,0.1351800452989235
8.439967627773287,-0.9899064173863389,0.04487459651155966,0.1344304854014441
8.639967627773286,-0.9897380930473687,0.05793371054078152,0.1306223271647497
8.839967627773287,-0.9860084664033884,0.07912713324335444,0.14671810033369176
9.039967627773287,-0.9821301699882289,0.09443388043929375,0.1627961038356583
9.239967627773288,-0.9744602273649157,0.13634300809486713,0.17843163796692485
9.439967627773287,-0.9672285866537472,0.1576786500929497,0.19901332735437652
9.639967627773288,-0.9670391532809914,0.15601674169863525,0.2012313403307861
9.839967627773287,-0.9671698749457034,0.16517524247733284,0.19313097180428415
10.039967627773287,-0.9741687538055014,0.13289874247643663,0.18257372033570085
10.239967627773288,-0.9853136011516439,0.05133273657929064,0.16285594106712897
10.439967627773287,-0.9883879769963876,0.009841312227071474,0.151632303625044
10.639967627773288,-0.9871250225891364,-0.02348520666596823,0.15821704979632795
10.839967627773287,-0.9859747685228757,-0.04271802227311186,0.16133482701926521
11.039967627773287,-0.9860803263452186,-0.04733368333541281,0.1593898127761319
11.239967627773288,-0.9890665110630611,-0.04367309430004138,0.14085488109328487
11.439967627773287,-0.9886785368246567,-0.02213586531422845,0.1484073929730134
11.639967627773288,-0.9843213376801275,0.013082076921693078,0.17589873066915396
11.839967627773287,-0.9814897446783467,0.037228851997656506,0.18786136822181074
12.039967627773287,-0.9813918360091913,0.050761517290492844,0.18518459054920267
12.239967627773288,-0.9798476858645485,0.058138956291372904,0.19109781335022846
12.439967627773287,-0.977561953589275,0.05968557591630783,0.20201549178778036
12.639967627773288,-0.9810741648955924,0.05192743329902694,0.18653960610388098
12.839967627773287,-0.9827241988857938,0.04655671886593815,0.1791245958898801
13.039967627773287,-0.9832989502917706,0.044554330568390914,0.17645987074319455
13.239967627773288,-0.9840588343556272,0.028514518542366665,0.17554239590179072
13.439967627773287,-0.9842328348026381,-0.022011374739173684,0.17550278139805925
13.639967627773288,-0.9832397593821863,-0.05924150959068052,0.17242395167574096
13.839967627773287,-0.9779220363761311,-0.10501479662707085,0.18066649733510662
14.039967627773287,-0.9724213936783066,-0.15561021302185285,0.17372994767751862
14.239967627773288,-0.9658523602443485,-0.20884425082293243,0.15334046142042748
14.439967627773287,-0.9448595472411221,-0.2854789204243847,0.16044382811635186
14.639967627773288,-0.9323611415382933,-0.3148054746503908,0.17776449274124778
14.839967627773287,-0.9483791144866532,-0.254205527099311,0.18962226978304333
15.039967627773287,-0.9546418382651018,-0.22762023037850648,0.1919583062966082
15.239967627773288,-0.9508562640232339,-0.24259344321676,0.19240786490165931
15.439967627773287,-0.9424919202417746,-0.2749961830040835,0.18996336386829107
15.639967627773288,-0.9354112416481664,-0.29450866469787224,0.19562836045960202
15.839967627773287,-0.9202596064447447,-0.33694089128840415,0.19898013097779252
16.039967627773287,-0.9078045885293655,-0.3686369353798069,0.19999409720992753
16.239967627773286,-0.90507256937944,-0.3773171854349349,0.19615143571322038
16.43996762777329,-0.8916844380680604,-0.41552455927487764,0.17955000291469247
16.639967627773288,-0.8898718058227112,-0.4141769269556389,0.1912737367737936
16.839967627773287,-0.8641812613792529,-0.46821190553826936,0.1843050704489328
17.039967627773287,-0.820489195215737,-0.5464652508404939,0.16784877169067433
17.239967627773286,-0.7898526142536944,-0.5936908252271201,0.15383124454331873
17.43996762777329,-0.755602769015981,-0.636705135809088,0.1538539095691509
17.639967627773288,-0.7090592519446359,-0.6890911250941794,0.14962753272092566
17.839967627773287,-0.6472031804983914,-0.7517370514098861,0.12656796075759877
18.039967627773287,-0.5775985459402507,-0.8084582765263175,0.11302714206687131
18.239967627773286,-0.5630055987945033,-0.8185455612248078,0.11405200535372842
18.43996762777329,-0.5739001521573447,-0.809689107373652,0.12264650322873202
18.639967627773288,-0.5931368529912335,-0.7960615180950121,0.1203109846685669
18.839967627773287,-0.629180373680454,-0.7678820183281709,0.12037135582678574
19.039967627773287,-0.67110530858978,-0.7301587164267724,0.1283974828749564
19.23996762777329,-0.6961353697088883,-0.708143852925396,0.11801623025772495
19.43996762777329,-0.6643128771566797,-0.7376090640352877,0.12091844316232925
19.639967627773288,-0.5981394292476805,-0.7931382628125292,0.11472104969002948
19.839967627773287,-0.48543011837429617,-0.8670907701401934,0.11185345999477816
20.039967627773287,-0.39487768608545404,-0.9144609934811124,0.0885025673827288
20.23996762777329,-0.3570208712372618,-0.9326242736175597,0.05242195876067268
20.43996762777329,-0.3409412679510006,-0.9393508548135879,0.03713520390338119
20.639967627773288,-0.3516926934630818,-0.9356811546870532,0.02851361303282873
20.839967627773287,-0.3544267390125067,-0.9350470435130028,0.008289335953701708
21.039967627773287,-0.3192491679029124,-0.9476477340766987,0.0066136897868481325
21.23996762777329,-0.33039916947274073,-0.9438073345140217,0.008006505433768888
21.43996762777329,-0.3424639727196334,-0.9394939190505949,0.008342868573877203
21.639967627773288,-0.33308174106850386,-0.9428411702203967,0.010348019337370852
21.839967627773287,-0.2982178226335454,-0.9544698823442846,0.007305748517045982
22.039967627773287,-0.2422685850409495,-0.9701944176249291,0.005359543980659285
22.23996762777329,-0.2082189751514305,-0.9772798753019103,0.039609389250165015
22.43996762777329,-0.22253060283174425,-0.9725298156001975,0.06830730979907747
22.639967627773288,-0.17478484317794657,-0.981901122759053,0.07294137179798477
22.839967627773287,-0.13768511660203886,-0.9877961298919788,0.07281218604541362
23.039967627773287,-0.10498584365019842,-0.9929079151739735,0.05578391002726279
23.23996762777329,-0.05064922239367259,-0.99731573630838,0.0528770118538265
23.43996762777329,0.02346144970132097,-0.9981376753904756,0.056309336206445036
23.639967627773288,0.1483346002808531,-0.9867260179345982,0.0660954755671719
23.839967627773287,0.3808776020167223,-0.9224562385504743,0.06329881706084028
24.039967627773287,0.5873648592045398,-0.8066611414545914,0.0655768635938524
24.23996762777329,0.6751760227405389,-0.7368108484245389,0.035314472389922205
24.43996762777329,0.6933202475284376,-0.7193401963666721,0.04308963051899701
24.639967627773288,0.564085229650392,-0.825543855625453,0.016887750866407904
24.839967627773287,0.4228766130898213,-0.9060515909693313,0.015680708007779983
25.039967627773287,0.34900537207083276,-0.9371180835643567,0.002224347627339204
25.23996762777329,0.22618005670767738,-0.97404028916843,-0.00938600151254428
25.43996762777329,0.15944097592892492,-0.9871399307386268,-0.011546962205304165
25.639967627773288,0.13915639699827986,-0.9901169850069447,-0.017431384776166455
25.839967627773287,0.13443800070293327,-0.9907151916903502,-0.020244330587855432
26.039967627773287,0.1848310837755217,-0.9826417482761736,-0.0158954400729122
26.23996762777329,0.23963931196157717,-0.9707423367356458,-0.015241910365849152
26.43996762777329,0.23013576562511306,-0.9730335426665461,-0.015596609437113718
26.639967627773288,0.21791437411826797,-0.9758268436749253,-0.016592067866202202
26.839967627773287,0.21181198032956655,-0.9771747869759815,-0.016282527055484445
27.039967627773287,0.20852904804527667,-0.9778518108186429,-0.01792964584233271
27.23996762777329,0.20542241182120463,-0.9785133730145604,-0.017697783850742697
27.43996762777329,0.1822821564534574,-0.9831264948641945,-0.015346352489127645
27.639967627773288,0.1284809578305698,-0.9915626321080576,-0.017210173789972492
27.839967627773287,0.017606490294224064,-0.9993905856591476,-0.030140816103507464
28.039967627773287,-0.10243325513369311,-0.9940163770229712,-0.037932445911679026
28.23996762777329,-0.18000794250217805,-0.9829537090884284,-0.03740516575867286
28.43996762777329,-0.15020210975527304,-0.9877949186229644,-0.041237421933431245
28.639967627773288,-0.08252510994078854,-0.9958794327761173,-0.03760002131355395
28.839967627773287,-0.0452412132666557,-0.9982944570475323,-0.03689728513501342
29.039967627773287,-0.019621403668067694,-0.9990809400340148,-0.038108736253567393
29.23996762777329,-0.03429677669160691,-0.9987172687746957,-0.03724980751331078
29.43996762777329,-0.04787432463756297,-0.9981870029401186,-0.036479531273319384
29.639967627773288,-0.010902674242880661,-0.9991856504691317,-0.03884800626715471
29.839967627773287,0.10436410746574531,-0.9937836183928455,-0.03875890719436851
30.039967627773287,0.19828625340295336,-0.9793530497512708,-0.03937214312562741
30.23996762777329,0.26998127171332553,-0.9621230708469102,-0.03780620938638424
30.43996762777329,0.2808898920201611,-0.9589022248740547,-0.04009228968879961
30.639967627773288,0.23922583203422865,-0.9705461898741476,-0.028479722756837845
30.839967627773287,0.2850997155628189,-0.9582364087103339,0.022386094074700047
31.039967627773287,0.3731535470582958,-0.9244365159917747,0.07857199385787605
31.23996762777329,0.43223260125995794,-0.8949948710262788,0.11026857777583454
31.43996762777329,0.4503444148958326,-0.8847451377126352,0.12006643688383795
31.639967627773288,0.47506053925993125,-0.8681936624923643,0.143377991498548
31.839967627773287,0.5050779421501768,-0.8449701745383934,0.17584560413584507
32.03996762777329,0.5338645093708803,-0.8221472398426292,0.19764261092521468
32.23996762777329,0.5698908197459363,-0.7843351174606787,0.24503648113546003
32.439967627773285,0.5886944135588394,-0.7696193278839274,0.24723466098447067
32.63996762777329,0.6202944595659748,-0.7445723681172572,0.24667138477743056
32.83996762777329,0.6656449641639354,-0.6977224365092846,0.2647643920068203
33.03996762777329,0.7029008016902174,-0.649395318856134,0.29020024609050593
33.23996762777329,0.7169780497347217,-0.6305672582925176,0.29719927484442626
33.439967627773285,0.7266203753973511,-0.6214616575167543,0.2929304325158811
33.63996762777329,0.7370476416294184,-0.6114075992718849,0.28799569705310274
33.83996762777329,0.7546419580776114,-0.5945878261546741,0.27745419819755496
34.03996762777329,0.7636825105844879,-0.5869559614246802,0.2688340052437623
34.23996762777329,0.7522474425337697,-0.6105800802248882,0.24762017452940246
34.439967627773285,0.753296212943868,-0.6005098659259789,0.2682027525772051
34.63996762777329,0.7796084175714058,-0.5617424825406866,0.27686837768303363
34.83996762777329,0.7746911641335001,-0.5728669749830416,0.2677256603078262
35.03996762777329,0.7646720431082874,-0.5900054805188418,0.2591721424966965
35.23996762777329,0.7565614108884661,-0.6002379187419494,0.25947884780610964
35.439967627773285,0.7292194317497195,-0.6329153920566238,0.26010983613932465
35.63996762777329,0.6968478581887478,-0.6707072049921683,0.25407657843521964
35.83996762777329,0.6363275461634186,-0.7355826206314269,0.23239075329850062
36.03996762777329,0.5624482790653498,-0.7955106733657002,0.22542116568254303
36.23996762777329,0.5038570614615266,-0.8357479592706379,0.2182966105790903
36.439967627773285,0.48860030766836143,-0.8463901765046105,0.2118806467398033
36.63996762777329,0.5169417082158232,-0.8298635660865344,0.20999459990449001
36.83996762777329,0.5490508956109758,-0.8108257508400261,0.20274297966512464
37.03996762777329,0.5606448070196978,-0.8040861947938759,0.19779482223696018
37.23996762777329,0.5176206663322344,-0.834483158373202,0.1889621765784344
37.439967627773285,0.4028369508712317,-0.900414093420365,0.1642463131481231
37.63996762777329,0.27114369259864435,-0.9556566892764436,0.114897302862854
37.83996762777329,0.1936495607973659,-0.977524744883716,0.083337990994583
38.03996762777329,0.30598551785180444,-0.9511372263877329,0.04136229496066995
38.23996762777329,0.4196104143741115,-0.9067029741195971,0.04262413484709614
38.43996762777329,0.49294940598534087,-0.868111705394014,0.058163133483301536
38.63996762777329,0.5267983639745017,-0.8481603214440974,0.05574542888555295
38.83996762777329,0.4848007917797203,-0.8738360218066938,0.03713218661495762
39.03996762777329,0.3830417329750605,-0.9235591155101451,-0.01782108182969264
39.23996762777329,0.26659231115900917,-0.9601045604371471,-0.08442613729580793
39.43996762777329,0.26946805822811926,-0.9572397830704181,-0.10525665443128174
39.63996762777329,0.3195826741701176,-0.942325139569152,-0.09944971446039907
39.83996762777329,0.37439485226413344,-0.923693410224189,-0.08135710483126667
40.03996762777329,0.4425651398225249,-0.8939740467663411,-0.07033136371549283
40.23996762777329,0.46601782402681463,-0.8819243482629998,-0.07097063921225323
40.43996762777329,0.4440661378438493,-0.8925425909525168,-0.07856836867477815
40.63996762777329,0.3546748375395587,-0.9280645820717808,-0.11358649180346493
40.83996762777329,0.24928611264788503,-0.9588240013228039,-0.13606236999344837
41.03996762777329,0.25548638115059696,-0.9518644186260367,-0.16935417798297747
41.23996762777329,0.2540110702209319,-0.9498635500330941,-0.18231185513768464
41.43996762777329,0.2466447111780829,-0.947518510383603,-0.2034086009202132
41.63996762777329,0.2479972961466103,-0.9408105917370461,-0.23102547820394123
41.83996762777329,0.24729636461179633,-0.9383736983464227,-0.24145250112899394
42.03996762777329,0.25819297817877096,-0.9349980082515719,-0.24313599195670296
42.23996762777329,0.2917745290200322,-0.9238111057672169,-0.2478722757314544
42.43996762777329,0.34299948571156297,-0.9006818918071694,-0.26668986214751794
42.63996762777329,0.3982942040019258,-0.8711546488651423,-0.2871433523853946
42.83996762777329,0.44588658642296886,-0.8477312840297729,-0.28729222426878326
43.03996762777329,0.474171799795144,-0.8319304748901002,-0.2881888082979051
43.23996762777329,0.49901971918997595,-0.8174665497310769,-0.2876243382092793
43.43996762777329,0.5397019766705877,-0.799615386578574,-0.26331921677815
43.63996762777329,0.6021468204441653,-0.772555287803468,-0.20143866043012418
43.83996762777329,0.7074077536188713,-0.7021902118366382,-0.08064227502197256
44.03996762777329,0.8073393113665898,-0.5851907567887938,0.07586181180989206
44.23996762777329,0.8648767046810583,-0.46993202459072675,0.17649979593216064
44.43996762777329,0.8811657903432645,-0.4321745820677783,0.19176021626831574
44.63996762777329,0.8722786856387729,-0.4454975159238793,0.20164785614022387
44.83996762777329,0.8731923949532799,-0.44377158514084025,0.20149893701293137
45.03996762777329,0.8861361765436936,-0.4203706995403651,0.19506704382972573
45.23996762777329,0.8870996652807754,-0.42189702474255036,0.1872353715837918
45.43996762777329,0.8849811157657776,-0.42506615696479194,0.19007153111695096
45.63996762777329,0.8813450445322719,-0.43964434585173273,0.17304265843718947
45.83996762777329,0.8701138002331535,-0.46629950327275616,0.1595830438718374
46.03996762777329,0.8524838480926512,-0.5070500013594104,0.12716754642033276
46.23996762777329,0.8391963959104212,-0.5437086456500461,-0.01141567940826703
46.43996762777329,0.8426444013498369,-0.5212538519038328,-0.1350734420572464
46.63996762777329,0.840198536475469,-0.5234951534060881,-0.14148937650868432
46.83996762777329,0.8315795470562379,-0.5387611922050943,-0.13495123078908053
47.03996762777329,0.8308534960789716,-0.539596804599861,-0.1360799636940346
47.23996762777329,0.8349975972214054,-0.5321153909704508,-0.1401150360483986
47.43996762777329,0.8466738665211884,-0.5151582306402531,-0.1332492444769018
47.63996762777329,0.8546768422874992,-0.5070904894070672,-0.11129569088859619
47.83996762777329,0.8498983825689651,-0.5147590817855588,-0.11267576059625985
48.03996762777329,0.8451185031859465,-0.5237235455201096,-0.10718378347768603
48.23996762777329,0.8451381062112253,-0.5245806758441922,-0.10274578317650915
48.43996762777329,0.86067102076788,-0.49895849949354715,-0.1014189814261812
48.63996762777329,0.869041804261317,-0.4853572175677602,-0.09588907029018998
48.83996762777329,0.8745871666887173,-0.472652503451789,-0.10815220221594424
49.03996762777329,0.8662705158660067,-0.48358863609653524,-0.12536915242409385
49.23996762777329,0.8565068002907267,-0.49691299174510156,-0.13954776849048517
49.43995555555556,0.846267597062682,-0.5123814972587446,-0.14593270856336962
