0.0,0.9888871252011286,-0.06775252788530467,0.13233234138561265
0.2,0.9873594081482593,-0.06943499850628772,0.14247870059609286
0.4,0.9885413766585337,-0.0481773782350528,0.14305553767836998
0.6000000000000001,0.9918788683714411,0.0043827621591752235,0.12711058914994164
0.8,0.9934745049734085,0.03367745695911471,0.10896897200858575
1.0,0.9613130015945718,0.25326947162764984,0.10831383894353394
1.2000000000000002,0.834911157264043,0.5384926716741394,0.11379368185125448
1.4000000000000001,0.7229405883860811,0.6803208133236617,0.12050102332602171
1.6,0.5950097996281377,0.7923767303191624,0.13454536630890285
1.8,0.4073888638172603,0.9035838079016723,0.13255419923788106
2.0,0.3386527781380113,0.93244850046436,0.1259130249067719
2.2,0.27486982410049077,0.9540569342609718,0.11925580064516976
2.4000000000000004,0.19181039889115375,0.9747813264169256,0.11406198554328265
2.6,0.12236197151356915,0.9863336434921768,0.11033354722277228
2.8000000000000003,0.0869434883422256,0.9896660798050637,0.11402578795238541
3.0,0.10289279784151728,0.9878745054208146,0.1162627786177779
3.2,0.06583846595847176,0.9891347469558527,0.13144485065918618
3.4000000000000004,0.007370124440279624,0.9917549405500535,0.12793677798152633
3.6,-0.0054510173351413616,0.9902375824297429,0.1392832249544438
3.8000000000000003,-0.12864101132461891,0.9828151996315518,0.13238494468243867
4.0,-0.20686979481975437,0.9711717089022354,0.11844998868359907
4.2,-0.22980030797729423,0.965856047275424,0.11964077229370713
4.4,-0.21141501321036615,0.9695983899658509,0.12321791413950432
4.6000000000000005,-0.1442900717606958,0.9799075196819875,0.13770122752535044
4.800000000000001,-0.04655149350268484,0.9868235982651564,0.154958524643462
5.0,0.013281168315303904,0.9882213966631851,0.1524535396284531
5.2,0.05092659616582057,0.9878320312238714,0.14695019527405848
5.4,0.05152463204325769,0.9877905522207042,0.14702053338334556
5.6000000000000005,0.02403784794879149,0.9884853079226165,0.14939537438328365
5.800000000000001,0.009212090341718548,0.987211358285416,0.15915046799742774
6.0,-0.00013095778782395984,0.9857293113921769,0.16833807505244486
6.2,0.008463328291672567,0.9844679565114959,0.1753602425759826
6.4,0.02252363457401263,0.9827449273609457,0.18358947037318282
6.6000000000000005,0.030379214824094836,0.9819279895752351,0.186800767116756
6.800000000000001,0.0385810825284737,0.9812205942444323,0.18899112545708205
7.0,0.05167216239123923,0.9798131088957522,0.19312239453221022
7.2,0.07581966198408219,0.9752130764111265,0.2078721589183267
7.4,0.09759886963698633,0.97139330145054,0.21649368245425357
7.6000000000000005,0.09017931791829642,0.9733001682812349,0.21107930510476558
7.800000000000001,0.08327940182771365,0.9750152839995965,0.20593624547030073
8.0,0.07758556761386898,0.9769026174830067,0.19910237480473258
8.200000000000001,0.07924924637981995,0.9766070039089625,0.19989576499813702
8.4,0.11874967588717833,0.9729519314731776,0.19814906893372788
8.6,0.3792378690336916,0.9062302644687708,0.18688324283264798
8.8,0.6657216577581431,0.7290211035233677,0.15919455081541126
9.0,0.8383797999262904,0.5284035916923834,0.13382434517733335
9.200000000000001,0.9184084999285951,0.3692407185192198,0.14208138177227084
9.4,0.9579952919618827,0.22768965635607794,0.1743629575549763
9.600000000000001,0.9790193841073022,0.00257980320158875,0.20375080406614202
9.8,0.9239688522914585,-0.33069465091557526,0.1921525639980659
10.0,0.8312758240589228,-0.5399802847249504,0.13191586880857367
10.200000000000001,0.7870490554613114,-0.6094113583797576,0.0957683693877908
10.4,0.708793662898737,-0.704232623021546,0.04084061834479198
10.600000000000001,0.5901594257577657,-0.8072855483940374,-0.001376787348424791
10.8,0.4826421650432432,-0.8755805160739069,-0.02037892033748175
11.0,0.3945690821406513,-0.9183869027648067,-0.02967720082402018
11.200000000000001,0.32035713199929927,-0.9462545105830314,-0.04442644683576811
11.4,0.2533479881181655,-0.965743627213895,-0.05616087082860057
11.600000000000001,0.15867110543593455,-0.9844637385316631,-0.07519725936495106
11.8,0.08521103478231074,-0.9921307586538258,-0.09173678261369383
12.0,-0.0005084905961862396,-0.9955605270033245,-0.09412214675715938
12.200000000000001,-0.1263902401201935,-0.988709006957038,-0.08049848920561926
12.4,-0.25063942632015046,-0.9677847495780657,-0.023928151997725775
12.600000000000001,-0.35364927953953185,-0.9353674506413908,0.004463111223687251
12.8,-0.4237360008828327,-0.9055588822054131,0.020270974685655505
13.0,-0.47344545003578825,-0.8805748147111656,0.020914146810383987
13.200000000000001,-0.4884620116758624,-0.8722527316157467,-0.02408392282078725
13.4,-0.5596764452592758,-0.8284644775947121,-0.020220929396597608
13.600000000000001,-0.7279518491838947,-0.6854700919791431,0.014726108510163665
13.8,-0.7778641667137374,-0.6283927618091141,0.0070622268908071455
14.0,-0.560890012016299,-0.8259759293478491,0.05626862854480117
14.200000000000001,0.15354030497167753,-0.9817597368264612,0.1121302541495475
14.4,0.5589541170167651,-0.8204696999760529,0.11999902704278277
14.600000000000001,0.7276903283737561,-0.6750867610062489,0.12134517339139361
14.8,0.8788396547838007,-0.44847832182202063,0.1628129479961413
15.0,0.9775809317346008,0.0329953053144597,0.2079587260398456
15.200000000000001,0.6530962474648528,0.7366857689040266,0.17538349250032376
15.4,0.32210278539523995,0.9355128471279768,0.14513961726260258
15.600000000000001,0.18089406349940634,0.9747823345951556,0.13067799337260746
15.8,0.04280311709903617,0.9921309732664833,0.11766063509902863
16.0,-0.09913393169333268,0.9881169880099606,0.11746183036691417
16.2,-0.2758678624878963,0.9551796480143266,0.10737207488721845
16.400000000000002,-0.4205998560152843,0.9012498868369427,0.10413646141635485
16.6,-0.5443565138070219,0.8348248844547783,0.08211819634485436
16.8,-0.732470560131587,0.6802464685445292,0.027415699393160485
17.0,-0.8951423840339614,0.44494212778173237,0.027324260851129843
17.2,-0.9242181506695057,0.3805288889543872,0.031915116233202284
17.400000000000002,-0.9397716498327997,0.33932795310500236,0.04105832938767373
17.6,-0.9374750489555682,0.3418371958505953,0.06548178463326547
17.8,-0.9253267987169987,0.36229061379803823,0.1118741557733169
18.0,-0.8609102715637837,0.47460455569737947,0.1832594336651334
18.2,-0.5917956167997784,0.765078998913026,0.2538347363124514
18.400000000000002,-0.14502721009371577,0.955253018246242,0.25779600358399246
18.6,0.04632339753920639,0.9701813713390626,0.23791227279625748
18.8,0.0020460537811430313,0.9750951492656112,0.22177750909999988
19.0,-0.008621426860951131,0.9770243691053792,0.21295317131500416
19.200000000000003,0.013011140165464063,0.9750403326161412,0.22164624969396562
19.400000000000002,0.01715626230167344,0.978778382243451,0.20420220644432294
19.6,0.04003099305474783,0.9824764644560097,0.1820371291387265
19.8,0.06521205076027592,0.9816617620742304,0.17913004582413317
