0.0,0.9845143866632332,0.08303392889535245,0.15439167433938755
0.2,0.9824245425914795,0.08238283263306977,0.16749652832603545
0.4,0.9819690871048765,0.09751613439211057,0.1619484964537658
0.6000000000000001,0.9789578732563895,0.14381154173992408,0.14477473139920977
0.8,0.9745978070480742,0.17983227624007198,0.13348957607019168
1.0,0.9789792035479744,0.1666683557150415,0.11756435779528751
1.2000000000000002,0.9879111292651634,0.1360101736610319,0.07438301778447393
1.4000000000000001,0.9884283341047893,0.14400804259343417,0.04765618540377919
1.6,0.9076734263162517,0.4170510642065967,0.04687601735921081
1.8,0.7250658112857753,0.6882758442160362,0.023578201229183682
2.0,0.6208615147322789,0.7838345147600791,0.01159452436158032
2.2,0.4600431470764586,0.8873942390771135,0.029862472783398344
2.4000000000000004,0.28626967712690166,0.9576776632864792,0.030052707029618864
2.6,0.17129355158086118,0.9847873999665112,0.02919410991987773
2.8000000000000003,0.050518353548369976,0.997766891717523,0.04369354354037802
3.0,-0.13104253891274165,0.9902538310740636,0.047172057814377014
3.2,-0.24371459242252885,0.9690636563414888,0.038972136179400534
3.4000000000000004,-0.28569196216854437,0.9574941533935134,0.03981267347876521
3.6,-0.2874429402791022,0.9571703643394721,0.03466193465383334
3.8000000000000003,-0.2340685014619715,0.9718923039466293,0.025244527182343084
4.0,-0.08054912258090074,0.9967057755430979,0.009457052948923324
4.2,0.14918524529305865,0.9887532395025496,0.01052587098834067
4.4,0.4371060642607465,0.8993792683688704,-0.007431030531195234
4.6000000000000005,0.532046710170269,0.8387406742363467,-0.11593265104599346
4.800000000000001,0.3117885338378682,0.9223118245395514,-0.22831734161415854
5.0,0.09681921831493706,0.9518265368504714,-0.2909506533969686
5.2,0.08351348658335883,0.9460570667121324,-0.31305195109235096
5.4,0.10732315415871341,0.9383741159413146,-0.32853578056702015
5.6000000000000005,0.12360365856666317,0.9319288826902985,-0.34092622837873277
5.800000000000001,0.2184820256387302,0.9108423582769499,-0.3501882391532908
6.0,0.3648551462410787,0.8621158510663024,-0.3516205079366484
6.2,0.62184763140003,0.71374899179287,-0.3222854325544889
6.4,0.8170368689321416,0.5513163943029834,-0.16882235686756705
6.6000000000000005,0.8604308234285097,0.5064250100936355,-0.05650227646562332
6.800000000000001,0.9385831110513837,0.34444726426763234,-0.020440787353953948
7.0,0.9779793219207557,0.20014460328670727,-0.05914882645180725
7.2,0.9909078665553207,0.09358524136018596,-0.09666127765728388
7.4,0.9909517392308353,0.011769756223725454,-0.13370162061028537
7.6000000000000005,0.97309970760065,-0.042600179261975915,-0.22641153635443842
7.800000000000001,0.928605403736524,-0.025508692154433184,-0.37019091125512205
8.0,0.9185230539636651,-0.0024580467461454945,-0.3953597821522266
8.200000000000001,0.9126883945408549,-0.0458166124037225,-0.40607971200034565
8.4,0.929064365256015,-0.07899929616084969,-0.36138416735868195
8.6,0.9681870120503347,-0.07471910694132493,-0.23881156746467766
8.8,0.9921359455120256,-0.08681452897466056,-0.09016375758511384
9.0,0.9762412389437117,-0.21355229385382168,-0.03672139942073724
9.200000000000001,0.9401133199753318,-0.34037708078473145,-0.018176591578831735
9.4,0.896429391105219,-0.44271303107993354,-0.02048215991404818
9.600000000000001,0.795573080788042,-0.6052913572169817,-0.02618866174220867
9.8,0.6934416238169141,-0.7194809365347652,-0.0385473257336834
10.0,0.5995466168541186,-0.7988152709516185,-0.049376280877288896
10.200000000000001,0.5408221764338468,-0.8394399182623448,-0.05340409258722276
10.4,0.5240547308221799,-0.8498792510536002,-0.055424703260050896
10.600000000000001,0.534028565442884,-0.8446783252296745,-0.03649682422085046
10.8,0.5595835428043817,-0.828773007638439,0.0012491726992172477
11.0,0.5826365276150587,-0.8120562220273824,0.033156733181699226
11.200000000000001,0.5701058199035314,-0.8213032519205486,0.02098386277248082
11.4,0.5404086255941322,-0.8413673158663751,0.007717329542818452
11.600000000000001,0.4715461457967746,-0.8816327123867977,-0.019183139307879602
11.8,0.42032972331316354,-0.9057564880402608,-0.054111995642859595
12.0,0.3931622214702161,-0.917069502443257,-0.06638520390178493
12.200000000000001,0.35728065334190134,-0.9308594611672791,-0.07649312585420168
12.4,0.3263700203508439,-0.9409862267791514,-0.08959648892744478
12.600000000000001,0.2718296238380197,-0.9567308527377418,-0.10380140183925436
12.8,0.09962431952214895,-0.9873662055811274,-0.12321919913745338
13.0,-0.13928506178119404,-0.9804443838201164,-0.13902691034544903
13.200000000000001,-0.31532642387934917,-0.9401204967159019,-0.12939357811772104
13.4,-0.4640038281626665,-0.8749959271175193,-0.13813969370946036
13.600000000000001,-0.6844205222033363,-0.7142687570052096,-0.1462487318001281
13.8,-0.8689214911438226,-0.4787435874201367,-0.12561854852088533
14.0,-0.9594812328244194,-0.2584282452047249,-0.11229695426919856
14.200000000000001,-0.9940947067248102,-0.027239868136435568,-0.1050414377549323
14.4,-0.9777868793034078,0.18954980002011393,-0.08946335548389645
14.600000000000001,-0.9336217558779252,0.3496256020306243,-0.0781815538099866
14.8,-0.8355810960108709,0.5447030000810524,-0.07143440132018268
15.0,-0.7835912074226369,0.6178995726090003,-0.06469109536519634
15.200000000000001,-0.7870125741786125,0.6155376857417937,-0.04152788841719688
15.4,-0.8493799144947166,0.5246166132678836,-0.05771628831000978
15.600000000000001,-0.9378175109030531,0.3069208299682058,-0.16216633551767112
15.8,-0.9530133673166911,0.17414178666467678,-0.24787125660902204
16.0,-0.9548879795919876,0.10256257147327091,-0.278693138350269
16.2,-0.9285368350692496,0.23732864333950318,-0.2854723471200193
16.400000000000002,-0.7522977539694102,0.5670340661052216,-0.3354406911046424
16.6,-0.6522416675445984,0.6362189146295222,-0.4120755996006977
16.8,-0.5916577005584853,0.683032001143297,-0.42826212858952284
17.0,-0.5516393415423877,0.7262884285524375,-0.4101209034096068
17.2,-0.6095888186255704,0.704504415708287,-0.363421243812476
17.400000000000002,-0.8299639400059299,0.4607915022179538,-0.3143740602746274
17.6,-0.9495903882135437,0.0049559895539803495,-0.3134541956650012
17.8,-0.9282710434855619,-0.25487019979811104,-0.2708395301301067
18.0,-0.9165334563782579,-0.3687255033776404,-0.15494491439937513
18.2,-0.871803520411509,-0.47855074290727745,-0.10463177462412016
18.400000000000002,-0.7359344361269768,-0.6638470703562686,-0.13306980462098833
18.6,-0.595794987031729,-0.7758723893755014,-0.2074858280283555
18.8,-0.4989680178292238,-0.8288677771459882,-0.2530002474161717
19.0,-0.3468178999682937,-0.9021929426390163,-0.2564473406255869
19.200000000000003,-0.16205642030966066,-0.956981760187885,-0.24067327916516995
19.400000000000002,-0.04184545259854022,-0.9728590577511488,-0.22758341734047802
19.6,0.06959444919526447,-0.9792197193655764,-0.19048714877075038
19.8,0.17006410082642515,-0.9737469412261588,-0.15131125557208047
