0.03336666666666667,-0.9903185397382032,0.12598955939918058,-0.05827367135502505
0.23336666666666667,-0.9912461543176618,0.11123460368856661,-0.07111908669755157
0.4333666666666667,-0.9423251433244159,0.3226505734693816,-0.08899399810379749
0.6333666666666667,-0.7133335853673277,0.6512111881108907,-0.25899649508477046
0.8333666666666667,-0.5576150357948804,0.7445268742061266,-0.3670765661824909
1.0333666666666668,-0.10676569677302705,0.9538336208580108,-0.28071784715879183
1.233366666666667,0.332643618319367,0.9146175440364097,-0.22983248537185935
1.433366666666667,0.4790638955893562,0.8528059786061752,-0.20789359489006398
1.6333666666666669,0.657519253284886,0.7397816345733019,-0.1427990360882724
1.8333666666666668,0.7514895243969221,0.6474930831323049,-0.12655513429928486
2.0333666666666668,0.8023761223226105,0.5837310293910695,-0.12430061806995757
2.233366666666667,0.8146595415496521,0.5563562317849406,-0.16369964788041624
2.433366666666667,0.7345525492325482,0.5552820478134853,-0.3899928201800995
2.633366666666667,0.7442268525197259,0.5330747205024965,-0.4024397275987642
2.833366666666667,0.8344475384259668,0.3537588646945874,-0.4225541045414676
3.0333666666666668,0.9042078489494186,0.038221793314495926,-0.42537896094434396
3.233366666666667,0.8894236748353918,-0.268109212348549,-0.3701931616010057
3.433366666666667,0.849175801951455,-0.45303364525104955,-0.27140555198936067
3.633366666666667,0.7772205661977288,-0.566170038908103,-0.27455359863254275
3.833366666666667,0.7512791973021913,-0.437078211924269,-0.49451208717488315
4.033366666666667,0.647618329420665,-0.07437141686022002,-0.7583267051558917
4.233366666666667,0.6497551969941505,-0.07947853249452164,-0.7559770809036542
4.433366666666667,0.7861786827242798,-0.19294082602734625,-0.5871089477105604
4.633366666666667,0.9471480875735483,-0.31979992616420455,-0.025268704579768052
4.8333666666666675,0.9465347447826548,-0.28720766504867434,0.14691403628150415
5.033366666666667,0.9372084174435654,-0.28992970220190156,0.1938585826164129
5.233366666666667,0.8534348336529862,-0.28042553485779975,0.4393296075925418
5.433366666666667,0.7843834516014639,-0.15353401806910896,0.6009741310150778
5.633366666666667,0.7830433874843747,-0.06940992309474309,0.6180819653516654
5.8333666666666675,0.8241498555502126,0.005792766995483473,0.5663421752325177
6.033366666666667,0.9425232899582189,-0.1402090196091014,0.30330064079488894
6.233366666666667,0.8310397471134124,-0.5477492520053905,0.0966627934895886
6.433366666666667,0.756249456465753,-0.6542628513173425,-0.005184687199276431
6.633366666666667,0.7507312339623889,-0.6569874568847922,-0.06906588050088394
6.8333666666666675,0.7435100026114692,-0.6588377855302009,-0.11456722207662152
7.033366666666667,0.7556722861784078,-0.6418158304649273,-0.13050607520921928
7.233366666666667,0.7865864845998138,-0.5932823828639668,-0.1711657571716959
7.433366666666667,0.8477484019821577,-0.4286636914306582,-0.31236210811450726
7.633366666666667,0.7944547038114202,-0.4071126645145815,-0.4506672852379534
7.8333666666666675,0.7321085318986851,-0.45194764389817926,-0.5096669743038453
8.033366666666666,0.6611599738664563,-0.5334388213137536,-0.5275514314948828
8.233366666666667,0.5028126305445649,-0.6775428991430568,-0.5367635218470764
8.433366666666666,0.2924376050528108,-0.8001905289201848,-0.5236175747407751
8.633366666666666,0.09063186134045065,-0.8544758894946362,-0.5115240170141727
8.833366666666667,-0.12411662278800062,-0.8567292022300484,-0.5006097661791731
9.033366666666666,-0.24336457045767207,-0.8348076880043742,-0.49383176274389656
9.233366666666667,-0.15903324104102468,-0.859654337885748,-0.4854923764573486
9.433366666666666,0.04592146597814417,-0.9315744888343302,-0.36063858739113697
9.633366666666667,-0.04231713611790716,-0.9990825102167776,0.006587698362940037
9.833366666666667,-0.21408563812106196,-0.9738174546955477,0.07646505398273938
10.033366666666666,0.21743833091232612,-0.9728350390012085,0.07945161509735545
10.233366666666667,0.9481245145139902,-0.31095306340068946,0.06609158296891728
10.433366666666666,0.9016948168265428,0.4259344776592865,0.0743389403291327
10.633366666666667,0.6742473047368079,0.7384280854055228,0.01070209042588513
10.833366666666667,0.4220288454402116,0.9064183671425198,0.017245211598885812
11.033366666666666,0.04428107016636579,0.9990166499461978,-0.0022180972020398107
11.233366666666667,-0.29797159559553804,0.9545623316488763,-0.004866540384122947
11.433366666666666,-0.6162187703120947,0.7874868861171153,-0.011782669842596105
11.633366666666667,-0.825874595201638,0.5636053759010659,-0.016737181840115474
11.833366666666667,-0.944013779762239,0.3293829145819426,-0.018570923523498144
12.033366666666666,-0.9975376467140713,0.06728348013033285,0.019788296786329745
12.233366666666667,-0.9654056244205993,-0.260738660253195,-0.002707653309102328
12.433366666666666,-0.8869643847052007,-0.461477101769572,-0.01825006320209841
12.633366666666667,-0.8223703490661629,-0.564787497144276,-0.06871747991815376
12.833366666666667,-0.7849309687332865,-0.6134148092913404,-0.08721035526526144
13.033366666666666,-0.7497919600366479,-0.6267586271313288,-0.21209818476557882
13.233366666666667,-0.677095988067599,-0.714924384506976,-0.17442519135745277
13.433366666666666,-0.5039738798956526,-0.8630327873172169,-0.03441999997673083
13.633366666666667,-0.27239198901814077,-0.9602230198779701,0.06143579099492593
13.833366666666667,-0.07980583677998171,-0.9902348991894819,0.11430604902210385
14.033366666666666,0.1418081791901175,-0.9834681981648816,0.11260880744020385
14.233366666666667,0.29433726899410123,-0.95239184037685,0.07946920450521001
14.433366666666666,0.39616670800965015,-0.9174087547264633,0.0375914380682253
14.633366666666667,0.43551585210872507,-0.9001097615686661,0.011329593585409355
14.833366666666667,0.4604194878365733,-0.8875306496110008,-0.017413822710190294
15.033366666666666,0.46155864221504,-0.886931629168915,-0.017773715885615188
15.233366666666667,0.09768865048274794,-0.9951801892417438,-0.008562622707269988
15.433366666666666,-0.6140984608165304,-0.7870040025648486,0.05922651745355619
15.633366666666667,-0.9704691373035783,-0.21692539067221153,0.10551316705964686
15.833366666666667,-0.9808127583346743,0.17644120525551754,0.0829146197959569
16.033366666666666,-0.8795876089801611,0.47219297125400683,0.057960642050239666
16.233366666666665,-0.7492483135839499,0.6612331052141486,0.037386430164718265
16.433366666666668,-0.6544148379596969,0.7547037734550253,0.046512731492890654
16.633366666666667,-0.5420402477166609,0.8372466208831033,0.0721835554339521
16.833366666666667,-0.3740126303863516,0.9228042178574641,0.09244959608325395
17.033366666666666,-0.20508146109987058,0.9674379112976931,0.1483424487363601
17.233366666666665,-0.08086178504007024,0.984070153738162,0.15832657465468053
17.433366666666668,0.06464290509195042,0.9683143007999333,0.24122336057606333
17.633366666666667,0.23569179500869586,0.9250354331442734,0.2979241937023
17.833366666666667,0.28326673430428717,0.9272198562898655,0.244996521074046
18.033366666666666,0.23905647057336454,0.9458680109709393,0.21951243631941486
18.233366666666665,0.19008842066966963,0.9599026719449656,0.2060418712791814
18.433366666666668,0.048955878608966996,0.9793972560020171,0.19591921009779234
18.633366666666667,-0.1928677122979393,0.970824588641761,0.14248390660532498
18.833366666666667,-0.34824776560577025,0.9367511676490965,-0.03493914221390802
19.033366666666666,-0.4607341845826977,0.8871904590576806,-0.02484150788375501
19.23336666666667,-0.7421773683530691,0.669957333924689,0.018163827378495964
19.433366666666668,-0.8619800502607688,0.5063088818015256,0.025331979025172535
19.633366666666667,-0.931520774536523,0.36347049342387944,-0.012579627064339103
19.833366666666667,-0.9708989541553873,0.2299841154559513,-0.06680215159648195
20.033366666666666,-0.9813008722916606,0.13864689181929143,-0.13351268639524996
20.23336666666667,-0.9816571284011562,0.06538325160193331,-0.17909302797472235
20.433366666666668,-0.9759127905035614,-0.015957796345455074,-0.217576593564999
20.633366666666667,-0.9676404256993842,-0.08611008077414532,-0.2371857089737586
20.833366666666667,-0.9639716441503331,-0.110942907049064,-0.24176505258123368
21.033366666666666,-0.953377596009853,-0.18084972157158044,-0.24158753617261733
21.23336666666667,-0.9444542588302969,-0.23316543253188632,-0.2316031822957817
21.354666666666667,-0.9322437466192097,-0.28003204511798413,-0.2291367508637965
