0.039953038601982266,-0.9992826321908923,0.021630911645306804,0.031085763028032544
0.23995303860198228,-0.9998113771256406,0.005396135607926345,0.018657220871044763
0.4399530386019823,-0.9989216896871993,-0.026081279138773148,-0.03840865463611429
0.6399530386019824,-0.9231562018301295,0.20125964502864255,-0.32753195615926356
0.8399530386019823,-0.9302554116971422,0.20588149163707006,-0.30370656958563846
1.0399530386019822,-0.9422810544271076,0.1907123461800266,-0.27520031882657403
1.2399530386019824,-0.9715885039201649,-0.1334016789226036,-0.19549877521561898
1.4399530386019823,-0.8733409992997614,-0.4553929852594175,-0.1728951356129225
1.6399530386019823,-0.6259964065811021,-0.7742218368088665,-0.09332227148892272
1.8399530386019822,-0.5222762812314963,-0.8433612723116096,-0.12636949959520455
2.039953038601982,-0.27554440710226147,-0.9130028263367284,-0.3008340386588739
2.2399530386019824,-0.19769432572187418,-0.9225157081636658,-0.3314841199343703
2.4399530386019825,0.02247546167730441,-0.9655756252537474,-0.25914969716020725
2.6399530386019823,0.23141935544138148,-0.9614729706623261,-0.14837388116800684
2.8399530386019824,0.3807944974091531,-0.9227433884570907,-0.059499494129257695
3.039953038601982,0.3248637936231948,-0.9417745479187096,0.08674224164302564
3.2399530386019824,0.5379043847161942,-0.8394769320710599,0.07705422391831387
3.4399530386019825,0.12817119251541992,-0.9911418368612486,0.034785120849081995
3.6399530386019823,0.056505871345709446,-0.9978157988699711,0.034215757027187606
3.8399530386019824,0.036720850705388275,-0.9976716338678926,0.05747077604176248
4.039953038601983,0.08629013112239936,-0.9936371010434963,0.07238317968116294
4.239953038601983,0.0633246928989909,-0.9946893623957969,0.08113603148966461
4.439953038601983,0.05998890018305464,-0.9943495861699203,0.08757986263140695
4.639953038601983,0.06338360615730193,-0.9934504810880423,0.09507186806008093
4.839953038601983,0.06112508683700213,-0.992927476076009,0.10177794953965039
5.039953038601983,0.0612910617838715,-0.9930879670253612,0.10009842903283282
5.239953038601983,0.04852568057717388,-0.9939842081428277,0.09818682338887239
5.439953038601983,0.033862153638318515,-0.9936278842482041,0.10750340550611594
5.639953038601983,0.1221802000120703,-0.9891491388811328,0.08158418827030217
5.839953038601983,0.14289397785634428,-0.9860030278004086,0.08590308644523625
6.039953038601983,0.14706873944697701,-0.9828119557458604,-0.11158604536622828
6.239953038601983,0.14285099285447073,-0.9815925175860245,-0.12676641219038443
6.439953038601983,0.13007932824412138,-0.9872349531246577,-0.09190492746590602
6.639953038601983,0.11861210389364979,-0.9908345084694843,0.06463857699515127
6.839953038601983,0.11803612255336121,-0.9902084092308566,0.07453039689324471
7.039953038601983,0.12402857719894528,-0.9888510474615486,0.08240459921753979
7.239953038601983,0.11645791075133416,-0.9893129238489149,0.08773536190696128
7.439953038601983,0.11133258593976708,-0.9898793285721489,0.08799983053118149
7.639953038601983,0.10685250057357348,-0.9911187082626104,0.07915964409362582
7.839953038601983,0.10476254967341458,-0.9920533794600841,0.06967711595460667
8.039953038601983,0.10158116312403093,-0.9929074994507765,0.06177349620003503
8.239953038601984,0.09464751554739231,-0.9940232306325751,0.05440280106285827
8.439953038601983,0.08956328286080562,-0.9947601793686871,0.04930115521539726
8.639953038601982,0.08612481081975432,-0.9951652289940377,0.04720893943424445
8.839953038601983,0.028564686705029763,-0.9931515669173065,-0.11328735058753141
9.039953038601983,0.016515447748623235,-0.99336013382364,-0.11385466400434557
9.239953038601984,0.02811258718632459,-0.9977755616313903,0.06044510776610186
9.439953038601983,0.07692381211276561,-0.9908868722714594,-0.11057094324516162
9.639953038601984,0.06351739861590955,-0.9904838594202651,-0.12209530826778052
9.839953038601983,0.04443690995665395,-0.9846004588533129,-0.16907778523315786
10.039953038601983,0.4143073750936498,-0.9096243474251817,0.03054415679507201
10.239953038601984,0.5718513129032492,-0.8180188104478638,0.06189750951607401
10.439953038601983,0.5267307811081584,-0.8472044746566454,0.0692767086035889
10.639953038601984,0.8608583007917017,-0.508744083732093,0.010121424090379132
10.839953038601983,0.937076199452659,-0.3491215261910933,0.0015350470229970083
11.039953038601983,0.9585158473615915,-0.28495701740132645,0.006846063864024106
11.239953038601984,0.9511139939101529,-0.3085726944914699,0.012847676932098996
11.439953038601983,0.9598266648788962,-0.2802905490943067,0.013037694422976023
11.639953038601984,0.9632475151428429,-0.2682989331822606,0.013034838871253143
11.839953038601983,0.9280113619986108,-0.37253236168618203,0.0038146425781131563
12.039953038601983,0.718543819081682,-0.6950196871776465,0.02534589700519662
12.239953038601984,0.24343257181296934,-0.9684515284827089,0.05331247471304212
12.439953038601983,0.021996574478630238,-0.9993430177116136,0.02880422993679629
12.639953038601984,-0.44320011789630304,-0.8951407410153254,-0.04792399473371934
12.839953038601983,-0.6751251342668485,-0.7366590267817713,0.039236862031812925
13.039953038601983,-0.904990129854721,-0.38558220379585834,0.17977549605400678
13.239953038601984,-0.9522986287139699,-0.21971276634340842,0.21178673720330043
13.439953038601983,-0.9762848336816059,-0.09387688874185998,0.19507704448096222
13.639953038601984,-0.9756626206950766,0.053787654291960384,0.21257784179961875
13.839953038601983,-0.9489666540199097,0.24680007331693998,0.19634666630480493
14.039953038601983,-0.9111653588150774,0.3561496856392843,0.20720784327440545
14.239953038601984,-0.864493690686753,0.4633230126028128,0.19489085344225573
14.439953038601983,-0.6759192915045044,0.7046881908572201,0.21574907888199052
14.639953038601984,-0.605421168008104,0.7752255806264182,0.18025123708351148
14.839953038601983,-0.5177459713415801,0.8451752058671005,0.13273274105158842
15.039953038601983,-0.2829203741813304,0.9568719167573106,0.06597118154381698
15.239953038601984,-0.09300768319425773,0.9949066868536484,0.03886200356046713
15.439953038601983,0.14938434507721676,0.9884398769216532,-0.02590226161858522
15.639953038601984,0.2587684817234023,0.9657440631737497,-0.019423627653503767
15.839953038601983,0.5856062525142133,0.8096255962318939,-0.0396448097789621
16.039953038601983,0.6367808905007282,0.7699967766730536,0.040187826592233106
16.239953038601982,0.6583918198067071,0.7517062369096699,0.03818304601149939
16.439953038601985,0.6089492922782024,0.7915021704638363,0.052010321907408376
16.639953038601984,0.5593390603145031,0.8271574653941242,0.05431706038858586
16.839953038601983,0.5414966853402408,0.838413827489323,0.06199672281851403
17.039953038601983,0.5458464618331564,0.8341188201264371,0.07935637350020941
17.239953038601982,0.5251509906732834,0.8478750461503669,0.07296809652431649
17.439953038601985,0.5425865949298223,0.8377051337142599,0.06204752977544856
17.639953038601984,0.566401505991095,0.822513949145258,0.05157652055433196
17.839953038601983,0.5821926374694757,0.8118833332426352,0.0435566995898917
18.039953038601983,0.5896611054728897,0.8060131771580551,0.051405631404233494
18.239953038601982,0.5781421797696612,0.8142083185964266,0.05307008478950172
18.439953038601985,0.5672492959859594,0.822057434968702,0.04949555349839007
18.639953038601984,0.5301354924438249,0.8252241881970335,-0.19483685191947228
18.839953038601983,0.48972737090814966,0.8084246929190627,-0.3265220024165458
19.039953038601983,0.39924869901410054,0.7354370239296905,-0.5474786390070284
19.239953038601985,0.4065959060113859,0.7012278540674706,-0.5856272414212909
19.439953038601985,0.4129571597259364,0.7179362928526347,-0.5603872443552798
19.639953038601984,0.6257834827050219,0.6324459917390111,-0.45651626510654797
19.839953038601983,0.6191662256765,0.6316688322751193,-0.46650581058943347
20.039953038601983,0.7178373646771216,0.6525082262148144,-0.24278083242999565
20.239953038601985,0.7161670926320072,0.6571771798199662,-0.2349954249658787
20.439953038601985,0.7184190033626955,0.6663506121408784,-0.19962714571627735
20.639953038601984,0.7281907015006932,0.6767769975933157,0.10821828762508415
20.839953038601983,0.749605320571044,0.6505839968711035,0.12178803876737013
21.039953038601983,0.7870285929196936,0.603823989026903,0.12642224567886032
21.239953038601985,0.768960701383486,0.6313052697025507,0.10076257327801166
21.439953038601985,0.8093856476597957,0.5758121574977085,0.11547827778490125
21.639953038601984,0.8428086159121804,0.5262500994925277,0.11284710775336482
21.839953038601983,0.9169628720818825,0.3754052538236533,0.13509251135775013
22.039953038601983,0.9540896465837443,-0.29758479510591757,0.03400347046222037
22.239953038601985,0.9398014120062537,-0.3386988983633486,0.04534713043297808
22.439953038601985,0.9365638060541582,-0.3503679263670084,-0.009515953059550698
22.639953038601984,0.9630120135445223,0.1965977763808838,-0.18427472993065716
22.839953038601983,0.7034274787093185,0.6868810103530989,-0.1827136005144608
23.039953038601983,0.6040659760348231,0.7572841809204579,-0.24824376311345395
23.239953038601985,0.5490382104963492,0.7701166145809916,-0.32477291044863776
23.439953038601985,0.4370360041219972,0.808416426597481,-0.3942872205745923
23.639953038601984,0.39264452052866655,0.8360154582005195,-0.38328636050424375
23.839953038601983,0.4145537574021193,0.7817999020596428,-0.4657618440397598
24.039953038601983,0.3797715521843533,0.7965165727385172,-0.4704624506848275
24.239953038601985,0.36841998627596373,0.9052421179251715,-0.21166818761157455
24.439953038601985,0.3502738690746394,0.9151288096530457,-0.19961833178964955
24.639953038601984,0.13496400874346576,0.9815637037661068,-0.13534183312212322
24.839953038601983,-0.6485507167318699,0.7581581408505349,-0.06766240676061094
25.039953038601983,-0.810654994365805,0.5594100879455828,-0.17291279193423592
25.239953038601985,-0.926641163744744,0.29473615254031205,-0.23338113471212846
25.439953038601985,-0.9579605033765031,0.1896995868442805,-0.21523415324187378
25.639953038601984,-0.9743107525519088,-0.17359048821888104,-0.14347438747617514
25.839953038601983,-0.8555702730681845,-0.5154858454124637,-0.04768491398156729
26.039953038601983,-0.7354505589007494,-0.6775731060625269,0.0026760705064360494
26.239953038601985,-0.7747092373019079,-0.6322389597397134,-0.009974739412236719
26.439953038601985,-0.8144589844166346,-0.5798134248606588,-0.021747529845422196
26.639953038601984,-0.8656706831903382,-0.5000371437177245,-0.024023387924953114
26.839953038601983,-0.8846668962433241,-0.4660739642422043,-0.011812812821694618
27.039953038601983,-0.8957285465612354,-0.4441366008856644,-0.02032364704046241
27.239953038601985,-0.909368816500317,-0.41379971120078424,-0.04263982395555082
27.439953038601985,-0.9176718835870517,-0.3931098731409793,-0.05781817804874504
27.639953038601984,-0.9357726665692199,-0.34737885029067395,-0.060476862291802484
27.839953038601983,-0.9999770041227537,-0.006774506961689469,-0.00031189919556248155
28.039953038601983,-0.9925165209562598,0.12200348940221373,-0.0051092271986013585
28.239953038601985,-0.9907103149769891,0.13495608120671448,-0.0167310472930363
28.439953038601985,-0.9524496751630073,0.3009908993406441,-0.04737187769122803
28.639953038601984,-0.9605905531354797,0.27391630100076014,-0.04728265298113659
28.839953038601983,-0.9043305012839745,0.4026319103500286,0.1416823532249584
29.039953038601983,-0.8482031612430891,0.5050824472291464,0.15950899271905206
29.239953038601985,-0.787485248460624,0.5995023847507305,0.14305199801155175
29.439953038601985,-0.8180732018593421,0.5595789435889119,-0.1327691315461609
29.639953038601984,-0.8410116168738822,0.520922868670643,-0.14607814750717105
29.839953038601983,-0.9860047994483463,0.16428079848045032,-0.02839638560543868
30.039953038601983,-0.9939205043362535,0.10740500086807173,-0.02421150240065316
30.239953038601985,-0.981994254328576,-0.18561944006956865,0.03510994067103721
30.439953038601985,-0.9400982027199769,-0.3374466336380346,0.0484266320223421
30.639953038601984,-0.8872007295792228,-0.4611588928512852,0.014399339508172215
30.839953038601983,-0.7035705294291392,-0.7085737927859226,-0.05396008057604713
31.039953038601983,-0.7291198318074537,-0.678778299790802,-0.0874316338528512
31.239953038601985,-0.6949707392841697,-0.7133096608795301,-0.09058145083152677
31.439953038601985,-0.6499709124420274,-0.7557971341017813,-0.0794260981215371
31.639953038601984,-0.6456284582092894,-0.7598621120205911,-0.07598331833963695
31.839953038601983,-0.6598302741543184,-0.7468021220223034,-0.08313001775785346
32.03995303860198,-0.6764477238142579,-0.7307901022526984,-0.09145656562543912
32.23995303860198,-0.7993923085584531,-0.5790785888003389,-0.1601247170507874
32.43995303860198,-0.7984900178182822,-0.581439998211572,-0.15601672962950777
32.63995303860198,-0.6414924103208944,-0.7631839185617029,-0.07770324285056313
32.83995303860198,-0.618406388937115,-0.7828611149970031,-0.06857122390191847
33.03995303860198,-0.5979625339320147,-0.8012353046066811,-0.02151266290916387
33.23995303860198,-0.5874790953015003,-0.8089776011942253,-0.02058041179781864
33.43995303860198,-0.5346492716477644,-0.8449599633493303,-0.013885843986359265
33.63995303860198,-0.47059995631815804,-0.8200058902836507,-0.3257698896667167
33.83995303860198,-0.11243607256431998,-0.9376790190099863,-0.32881025971642164
34.03995303860198,-0.2172637519591557,-0.9758412828737264,-0.023027217026608544
