0.016666513,-0.9709831598349057,0.062261006248101484,0.23090099700520186
0.216666513,-0.9721844633763759,0.06897785381920012,0.22382900806661568
0.416666513,-0.974011310523016,0.08054178577966228,0.21169550707716975
0.6166665130000001,-0.9748998436762464,0.10004971791008302,0.19889783494584304
0.816666513,-0.9837648762715772,0.05644318337121528,0.17035502712069306
1.016666513,-0.9886095040534166,0.015189736394686263,0.14973483363438894
1.2166665130000003,-0.9902798761035049,0.014905526798124678,0.1382880770540169
1.4166665130000002,-0.9930664742468247,0.03321042975824281,0.11276544276618287
1.6166665130000002,-0.9959628412530175,0.051900426140002835,0.07324182281799826
1.8166665130000001,-0.9972280962726428,0.06196943068388966,0.04118147235293272
2.016666513,-0.9973954314184581,0.06333207006780599,0.03451669576472815
2.2166665130000003,-0.9967841103190276,0.0711720060759126,0.03682367399696824
2.4166665130000005,-0.9960112660318022,0.07732924429998407,0.0445168048462562
2.616666513,-0.9950267285831808,0.0877776981815604,0.04708380939346708
2.8166665130000004,-0.9919269689730561,0.11586292689572776,0.051542898590214374
3.016666513,-0.9878949629525831,0.14252363943730295,0.061241769850819576
3.2166665130000003,-0.9867993432269264,0.13488950485102827,0.08962074362529487
3.4166665130000005,-0.9844473146408443,0.0904272859557671,0.1506200207512427
3.616666513,-0.9666838936699371,-0.048907936292349394,0.2512573650398186
3.8166665130000004,-0.9168752368112097,-0.2139245519579088,0.3370105134739797
4.016666513,-0.8555870359759336,-0.3410140039710328,0.3894615166682858
4.216666513,-0.8118411318539477,-0.4222549793854313,0.403255141336487
4.416666513,-0.8020475876541955,-0.44804832008687523,0.3949333741346952
4.616666513,-0.7834147054320653,-0.4849049985339163,0.38875254559888484
4.816666513,-0.7556863472629843,-0.5188520536080937,0.39966322200947146
5.016666513,-0.7263499651091089,-0.5291522992026408,0.4386497149600754
5.216666513,-0.6471107108717363,-0.5628082767286113,0.5142903572116119
5.416666513,-0.5854285608140333,-0.6100819403447368,0.5339226781551901
5.616666513,-0.5653511801235478,-0.6277075349766518,0.5351273620984515
5.816666513,-0.5363803376903798,-0.6482350811534627,0.5404511198074415
6.016666513,-0.5132399770173719,-0.670827777973592,0.5353268331498248
6.216666513,-0.48797098312602755,-0.7025776912970682,0.5179468190062563
6.416666513,-0.46188721241854414,-0.7448769529062496,0.4814753659672816
6.616666513,-0.4286603887649667,-0.7793329931142553,0.45704524606152913
6.816666513,-0.43571470595557915,-0.7978487777808371,0.41664135993401763
7.016666513,-0.6480768298643047,-0.7393933742735875,0.18246605348215217
7.216666513,-0.7200337155115988,-0.6909561419136958,0.06427331077751379
7.416666513,-0.8501906010190661,-0.5158664648145856,0.10515575314047859
7.616666513,-0.9690966759345496,0.02734129828913084,0.2451613470767192
7.816666513,-0.8477811578319584,0.336556058482252,0.40987452704943195
8.016666513,-0.6845832867229017,0.5416360943533458,0.4878279049350528
8.216666513000002,-0.472473936807546,0.7464245078250977,0.468635074610981
8.416666513000001,-0.24965669542253782,0.8691791191255472,0.4268479744672992
8.616666513,-0.09000973078452829,0.8848235284758694,0.45714939770233737
8.816666513000001,-0.09610791717076705,0.8504110952419016,0.5172661184985597
9.016666513,-0.11144675936565734,0.8264298832169831,0.5518996901184652
9.216666513000002,-0.292097055890427,0.7751558354882694,0.5601899148044599
9.416666513000001,-0.5222125807273771,0.6406023530750258,0.5629588313232085
9.616666513000002,-0.7556134054535878,0.41473127071646054,0.5069973911064455
9.816666513000001,-0.8784480742951966,0.27961415446786037,0.3874853615148386
10.016666513,-0.8970968466824829,0.31295000122659566,0.3118966886720978
10.216666513000002,-0.8645947685536248,0.3985374057546273,0.30601278143906985
10.416666513000001,-0.8283700764418542,0.47167800526873943,0.3021967501503275
10.616666513000002,-0.8144160655198837,0.4951252975180753,0.3026176002494734
10.816666513000001,-0.8271546009280468,0.47619670520663093,0.2984157571474952
11.016666513,-0.8604144246396297,0.4241216655289955,0.28250279768697034
11.216666513000002,-0.912538728703221,0.3310923290458912,0.24010609793105356
11.416666513000001,-0.9655451075327598,0.22937571559138384,0.12292040683504128
11.616666513000002,-0.980452225844204,0.19466613494204993,0.02860994134684303
11.816666513000001,-0.9774153141931776,0.211273921988486,0.004757464477536473
12.016666513,-0.9766793791478346,0.21453974880422136,-0.008371769850032724
12.216666513000002,-0.9713393862407572,0.23769618752412736,-0.0005649547982816429
12.416666513000001,-0.9707024757925695,0.24015580133367875,0.007867310592235425
12.616666513000002,-0.9712003357268384,0.23355252789242006,0.04715002226019648
12.816666513000001,-0.9728246159985254,0.21281430096305665,0.09122685905437919
13.016666513,-0.9754921259952438,0.1975060530595035,0.09698696369170301
13.216666513000002,-0.9720883322876093,0.2097840413413636,0.10504727616068724
13.416666513000001,-0.9453599887524293,0.2985655354012512,0.13096989248133098
13.616666513000002,-0.8946954183922489,0.41744271369957725,0.15893926225779387
13.816666513000001,-0.8483128232122972,0.4999903175705642,0.17428435474611154
14.016666513,-0.8148474056754651,0.5457389952740014,0.19542941053302854
14.216666513000002,-0.8018493541223717,0.5600834787689782,0.2081924833022929
14.416666513000001,-0.8105835402477175,0.5468130586415062,0.20964208351044006
14.616666513000002,-0.8246064712511136,0.5239853103789285,0.21322186116316613
14.816666513000001,-0.8237205831118665,0.5210342611496049,0.22362401406408083
15.016666513,-0.8214154040559453,0.5222362481624453,0.2292292195267021
15.216666513000002,-0.7907947336117397,0.5486376977639253,0.27136758443896264
15.416666513000001,-0.7192771472404038,0.5966386670970159,0.35589701654046363
15.616666513000002,-0.6548079590890743,0.6123506507608316,0.4430047598236254
15.816666513000001,-0.571100987197724,0.6280962731461639,0.5285250553017189
16.016666513,-0.4730742665606151,0.6371842089028166,0.6084381827622487
16.216666513,-0.3957870230382167,0.6348071579940151,0.6636056845402304
16.416666513000003,-0.40016806254058485,0.6013691609684331,0.6915349983613538
16.616666513000002,-0.38610104628028113,0.5894250990526039,0.7095801819865748
16.816666513,-0.38030113137839516,0.5873945631975852,0.7143799245487171
17.016666513,-0.4131060692702064,0.5559701997793455,0.7212770012203594
17.216666513,-0.4137485104474227,0.5488389012053592,0.72635255257088
17.416666513000003,-0.41668190410516687,0.5537791738780613,0.7209055537102103
17.616666513000002,-0.4189221981040202,0.5711288299208682,0.7059150455748312
17.816666513,-0.4247852205209465,0.5742384857181798,0.6998626136228907
18.016666513,-0.43831752218138376,0.5793491802586138,0.687191586882759
18.216666513,-0.47520133966245004,0.5897711433454665,0.6529576443078018
18.416666513000003,-0.5485114771769878,0.5890608242043143,0.5934159627047902
18.616666513000002,-0.675077796252504,0.563689405212666,0.47594560976844175
18.816666513,-0.8177066069406377,0.4829724173018227,0.31319889701476183
19.016666513,-0.8985105013179611,0.3882940497597937,0.20471104010894223
19.216666513000003,-0.9265563508501824,0.36361802938241095,0.09630813780385475
19.416666513000003,-0.9614388776307752,0.27470629672712066,0.013104774646908995
19.616666513000002,-0.9859065086321994,0.16729672073297802,-0.0004043125752786659
19.816666513,-0.995493181316023,0.09482878244629267,0.0009099302484177363
20.016666513,-0.9993384542777524,0.02500733075521464,0.02640619643666532
20.216666513000003,-0.9944964722828327,0.0003494964092127197,0.10476948252836342
20.416666513000003,-0.9903541403976388,0.030216370079880605,0.13522443409550622
20.616666513000002,-0.9886996316958188,0.04523449402077211,0.14292263234084743
20.816666513,-0.9845569714035348,0.07587037996571981,0.1577696279534092
21.016666513,-0.9781667276488566,0.114607641063411,0.17336361074518683
21.216666513000003,-0.9669774744632563,0.17625019027318417,0.1840935477123756
21.416666513000003,-0.9549997611361684,0.22226316787804293,0.19640402346866062
21.616666513000002,-0.9499689545644416,0.23919316004276472,0.20086218547177676
21.816666513,-0.9483243970286114,0.24455897751026484,0.20216761491261356
22.016666513,-0.9496278876193983,0.24226091536535363,0.19878763528414017
22.216666513000003,-0.9533387626168575,0.23393730775980157,0.19083642139344226
22.416666513000003,-0.9584319686143998,0.2219066064556799,0.17934776148380005
22.616666513000002,-0.9661815613636353,0.18521500764842,0.1794117928752829
22.816666513,-0.9742703394578082,0.022934712922173372,0.22421263255210405
23.016666513,-0.9093840311889252,-0.25264355222227247,0.3304420060148108
23.216666513000003,-0.8391647126136947,-0.40589677493704224,0.36200883027860387
23.416666513000003,-0.821255942768055,-0.42260166935816407,0.3833360216883431
23.616666513000002,-0.6923217988477355,-0.5507477557522907,0.4662268078672125
23.816666513,-0.37039838312075657,-0.7775668248838389,0.5081287933404236
24.016666513,-0.12492632255263769,-0.9376567985020111,0.32433492281349185
24.216666513000003,0.1053626259064172,-0.9833495205503922,0.14806227573361935
24.416666513000003,0.26259218778506915,-0.9616304127392737,0.07944993523688514
24.616666513000002,0.3405932785149095,-0.9382483788127898,0.06071406991494911
24.816666513,0.3847375548747488,-0.9227014553387786,-0.024475256580867168
25.016666513,0.42142783097702496,-0.8818785751775629,-0.21139716630265293
25.216666513000003,0.3897867847981299,-0.8613038594607044,-0.32591705091147194
25.416666513000003,0.37192824021144577,-0.8499198255203518,-0.3732367537109282
25.616666513000002,0.3730806970581762,-0.8505658398173354,-0.37060564704064597
25.816666513,0.3480241090523309,-0.86062483189185,-0.3717581448327074
26.016666513,0.3087345318036807,-0.8776389546829823,-0.36665086130394364
26.216666513000003,0.22635195884280052,-0.9098049884376551,-0.34787882048492935
26.416666513000003,0.1173917578339515,-0.929346236616011,-0.35004963602368205
26.616666513000002,-0.05229814612622463,-0.9523812206645398,-0.3003912689098686
26.816666513,-0.26319708763430005,-0.9452844379249882,-0.19278128663763458
27.016666513,-0.4238640044102396,-0.8983388534889217,-0.11544093761541502
27.216666513000003,-0.5753319862122082,-0.8161567211463178,-0.05367785547883951
27.416666513000003,-0.8710797360478097,-0.4892716264339853,0.04281785858167709
27.616666513000002,-0.9910242041793914,0.08068381822480358,0.10658868705107206
27.816666513,-0.6518862573900794,0.7325299579290552,0.1960718443897853
28.016666513,-0.4184985652903032,0.8940344946806391,0.15987893285574756
28.216666513000003,-0.4158312559618822,0.8974872210012395,0.14697297270123166
28.416666513000003,-0.3474758998746798,0.9309369250991413,0.1123251552112739
28.616666513000002,-0.08164162334189806,0.9959656929537221,-0.037242231368594544
28.816666513,0.05534505435420173,0.9950138932243717,-0.08297154481512842
29.016666513,0.11621518366252004,0.9911058581368889,-0.06483216063828429
29.216666513000003,0.13828295235072802,0.9870953090932477,-0.08075070188718086
29.416666513000003,0.07884946664672576,0.9953642675424088,-0.05507028699117673
29.616666513000002,-0.04131888947903045,0.9978407869749999,-0.051054022577385345
29.816666513,-0.1663673247529997,0.957419965816821,-0.235942625038053
30.016666513,-0.2687944235030709,0.906662237173491,-0.3251355803002992
30.216666513000003,-0.27912448562891123,0.9035853930385368,-0.32499685999989075
30.416666513000003,-0.16534664387913356,0.9255903350410091,-0.34050406610873263
30.616666513000002,-0.10288320420874297,0.944147231856374,-0.3130511952855137
30.816666513,-0.19992639668889678,0.9745324557943353,-0.10156735947367981
31.016666513,-0.28146038081384106,0.9595704757234433,0.002134514467620066
31.216666513000003,-0.23969905638682565,0.9703324021409834,0.03161315742811594
31.416666513000003,-0.18447130797317401,0.9818101875273568,0.044934309855199285
31.616666513000002,-0.17144428060086697,0.9848874403934366,0.02456803623646111
31.816666513,-0.16560197880337563,0.9860069440946523,0.019138725493928355
32.016666513,-0.198098306149122,0.9800221719791635,0.017708854567461914
32.216666513,-0.22413725907943194,0.9744404925339414,0.015106806498044498
32.416666512999996,-0.2234733673994847,0.9746663656730012,0.009226575145630113
32.616666513,-0.22595970227142886,0.9741349798555485,0.0018038767245062515
32.816666513,-0.22242349795237493,0.9749501396935855,0.00011256148406025359
33.016666513,-0.2224876098143067,0.974935504463069,0.00016005142412853506
33.216666513,-0.22334503499639158,0.9747394164659717,-0.000255597413508656
33.416666512999996,-0.22003422257912397,0.9754879951268202,-0.002848202495857747
33.616666513,-0.2145560683826261,0.976679207283709,-0.007963641117969964
33.816666513,-0.21042006033087624,0.9775693842338129,-0.009027581020094799
34.016666513,-0.2100113149408473,0.9776714010759474,-0.007340239438225437
34.216666513,-0.20955019225477,0.9777601712924762,-0.008588618055154174
34.416666512999996,-0.209988646127027,0.9776456164492379,-0.010668511392289956
34.616666513,-0.2106752336322078,0.9774835788737413,-0.011907937109230929
34.816666513,-0.21669115747658746,0.9761612757486632,-0.012413943781074526
35.016666513,-0.22121798736069687,0.9751417306149249,-0.012696742945023145
