0.03333333333333333,-0.9954058545472765,0.09572499647418543,0.001977317127686952
0.23333333333333334,-0.9942568010551609,0.10701718546098984,0.0008576546892855191
0.43333333333333335,-0.9926253693089662,0.12117612159032486,0.0033501881388051354
0.6333333333333334,-0.9886322742600362,0.14952109234384356,0.015800925154326132
0.8333333333333334,-0.982686270909376,0.18179890875416418,0.03573303432427402
1.0333333333333334,-0.9814826191076618,0.18974908751387726,0.026213587644878526
1.2333333333333336,-0.984311237169023,0.1757488808589391,0.015611510484826601
1.4333333333333336,-0.9983839570635811,0.0552225056854053,0.013414512435840307
1.6333333333333335,-0.9934642851473319,-0.11314507991782992,0.015063367056837257
1.8333333333333335,-0.9662259072582123,-0.25764750432444733,-0.005025898768224435
2.033333333333333,-0.9367063763645396,-0.34941041104810505,-0.02221551550623472
2.2333333333333334,-0.9274426352351691,-0.37348065889122306,-0.01903564504352104
2.4333333333333336,-0.9463414753574144,-0.3229863994595758,-0.010844251126363688
2.6333333333333333,-0.964872542785245,-0.2595808548084358,0.040481551304977145
2.8333333333333335,-0.9694998734371197,-0.23954422045070378,0.05185134380200042
3.033333333333333,-0.9503322984415643,-0.31071774240771205,0.01797239805445291
3.2333333333333334,-0.9120227053361981,-0.41012502236017934,0.0034714529097743343
3.4333333333333336,-0.861336367206074,-0.5078965684202825,-0.01186331804956018
3.6333333333333333,-0.8515052425013137,-0.5242819616498124,-0.00820040739251999
3.8333333333333335,-0.8650529208387059,-0.5014136196310168,-0.016365396327176186
4.033333333333333,-0.8794459154581575,-0.4749121681798581,-0.03214520646487541
4.233333333333333,-0.8981511517261798,-0.437237606550331,-0.04634419134125344
4.433333333333334,-0.9389199451789937,-0.3394374362405987,-0.05667065751766966
4.633333333333334,-0.9788257361778747,-0.19436107311788767,-0.06421799944178215
4.833333333333334,-0.9961612691305668,-0.03814948895996821,-0.07878668908052901
5.033333333333333,-0.9769566262163312,0.19841925673776498,-0.07864826156779711
5.233333333333333,-0.8144233991811435,0.5742406654883029,-0.08343970856722092
5.433333333333334,-0.5198509319164165,0.8493326817220553,-0.09159150803680138
5.633333333333334,-0.24822146809769446,0.9629624532150235,-0.10530629835640892
5.833333333333334,-0.10932136400195708,0.986316956699108,-0.1234005684774651
6.033333333333333,-0.11003148804018986,0.981703289393079,-0.155408246996324
6.233333333333333,-0.16147544147217668,0.9728602232597902,-0.16573674245705813
6.433333333333334,-0.1808465478152469,0.9694724724586259,-0.16558276265440885
6.633333333333334,-0.17838832651135195,0.9710436538249341,-0.1589082355663193
6.833333333333334,-0.17592772689175196,0.9708731405271029,-0.16264925426739987
7.033333333333333,-0.22101220789721604,0.9590824916252697,-0.1769586907113134
7.233333333333333,-0.29288219775059515,0.9353364571283764,-0.19840798927290962
7.433333333333334,-0.3359303361845886,0.9194284055221927,-0.20445590319144044
7.633333333333334,-0.35645812682435474,0.9135039938167238,-0.1960817612675071
7.833333333333334,-0.37640260757512767,0.9084918524449753,-0.18155889141471893
8.033333333333333,-0.41732484601656067,0.8954648753058786,-0.15486326223698516
8.233333333333334,-0.45478398298971956,0.8784924553189244,-0.14636439035412224
8.433333333333334,-0.46897920545719496,0.8711293484052215,-0.14557528360210129
8.633333333333333,-0.47078949386708635,0.8696486397533216,-0.1485546897259392
8.833333333333334,-0.49097266595724354,0.85714145591826,-0.15573813222574134
9.033333333333333,-0.5265412279558758,0.8343248876466864,-0.1632676242127096
9.233333333333334,-0.5233557492455501,0.8357902893050702,-0.1659920240101196
9.433333333333334,-0.5003493826167794,0.8490540719909453,-0.16958088969751917
9.633333333333335,-0.4883319744987267,0.8559746243319724,-0.16982145088861408
9.833333333333334,-0.491831511497546,0.8538749282360286,-0.170292017510969
10.033333333333333,-0.4913933998387737,0.8540557676023494,-0.1706495602691472
10.233333333333334,-0.4914476761330133,0.8539080510421614,-0.17123148655793047
10.433333333333334,-0.4912587077991645,0.8540910451396383,-0.17086067020755807
10.633333333333335,-0.4946289085701271,0.8522070023724071,-0.1705446214753226
10.833333333333334,-0.49806663421371156,0.8496976721083124,-0.1730418848046346
11.033333333333333,-0.5014648771286699,0.8473523022676943,-0.17471992687717658
11.233333333333334,-0.5013561044553213,0.8472049379637956,-0.17574370434000278
11.433333333333334,-0.5016753161406726,0.8473325105745114,-0.1742110607816034
11.633333333333335,-0.4999993585136409,0.8484284204959411,-0.17369472295009525
11.833333333333334,-0.5013787823714932,0.8472918452011358,-0.17525936677773873
12.033333333333333,-0.5011884152960288,0.8470284252802728,-0.1770678376788874
12.233333333333334,-0.49822581297223534,0.8484411120573624,-0.17865810549488625
12.433333333333334,-0.49674408343765325,0.8490143537756699,-0.18005538773546279
12.633333333333335,-0.49889980305943504,0.8478250655032346,-0.17969876129704682
12.833333333333334,-0.49585299742821287,0.8494763554607581,-0.18033226681480186
13.033333333333333,-0.4872138232771217,0.8549105040668815,-0.17818731841464167
13.233333333333334,-0.4851215892275962,0.8560188372186497,-0.17857433743996481
13.433333333333334,-0.49323376834290367,0.8513574880513884,-0.17863615900788035
13.633333333333335,-0.49672981429620766,0.8494172428629871,-0.17818484536092438
13.833333333333334,-0.48553607608706095,0.8556469407678529,-0.17922899199793102
14.033333333333333,-0.47980603102421704,0.8585942853660381,-0.18056031050474783
14.233333333333334,-0.4855094720076668,0.855552466650985,-0.17975129873870674
14.433333333333334,-0.4873221869167818,0.85441539174975,-0.18025377799027403
14.633333333333335,-0.4883369776334707,0.8539975614365121,-0.17948582488959416
14.833333333333334,-0.48105190818078125,0.857887241626707,-0.18060604167565716
15.033333333333333,-0.4903196780098427,0.8528973464558822,-0.17931182271350565
15.233333333333334,-0.4982982901185815,0.8479775187394677,-0.18064590163453506
15.433333333333334,-0.497339605206358,0.8483791667433622,-0.1814004038832956
15.633333333333335,-0.49228896540419065,0.851031672075682,-0.1827475517355582
15.833333333333334,-0.49334857192101056,0.8502336269497108,-0.18360274014142422
16.033333333333335,-0.493913733912679,0.8495750295490452,-0.1851256130825073
16.233333333333334,-0.4895505906009998,0.851986914865819,-0.18563005182253203
16.433333333333337,-0.4905175543937465,0.8512004743712458,-0.18668230034404626
16.633333333333336,-0.49131249757466217,0.8501864291431127,-0.1891958388227145
16.833333333333336,-0.4875335884753031,0.8520806579831671,-0.1904456678409007
17.033333333333335,-0.48609821150789867,0.8528009799194436,-0.1908900663137261
17.233333333333334,-0.48924497275904666,0.8512358693674024,-0.18983374655819893
17.433333333333337,-0.4911791899521678,0.8501049302769724,-0.18990684789316128
17.633333333333336,-0.48874386602978137,0.8508811775823967,-0.19269316296707867
17.833333333333336,-0.48387718783620015,0.8527459958577985,-0.19669045131938118
18.033333333333335,-0.48173939553641026,0.8534904091546569,-0.19869895890323766
18.233333333333334,-0.4833792880883078,0.8527346130934405,-0.19795995423221754
18.433333333333337,-0.48169819722238333,0.8540265455136048,-0.19648283983799933
18.633333333333336,-0.47954125570644407,0.8553292583206664,-0.1960919272588904
18.833333333333336,-0.4815052370902041,0.8538461647262838,-0.1977357672170669
19.033333333333335,-0.4812709617173813,0.85351344979978,-0.1997324520915558
19.233333333333338,-0.47705643571847733,0.8552304643101627,-0.20247965343561325
19.433333333333337,-0.46818122677458496,0.8586581878048551,-0.20859639357267665
19.633333333333336,-0.44848824371343343,0.864494339457055,-0.2269533703154682
19.833333333333336,-0.33475703810873525,0.898386806760897,-0.2843217734796716
20.033333333333335,-0.21212083771294887,0.9314251986982166,-0.29572258865014733
20.233333333333338,-0.1716799488595271,0.9348873825762082,-0.31066312471775154
20.433333333333337,-0.17235145488763653,0.9317635042231085,-0.3195492891495593
20.633333333333336,-0.17480002202757322,0.9273807460312689,-0.3307716798482712
20.833333333333336,-0.18045728928177285,0.9236140942193911,-0.3381895499632841
21.033333333333335,-0.18242966358387303,0.9227736691820446,-0.3394232951772484
21.233333333333338,-0.18893356828262087,0.9214125190391557,-0.33956306709345524
21.433333333333337,-0.18875006545064482,0.9217271655516858,-0.3388103379125747
21.633333333333336,-0.19214906761161216,0.922225312212364,-0.33552825414679455
21.833333333333336,-0.19947673226229762,0.92147800362098,-0.33329764794947064
22.033333333333335,-0.19878627806973143,0.9213366688713115,-0.3340999225445869
22.233333333333338,-0.20082908803367883,0.9217577909315519,-0.33170808289299564
22.433333333333337,-0.20754459679241444,0.9211066188537627,-0.32937491866574115
22.633333333333336,-0.21008132956650655,0.9202101829627194,-0.3302711827260859
22.833333333333336,-0.21213842480825967,0.9184567613024612,-0.3338180138004301
23.033333333333335,-0.21234379937244485,0.9175342756778843,-0.33621565077244026
23.233333333333338,-0.2116148119314087,0.918004625187037,-0.33539033901775145
23.433333333333337,-0.21187736885355213,0.9179893627456983,-0.3352663276463093
23.633333333333336,-0.20075820674418193,0.9190197366523906,-0.3392622379048859
23.833333333333336,-0.19150755910565093,0.9196267077240022,-0.3429454377100076
24.033333333333335,-0.1977291300385084,0.9177739163764388,-0.344375129115429
24.233333333333338,-0.19847170737150605,0.9148919694324315,-0.35154184052696463
24.433333333333337,-0.1947351066961422,0.9145920421333021,-0.3544003875371446
24.633333333333336,-0.19637787348608227,0.9116076778401154,-0.3611193327807816
24.833333333333336,-0.19932226865977315,0.9112051328134191,-0.36052162092002304
25.033333333333335,-0.2016112032591758,0.9124046588372855,-0.35618908075964995
25.233333333333338,-0.20567439735144566,0.9119940598473341,-0.35491530972514734
25.433333333333337,-0.21211155033774226,0.9103805212806406,-0.35526890757017954
25.633333333333336,-0.21597448249524048,0.9079987906206418,-0.35901701790077434
25.833333333333336,-0.21205547330552854,0.9074484943678682,-0.3627253869122724
26.033333333333335,-0.21354282146187842,0.9084715145349875,-0.35927561937961616
26.233333333333338,-0.2178568172154861,0.9067537259998445,-0.36102089631784134
26.433333333333337,-0.21899605603471073,0.9067685630291824,-0.36029363100564793
26.633333333333336,-0.21730294027820318,0.9061099867850196,-0.36296573391285797
26.833333333333336,-0.22074650329819456,0.9044506990633565,-0.3650204299014318
27.033333333333335,-0.233402391798411,0.8998029104052175,-0.368616394004773
27.233333333333338,-0.27242451868133805,0.8835835900268735,-0.38087389127697363
27.433333333333337,-0.35646300788593643,0.8380138222754697,-0.41311857581591266
27.633333333333336,-0.45179701538352873,0.7653083572448791,-0.45845673211512517
27.833333333333336,-0.5165262383532889,0.7110848764241654,-0.477031386402856
28.033333333333335,-0.5391386969150954,0.7026390348054744,-0.4643574617213817
28.233333333333338,-0.5589768807455954,0.6884288240636905,-0.46218026893216557
28.433333333333337,-0.5751635368215924,0.6733854253356475,-0.4644770983120764
28.633333333333336,-0.5906128735349514,0.6594905900444057,-0.4650253705526929
28.833333333333336,-0.5828879810327039,0.6694120061738448,-0.4605748229744291
29.033333333333335,-0.5759996623807255,0.6792624912471988,-0.45478220822932325
29.233333333333338,-0.5756448847171409,0.6815308095426595,-0.4518282000308491
29.433333333333337,-0.5829879811062215,0.6771614783549393,-0.44897365860130906
29.633333333333336,-0.5790607707983084,0.6793817745958309,-0.4506983781527162
29.833333333333336,-0.5747150334598292,0.6874860521345112,-0.4439206668265982
30.033333333333335,-0.5712462897050652,0.6919261855393425,-0.44149272957000324
30.233333333333338,-0.5758664043281037,0.6900581582429118,-0.4384034929247502
30.433333333333337,-0.5772295683539773,0.6890357688372057,-0.4382188205460852
30.633333333333336,-0.5743211050697674,0.6902651955973607,-0.44010138379511915
30.833333333333336,-0.5741835999065886,0.6887319307644083,-0.4426754128521721
31.033333333333335,-0.5748182204626903,0.6871329370855648,-0.4443335911185102
31.233333333333338,-0.5773121857861329,0.6846620118111826,-0.44491411499917854
31.433333333333337,-0.5840954813650552,0.6830262885517852,-0.438528856286674
31.633333333333336,-0.583592613622419,0.6832209210157453,-0.4388950152505163
31.833333333333336,-0.5861310720788089,0.6840176469906167,-0.43424673280194775
32.03333333333333,-0.5855305518196612,0.6847714923564148,-0.43386861622123774
32.233333333333334,-0.5861594252489126,0.6841821010074166,-0.4339492837336427
32.43333333333333,-0.5864283982845168,0.6837557482941143,-0.4342577694874466
32.63333333333333,-0.5861273138958446,0.6831093294644789,-0.4356792580601375
32.833333333333336,-0.5852462824323686,0.684269289093772,-0.43504290466825957
33.03333333333333,-0.5842045631837468,0.6868788154373907,-0.432322242382479
33.233333333333334,-0.5857818909815321,0.6873582890761362,-0.4294160670450365
33.43333333333333,-0.5888100265566296,0.6857152882259484,-0.4278986984317495
33.63333333333333,-0.5886160660431328,0.6839663552955019,-0.4309537697012221
33.833333333333336,-0.5872481396104784,0.6836998960859114,-0.4332367419969665
34.03333333333333,-0.5879810798984412,0.6826461869651184,-0.43390371409270945
34.233333333333334,-0.5891649505790192,0.6827339548080626,-0.4321562309644093
34.43333333333333,-0.5902376043704577,0.6830011579192465,-0.43026618350503854
34.63333333333333,-0.5931742490320095,0.6838001573625289,-0.4249254700253831
34.833333333333336,-0.6373196658440039,0.657298339945024,-0.40222199819751664
35.03333333333333,-0.7913205276011606,0.5414308743891827,-0.28401484266704446
35.233333333333334,-0.9497925840109025,0.29599926943114147,-0.10138283806504507
35.43333333333333,-0.9952486675732346,0.08856851594203828,0.04044388306686505
35.63333333333333,-0.9943729183050063,-0.020190760222248434,0.10399438707561778
35.833333333333336,-0.9837420065123617,-0.11858890173701411,0.1348641427802137
36.03333333333333,-0.962229858500667,-0.23670321050524595,0.13448155838737402
36.233333333333334,-0.9333856676600073,-0.323248868571421,0.15588894885199203
36.43333333333333,-0.8975790484734978,-0.37728470537479347,0.2280528509614958
36.63333333333333,-0.8638495472255052,-0.3579670074471346,0.35443417066873334
36.833333333333336,-0.8502552839287787,-0.28275856165679514,0.44397471545232503
37.03333333333333,-0.8581277508106671,-0.2779025193676886,0.43172555288946923
37.233333333333334,-0.8602790429614352,-0.2249619992427398,0.4575063574837694
37.43333333333333,-0.8219944014075248,-0.2529135495213237,0.5102547800101533
37.63333333333333,-0.7581891468026458,-0.31917799185857293,0.5685724467328722
37.833333333333336,-0.6924651512054245,-0.39232407816224446,0.6054534103134559
38.03333333333333,-0.6198782096259705,-0.43698801998879205,0.6517610571499162
38.233333333333334,-0.5518332492987332,-0.5440106247046168,0.6320858368741501
38.43333333333334,-0.6156923225825868,-0.5745906357702616,0.5392296034139695
38.63333333333333,-0.6939899496374881,-0.5491516353900123,0.46562907034530426
38.833333333333336,-0.781472236308524,-0.48631251412834964,0.39089804614645796
39.03333333333333,-0.8469529305595694,-0.4464821856549069,0.2886596461394877
39.233333333333334,-0.8828259060258559,-0.4331737876358367,0.1816009068117486
39.43333333333334,-0.9112263954358955,-0.3909076814557815,0.12983697793683602
39.63333333333333,-0.8836848397165207,-0.4486371513935933,0.13351333433267823
39.833333333333336,-0.7877666615878839,-0.6107746555582514,0.07986242557285442
40.03333333333333,-0.6720772149608341,-0.7391338989540317,0.04464634976681282
40.233333333333334,-0.5018526455282717,-0.8649220397699803,-0.0073339823023673145
40.43333333333334,-0.2920316342348038,-0.9513817297955535,-0.09793022422812472
40.63333333333333,-0.19164201876571263,-0.9674612839099379,-0.16520290790036682
40.833333333333336,-0.24680283709510753,-0.9627477486482071,-0.11047683953939813
41.03333333333333,-0.3737466635542929,-0.9238037015118926,-0.08306715689705886
41.233333333333334,-0.48086838682034705,-0.874092617052048,-0.06875820948729543
41.43333333333334,-0.5770233036584881,-0.8144595113400213,-0.060826075188344673
41.63333333333333,-0.691215147409746,-0.7212764663676788,-0.044518300231231475
41.833333333333336,-0.826868538766935,-0.5619362407246847,0.022717415294060374
42.03333333333333,-0.9306212493298971,-0.36099117660235164,0.060245005692682284
42.233333333333334,-0.9696022255288173,-0.20019908589670773,0.14068351095877366
42.43333333333334,-0.9706736195972605,-0.052942257655185496,0.23449912915046042
42.63333333333333,-0.9768554518494839,0.020475509064770508,0.21291824656538677
42.833333333333336,-0.9758520395607699,0.010740297568218732,0.2181683819741807
43.03333333333333,-0.9756251871419176,0.020915200609264484,0.21844461219671282
43.233333333333334,-0.9886338890222431,0.07352842897470492,0.13113582122847753
43.43333333333334,-0.9830222668409995,0.02685102721765079,0.18151100581546037
43.63333333333333,-0.9433103116884405,0.015855014968893615,0.3315332175854988
43.833333333333336,-0.8886186426263625,-0.019430940169697045,0.4582350341702416
44.03333333333333,-0.9019045710403792,-0.10867060635701113,0.41804167740844816
44.233333333333334,-0.9192991554595735,-0.18229319768056898,0.3487954312354268
44.43333333333334,-0.9231791516375507,-0.2095742972938288,0.3222093541403949
44.63333333333333,-0.9357579410545085,-0.19115099392320434,0.2963416495796676
