0.03333333333333333,-0.9992083359607019,-0.037804063802688255,0.01239169506755821
0.23333333333333334,-0.9987725227628698,-0.04641727747970318,0.017288265536630192
0.43333333333333335,-0.9070492843884349,-0.038075052789800896,-0.41929927980558457
0.6333333333333334,-0.8884320869933499,-0.03046888800255991,-0.45799571358750546
0.8333333333333334,-0.8590455366656168,0.054111591289378334,-0.509031140130949
1.0333333333333334,-0.8359821497688034,0.13565639914122,-0.5317247282569884
1.2333333333333336,-0.7232938742491987,0.6308897028989301,-0.28075639663182095
1.4333333333333336,-0.6045458151034449,0.7372276018519592,-0.30169491296427364
1.6333333333333335,-0.568248107813555,0.8025148556526683,-0.18183507478781802
1.8333333333333335,-0.29705401588755415,0.9388574861437584,0.1740848424099558
2.033333333333333,-0.16261731290946413,0.9453283376969729,0.28268346872285166
2.2333333333333334,-0.06075480016278728,0.9806335974420821,0.18618969312231237
2.4333333333333336,0.11614218456196995,0.9237895941687475,-0.3648613142972469
2.6333333333333333,0.18153364643499376,0.7320365523520083,-0.6566338562948151
2.8333333333333335,0.14406370526483714,0.5445707719187732,-0.8262495526154052
3.033333333333333,0.09672872040355138,0.44455939202538497,-0.8905113708488577
3.2333333333333334,0.145370587950235,0.2123391702915178,-0.9663226525953498
3.4333333333333336,0.13405246779384597,0.29181606897780993,-0.9470339580842484
3.6333333333333333,-0.11284074744820885,0.7458770837703054,-0.6564558946506871
3.8333333333333335,-0.12829558580194664,0.7489999286854101,-0.65003026813602
4.033333333333333,-0.13811549963026437,0.8011135744496676,-0.5823582656701622
4.233333333333333,-0.07228421010183328,0.9797359459530175,-0.18679526005094424
4.433333333333334,0.11640729445884651,0.580215970350418,0.8061009673403785
4.633333333333334,0.19824429058884413,0.5275665463726974,0.8260585574868836
4.833333333333334,0.560357561451911,0.6523471015110963,0.510335833029329
5.033333333333333,0.575304856249586,0.6223730548137465,0.5307316676225833
5.233333333333333,0.5178531244707572,0.6508798643536345,0.5551428137469393
5.433333333333334,0.46266337344252206,0.6706273709431464,0.5798288818407279
5.633333333333334,0.4464317034616948,0.6604116012341472,0.6037841096779869
5.833333333333334,0.45636839349493774,0.6388824095622812,0.6193199142371763
6.033333333333333,0.299188976746089,0.6113262711326625,0.7326432599953835
6.233333333333333,0.3029265024718873,0.6151876061054787,0.7278597003505277
6.433333333333334,-0.3117334622378332,0.9412543084265865,0.12985597941412474
6.633333333333334,-0.5745830803226131,0.5481178581704339,0.6078002117156871
6.833333333333334,-0.6731054846263047,0.4309538050847196,0.6010056775513768
7.033333333333333,-0.9646767151856122,-0.1655556489090815,0.2049150123660798
7.233333333333333,-0.9535497544311027,-0.2835518992815475,0.10169162324503907
7.433333333333334,-0.9707328201596457,-0.23538171263313046,0.04767851951136554
7.633333333333334,-0.8671101494617953,-0.4235457968991949,-0.2621620617659411
7.833333333333334,-0.7785510303199541,-0.34288995713564857,-0.5256279772645773
8.033333333333333,-0.774991548050688,-0.3588453873803362,-0.5202096581243514
8.233333333333334,-0.5395454495726371,-0.8029301509431197,-0.2533651131310704
8.433333333333334,-0.15339913480187595,-0.9505565573115363,0.2700202525627969
8.633333333333333,0.19996756954110106,-0.9191417997887913,0.3393984723195526
8.833333333333334,0.6016018017196589,-0.6749492177497907,0.4272222204270348
9.033333333333333,0.7097855625545315,-0.5916335956948834,0.3823272729407231
9.233333333333334,0.6569722692351834,-0.6720514178929761,-0.34166405892925633
9.433333333333334,0.6901505400579631,-0.6937538921220229,-0.2059071859436846
9.633333333333335,0.7368435149001363,-0.36544670221456566,0.568779695831445
9.833333333333334,0.7087895185688361,-0.17265472701330392,0.6839647385698465
10.033333333333333,0.7629913045140088,0.27071803722391696,0.5869889381901852
10.233333333333334,0.7143049197170585,0.5071392146736873,0.4822637230895174
10.433333333333334,0.7148336524727471,0.5142033806997967,0.47392798247135803
10.633333333333335,0.15727017213293326,0.23417988281946966,0.9593882818963013
10.833333333333334,0.06656166972110873,0.12058911037791281,0.9904684803577559
11.033333333333333,-0.10755130166613382,-0.1450024326764174,0.9835685090667764
11.233333333333334,-0.6511005024694486,-0.4061409794678452,0.6411845603887628
11.433333333333334,-0.8959172030731881,-0.4386240414239926,0.0702944914086417
11.633333333333335,-0.9755960553579229,-0.16096031672905994,-0.14934561663651708
11.833333333333334,-0.9913529008576452,-0.13102275421025472,-0.007243192686336857
12.033333333333333,-0.6346798102231541,0.0045086947982785125,0.7727620656879562
12.233333333333334,-0.5678501429130757,0.40844996888073165,0.7146431543889084
12.433333333333334,-0.5338264014690786,0.41145313760980295,0.7387392561964083
12.633333333333335,-0.29111679241704713,0.949813765420518,-0.11447630405681065
12.833333333333334,-0.29513543926361113,0.9247708487834159,-0.24019564885958283
13.033333333333333,-0.40822999399806,0.8467872078357983,-0.34102741333505143
13.233333333333334,-0.37115497502412903,0.8817675092634459,-0.29108425605342675
13.433333333333334,-0.19990045381233218,0.8488549667389071,-0.489372101787906
13.633333333333335,0.16628809902366332,0.8677487306609059,-0.4683592729513134
13.833333333333334,0.5708942959298544,0.703860476203154,-0.42268207072671726
14.033333333333333,0.9621765579096474,0.2706121890050029,0.03138972078664089
14.233333333333334,0.8794104480950018,0.30654931657625234,0.3642317672691128
14.433333333333334,0.9338305297258436,-0.040609999476249964,0.35540310872935416
14.633333333333335,0.893576303012878,-0.4031732130416593,-0.19741517413689777
14.833333333333334,0.8186549874849877,-0.3971549597783753,-0.4148155606885935
15.033333333333333,0.7179618411956374,-0.37281441670075316,-0.5878266796318858
15.233333333333334,0.7406676646527316,-0.3905595867984172,-0.5466942652870233
15.433333333333334,0.9207819136051414,-0.08151245629122328,0.3814661020943083
15.633333333333335,0.9619966031383073,-0.08182310191047745,0.2605139450089109
15.833333333333334,0.8913496001919683,0.14980440632166167,0.42784872336403323
16.033333333333335,0.8967757590533662,0.07495782477330525,0.4360900852799954
16.233333333333334,0.9118706815523623,-7.390993700482242e-05,0.4104775933745367
16.433333333333337,0.9059710842274538,-0.024338518064290885,0.42263936291141424
16.633333333333336,0.8995490981516995,-0.07625086866375659,0.4301130375174493
16.833333333333336,0.8936075347965995,-0.03651924034226525,0.4473610609335243
17.033333333333335,0.9153398162133168,-0.047945359857471004,0.3998177876517118
17.233333333333334,0.9077314014297128,0.11594513565244019,0.40321263419812087
17.433333333333337,0.8776934928200848,0.2406332406952754,0.41442704561088917
17.633333333333336,0.6250899320245108,0.6372356992315498,0.4507696091203027
17.833333333333336,0.2699646871790369,0.9104429393578728,0.3133890901893708
18.033333333333335,0.10303794696374186,0.9483595573063396,0.2999955525524019
18.233333333333334,-0.08580846003889825,0.9530756593451215,0.2903165440508247
18.433333333333337,0.32138355178884825,0.8747482672947645,0.3626680045225828
18.633333333333336,0.19975460140617457,0.9289725192933922,0.31162181825852425
18.833333333333336,0.04873183345255916,0.9727159114853087,0.2268236406366352
19.033333333333335,-0.0167104447519677,0.9850699425184449,0.17134167439037992
19.233333333333338,-0.3343427809328706,0.9405542581337115,0.05977116649872069
19.433333333333337,-0.3251488239973051,0.9447534627901526,0.04146247459070952
19.633333333333336,0.06739000503176729,0.9877104953130086,0.14101973149297045
19.833333333333336,0.11659546410717403,0.9777983556564601,0.17411454110773017
20.033333333333335,-0.4612420863286816,0.886279650472798,-0.04200141613064708
20.233333333333338,-0.4329823017344594,0.8987672123571138,-0.0688754265072271
20.433333333333337,0.2110011111703528,0.9313425380304674,0.2967820883069663
20.633333333333336,0.15154312997826536,0.9507616473277288,0.27034601851526147
20.833333333333336,0.13433009975974713,0.9437844602068471,0.3020369463668424
21.033333333333335,0.0990910857212951,0.9470165175506263,0.3055170571618858
21.233333333333338,0.24809265679547843,0.9548660207424804,0.16334294008490985
21.433333333333337,0.16340254120775005,0.9687576458615506,0.18656964681221982
21.633333333333336,0.13449246702549372,0.9701862076796203,0.20161968837797817
21.833333333333336,-0.3544079912461469,0.9338919025018899,0.04733804159734103
22.033333333333335,-0.36862404822962463,0.9282610800647132,0.049474016452033476
22.233333333333338,-0.5716881722663653,0.8195478396523062,0.03890979583576463
22.433333333333337,-0.6004004650633596,0.7992503656549129,0.0267980326178884
22.633333333333336,-0.6237572920924342,0.7815527875734273,0.010103504229685086
22.833333333333336,-0.7276559212338667,0.6590518345426809,-0.19017765294382022
23.033333333333335,-0.7756912580872563,0.47292673915477057,-0.4179035433200406
23.233333333333338,-0.7636136401434089,0.4012180454115885,-0.5058836710381518
23.433333333333337,-0.680761180392308,0.4169492083797791,-0.6022603862967802
23.633333333333336,-0.6951419313408654,0.3927192071980755,-0.6021206852362797
23.833333333333336,-0.7157482267128561,0.5668948771074435,-0.4078414817876411
24.033333333333335,-0.6192749868259311,0.7851741075508519,-0.0003339512928709327
24.233333333333338,-0.6493581087723623,0.7569506365692948,-0.0732105208895599
24.433333333333337,-0.9623541737107235,0.26810215409519633,-0.04467302666113626
24.633333333333336,-0.9345151976149828,-0.2905682964952667,0.20555147894984593
24.833333333333336,-0.8236541328130185,-0.3881500017895046,0.4134409820165904
25.033333333333335,-0.7490420822875706,-0.4711112559261756,0.4658220083915766
25.233333333333338,-0.9894374737217275,0.02222389066656767,0.14324658557468667
25.433333333333337,-0.9667340771086745,0.16924855229397334,-0.19178152075534746
25.633333333333336,-0.8391347774259045,0.5431823713436796,-0.02838550291671796
25.833333333333336,-0.7703243548184583,0.619732287457074,-0.15010756229034
26.033333333333335,-0.6994524249918279,0.6876091000258743,-0.19483334092156498
26.233333333333338,-0.7001326289900441,0.700492564852394,-0.1382912448783502
26.433333333333337,-0.7215225376956419,0.681858763292262,-0.12030733360351868
26.633333333333336,-0.7321419822450658,0.6696909224625401,-0.12442743349252992
