0.04170833333333333,-0.9786512340844118,-0.18324733103277235,0.0930708208539249
0.24170833333333336,-0.9857555020654074,-0.15325166388369263,0.06928215978631809
0.44170833333333337,-0.990550797877392,-0.12460629420980764,0.05729213094100202
0.6417083333333334,-0.9958324359862001,-0.08780976698950806,0.024641514950159486
0.8417083333333334,-0.9924712820556109,-0.036022802985656174,-0.11706029198643339
1.0417083333333332,-0.8475407719951287,0.07890561406719777,-0.524831919641498
1.2417083333333334,-0.5858475423344116,0.1881698664977413,-0.7882732765246785
1.4417083333333334,-0.40185743964856263,0.3310139217553176,-0.8537800546998426
1.6417083333333333,-0.29898472910729734,0.4200227313663344,-0.8568483161541489
1.8417083333333333,-0.2717910611780544,0.4954514945490516,-0.8250196577129653
2.0417083333333332,-0.22438089772429579,0.5739138009116047,-0.7875761308341144
2.2417083333333334,-0.1030923323981448,0.6726343773421548,-0.7327584632184346
2.4417083333333336,0.09589225398080373,0.6919019321162629,-0.7155951313139736
2.6417083333333333,0.221734583234048,0.690351763349671,-0.6886568212382881
2.8417083333333335,0.2955934866808177,0.6970149934420568,-0.6532951779623408
3.0417083333333332,0.3459626420388595,0.7505117170693125,-0.5630648389441169
3.2417083333333334,0.33910431434409505,0.7863967161407281,-0.5163220592191469
3.4417083333333336,0.3587349801753098,0.7763702334426391,-0.5182262774337498
3.6417083333333333,0.4493918872973427,0.6974983914334746,-0.558160304553314
3.8417083333333335,0.7023700532471563,0.3952327912489464,-0.592002828560095
4.041708333333333,0.7740775669790874,0.10886619450912628,-0.623660221589318
4.241708333333333,0.769055301091925,0.061458638645065455,-0.6362207003849399
4.441708333333334,0.682842300349982,0.01787077502607071,-0.7303471970595304
4.641708333333334,0.6193649640880619,-0.030054272850289814,-0.7845277445340184
4.841708333333334,0.5406391791820131,-0.08703664619043233,-0.836740043354757
5.041708333333333,0.5078188267127338,-0.10982969047974867,-0.8544340105152796
5.241708333333333,0.5846636695603317,-0.145395812566352,-0.7981406211842735
5.441708333333334,0.7114255344450685,-0.10886320016193927,-0.6942784114388479
5.641708333333334,0.8192340909611571,0.011801387757787933,-0.5733377987312865
5.841708333333334,0.874461096241602,0.07193772182482527,-0.4797319619731313
6.041708333333333,0.9293368415877107,0.10880478181097303,-0.35283785840360904
6.241708333333333,0.9442651935701694,0.22096406407177066,-0.2440043577495637
6.441708333333334,0.9367675786672203,0.30964117261388785,-0.16306087139546888
6.641708333333334,0.8941105672383521,0.42608509614710877,-0.13790498320953157
6.841708333333334,0.8216053524297752,0.5595547984863454,-0.10891773202582894
7.041708333333333,0.8088096025665478,0.5835667559449311,-0.07264205498230479
7.241708333333333,0.8505869220935969,0.5240223693536239,-0.043617019388722096
7.441708333333334,0.8871714741701903,0.4574686052496931,-0.06040902771599762
7.641708333333334,0.9318058836820067,0.35551899680174304,-0.07310292777089575
7.841708333333334,0.9636075648833168,0.25618259324562503,-0.07636059073626347
8.041708333333334,0.9825521494038881,0.17479095254448937,-0.06355624761099439
8.241708333333335,0.9961739947758168,0.05568496874766125,-0.06735396341688653
8.441708333333334,0.9951769516246189,-0.07123254486603808,-0.06744449204374453
8.641708333333334,0.9917386484037923,-0.10763600369454664,-0.06977781861657052
8.841708333333335,0.9850084317368497,-0.1597874414607845,-0.06501048345250852
9.041708333333334,0.9671218847604378,-0.24785715042627282,-0.05693938004568109
9.241708333333335,0.9217543310272732,-0.3841152082640803,-0.05314564904774418
9.441708333333334,0.8513409488244746,-0.5232767462350126,-0.03741705098403521
9.641708333333336,0.721102048790561,-0.6914152271123317,-0.044235946324888094
9.841708333333335,0.500675354212726,-0.8625996900170779,-0.07242903054992886
10.041708333333334,0.2361661782663247,-0.9653403540459305,-0.11110147205845887
10.241708333333335,-0.013869143332351841,-0.9954421641895078,-0.09435329679951009
10.441708333333334,-0.3126318603700674,-0.9495826730309076,-0.023538626999619134
10.641708333333336,-0.5588218006155248,-0.8289049701291085,0.025194159086681
10.841708333333335,-0.723592080070945,-0.6888115265919725,0.044194824274336374
11.041708333333334,-0.8349924192061149,-0.5474800082036974,0.055256678199100684
11.241708333333335,-0.9047917899766681,-0.41722282842165126,0.0853049133089889
11.441708333333334,-0.9527940961784132,-0.283305685088389,0.10918470169469682
11.641708333333336,-0.9603927788183461,-0.25429269829408635,0.11393390183737502
11.841708333333335,-0.9729510574192962,-0.213032962592014,0.0893487365100536
12.041708333333334,-0.9777847047239573,-0.18200683448718202,0.10397395543038515
12.241708333333335,-0.9830814270900217,-0.15998499791950596,0.08919477648014142
12.441708333333334,-0.9940905069145175,-0.07269396901906486,0.08062041261797487
12.641708333333336,-0.9956900270682355,0.039024650007876464,0.08413350514877901
12.841708333333335,-0.9951421999925619,0.05594805489057201,0.08100504273146113
13.041708333333334,-0.9923270830854978,0.08698957876541637,0.08786224081619591
13.241708333333335,-0.9821218415524308,0.13715490198165778,0.12893882738750265
13.441708333333334,-0.9323400655839209,0.30344813214894956,0.19662459968753673
13.641708333333336,-0.8116341478102311,0.5238703865084181,0.25847597228346075
13.841708333333335,-0.7069592568577474,0.6532445742179255,0.27107219591463644
14.041708333333334,-0.65817640435503,0.7020768446683716,0.27183069166447577
14.241708333333335,-0.6319821143424768,0.7206479479147567,0.2850704164192812
14.441708333333334,-0.64004661732935,0.708549754628046,0.2971490751488097
14.641708333333336,-0.6270252027870905,0.7224559086208768,0.2913706491199671
14.841708333333335,-0.5716913221749512,0.7701877939145408,0.28280699117049635
15.041708333333334,-0.49146868391660636,0.8263673965357682,0.27490991010142984
15.241708333333335,-0.4520869578695595,0.8505284527725924,0.26873543411412604
15.441708333333334,-0.4410175061727503,0.8542834975687429,0.27514226325827074
15.641708333333336,-0.4964289298881813,0.82610885093943,0.2666504902857098
15.841708333333335,-0.5824881581770227,0.7704460968427117,0.2590759684790755
16.041708333333332,-0.714127217513276,0.653496691250794,0.25092706456460795
16.24170833333333,-0.8953793518484572,0.38138178084866897,0.22987769252394827
16.441708333333334,-0.9654435391108891,0.02987401550402108,0.25889441088348447
16.641708333333334,-0.9302145121430037,-0.24045637040052012,0.277275486353125
16.841708333333333,-0.850142899719077,-0.43787851257358135,0.29243710141428225
17.041708333333332,-0.7722675507599035,-0.5540087746432274,0.3109294255319199
17.24170833333333,-0.7600361829296054,-0.5639411924444856,0.3229788415702918
17.441708333333334,-0.7887210070753649,-0.536315458897386,0.30047446072122136
17.641708333333334,-0.8128496507860647,-0.5216407916728257,0.2591646767596242
17.841708333333333,-0.8254867479556156,-0.5131553995329304,0.23503864550294787
18.041708333333332,-0.8769531357431006,-0.4229863440275372,0.22811345965672647
18.24170833333333,-0.9361899744811831,-0.27211175513917985,0.22249387496287767
18.441708333333334,-0.9645479637974435,-0.14255549470849732,0.22209267539165042
18.641708333333334,-0.9726080525126528,-0.0868696265814545,0.21560900761596888
18.841708333333333,-0.9763624413902189,0.012517701084606507,0.21577694548326676
19.041708333333332,-0.9751713662924395,0.06879465566907343,0.21049489712273511
19.241708333333335,-0.9750913393610017,0.08408475320430021,0.20524773855450978
19.441708333333334,-0.9795491783917459,0.0447687112901139,0.19616108075119854
19.641708333333334,-0.975667396427637,-0.0933743041726444,0.1983793609940091
19.841708333333333,-0.9445123954329423,-0.2599013863284674,0.20086713085536487
20.041708333333332,-0.9030744217934444,-0.37615720794799246,0.2072735960299972
20.241708333333335,-0.8557326534024908,-0.4746949588819297,0.20587938680891824
20.441708333333334,-0.8078463772676937,-0.5524375955931128,0.20541892247493607
20.641708333333334,-0.7779991806647025,-0.5946644195216754,0.2027103920375092
20.841708333333333,-0.7768243412465032,-0.5953866057790076,0.2050822579012851
21.041708333333332,-0.7766619711392344,-0.5926202098391763,0.21353563982691454
21.241708333333335,-0.7548684703489511,-0.6106833997636105,0.23924752397087243
21.441708333333334,-0.7652158791293882,-0.5925087192601423,0.25175002667118807
21.641708333333334,-0.7912714495363168,-0.5537909762460007,0.25923936386513113
21.841708333333333,-0.8497895991878806,-0.4650276050494172,0.2482075012043447
22.041708333333332,-0.9123367295653093,-0.3244276978821342,0.24977662167019304
22.241708333333335,-0.9421963060095118,-0.22547442254933514,0.2478455279364036
22.441708333333334,-0.9644922571348318,-0.16249912720604337,0.20820355324593315
22.641708333333334,-0.9557008963789213,-0.2051330781695224,0.21108343587601425
22.841708333333333,-0.9315005568023338,-0.324230284128099,0.1648679336049132
23.041708333333332,-0.9011011234639572,-0.4052753088031662,0.15417097446177294
23.241708333333335,-0.8723503034388006,-0.4621567852125499,0.1594241323395967
23.441708333333334,-0.8682434274779056,-0.4676341310811611,0.16574579961310132
23.641708333333334,-0.852158373354449,-0.4946810585642325,0.17063632971811746
23.841708333333333,-0.8528664061614872,-0.4931692889045745,0.17147287168104677
24.041708333333332,-0.8604681011989441,-0.4825337661025872,0.16357203731059303
24.241708333333335,-0.8536910487334919,-0.49142607532570526,0.1723717082420578
24.441708333333334,-0.8211633974769885,-0.5370998330026034,0.19291045599610296
24.641708333333334,-0.7886335739980237,-0.5840621665537621,0.19216782135318317
24.841708333333333,-0.7826245592644654,-0.587886594161094,0.20466595134943835
25.041708333333332,-0.7872370252472167,-0.5751878994192974,0.22229877741798273
25.241708333333335,-0.8125710541040051,-0.5391089967534239,0.22156211691492403
25.441708333333334,-0.838334227485168,-0.49983687075164246,0.21762083003254243
25.641708333333334,-0.8455486924462553,-0.4799719832641619,0.23382537070193063
25.841708333333333,-0.8335342322895932,-0.49022361608388715,0.25475770809739173
26.041708333333332,-0.7986947335861272,-0.518356279007299,0.30560348583661906
26.241708333333335,-0.7916641502030203,-0.5271429296883712,0.30884980971807485
26.441708333333334,-0.7998842027457325,-0.5244339984035212,0.2918120002952582
26.641708333333334,-0.817432733711558,-0.5142174556788385,0.2595845413964996
26.841708333333333,-0.8204838247082102,-0.5233598603787474,0.23000163029101603
27.041708333333332,-0.8043070395688133,-0.5523201390863178,0.21916352356111085
27.241708333333335,-0.7844821336405072,-0.5737254459759598,0.23542917117155093
27.441708333333334,-0.6963049934105542,-0.6892334332146819,0.20029136449340662
27.641708333333334,-0.44013537612899817,-0.8965811920572699,0.04922414782350446
27.841708333333333,-0.18611476804880928,-0.9814889445192997,-0.045174604597377474
28.041708333333332,-0.0018048803540450797,-0.9936431234181267,-0.11256147516258443
28.241708333333335,0.038144010453576016,-0.9865519929316204,-0.15893457682067097
28.441708333333334,0.030220938712388234,-0.9933177768841359,-0.11138441986786483
28.641708333333334,0.04940384361118194,-0.9970152751473722,-0.059327913828583066
28.841708333333333,0.1472190537998443,-0.9872972154996175,-0.05975582369092272
29.041708333333332,0.2579802172496139,-0.9642700971470638,-0.060244396053361966
29.241708333333335,0.40606431313622626,-0.9131362815432037,-0.03597088998976578
29.441708333333334,0.5887255824401578,-0.8080659494868605,-0.02077522227066494
29.641708333333334,0.7460045244597394,-0.6658519198880309,-0.01088440476193489
29.841708333333333,0.8474717800444547,-0.5307669373481705,0.008834039072066684
30.041708333333332,0.9191523876781899,-0.3922370317395875,0.03618009338850329
30.241708333333335,0.9707639510102689,-0.23987642579498522,0.008755099471478737
30.441708333333334,0.9957339713086155,-0.09224982955799636,-0.0019563559222168024
30.641708333333334,0.998333136683569,0.052049488684432065,-0.02493589635917441
30.841708333333333,0.9835193499912164,0.1781001389337796,-0.03114528382635017
31.041708333333332,0.9554743278612852,0.2937104888419489,-0.02833650546994798
31.241708333333335,0.9171937207295702,0.39725609143803425,-0.030712806280501458
31.441708333333334,0.8930427020723454,0.4490351680769311,-0.029019822629483372
31.641708333333334,0.8581205187995623,0.5124152609674216,-0.03255419393656502
31.841708333333333,0.7703387798779425,0.6370028855435937,-0.02838112093096594
32.04170833333333,0.6352189064053007,0.7707876967955869,-0.04881871991161257
32.241708333333335,0.48280716545575864,0.8717003402293428,-0.08387942434604631
32.44170833333333,0.2761552659550149,0.9543621993773884,-0.11371482526420634
32.641708333333334,0.10702913525421703,0.9872078130952217,-0.11817570803885445
32.84170833333334,-0.04053890205139349,0.9901865198544213,-0.13374323653574874
33.04170833333333,-0.1732335506317484,0.9798635729445657,-0.09928502078273069
33.241708333333335,-0.31175575509951564,0.9475665899833784,-0.07018480397922687
33.44170833333333,-0.4051446333872702,0.9138201114679858,-0.028118142081803146
33.641708333333334,-0.4428661491056467,0.8961617874862366,0.02763375880708742
33.84170833333334,-0.4688218633467709,0.8799075072373611,0.07725826269982423
34.04170833333333,-0.5136185907058284,0.8508291158816669,0.1108411424038018
34.241708333333335,-0.530491886867763,0.836081582393314,0.13980681510632068
34.44170833333333,-0.5188705988553777,0.8404611901301674,0.15619951833614854
34.641708333333334,-0.48255967956743634,0.8589097383754185,0.17149407272452172
34.84170833333334,-0.4615259452845719,0.8719151888530732,0.16357782635948148
35.04170833333333,-0.4717400720201951,0.8698541142702483,0.1442744756965103
35.241708333333335,-0.5055164796946428,0.8515692541199099,0.13886286110690793
35.44170833333333,-0.5248179700322291,0.8387790147743971,0.14496848866337075
35.641708333333334,-0.505970213171623,0.851183467314367,0.13957380969850391
35.84170833333334,-0.4578292047872925,0.8787752006045503,0.13470919065256276
36.04170833333333,-0.4069386790990305,0.9061370221125069,0.1153976109380711
36.241708333333335,-0.31924224486307146,0.939625778165995,0.12323873620227899
36.44170833333333,-0.14221932060783476,0.9835606450996134,0.11127498486667106
36.641708333333334,0.11165334542516159,0.9887927816005646,0.09910784787284883
36.84170833333334,0.3563088801441896,0.9310176257332041,0.07905796926623548
37.04170833333333,0.5261584039367543,0.8474772692012773,0.07028237441829331
37.241708333333335,0.7166742084877264,0.6926407058803521,0.08140596689468645
37.44170833333333,0.9408400334416298,0.33266636839909836,0.06444469574533125
37.641708333333334,0.9965912202816927,-0.06283753242322104,0.05345450566984217
37.84170833333334,0.9122865956916316,-0.4079299746022096,0.03641844508507009
38.04170833333333,0.7287286110170685,-0.684744139302041,-0.00894847342519861
38.241708333333335,0.4726179686595499,-0.8787217762148917,-0.06693501106197411
38.44170833333334,0.23739885421667606,-0.964285920530562,-0.11744976578578536
38.641708333333334,0.061310385002948886,-0.9896488290126637,-0.12975450637512986
38.84170833333334,-0.015331152333329323,-0.9925603607871397,-0.12078446076476715
39.04170833333333,-0.1337464407568723,-0.985349651718013,-0.10582038293286992
39.241708333333335,-0.26045245357814595,-0.9617397732102834,-0.08497722077449195
39.44170833333334,-0.46374486078800364,-0.8835643291543352,-0.0652286772728405
39.641708333333334,-0.6586001281263497,-0.7508384708040753,-0.04987446232846942
39.84170833333334,-0.8126904429403977,-0.5825150539057613,-0.014507099176202501
40.04170833333333,-0.9159203501754897,-0.40028725135716375,0.029326243116623737
40.241708333333335,-0.9600212557820283,-0.27583964100512126,0.04766215371616511
40.373666666666665,-0.9737869774422583,-0.2187145610254381,0.062472900999718625
