0.03333333333333333,-0.99284880267891,0.014601059811805983,0.11848233653767554
0.23333333333333334,-0.9934237737619804,0.034052718000698624,0.10931430885877327
0.43333333333333335,-0.9907506162200228,0.029792821359790427,0.13238430516896216
0.6333333333333334,-0.967997235770057,-0.055350808734810804,0.24478079890778076
0.8333333333333334,-0.9527251853480821,-0.10158298294864987,0.28634877121914937
1.0333333333333334,-0.9587556617955422,-0.08548853712794369,0.271070638385488
1.2333333333333336,-0.9994760774678502,-0.016654562539007663,0.02775240739312557
1.4333333333333336,-0.9599008666161233,0.039216380767874426,-0.27758314384898275
1.6333333333333335,-0.9394220666192918,0.01696521955034239,-0.3423424631481571
1.8333333333333335,-0.9316187178762599,0.0502409100888357,-0.3599477954593406
2.033333333333333,-0.8651975998384605,0.3181911834419468,-0.3875402998574226
2.2333333333333334,-0.6846662011807843,0.6031199639154124,-0.4092413738704154
2.4333333333333336,-0.5158743459909463,0.704246970566517,-0.4877600471505402
2.6333333333333333,-0.3950936117957893,0.7836707221243803,-0.4793341602715278
2.8333333333333335,-0.21185092620345713,0.8634634296582536,-0.4577664150082914
3.033333333333333,-0.09588631463383579,0.8737060384080078,-0.47691044559259305
3.2333333333333334,0.01660298369584723,0.8842491491856723,-0.4667202407190098
3.4333333333333336,-0.020443785391029867,0.8975739488912681,-0.44038966598981544
3.6333333333333333,0.0202255302781289,0.9628791409320153,-0.2691740847165503
3.8333333333333335,0.07531883198303552,0.99701164828758,-0.017171101525362366
4.033333333333333,0.1582336862553363,0.9700984078316467,0.18404124444415165
4.233333333333333,0.21591371829765005,0.9334163838121737,0.28655736019493167
4.433333333333334,0.05497619292645306,0.9432369694204726,0.3275387575994573
4.633333333333334,-0.31136693272611554,0.8685636927744951,0.3855486283190008
4.833333333333334,-0.6441292835698841,0.651057140769713,0.40152467607921005
5.033333333333333,-0.8772173590633797,0.34916649807559397,0.32950335594572583
5.233333333333333,-0.9648410311851422,0.05626214177123802,0.25674180794117835
5.433333333333334,-0.9707265913448493,-0.10229655454526378,0.2173138278715326
5.633333333333334,-0.9533752836562827,-0.22868939728649165,0.19691807454381735
5.833333333333334,-0.906204370570651,-0.38487269859559775,0.1751189442475955
6.033333333333333,-0.86928618642443,-0.47214962461146054,0.1463429467754698
6.233333333333333,-0.9197608403116271,-0.39065480391549506,0.0377997461234386
6.433333333333334,-0.9707011177691169,-0.1913211658643709,-0.1453807121116328
6.633333333333334,-0.9753179698216123,-0.08063454907389841,-0.2055551683580284
6.833333333333334,-0.9799363716120006,-0.05563445615807118,-0.1913883875262627
7.033333333333333,-0.9732146248955624,-0.1116609066461755,-0.20096053298183644
7.233333333333333,-0.9636666084282326,-0.13863237918219282,-0.22831498251913324
7.433333333333334,-0.9484697047176783,-0.10732107615218266,-0.2981399098515616
7.633333333333334,-0.9276012220965879,-0.05177274286968896,-0.3699669659046136
7.833333333333334,-0.8926347583357884,-0.07615681118451119,-0.4443009434167512
8.033333333333333,-0.8167722445353047,-0.1762137920721029,-0.5493922096647623
8.233333333333334,-0.748632756569962,-0.25958002683055065,-0.6100550839564499
8.433333333333334,-0.74189832942872,-0.3470331929144771,-0.5737201685547216
8.633333333333333,-0.7245328985323471,-0.5107624402782667,-0.4627891620871273
8.833333333333334,-0.6668216597390775,-0.6657491052300056,-0.3348537038592661
9.033333333333333,-0.5682670352970489,-0.7697626614338877,-0.2907542289579297
9.233333333333334,-0.5882845188707431,-0.7648424639123591,-0.2625591938087304
9.433333333333334,-0.6218409081956346,-0.7621734759834179,-0.18001521436196094
9.633333333333335,-0.38600652863203466,-0.9125720671494332,-0.1349488129331149
9.833333333333334,-0.220433066781197,-0.9715664597800342,-0.0864168808736339
10.033333333333333,-0.2572982546911519,-0.9645850606268346,-0.058079849762315006
10.233333333333334,-0.5656878230494673,-0.8239404912779758,0.0334567435080408
10.433333333333334,-0.8234000226826215,-0.5557792428528856,0.11455058210298034
10.633333333333335,-0.9241050537580628,-0.3523402529415941,0.14793983836634797
10.833333333333334,-0.9190005630797469,-0.3524948048282519,0.17659382103630117
11.033333333333333,-0.9126471464272352,-0.3660185940280961,0.18194937467306696
11.233333333333334,-0.923175536919628,-0.34145812500188744,0.17650290905067864
11.433333333333334,-0.9274964768917331,-0.3264980359237645,0.1820695413608415
11.633333333333335,-0.8546417843697676,-0.49527065487624267,0.15586660587732545
11.833333333333334,-0.7128067333649115,-0.6967667181978779,0.08014175741398916
12.033333333333333,-0.594514813654286,-0.8036506743054426,0.026414579951557594
12.233333333333334,-0.46259316190470834,-0.8858629629915961,0.035417190158943034
12.433333333333334,-0.21345306981083506,-0.9745752119326121,0.06812446898754337
12.633333333333335,0.1316544275511391,-0.9910647676626827,0.021394812546375264
12.833333333333334,0.35141278518559316,-0.9359902087482003,-0.020769774567986055
13.033333333333333,0.5875356617136481,-0.8071633747415334,-0.05735096067690818
13.233333333333334,0.7789781209998845,-0.6158184683947634,-0.11815541031800986
13.433333333333334,0.8779035550109562,-0.4547365390319636,-0.1500000938944937
13.633333333333335,0.8980408101591715,-0.41683426144295677,-0.14061259465625295
13.833333333333334,0.9132537899361515,-0.36726342922064026,-0.17630963877324246
14.033333333333333,0.9494728486811276,-0.2472054069374015,-0.1933669992482141
14.233333333333334,0.9735606113544972,-0.15907284948562803,-0.16393768503788367
14.433333333333334,0.9821470202903023,-0.1799898804787506,-0.054688878760918526
14.633333333333335,0.9708220728454433,-0.23964568785878385,0.008628277161032906
14.833333333333334,0.9623056891822291,-0.27195121632289326,0.0032088172297489526
15.033333333333333,0.9582369541499829,-0.28318575093618625,-0.03984683385253611
15.233333333333334,0.9438655910273317,-0.321660748485521,-0.075180509165344
15.433333333333334,0.891313381538432,-0.44020338352446886,-0.1085423282601538
15.633333333333335,0.6878971494281885,-0.705294241210365,-0.17134043633675022
15.833333333333334,0.05637322982518733,-0.9863018019171347,-0.15501875529783457
16.033333333333335,-0.7042545081287649,-0.7040465656367946,-0.09134561399074537
16.233333333333334,-0.9216690803051363,-0.3779915602241164,-0.08745562765667525
16.433333333333337,-0.9840747639655942,-0.10740072622803443,-0.14164018826502214
16.633333333333336,-0.9489551980279418,0.2389204285401841,-0.20591517904691803
16.833333333333336,-0.7917686846278124,0.5455190505503378,-0.2747932232232121
17.033333333333335,-0.43392329371513216,0.8372865580045895,-0.33265867635797225
17.233333333333334,0.03087033412658563,0.9099180253093521,-0.4136377759441736
17.433333333333337,0.3042318359537744,0.8262164268973837,-0.47414070265809916
17.633333333333336,0.4156337200194712,0.7521245957912439,-0.5114266351967154
17.833333333333336,0.598284830769772,0.6497348389978261,-0.46893485716382216
18.033333333333335,0.768671116505919,0.4913788023239374,-0.40950163281266283
18.233333333333334,0.8981515442991982,0.296311602391419,-0.3248434049833778
18.433333333333337,0.9719875520416568,0.05083553309222101,-0.22946883721171787
18.633333333333336,0.9677548789260317,-0.20441901166081217,-0.14718478857028167
18.833333333333336,0.9648566270330051,-0.2626592979124554,-0.007860183880072948
19.033333333333335,0.9526107129775929,-0.29203494831928883,0.085137644320667
19.233333333333338,0.9387890805850077,-0.3267461292892427,0.10914224282491934
19.433333333333337,0.9443352088347607,-0.30283721721516915,0.12853261541095706
19.633333333333336,0.9484167670962117,-0.29533907764784845,0.11524090031272895
19.833333333333336,0.956981669789303,-0.2731029466722482,0.09798399974593992
20.033333333333335,0.964010671485816,-0.25288123825541126,0.08206402744124014
20.233333333333338,0.9571814883606289,-0.2807530694253347,0.07057841276186543
20.433333333333337,0.9559612671036077,-0.2881075290604955,0.055965234711564414
20.633333333333336,0.9618973724281159,-0.2703281759638212,-0.04094047136954454
20.833333333333336,0.942112157035115,-0.23179328941516308,-0.2422737182377431
21.033333333333335,0.9057577746705759,-0.2687531447764258,-0.3276806384219063
21.233333333333338,0.9061491413755804,-0.27153205874324404,-0.32429010878988246
21.433333333333337,0.921784053362435,-0.280381170603263,-0.2677695989799135
21.633333333333336,0.9636970593617843,-0.2647912961130727,-0.0342570763523215
21.833333333333336,0.9588263070138352,-0.26737188430273373,0.09573081250368817
22.033333333333335,0.9498562479350032,-0.28529720077987925,0.12797896501379802
22.233333333333338,0.9260524249737212,-0.36120581437684857,0.10934928376833694
22.433333333333337,0.8890597656475553,-0.44976940055217524,0.08532420192214368
22.633333333333336,0.8501971202129903,-0.5214042196035001,0.07281824332681315
22.833333333333336,0.8597140161092943,-0.5047394886535287,0.07829341670282577
23.033333333333335,0.9013942945552287,-0.42689411452611825,0.07245509454995505
23.233333333333338,0.9438803794677455,-0.3260859029038133,0.05251488534910603
23.433333333333337,0.940608856254417,-0.3353117545416501,0.05311315093230331
23.633333333333336,0.9148793295822272,-0.3968922607885508,0.07397530418543653
23.833333333333336,0.9441970110004921,-0.289227833290278,0.15760477425493047
24.033333333333335,0.955304772738741,-0.07476377893792999,0.2860125321406432
24.233333333333338,0.95356533415368,0.003890190278813368,0.301161119535665
24.433333333333337,0.9533944879259075,0.01645927054557914,0.30127735196261274
24.633333333333336,0.9736705386369148,-0.04323378284565401,0.22382252391427207
24.833333333333336,0.991237482477971,-0.132064644970145,-0.0026800894843117696
25.033333333333335,0.9511318644968156,-0.19899509271693858,-0.23611253548549252
25.233333333333338,0.9018528490978177,-0.2671993351115679,-0.3395084003232984
25.433333333333337,0.8984515072276767,-0.2734555201687966,-0.34352142240263356
25.633333333333336,0.9205066032534244,-0.24031415683793833,-0.30808553907983727
25.833333333333336,0.9775912750487225,-0.14663259193777836,-0.15104364246873
26.033333333333335,0.9930842963976098,-0.11067217052733765,0.03918227812714189
26.233333333333338,0.98871387181227,-0.11981477469748214,0.08994053285466798
26.433333333333337,0.9939119540417973,-0.08664839203714397,0.0680520666122166
26.633333333333336,0.9982666719222772,-0.011956819484185062,0.057625395417672046
26.833333333333336,0.9962826435740315,0.0638476772174864,0.05783051294144889
27.033333333333335,0.9966816848003847,0.06658815635246791,0.046814918744413896
27.233333333333338,0.9948583650676335,-0.10040856816514113,0.013226975995351966
27.433333333333337,0.9818908079472467,-0.18941203572709517,0.0036772259137407177
27.633333333333336,0.9849697114132709,-0.17254316714305,0.007970136178491117
27.833333333333336,0.9999228857354291,-0.012417768146087181,0.00014702653565793717
28.033333333333335,0.9942375338441386,0.10713100998566942,0.0038305345548912
28.233333333333338,0.9887994925600595,0.149205013606248,0.003664345470642127
28.433333333333337,0.9946208866787692,0.10286075548565267,0.012204784441353634
28.633333333333336,0.9944525242236363,0.10378016157816673,0.01714220312702205
28.833333333333336,0.9923845496408584,0.12184599190844317,0.018068201071447024
29.033333333333335,0.9843837255734219,0.17499031460907313,0.019159087118328075
29.233333333333338,0.9715924326722941,0.23459233608333657,0.031218273893611117
29.433333333333337,0.9429740014839475,0.3311335249642329,0.033920807332875925
29.633333333333336,0.9016721839439031,0.4300267290717625,0.045434403106825345
29.833333333333336,0.8480650832610896,0.5242373568302274,0.07720627083999179
30.033333333333335,0.8192264331543929,0.5655470565225768,0.09499777934131155
30.233333333333338,0.8324085171197684,0.5455030559589237,0.09758317767906435
30.433333333333337,0.8694568600644573,0.4855737063512291,0.09090073810033078
30.633333333333336,0.9245536724568713,0.3729479856023609,0.07816845131927702
30.833333333333336,0.94979817318304,0.3024639618721997,0.07999363716404237
31.033333333333335,0.9616087848011541,0.25942109899081117,0.08949434837824882
31.233333333333338,0.9580213500167282,0.27350751830458647,0.08595772416131339
31.433333333333337,0.9406796187083024,0.3305628820057396,0.07648552795700947
31.633333333333336,0.9205892887919281,0.3842473090351317,0.06978084881134594
31.833333333333336,0.9108752399337012,0.40697888597756415,0.06837019558391784
32.03333333333333,0.9121042989715079,0.3989855446576277,0.09421402736297183
32.233333333333334,0.8883444939766321,0.4226249061424774,0.17953341953370053
32.43333333333333,0.8423423202025278,0.47155201796339935,0.26095614564610004
32.63333333333333,0.8084139857840252,0.5097254369309293,0.2943582961874176
32.833333333333336,0.8005278634807587,0.5210270695487504,0.29611810580978193
33.03333333333333,0.8068395671867228,0.5129296488080419,0.2931093451181669
33.233333333333334,0.7972802005266992,0.5326627779300457,0.2839271858345952
33.43333333333333,0.8118780783141002,0.5410266022586654,0.21941786983162545
33.63333333333333,0.844265106114176,0.5060398804148859,0.1764654924559107
33.833333333333336,0.8519344467583227,0.4953432175007786,0.16983166754927265
34.03333333333333,0.830167963610926,0.5308589610790906,0.1703229744811794
34.233333333333334,0.7709799675538943,0.6115898233551817,0.17761694063059794
34.43333333333333,0.7028406105676696,0.6862610197292011,0.18724553115389117
34.63333333333333,0.6092905404366844,0.7705195974768551,0.18725540643324123
34.833333333333336,0.5099107060824617,0.8359124647229839,0.203079844256468
35.03333333333333,0.48099605389716116,0.8501569546775106,0.21418671422107458
35.233333333333334,0.5399511552370924,0.8165791012370152,0.2040865536508423
35.43333333333333,0.597862516413409,0.7765213963530261,0.19893449292109486
35.63333333333333,0.6050926211760874,0.7713501627559818,0.19718480218965226
35.833333333333336,0.5458706165927811,0.8152476627303936,0.19338179426524957
36.03333333333333,0.4970111933482134,0.8463093797605767,0.1916776132360085
36.233333333333334,0.4991602751917621,0.8453183563593587,0.1904623219232541
36.43333333333333,0.5278983229700369,0.8285261381910065,0.186729212871794
36.63333333333333,0.5918330439044003,0.7875321623965809,0.17183346977180372
36.833333333333336,0.658273186205632,0.7383936082012811,0.1464625948499428
37.03333333333333,0.69041958210126,0.7094849061737953,0.14125143738271304
37.233333333333334,0.6685836893313157,0.7298377729627279,0.14259269096602603
37.43333333333333,0.6020030795557192,0.7833482350728933,0.1547831864693756
37.63333333333333,0.4906352758606478,0.8552076061457355,0.16702387994423518
37.833333333333336,0.4121626832275691,0.8928589446526581,0.18145199780766114
38.03333333333333,0.4039166639643267,0.8905598971304355,0.2091755200661808
38.233333333333334,0.32147361562974847,0.9164302129011439,0.23834928012456952
38.43333333333334,0.20764415601524433,0.9382604038862454,0.27667909023259485
38.63333333333333,0.1110357618421699,0.9479683304340878,0.29837410089707306
38.833333333333336,0.0723329760799239,0.9504904745444108,0.30221813044845947
39.03333333333333,0.059783974029098574,0.9542190085867126,0.29307330158354505
39.233333333333334,0.07754050388270511,0.9558100461642604,0.28357472720447174
39.43333333333334,0.10010955963098433,0.9555145691966582,0.2774346483830299
39.63333333333333,0.08393629122806356,0.9655439823758123,0.24633212765032264
39.833333333333336,0.09051060483897155,0.9755029109262681,0.2005041176286934
40.03333333333333,0.16102564117532903,0.9702823545673093,0.1806180923921859
40.233333333333334,0.36171782186667073,0.9287420625358541,0.08123052764003921
40.43333333333334,0.6582742898846226,0.7398123377971284,-0.13911385308459934
40.63333333333333,0.8739048453264112,0.4402417022072715,-0.20610086111577838
40.833333333333336,0.9841749220515715,-0.009728597718674875,-0.1769324085384327
41.03333333333333,0.9609484445025804,-0.22377508484862868,-0.16279680097919513
41.233333333333334,0.9523281162035047,-0.26081178406681216,-0.15826677598337083
41.43333333333334,0.958872577854939,-0.2343955385122489,-0.1600690818471105
41.63333333333333,0.9601275898332279,-0.2164984868019605,-0.17687118604650814
41.833333333333336,0.9495338010924583,-0.20668959886867966,-0.235934249956237
42.03333333333333,0.9384735637582989,-0.12661047937085393,-0.32130539466414326
42.233333333333334,0.9262338114011882,0.04042888059007064,-0.3747751755805895
42.43333333333334,0.8944288137060735,0.12689496674799788,-0.42882952863156537
42.63333333333333,0.8562946964461865,0.06498230514894336,-0.5123833456072348
42.833333333333336,0.8466779501320761,0.04274817681890969,-0.5303857484310872
43.03333333333333,0.8402141530988348,0.04917714502391492,-0.5400201712340984
43.233333333333334,0.8094121520465253,0.13989380559643436,-0.5703347186303492
43.43333333333334,0.7712167085511276,0.25924709904177035,-0.581391202281211
43.63333333333333,0.7602760116070187,0.3000905429279538,-0.576130238939192
43.833333333333336,0.7592464463471628,0.3147010678918745,-0.5696560993941157
44.03333333333333,0.7654399063590832,0.3092608672186886,-0.5643221294262195
44.233333333333334,0.7660646512406212,0.3166202404346055,-0.5593715880045378
44.43333333333334,0.7622267293591755,0.3450458712132808,-0.5476803445524432
44.63333333333333,0.7451229556389952,0.4616442341405186,-0.4813277283355094
44.833333333333336,0.686363713421706,0.6677711026110982,-0.28807396171040023
45.03333333333333,0.6163637493896033,0.7872082386432443,-0.019972917928837448
45.233333333333334,0.6062898110453594,0.7935560416292831,0.05178294908795865
45.43333333333334,0.4583913902646829,0.8883434620861131,0.02689287452225356
45.63333333333333,0.20994650430043377,0.9770397218990764,0.03627460769468916
45.833333333333336,0.1250621574636741,0.9907398640519663,0.05285809823311779
46.03333333333333,0.014522924289662231,0.9953193983623132,0.09554255551198257
46.233333333333334,-0.06588914586103684,0.9814294298590684,0.18015242064487216
46.43333333333334,-0.12154213339838127,0.9354891956407644,0.3317943258230401
46.63333333333333,-0.2522014871236625,0.8767059821296066,0.4096108284588864
46.833333333333336,-0.3790675588227826,0.8084095376402468,0.45031300814035924
47.03333333333333,-0.4989703440818451,0.7441001524021982,0.4442336760330882
47.233333333333334,-0.5322893955070078,0.7461253013491046,0.3999562902586879
47.43333333333334,-0.5644764434344106,0.7421869760950353,0.3612822128510428
47.63333333333333,-0.5801129845056167,0.7532102600915996,0.3100697168391831
47.833333333333336,-0.6280285205589541,0.7253106829084651,0.28196558411158557
48.03333333333333,-0.7180810268877744,0.6240013916259476,0.30819134003518095
48.233333333333334,-0.800153148403567,0.509523546252789,0.31645014601646426
48.43333333333334,-0.86733909902406,0.35489088048275985,0.348963250578486
48.63333333333333,-0.9131589694867567,0.18999606668391608,0.36061363131546453
48.833333333333336,-0.9434263000918954,0.03611330232194197,0.32960983858240783
49.03333333333333,-0.9603047322919991,-0.10425091494069132,0.25874034836418647
49.233333333333334,-0.9402445576039442,-0.28597569084374,0.1848190362019259
49.43333333333334,-0.8945001726306553,-0.42167795447129985,0.14851647678499758
49.63333333333333,-0.882482884335705,-0.4476964157054379,0.1441938910600536
49.833333333333336,-0.8666437827388915,-0.47674641019439895,0.14711021108943745
50.03333333333333,-0.8066439185363196,-0.5761660250310006,0.13175090241948334
50.233333333333334,-0.7665225283570947,-0.6349650962098329,0.09624209118823666
50.43333333333334,-0.7563175847254224,-0.6503914450229854,0.07053140630964856
50.63333333333333,-0.7673707613896728,-0.6389004395663468,0.054298645343722425
50.833333333333336,-0.8117904241597766,-0.5808332156176679,0.06024186980605719
51.03333333333333,-0.8992340983541333,-0.42916699174225903,0.08481585674936404
