0.0,0.9627858836901434,-0.16873935639988227,-0.21111696229517748
0.2,0.9586262169565312,-0.18956368381141467,-0.2123708688673093
0.4,0.9661097354611113,-0.1978477606017085,-0.16579578605064424
0.6000000000000001,0.9607909046117796,-0.24909872030627664,-0.12178121840848088
0.8,0.9370577200693683,-0.32980264406427673,-0.1146867264621746
1.0,0.9091127802887439,-0.3948143059046116,-0.13279915876514428
1.2000000000000002,0.8894079208773092,-0.4308071868390543,-0.1528355915633592
1.4000000000000001,0.8590507300576489,-0.48403978864312963,-0.16654526771342001
1.6,0.7982836010977667,-0.5767956462742849,-0.17334957357147382
1.8,0.7464638678520734,-0.6420497127171922,-0.17482522813110646
2.0,0.7037010124936356,-0.6915186656544173,-0.1631159712197638
2.2,0.6850814364640259,-0.7076404027795761,-0.17294070014414206
2.4000000000000004,0.6866609152308013,-0.7037236339738245,-0.18240020416949315
2.6,0.6902392597368211,-0.701456387909689,-0.17756322867828486
2.8000000000000003,0.6817782023332696,-0.7165760062530143,-0.14730006817953448
3.0,0.5877923621641576,-0.804465628986563,-0.08564572821065355
3.2,0.5215196358943541,-0.8500700703977851,-0.07347206809750777
3.4000000000000004,0.7194843714005705,-0.6519402515486645,-0.23940791073185155
3.6,0.8867237960211708,-0.26093144051191053,-0.38162244813714064
3.8000000000000003,0.903051714950788,-0.17995489811394616,-0.39001773648033033
4.0,0.903233879208451,-0.17857107694911356,-0.39023189250404433
4.2,0.9000614136628167,-0.22930306959761412,-0.37055303791549726
4.4,0.6981307046407658,-0.6914931043114101,-0.18560928297786564
4.6000000000000005,0.32106462930676793,-0.9440225737248615,-0.07575542294777725
4.800000000000001,0.3251691145222138,-0.9428692450302312,-0.07254401241288806
5.0,0.04014516555755038,-0.998261749378952,-0.04314910670258754
5.2,-0.11030144186930818,-0.9907659302130153,-0.0788445524477792
5.4,-0.1751316051871149,-0.9786589517622404,-0.10749686972287927
5.6000000000000005,-0.22757138965750523,-0.9655380410998751,-0.12628362442679597
5.800000000000001,-0.2778892532306147,-0.9427674706899803,-0.18430154407315275
6.0,-0.31423015994190406,-0.9239016078257033,-0.2183236717352612
6.2,-0.4825886539049822,-0.8543783189864247,-0.19273266243195117
6.4,-0.619676533286716,-0.7765373363150648,-0.11397701260544289
6.6000000000000005,-0.7067602375592228,-0.7029503115717086,-0.07969207028600186
6.800000000000001,-0.794396878381606,-0.6007699014719033,-0.08949371543856902
7.0,-0.8950628700403147,-0.4363511339496606,-0.0919790550942996
7.2,-0.9536465506480803,-0.2929545103496221,-0.06881795770604668
7.4,-0.9869838103017292,-0.1554593717805925,-0.04117453008674155
7.6000000000000005,-0.9999552653743589,0.009416139111528006,-0.0008964230740423395
7.800000000000001,-0.9559109053819715,0.293643128032612,0.0028380153351904606
8.0,-0.8604847578816479,0.5087260454789913,-0.027636788971753114
8.200000000000001,-0.7636376185347846,0.6421900400868032,-0.06670487217462293
8.4,-0.6332511689434848,0.7687965812399524,-0.08913346007797213
8.6,-0.5702860993144592,0.8130447818529287,-0.11718339315117375
8.8,-0.5494382640717395,0.8199171274742831,-0.16079022995242487
9.0,-0.521290696114943,0.8177261102323673,-0.24409018576796607
9.200000000000001,-0.5205445306597879,0.7836376938945743,-0.33903592185456577
9.4,-0.5664383308425543,0.7379092878510554,-0.3669298301521004
9.600000000000001,-0.6089490941980877,0.6869630119464981,-0.3965637664899856
9.8,-0.6325467183658682,0.6490279070467048,-0.42266703793783694
10.0,-0.644463021125603,0.6387871916562368,-0.42025984602100497
10.200000000000001,-0.6089367149189475,0.680153318517194,-0.40815136963358234
10.4,-0.5222305430726597,0.7679593609798118,-0.3708283696880735
10.600000000000001,-0.4306353952112947,0.8573921585842675,-0.2818365533237699
10.8,-0.3128370994999618,0.9301691700095683,-0.19214126142024301
11.0,-0.13887260194280293,0.9807201903366847,-0.1374856672370364
11.200000000000001,0.040612624153136545,0.9944172343332471,-0.09739085593839071
11.4,0.2043220828438439,0.9768011033339316,-0.06412558762278692
11.600000000000001,0.3793108227373747,0.9165704352014644,-0.1265777905830811
11.8,0.43862197766487515,0.8866403320576499,-0.1465594837533707
12.0,0.20494801710101523,0.9626116773962844,-0.17713009012213046
12.200000000000001,-0.22081247010089372,0.9590063041504809,-0.1776197107518678
12.4,-0.25711487180683057,0.9521439055613733,-0.1652692524279461
12.600000000000001,-0.20687211056638521,0.9563857056672743,-0.2062287852486143
12.8,-0.22220480603473325,0.936838799111724,-0.2701075501609864
13.0,-0.21736990146874957,0.9363546783824983,-0.2756632768554312
13.200000000000001,-0.18765472845213993,0.9590752544791963,-0.21203857935578296
13.4,-0.17712729422670243,0.9716941538171817,-0.15632144151535418
13.600000000000001,-0.24488292663142602,0.966383994294775,-0.07832194976699476
13.8,-0.4879768607484796,0.872785632980814,-0.011127544038935186
14.0,-0.5914208175396255,0.8060221074738753,-0.023447363266120926
14.200000000000001,-0.599755469647651,0.7997812879416867,-0.025362730256478793
14.4,-0.6038621139349967,0.7960168151205607,-0.04132526345078048
14.600000000000001,-0.5992652795764698,0.7980779818145832,-0.06287018082443602
14.8,-0.5959054007515105,0.7937068458651685,-0.12217281277742374
15.0,-0.593749354236933,0.7819102707711388,-0.18994218279737174
15.200000000000001,-0.5905056489564341,0.780375124484095,-0.20571276974697988
15.4,-0.6236814673797383,0.7589435982078174,-0.1871524565332428
15.600000000000001,-0.6780660522996722,0.7146512046764407,-0.17175588599302882
15.8,-0.7390825497214836,0.6669528249840122,-0.09450351286082728
16.0,-0.7870990956086563,0.6161360458809385,0.029178530775844664
16.2,-0.7965456034715245,0.6009253381813573,0.06636143098070073
16.400000000000002,-0.8023890195082957,0.5929897781847986,0.06734229236415568
16.6,-0.8416260853249544,0.5375176443935626,0.05234801301088801
16.8,-0.9127111887807807,0.40299503094643396,0.06747807723147398
17.0,-0.9663537529142185,0.24793869106587144,0.06846042434244622
17.2,-0.9926044716922178,0.09065720990820937,0.08073185906612274
17.400000000000002,-0.9970406438485537,-0.057634576492799225,0.050874454361275336
17.6,-0.9784144497751653,-0.2024105004949069,0.04165517687588139
17.8,-0.9262748460628989,-0.37128495404419914,0.06451660601387742
18.0,-0.8655906409957181,-0.4829101763985753,0.13247869168782853
18.2,-0.7664494150118067,-0.6143749407951409,0.18734654080347027
18.400000000000002,-0.682582436360357,-0.6942092372813861,0.228374150125525
18.6,-0.6072974856394305,-0.7549081262060657,0.24759540570065594
18.8,-0.5316211197876763,-0.8088799860000856,0.25118151453520476
19.0,-0.588837530820802,-0.7464401040588583,0.3099960215058606
19.200000000000003,-0.8172528283773269,-0.45781656711121543,0.3500025791158711
19.400000000000002,-0.9314705641713464,-0.03507370394632243,0.36212211113628384
19.6,-0.904780908455201,0.29224328103633274,0.3097827825817641
19.8,-0.9010815935055425,0.33231082039934384,0.2786063181103905
