0.03333333333333333,-0.9933888091392247,0.037859541223842906,0.10837586915579231
0.23333333333333334,-0.9940058432105738,0.013144469060865579,0.10853389607097075
0.43333333333333335,-0.9765458451910431,0.08147991255970195,0.19929685418835538
0.6333333333333334,-0.963020469158217,0.15878482288334606,0.21766707606845845
0.8333333333333334,-0.8772937229094545,0.4734844276489297,0.0785380195678193
1.0333333333333334,-0.7870837405117972,0.6040962289110888,-0.12476751034367549
1.2333333333333336,-0.7357143389247024,0.6513025661978364,-0.18582082435696315
1.4333333333333336,-0.6677170885315558,0.7145562680110445,-0.20871806229713508
1.6333333333333335,-0.5931584519696353,0.770209368039847,-0.23439407040419272
1.8333333333333335,-0.5199499641643607,0.8055856678221456,-0.28404888059104927
2.033333333333333,-0.4944628058073536,0.8106249023302768,-0.31367786245629203
2.2333333333333334,-0.3515947395882581,0.8581848097534545,-0.3740320459563496
2.4333333333333336,-0.32716332300698603,0.8445520331810017,-0.42390567739635515
2.6333333333333333,-0.3136827212511756,0.8303786442522072,-0.4605154259721638
2.8333333333333335,-0.29072112546137635,0.7912292215558251,-0.5379940019801648
3.033333333333333,-0.374266688800368,0.6471491517167887,-0.6641704759221455
3.2333333333333334,-0.744853548154508,0.5539095941816212,-0.37199106612281935
3.4333333333333336,-0.8170975531377817,0.4912810483452967,-0.30165297975156236
3.6333333333333333,-0.7704966718792254,0.5368624282245449,-0.34367660930572896
3.8333333333333335,-0.7288059883361007,0.668623701266638,-0.14759463902846043
4.033333333333333,-0.7130878357337688,0.6936404965598965,-0.10182632302440345
4.233333333333333,-0.8649406620791588,0.4781923053692261,-0.15234753088820072
4.433333333333334,-0.8795315024630418,0.4571937579040756,-0.1319022513403524
4.633333333333334,-0.8882335271043516,0.44627723158015964,-0.10898547564199397
4.833333333333334,-0.8901264050284667,0.4474503449893767,-0.0863896512319961
5.033333333333333,-0.7211851646441763,0.6878786365020985,-0.08194473589661871
5.233333333333333,-0.7114506736088443,0.7009776267026122,-0.049682047903591854
5.433333333333334,-0.6812932488732911,0.7313972927939776,-0.029958456791297113
5.633333333333334,-0.40468243361610745,0.9124792221308702,0.06011486589843507
5.833333333333334,-0.43989830321744755,0.8944748118873452,0.08002683128494366
6.033333333333333,-0.5084272153875415,0.8027776904894984,0.31152808269178117
6.233333333333333,-0.542717676965332,0.7756247830620235,0.32227894596039336
6.433333333333334,-0.5745395988208157,0.7518198543489837,0.32352921969041565
6.633333333333334,-0.7204812286513279,0.6933463976909162,0.013325613310578847
6.833333333333334,-0.7329993048957641,0.6800466677019357,0.01576542957929689
7.033333333333333,-0.685510673904479,0.5666497375962987,0.4571467935412796
7.233333333333333,-0.6785356803000124,0.5467406294161148,0.4905751876170154
7.433333333333334,-0.6843536230687222,0.5469890446932777,0.4821442767245599
7.633333333333334,-0.6940039357307957,0.6326214044103532,0.343727647814426
7.833333333333334,-0.6645815940409995,0.6511782509899358,0.3664671749278676
8.033333333333333,-0.6561101789968301,0.6571655530809016,0.37101599542421404
8.233333333333334,-0.6755040742370841,0.6233866414514032,0.39380622258801334
8.433333333333334,-0.6969595892408227,0.5990513423439799,0.3941888128817704
8.633333333333333,-0.6928350757055028,0.6797320918891248,0.24071526982762215
8.833333333333334,-0.663090567072718,0.7043607762413625,0.2533511333147076
9.033333333333333,-0.6460016778607184,0.7186014118137993,0.25747590788334196
9.233333333333334,-0.645674558600589,0.7221697128940713,0.24814364822503387
9.433333333333334,-0.6522390479853309,0.7250035808266643,0.22125558088261676
9.633333333333335,-0.7757910320819776,0.6292114097121794,0.047342121088852475
9.833333333333334,-0.7883060402085658,0.6140401171257446,0.039093753092956506
10.033333333333333,-0.6571778735030168,0.7260149284589359,0.2025328769183397
10.233333333333334,-0.6593147288881432,0.7237255766313908,0.20377776620798224
10.433333333333334,-0.6653327058659559,0.7180910132551939,0.20415113809923835
10.633333333333335,-0.7546457903875863,0.6520820663368726,0.0727922373068024
10.833333333333334,-0.7632977862365092,0.6436939629356168,0.05508694588271531
11.033333333333333,-0.7751354709101903,0.6299200548837977,0.04863873139824509
11.233333333333334,-0.7149896020106241,0.690907100057766,0.10694507051032194
11.433333333333334,-0.6965757471685825,0.6968191350104294,0.1709541504025207
11.633333333333335,-0.6764239893942899,0.535125982976929,0.506054116587237
11.833333333333334,-0.6881147643050383,0.3321028923219852,0.6451400933570893
12.033333333333333,-0.6509086289626672,0.7024479092407075,0.28789736286617806
12.233333333333334,-0.7097810126832726,0.6928173364088891,0.12733833831804175
12.433333333333334,-0.7151618453590158,0.691267341358688,0.10340695195961391
12.633333333333335,-0.8613430038709026,0.5037082251710542,0.06607763296060928
12.833333333333334,-0.8515359234395473,0.5234025515121836,0.03059967585602928
13.033333333333333,-0.7855250877364064,0.6188284028886707,0.0013207251676091252
13.233333333333334,-0.7712294867353332,0.6365519671051941,-0.002583014607475815
13.433333333333334,-0.7125509718703845,0.7015730824517757,0.00814386061306152
13.633333333333335,-0.712068918590917,0.7021089503263308,-0.0009365086331410526
13.833333333333334,-0.717773588807743,0.6962586932958852,-0.004990713371794354
14.033333333333333,-0.7136274175120629,0.7004295789116426,-0.011589390006530179
14.233333333333334,-0.6949861692590278,0.7181183913557793,-0.03605829357096771
14.433333333333334,-0.6908258721918408,0.7213292004305043,-0.0494347945952224
14.633333333333335,-0.6953858101656687,0.7166583634143276,-0.053285693844913815
14.833333333333334,-0.7027014954883508,0.7098738264575097,-0.04785142368842406
15.033333333333333,-0.7084559514761545,0.704787750708462,-0.03693766735087631
15.233333333333334,-0.7879922961321375,0.615032104025423,0.028348761074573944
15.433333333333334,-0.8104530851395008,0.5434320701244056,0.21874044424424177
15.633333333333335,-0.8118991272518761,0.5344842858057857,0.234832611437001
15.833333333333334,-0.9007664791181536,0.2951509878655714,0.31859950480040405
16.033333333333335,-0.9082954137352861,0.27474022552902233,0.3154635475989384
16.233333333333334,-0.9068199984558807,0.2880008734394674,0.3077872435605162
16.433333333333337,-0.7435616722003098,0.5976968137539544,0.29979085787103266
16.633333333333336,-0.7381406394400426,0.6039189943151578,0.30071621956990247
16.833333333333336,-0.7362076601769145,0.6091226417586704,0.2949031847806519
17.033333333333335,-0.7412545812797646,0.6056033859691077,0.2894584333449502
17.233333333333334,-0.7453153872904795,0.6005540462541262,0.2895510507593425
17.433333333333337,-0.749276148870107,0.5898996362417119,0.3010044383331864
17.633333333333336,-0.7627309655642733,0.5725157509314655,0.30077764063302925
17.833333333333336,-0.7762430295920185,0.5534797276571838,0.30183927856118137
18.033333333333335,-0.7862131501804327,0.5409588098828745,0.29871800831798623
18.233333333333334,-0.6421903875034326,0.7481652246114014,0.16685413653955938
18.433333333333337,-0.6402936380284623,0.7483364087776646,0.17325321468308966
18.633333333333336,-0.7658139411460912,0.6018253919802107,0.226572736917213
18.833333333333336,-0.778649429291178,0.5854363454411758,0.22576392914060214
19.033333333333335,-0.763738892292238,0.6097325009436089,0.2119650482822049
19.233333333333338,-0.7428433971448766,0.6386558230918029,0.2007546436553609
19.433333333333337,-0.7253444411550128,0.6596095529631675,0.19695349533646903
19.633333333333336,-0.7102106626324132,0.677157908653431,0.19250449717173024
19.833333333333336,-0.694697117592168,0.6937052453169408,0.19018135405159026
20.033333333333335,-0.6858472245214547,0.6997282602956432,0.1999848653269783
20.233333333333338,-0.6776843871505581,0.7010415038098288,0.22200153456322444
20.433333333333337,-0.6580133548662098,0.717914023847258,0.22719568477670146
20.633333333333336,-0.6336493687643573,0.7397642330649883,0.22635670288794596
20.833333333333336,-0.5426766350759407,0.8094177125692534,0.2243769959728759
21.033333333333335,-0.417395449517688,0.8873838412666821,0.19578293332340166
21.233333333333338,-0.2103275874306338,0.9708804868287253,0.11468821326024291
21.433333333333337,-0.21482468697615992,0.9696464679512506,0.11677363167795918
21.633333333333336,-0.1449571779261286,0.9755537084656741,-0.1651737826247361
21.833333333333336,-0.10501104222317797,0.9832120075705836,-0.14922073977911113
22.033333333333335,-0.565990584528584,0.7852648336482237,0.25102549523986545
22.233333333333338,-0.5808114968508167,0.7727680933464369,0.2559052149363642
22.433333333333337,-0.5631477533170866,0.7837265804229732,0.26198712768460736
22.633333333333336,-0.40787316506784616,0.8950146873517066,0.1805219948988613
22.833333333333336,-0.3940972933917503,0.8969292556779641,0.20051242767038283
23.033333333333335,-0.40261255775802685,0.8905851769181419,0.2115683600853912
23.233333333333338,-0.4033462592516708,0.8898536298395976,0.21324237995524348
23.433333333333337,-0.4021588259244396,0.8908860370295456,0.21116426723493614
23.633333333333336,-0.40039559962908705,0.8911470634357086,0.21340167555006959
23.833333333333336,-0.4043509854148522,0.8896712061436229,0.21209767927299286
24.033333333333335,-0.5293591126247414,0.8463738753604805,0.05856784944342972
24.233333333333338,-0.5312948684043597,0.8462851153778527,0.03908025456785802
24.433333333333337,-0.5255672347564537,0.8507178337325847,0.007632111096729427
24.633333333333336,-0.6102431892370455,0.7673178287400912,0.19704466419416605
24.833333333333336,-0.7308705116982932,0.6433091766479664,0.22799473320756955
25.033333333333335,-0.9297344994584211,0.2275018328671523,0.2895456381278869
25.233333333333338,-0.9749029071220129,-0.04140197314773711,0.21874688181668417
25.433333333333337,-0.9752583953481276,0.03948535536642432,0.21751314676263278
25.633333333333336,-0.9717504011397673,0.03304938958886171,0.2336854632460155
25.833333333333336,-0.9842461660280334,0.0028088717419114772,0.17678120629369615
26.033333333333335,-0.9923653639987409,-0.004211289811382079,0.12326089961448126
26.233333333333338,-0.9997771780098279,0.019291243490648015,-0.00856984569813023
26.433333333333337,-0.9949400155884001,-0.07282332179853142,-0.06921798309096998
26.633333333333336,-0.9954675280376273,-0.04408882596878782,-0.08426491587458122
26.833333333333336,-0.9781009204091847,0.2080884782918061,0.004216004851316572
27.033333333333335,-0.9782500999691394,0.20678873805010328,0.01628372580262306
27.233333333333338,-0.9792680517362242,0.1999742403322651,0.032316962299589025
27.433333333333337,-0.9836742174963691,0.17848419447895764,0.02298752170425522
27.633333333333336,-0.9888632154947987,0.14844719838551304,-0.01062875029247345
27.833333333333336,-0.992478362835896,-0.0944485462085255,-0.07788563039274696
28.033333333333335,-0.9893517536107629,-0.11312317968946432,-0.0915764917664666
28.233333333333338,-0.9236480542685722,-0.368778985390918,0.1042896532735916
28.433333333333337,-0.9090855115150587,-0.39879474924923397,0.12052502115596142
28.633333333333336,-0.9427274165864652,-0.3310030869477636,0.041254992997950025
28.833333333333336,-0.9450619924375981,-0.32318297720249106,0.04909779726638741
29.033333333333335,-0.9535114626435579,-0.29557424889099676,0.058751629763490555
29.233333333333338,-0.9235712086592797,-0.09530990605727994,0.37139230517471683
29.433333333333337,-0.9748681480349153,0.2052203665484028,0.08669887600605884
29.633333333333336,-0.7842619919856703,0.6183358146265074,-0.05093081853693139
29.833333333333336,-0.7969260682751251,0.6013336859261158,-0.05750339010930109
30.033333333333335,-0.7751488337182206,0.6287091206266228,-0.06220230884927871
30.233333333333338,-0.7700268972211092,0.6345643857833091,-0.06623154725267422
30.433333333333334,-0.7560894595597858,0.6505721912341331,-0.07130605258608623
