0.019999831,-0.9981133062436235,-0.010499291906456504,0.06049456809405221
0.219999831,-0.9986205661071477,-0.0033016924581439717,0.052402898533878174
0.41999983100000005,-0.9995219304646257,0.011910290871880188,0.028531657708855816
0.6199998310000001,-0.999655161585894,0.007965548826895884,-0.025022149119667717
0.8199998310000001,-0.994428349790256,0.018634037658092663,-0.10375466145665488
1.019999831,-0.9867650675013108,-0.102196628842462,-0.12589896986222704
1.2199998310000002,-0.9741384261140882,-0.1818242054816436,-0.13414277866861377
1.4199998310000002,-0.9470590971934054,-0.2954808766122277,-0.12557913035087084
1.6199998310000001,-0.9317525395809038,-0.34471293851895396,-0.1140622417900177
1.819999831,-0.9411858468096942,-0.31769000891333987,-0.11507501901699264
2.019999831,-0.9420801271458701,-0.3146173526038914,-0.11619361203328094
2.219999831,-0.9517131633119637,-0.2811537727990842,-0.12326642210909067
2.419999831,-0.9683807659095957,-0.2074420146283271,-0.13858752751703884
2.619999831,-0.9824082293636922,-0.11379521351046762,-0.14806998433376878
2.819999831,-0.9865973976789135,-0.0478759980551928,-0.1559918706324636
3.019999831,-0.9843558077085146,0.08499998692981862,-0.15433290657681736
3.219999831,-0.9492179883714198,0.27137663283869234,-0.1591852182247103
3.419999831,-0.8994795496002431,0.4072917970496952,-0.15827170279924865
3.619999831,-0.8482277376280788,0.5093815777883317,-0.14505210556286585
3.819999831,-0.7535832052059407,0.6438304003904003,-0.13264527268123227
4.019999831,-0.7514254948468475,0.6587977666264031,-0.03667735516955139
4.219999831,-0.8447320744724253,0.525545166130475,0.10114346599956053
4.419999831,-0.8854635639965458,0.4136936986799687,0.21168797912735204
4.619999831,-0.9189602409654047,0.3209423703984475,0.22914639514474364
4.8199998310000005,-0.9365428791490245,0.2648135589807554,0.22969809423502338
5.019999831,-0.9498783007777177,0.1810638932734037,0.25484717040672383
5.219999831,-0.9621567364542587,0.11557552183433345,0.24677259420043302
5.419999831,-0.9724618433339469,0.1273961169357683,0.1951619651705487
5.619999831,-0.9923226044499196,0.12354634030323343,0.005670140686599158
5.8199998310000005,-0.9878065885483931,0.11505336667160632,-0.10488501531636901
6.019999831,-0.9780075527784654,0.12019000986015743,-0.1704569982080316
6.219999831,-0.9653832826569997,0.16864328176785712,-0.19898382115378907
6.419999831,-0.9556809138552573,0.20758824687544372,-0.20876089349291507
6.619999831,-0.928727786023102,0.3085912191474682,-0.20551437646477821
6.8199998310000005,-0.7186222976313621,0.674886315978243,-0.16766172447024802
7.019999831,-0.41554569527622376,0.8991256733692143,-0.13745835233174153
7.219999831,-0.2555769908166014,0.9604594496622028,-0.11044477044980114
7.419999831,-0.17494762233846672,0.981669068960037,-0.07562518419978599
7.619999831,-0.15591683389953237,0.9835272569567491,-0.09145532094896228
7.8199998310000005,-0.16611522511520482,0.9810617345051585,-0.09961729305022851
8.019999831,-0.1475132240659583,0.9837960632807062,-0.10190757871253227
8.219999831,-0.13164291159720437,0.9862554530797171,-0.09985151524505179
8.419999831,0.08298849519095602,0.9917576919678511,-0.09761961938330585
8.619999831,0.21019917972212698,0.9683693756958688,-0.13445094666285679
8.819999831,0.2963421930806864,0.943182603855228,-0.15029264913827778
9.019999831,0.39636067765054817,0.9038674134539231,-0.1610028326102157
9.219999831,0.5049263360995613,0.8452422670330878,-0.1749711551480402
9.419999831,0.5649782300865875,0.8049376853670118,-0.18131442911203915
9.619999831000001,0.5743308063808492,0.7986642585945853,-0.1796650407994959
9.819999831,0.5021455336182575,0.8599665513794371,-0.09114490427771352
10.019999831,0.30968093856567125,0.9309663812384041,0.19338902061119057
