0.03336666666666667,-0.9999801125578511,0.002274471769209664,0.005882284161635676
0.23336666666666667,-0.999776467356826,-0.004554230636504541,0.020646411378626283
0.4333666666666667,-0.9995329366872024,-0.030270680907646213,0.004194562533141488
0.6333666666666667,-0.9999363735649321,-0.011186069661198032,0.001456251127717067
0.8333666666666667,-0.9935107536254568,-0.006353718466243916,0.11356061241569947
1.0333666666666668,-0.9706290049811054,-0.05912313239599324,0.23320332310041314
1.233366666666667,-0.9737559157167827,-0.11357632159819243,0.19723041291543836
1.433366666666667,-0.9585873768827415,-0.1568138453471491,-0.23773863545605115
1.6333666666666669,-0.9453554387826433,-0.14394319363399236,-0.2925464943740106
1.8333666666666668,-0.9333631378048489,-0.20292898021062444,-0.29606263184968606
2.0333666666666668,-0.845833896142186,-0.47436248316500323,-0.24401896381728566
2.233366666666667,-0.7309966957396337,-0.6661094751994869,-0.14812831554838402
2.433366666666667,-0.5043074398513967,-0.8623806272544818,-0.044425891625225665
2.633366666666667,-0.2765568216442087,-0.9609975370168679,0.00024134947124953172
2.833366666666667,-0.11067002494766753,-0.9933360695205518,0.03218071732488633
3.0333666666666668,0.017120067927701266,-0.9985545388965203,0.050948367229068495
3.233366666666667,0.05943992938658116,-0.9964391497540951,0.05979896012352105
3.433366666666667,0.10500024347944392,-0.9911238262572674,0.08153839521606923
3.633366666666667,0.1790690159207251,-0.9787240526825469,0.10016744100671975
3.833366666666667,0.19611802408825502,-0.97365910233243,0.11629992722665591
4.033366666666667,0.12714694384308362,-0.9849389203540975,0.11717072092920082
4.233366666666667,0.07583684095590759,-0.9930352752316778,0.09016493608590144
4.433366666666667,0.09229897531443126,-0.9925726613219696,0.07924904511808778
4.633366666666667,0.1264122237387743,-0.988422349541049,0.08391190986487304
4.8333666666666675,0.1550131319328351,-0.9837404074003866,0.09069586416201746
5.033366666666667,0.20857326629544404,-0.9710652334498555,0.11631640027024474
5.233366666666667,0.2387339486322516,-0.9627834961604137,0.12670454329496172
5.433366666666667,0.2597570605087501,-0.9575757851665578,0.12479937972002941
5.633366666666667,0.28609089750359573,-0.9524466334488388,0.10486853101650519
5.8333666666666675,0.28437616995910237,-0.9560900762485307,0.07086578905558517
6.033366666666667,0.2828068508941377,-0.9253804387916249,-0.2523714100074735
6.233366666666667,0.2166808310984819,-0.7426608708445526,-0.6336436288252902
6.433366666666667,0.17114121386144515,-0.7786312528467956,-0.6036920216536414
6.633366666666667,0.21010155866097402,-0.8958471268452584,0.39155492637856704
6.8333666666666675,0.18251894278690275,-0.650528028279627,0.7372246061727536
7.033366666666667,0.20780119139589656,-0.5044182558716385,0.8380816714365374
7.233366666666667,0.22763046107857832,-0.673750733499917,0.7030251220955606
7.433366666666667,0.12675168311748336,-0.6871352303741367,0.7153874376906316
7.633366666666667,0.1677811456033852,-0.9287175745245897,0.3306556425485271
7.8333666666666675,0.08439816840818681,-0.8834581590492087,-0.4608455602246009
8.033366666666666,-0.0907310107227789,-0.7398304452534821,-0.6666474300327402
8.233366666666667,-0.20290809195841347,-0.6446758835840475,-0.7370354885233981
8.433366666666666,-0.3079258565103784,-0.559544552825707,-0.7694748600801907
8.633366666666666,-0.4059283850563744,-0.47125360222634627,-0.7830339638829317
8.833366666666667,-0.39250541914284126,-0.4140376869540614,-0.8212869716032474
9.033366666666666,-0.4254235149005787,-0.3305235587497398,-0.8424778988680027
9.233366666666667,-0.5195523772533843,-0.3642227320584623,-0.7729211659297649
9.433366666666666,-0.7007179203516039,-0.636895169116813,-0.3214948516754031
9.633366666666667,-0.5254530248652103,-0.8468293159478709,-0.08233606932117525
9.833366666666667,-0.23238682480620926,-0.9558085882686561,0.18007305808578722
10.033366666666666,0.10705635062392621,-0.9554322100802137,0.27511493912967594
10.233366666666667,0.23791187753061477,-0.9445920189072013,0.2261500748323452
10.433366666666666,0.22506831821531953,-0.9679558420730203,0.11138105733219847
10.633366666666667,0.11769268045033127,-0.989444383136387,0.08454729829078654
10.833366666666667,0.08952908286151207,-0.9929535180136296,0.07763925802281509
11.033366666666666,0.06726898796904773,-0.9925852771111003,0.10123907802771011
11.233366666666667,0.08541861625280939,-0.9896460707681146,0.11534433063955556
11.433366666666666,0.12496984750528001,-0.9854142543376546,0.11550447853945618
11.633366666666667,0.14336257641860511,-0.9839615471539989,0.10614539747407106
11.833366666666667,0.1495805222134995,-0.9834416755005129,0.10231392018235069
12.033366666666666,0.1265821303071034,-0.9857479856309509,0.1108055644425799
12.233366666666667,0.11902303161105132,-0.9857957976181455,0.11849119521939083
12.433366666666666,0.14675062756079538,-0.9828648313806416,0.11153912562691312
12.633366666666667,0.15953846238090036,-0.9797326773014281,0.12112538977817457
12.833366666666667,0.17758827526283466,-0.9741522250029653,0.13960604217204944
13.033366666666666,0.18520331940878176,-0.9714555967351234,0.1482354682657775
13.233366666666667,0.1919500650808712,-0.9705575850474296,0.1455099536882289
13.433366666666666,0.21044209361265165,-0.9673774226925242,0.14104980432703051
13.633366666666667,0.3742374942779085,-0.9199337963946258,0.11691068440293827
13.833366666666667,0.8360937441699258,-0.5396853686052526,0.09842232405977494
14.033366666666666,0.9988157241666281,-0.019303931239637175,0.04465990815249395
14.233366666666667,0.9545522417085113,0.2941242935679346,0.04817590458329917
14.433366666666666,0.9239740092812319,0.3725941497505812,0.08628806258345956
14.633366666666667,0.7968813654122198,0.5969972267119269,0.09259806022279705
14.833366666666667,0.6116065892394333,0.7756384919247786,0.15595611512076718
15.033366666666666,0.5036742085167091,0.8393353482670104,0.20452008415938885
15.233366666666667,0.4582456072377064,0.8123334772355225,0.3607288250331412
15.433366666666666,0.4742017017267365,0.7446943880150085,0.46964136800160483
15.633366666666667,0.5297408861479347,0.6748385433507711,0.5137777086945386
15.833366666666667,0.5680687749788417,0.5838818380435437,0.5799826429272957
16.033366666666666,0.6212233141254808,0.47941091452971785,0.6198764143091218
16.233366666666665,0.6094478741378968,0.35745127272576066,0.7076735662263585
16.433366666666668,0.5619276368910114,0.271907878642198,0.7812191987082652
16.633366666666667,0.527383476265198,0.23630732988230754,0.8161038627566533
16.833366666666667,0.5801116920298454,0.1805323768147014,0.7942785945069298
17.033366666666666,0.6296786499656333,0.08199317312689966,0.7725166129851444
17.233366666666665,0.6615558413239355,0.07238323074319152,0.7463943573723997
17.433366666666668,0.682436252283383,0.09602933082678025,0.7246096391784832
17.633366666666667,0.7123242431243207,0.1207892135699501,0.6913784336689399
17.833366666666667,0.754505434952861,0.09287016083088288,0.6496896811969851
18.033366666666666,0.7914064710967942,0.02615867934872775,0.6107303177351274
18.233366666666665,0.8025024091388636,-0.342448678063708,0.488588565378621
18.433366666666668,0.43165475754229865,-0.83758074496437,0.334862159635917
18.633366666666667,0.01617327161742832,-0.9808075210152573,0.19430654133377745
18.833366666666667,-0.16531725938772457,-0.9817285948474567,0.09422934684783614
19.033366666666666,-0.041787662107977575,-0.9946010455044091,0.09498711268948837
19.23336666666667,0.12581571760792404,-0.9840334723697065,0.12589094669126025
19.433366666666668,0.23591952365279117,-0.9492770899492063,0.2078821417462463
19.633366666666667,0.3273197475926684,-0.885447164909332,0.32991680919574046
19.833366666666667,0.3583806597716244,-0.8472008687983797,0.39219126788969433
20.033366666666666,0.3217596224906265,-0.8545471761913396,0.4077007100779897
20.23336666666667,0.3035866105659569,-0.8644638995191652,0.40067110741004575
20.433366666666668,0.27260697682121754,-0.8769489668159709,0.3957852268450616
20.633366666666667,0.25689637679337346,-0.8967988742952517,0.3602166440535562
20.833366666666667,0.2721610040798345,-0.9003807987551359,0.3394743069678758
21.033366666666666,0.3044209758622949,-0.8926249546385538,0.3324884356057635
21.23336666666667,0.33990773006467473,-0.8957572651725918,0.28649896497683863
21.433366666666668,0.3172369595128986,-0.9178203784059323,0.2386764850206292
21.633366666666667,0.32958774755995707,-0.9311845131060359,0.15577971373008972
21.833366666666667,0.3886463066072321,-0.9125248849458348,0.127484833274974
22.033366666666666,0.4216162410514253,-0.9001985397165123,0.10900612080945622
22.23336666666667,0.459016853652473,-0.8794635523880204,0.12588640944926363
22.433366666666668,0.5290593665493558,-0.8362341230645467,0.14425213374110937
22.633366666666667,0.5717388374567061,-0.7851964472897721,0.2378681166259457
22.833366666666667,0.5603947236759774,-0.7637186857909628,0.3204551804072597
23.033366666666666,0.5473558994032621,-0.7742231270470558,0.31777361270867804
23.23336666666667,0.5307016238119027,-0.7994405599554752,0.2815147910527722
23.433366666666668,0.525381753042887,-0.8124028621873636,0.2529339895691405
23.633366666666667,0.5430853634017943,-0.7991362684106577,0.2577586323858627
23.833366666666667,0.5208135784757596,-0.8178350763045978,0.24474273113031722
24.033366666666666,0.522181478321506,-0.8274799417433196,0.20640603118716938
24.23336666666667,0.5475451188271647,-0.8161007693561245,0.1848617783774888
24.433366666666668,0.5695548725662859,-0.8198754104469709,0.05840854800808731
24.633366666666667,0.5768663839243108,-0.816350247124658,0.028239141587514192
24.833366666666667,0.5911370176610216,-0.8046781756878999,0.0552273475954302
25.033366666666666,0.5811391234585872,-0.8100535028832274,0.07804256308193354
25.23336666666667,0.540284813949408,-0.8353617014986607,0.10130719364841066
25.433366666666668,0.4899748507955943,-0.864391301968938,0.11292618238601544
25.633366666666667,0.4244511744281577,-0.876125767826805,0.22857130064041153
25.833366666666667,0.3459866579070664,-0.8142344849708535,0.4661710373184373
26.033366666666666,0.29956673026262337,-0.8049569502274679,0.5121563066098614
26.23336666666667,0.2822526493520165,-0.8239543781873763,0.4913579393880008
26.433366666666668,0.258785744419167,-0.8201945703398854,0.5102066299749435
26.633366666666667,0.17337588631470308,-0.8149030107598662,0.5530586633433175
26.833366666666667,0.0747504915327934,-0.8133240226397127,0.5769890798037356
27.033366666666666,0.00431027348271279,-0.8670687408900897,0.498169870740673
27.23336666666667,-0.1114507699591174,-0.9225885711171828,0.36933596402120783
27.433366666666668,-0.3878634995145559,-0.8254332796141153,0.41014851779545436
27.633366666666667,-0.5995717684610584,-0.6327681226248741,0.490018568479064
27.833366666666667,-0.6752949901244923,-0.502382659912512,0.5399892029772368
28.033366666666666,-0.7112075206223938,-0.4231629624564895,0.5613528033377899
28.23336666666667,-0.8589439420035044,-0.3678514262900739,0.35623115061970595
28.433366666666668,-0.9195109351554075,-0.38595695565836624,0.07441013713570369
28.633366666666667,-0.935285837791823,-0.3505961160990626,-0.04819507238609234
28.833366666666667,-0.9020065964533157,-0.42431493691581734,-0.07962998345367032
29.033366666666666,-0.7044166116164932,-0.7049135770072429,-0.0830306342839345
29.23336666666667,-0.44724123420710277,-0.891833406954055,-0.06788558510929113
29.433366666666668,-0.22593666370621873,-0.9724488841180773,-0.05740898684709196
29.633366666666667,-0.12690681411615007,-0.9918476201423035,0.011530782668049364
29.833366666666667,0.13446464363097044,-0.9638188384806108,0.23015756820726557
30.033366666666666,0.3486540778653789,-0.8667263047862321,0.35668732326709623
30.23336666666667,0.5477322809265308,-0.6991592174578638,0.4595277326503023
30.433366666666668,0.6839454309732206,-0.561919203646269,0.4652584830225006
30.633366666666667,0.8143566617204018,-0.4455059065335498,0.37195122631243416
30.833366666666667,0.9215585050858429,-0.38354896518140746,0.06016737498194935
31.033366666666666,0.9480073690133645,-0.3130920311730478,-0.05705618557434111
31.23336666666667,0.9330579672979087,-0.3433115898541593,-0.10742430792750966
31.433366666666668,0.9365501188520674,-0.3416522685728393,-0.07840664676678048
31.633366666666667,0.9532622044233207,-0.29919453153320213,0.04211652785568342
31.833366666666667,0.9625948458362459,-0.14970520563448927,0.22583072017648317
32.033366666666666,0.8624036608519406,0.11006055824897072,0.4941119298975647
32.23336666666667,0.756904390660412,0.28830058747717535,0.5864968155576856
32.433366666666664,0.660447665115717,0.3303577766819141,0.6742941650563061
32.63336666666667,0.6220732131199359,0.32413332389450245,0.7127148839892009
32.83336666666667,0.6316446971864984,0.27908741785144453,0.7232808512004104
33.033366666666666,0.6302942172090182,0.2535114340316024,0.7337991227632475
33.23336666666667,0.6437598024235128,0.23619223853889423,0.7278643714577777
33.433366666666664,0.7092470577582344,0.24173479287379007,0.6622181672043991
33.63336666666667,0.9570120939279729,0.2701896091445875,0.10547714058454388
33.83336666666667,0.9341000604709614,0.09330524486637592,-0.34460297199613965
34.033366666666666,0.9353455928665715,0.0441304617473281,-0.3509716858252958
34.23336666666667,0.9400803076758218,-0.026224958938096243,-0.33994303441727797
34.433366666666664,0.9420539411551795,-0.13390983476361992,-0.3075752397504944
34.63336666666667,0.9278418876082171,-0.2520969310126936,-0.27487555179317447
34.83336666666667,0.8927136721805832,-0.24817058681016965,-0.37612984372973435
35.033366666666666,0.8699227190591303,-0.2407444513216357,-0.43043765172509507
35.23336666666667,0.877476104884645,-0.044915012559558966,0.47751264590924253
35.433366666666664,0.7504529111532886,0.004602205405029307,0.6609078966444298
35.63336666666667,0.6731109422153686,0.05084546357684006,0.7377915683332219
35.83336666666667,0.6508997842338365,0.08623540238036995,0.7542499096855372
36.033366666666666,0.631918215795748,0.0958544387748272,0.7690847125724715
36.23336666666667,0.6193270394185654,0.09144002474965508,0.7797901898067313
36.433366666666664,0.6101510524039147,0.10054267166182877,0.7858796755391356
36.63336666666667,0.5402431848639418,0.1061123817765265,0.8347918684569092
36.83336666666667,0.4581458711102322,0.027716447490404778,0.8884447981293825
37.033366666666666,0.5112858669471884,-0.07741346872680721,0.8559170036398073
37.23336666666667,0.5336550029289017,-0.08339983920194986,0.8415799455013429
37.433366666666664,0.5755927877775215,-0.06254973578311306,0.8153407098949268
37.63336666666667,0.6747513004756692,0.008177306667207026,0.7379998740935289
37.83336666666667,0.7274478260838473,0.056740286186984415,0.6838129863122694
38.033366666666666,0.7428755698375766,0.08973552357294512,0.663387837955736
38.23336666666667,0.7521162701874127,0.15007968618891532,0.6417142696814615
38.43336666666667,0.7307593099053714,0.26454547285656926,0.6292904923624061
38.63336666666667,0.6994927972812622,0.3614566312158025,0.6164891972303803
38.83336666666667,0.5453315256878237,0.6292436523047169,0.5537742799419368
39.033366666666666,0.4300549075534975,0.7374823753529696,0.5207422803392235
39.23336666666667,0.3940012607003526,0.7758542569000013,0.49276077219750347
39.43336666666667,0.38550530360166013,0.7736331368434293,0.5028691981746228
39.63336666666667,0.36332415954139397,0.7749713886345929,0.5171217476487623
39.83336666666667,0.4666028479921864,0.6533451675754097,0.5961726882803675
40.033366666666666,0.5168072450388048,0.5812880423738693,0.6285017766630067
40.23336666666667,0.5688048693255409,0.5333147585599902,0.6261280930717407
40.43336666666667,0.5994766744442345,0.4954748364819922,0.6285955800118427
40.63336666666667,0.6744218744926187,0.3746460647953932,0.6362353820239713
40.83336666666667,0.6913549799736806,0.341687393072794,0.6366144964424781
41.033366666666666,0.680690001487591,0.401678364579287,0.6126300786802203
41.23336666666667,0.6787957467941477,0.42669919023566666,0.5976321068905202
41.43336666666667,0.670373341457718,0.5385826156011544,0.5104197774724571
41.63336666666667,0.7411127446566178,0.6606262886054449,0.1196862837209452
41.83336666666667,0.7641380592501413,0.5074969814267287,-0.3981706170075667
42.033366666666666,0.7878192137941953,0.3926395803469456,-0.47452612817596346
42.23336666666667,0.762626183569802,0.4221197510327988,-0.49011857740935155
42.43336666666667,0.525411150809693,0.7396163479117633,-0.4206076324872141
42.63336666666667,0.26965271789490053,0.9182502715057735,-0.2900066389092955
42.83336666666667,0.059976854277985714,0.9908558924439165,-0.12086098361376556
43.033366666666666,0.5627530849148016,0.8251568012413566,-0.04924651037389846
43.23336666666667,0.9653254689757532,-0.25905810201434104,0.03218134129382494
43.43336666666667,0.3694821837592657,-0.9246297962737094,0.09242648823428543
43.63336666666667,0.14429816889582286,-0.986217799579755,0.08094745360651587
43.83336666666667,0.21340650945912176,-0.9748309280196203,0.06451607161691945
44.033366666666666,0.28621559502085964,-0.9559063912758148,0.06575411990821571
44.23336666666667,0.3454140410871399,-0.933645954639587,0.0948386609194059
44.43336666666667,0.39667574674693173,-0.9057179721377203,0.14940986208915485
44.63336666666667,0.42281716883954984,-0.8959734977564433,0.13585703166414417
44.83336666666667,0.415785946369612,-0.9001727520210435,0.12965748462926222
45.033366666666666,0.41355255976869293,-0.9031174308760475,0.11555598797383694
45.23336666666667,0.426484533417397,-0.8981144669488261,0.1072443332441001
45.43336666666667,0.46202707854944175,-0.8808098165489829,0.1034651910451784
45.57886666666667,0.5286400433486157,-0.8437082132735497,0.09325317915829043
