0.03336666666666667,-0.9982446770109547,0.058865163379651385,-0.00651593121372369
0.23336666666666667,-0.9991528812344791,0.02231158956443665,-0.034579081710586365
0.4333666666666667,-0.9994105852669123,-0.029356627708780666,-0.017795237172243142
0.6333666666666667,-0.9988488938985026,-0.04258070265839159,0.022085536417660583
0.8333666666666667,-0.9976090220818294,-0.048935457302988754,0.048801230307069066
1.0333666666666668,-0.9972413044213624,-0.029320626274838436,0.06819150702859576
1.233366666666667,-0.9980718123230476,-0.006331602309889158,0.06174599791384718
1.433366666666667,-0.9996871832054268,-0.020736384886908477,0.013983493005030706
1.6333666666666669,-0.990650750941396,-0.024353427570271854,0.1342311447646473
1.8333666666666668,-0.9877818238072622,0.0076257644324156364,0.15565640453518245
2.0333666666666668,-0.9869154736515507,0.030310316999760088,0.15836392439728614
2.233366666666667,-0.9829285817648667,0.04895934917336375,0.17735384201710672
2.433366666666667,-0.9799097431263509,0.03214176722517541,0.1968344536042722
2.633366666666667,-0.9777181664856558,0.03125684458115684,0.20758178289714457
2.833366666666667,-0.9777558481175828,0.026658227707173816,0.20804528441514594
3.0333666666666668,-0.978171625961779,0.025162774453088246,0.20626949591520538
3.233366666666667,-0.9809732111214234,0.01816971213685401,0.193291025717665
3.433366666666667,-0.9825230308503218,0.024988740837565575,0.1844561104437876
3.633366666666667,-0.9849187683984174,0.03596683354321008,0.16923772198130008
3.833366666666667,-0.9864779011761846,0.04349773138193782,0.15801676447660495
4.033366666666667,-0.9865147272677586,0.049307729707048324,0.15606870498263475
4.233366666666667,-0.9853594871144521,0.06877803610176296,0.15600084263724018
4.433366666666667,-0.9851582014345093,0.0674081923054031,0.15785896793163579
4.633366666666667,-0.9851123759746705,0.060590840522139276,0.16087994513412948
4.8333666666666675,-0.9852640360049664,0.05386428961697063,0.16233735755907772
5.033366666666667,-0.9872164163627472,0.03683255628398264,0.15507130637704095
5.233366666666667,-0.9868852224201151,0.04330138616933661,0.15550738800653272
5.433366666666667,-0.9884914645915885,0.04492898135443096,0.14445072192284034
5.633366666666667,-0.9983378703584822,0.051406127656608715,0.026055837108854524
5.8333666666666675,-0.9888790657586309,0.06625681030551907,-0.13314739348735477
6.033366666666667,-0.9872249766954402,0.07907975989816153,-0.13832294445657495
6.233366666666667,-0.9884759031808295,0.07935229224906754,-0.12891315893135832
6.433366666666667,-0.9866084084097898,0.09005031374656898,-0.13599554937293445
6.633366666666667,-0.9878385179099727,0.10411233598484801,-0.11548023220104474
6.8333666666666675,-0.9850696968530117,-0.05299720839107165,0.16379556845247317
7.033366666666667,-0.9846978252925562,-0.08511209053131918,0.15207276189212335
7.233366666666667,-0.9895887724923969,-0.026192977130734606,0.14152027878018056
7.433366666666667,-0.9873830299508549,-0.03457731821821182,0.15452883624070468
7.633366666666667,-0.9870655120894356,-0.003584809525972184,0.1602773345931453
7.8333666666666675,-0.9885387636739129,0.03083321837309169,0.14778506473527311
8.033366666666666,-0.9880145166072561,0.05086942654037549,0.1457381776226914
8.233366666666667,-0.9940666703425325,-0.003159808743060723,0.108726586090143
8.433366666666666,-0.9932274406657889,0.0027798389197547283,0.1161530180583653
8.633366666666666,-0.9938379589622072,0.039966818185351145,0.1033864825302291
8.833366666666667,-0.9935374866782345,0.0358721637999903,0.10768681641409844
9.033366666666666,-0.9946811302046251,0.0006728807739178963,0.10299998274909637
9.233366666666667,-0.9934804018656468,-0.03120921156355129,0.10964796497178897
9.433366666666666,-0.9923726422540362,-0.043324697418208734,0.11541017935764303
9.633366666666667,-0.9909091069319326,-0.07003736291263091,0.11486474478970715
9.833366666666667,-0.9911405280806207,-0.06700513031372296,0.11467678975149773
10.033366666666666,-0.9926895168062865,-0.04180961575016925,0.11322313921511311
10.233366666666667,-0.9927647341417346,-0.01612299503120785,0.11898836781683599
10.433366666666666,-0.9920858927084948,-0.002509020259616379,0.12553599605740895
10.633366666666667,-0.9900236018621804,-0.013966386808248138,0.14020773086872756
10.833366666666667,-0.9877476129639242,-0.04020759001570636,0.15079125567883267
11.033366666666666,-0.9893603764567352,-0.0587352536063043,0.13310227451546525
11.233366666666667,-0.99019896518537,-0.05853280614686729,0.12680662423704847
11.433366666666666,-0.9922842308275499,-0.036371081153567554,0.11852910911121642
11.633366666666667,-0.9928362052692757,-0.008938822480898884,0.11914850800224201
11.833366666666667,-0.9939686650101209,-1.6403170078944857e-05,0.10966445508428933
12.033366666666666,-0.9925419170881029,0.06696763503124119,0.10186205712332735
12.233366666666667,-0.9965061455408495,0.025747440020261,0.07945169118226601
12.433366666666666,-0.9968785586068545,0.0003779737505705703,0.0789493288493587
12.633366666666667,-0.9951070387856733,-0.054949729172143594,0.08211277990128397
12.833366666666667,-0.9902617526746187,-0.09904078635204965,0.09783958211562757
13.033366666666666,-0.9955938753859188,-0.01644996847743068,0.09231594570354529
13.233366666666667,-0.9961697273069674,-0.004800261706385042,0.08730883050821865
13.433366666666666,-0.9964082320603345,0.04438217700583643,0.07211697058683089
13.633366666666667,-0.9964866328294952,0.018320302084481474,0.08172366318067512
13.833366666666667,-0.6420766335774897,0.761722320954045,-0.08669891795277226
14.033366666666666,-0.6345646198181669,0.756614433443286,-0.15767797049784857
14.233366666666667,-0.5141567761476483,0.8476313126049295,-0.1310113255909635
14.433366666666666,-0.12480295927452412,0.9906036951054812,0.05593335855898638
14.633366666666667,-0.05518490295351597,0.998053344991986,0.029054208581882582
14.833366666666667,0.3026818040900361,0.9528771814289679,-0.020218867050026054
15.033366666666666,0.20732438059463654,0.9689018436630445,-0.135077083761103
15.233366666666667,0.16716668694625658,0.9756836249072591,-0.14176305182678348
15.433366666666666,-0.646075467131983,0.7578450879935148,-0.09086976050530496
15.633366666666667,-0.7448858731126398,0.6634134755613035,-0.07090554619275286
15.833366666666667,-0.9738571923548293,0.20827006014802943,0.09069592573376932
16.033366666666666,-0.979972738559896,-0.16817206872775708,0.1066376433500135
16.233366666666665,-0.9898979403823719,-0.0067186812883339355,0.14162248037823913
16.433366666666668,-0.9855520243978826,-0.004679235937494843,0.1693083339835236
16.633366666666667,-0.9825099723177333,0.024205482217822573,0.18463003257003008
16.833366666666667,-0.9854839609815228,0.032069905670857574,0.16671197856911946
17.033366666666666,-0.9823738956592223,0.03376263806401141,0.1838521509210098
17.233366666666665,-0.9822730284260764,0.03511225016193335,0.1841380664480613
17.433366666666668,-0.9871895638284197,0.03368281443794652,0.1559558690136197
17.633366666666667,-0.9881266975639956,0.03694933325963857,0.14913207680757432
17.833366666666667,-0.9903192580829013,0.03941394270391924,0.13309510956704723
18.033366666666666,-0.9931798316916708,0.02640877313602564,0.11356231162826183
18.233366666666665,-0.9952191675231502,0.0207733631402958,0.0954320490106394
18.433366666666668,-0.9957065429585521,0.019555220310300804,0.09047692340119476
18.633366666666667,-0.9958024383579137,0.028474795030873808,0.08698672202343931
18.833366666666667,-0.9956971344256124,0.020449986054792986,0.09038260101912564
19.033366666666666,-0.9955970066373456,0.016159834973228017,0.09233341815613538
19.23336666666667,-0.9943496847467403,0.00956638824523918,0.1057222240590865
19.433366666666668,-0.9947900017638323,0.0070107450252842925,0.10170399129289566
19.633366666666667,-0.990178867630077,-0.04976822838369352,0.1306481287365723
19.833366666666667,-0.9915480590593323,-0.045430396797423625,0.12152582286287922
20.033366666666666,-0.9905480342020119,-0.06013531496554847,0.12328153078431535
20.23336666666667,-0.9907743015210904,-0.058391752538636585,0.12229753342100455
20.433366666666668,-0.9918154544122237,-0.05569974509393403,0.1148896983438674
20.633366666666667,-0.992603031811725,-0.05070992734931959,0.11030740911832879
20.833366666666667,-0.9930086383492897,-0.04984830761561448,0.10699995510068473
21.033366666666666,-0.992851429742235,-0.050468037737753414,0.10816198789639819
21.23336666666667,-0.9927709000169903,-0.03714542370591493,0.11413219343008818
21.433366666666668,-0.9933405912599326,-0.01840060395527904,0.11373604322926412
21.633366666666667,-0.9932745460486848,-0.006044529691713617,0.11562499657334105
21.833366666666667,-0.9925519351563974,-0.02567704168463976,0.11908545481130998
22.033366666666666,-0.9917046892640071,-0.03837649414641302,0.12267458574949011
22.23336666666667,-0.9901262911121339,-0.05229878671903932,0.13005677435737897
22.433366666666668,-0.991544892364234,-0.05051080506999734,0.11952984981828166
22.633366666666667,-0.9926941330238687,-0.052232720117512454,0.10876626871009241
22.833366666666667,-0.9925329589799983,-0.06701443127378073,0.10191855247922589
23.033366666666666,-0.9923634849491008,-0.07364294261779548,0.09895165861302424
23.23336666666667,-0.9933464134233223,-0.02762062292218988,0.11180341733781055
23.433366666666668,-0.9917803153809588,-0.06578816662460499,0.10974389803091365
23.633366666666667,-0.9941383321046842,-0.022394168612267798,0.10577087430990645
23.833366666666667,-0.9929150170840901,-0.04962580124533684,0.10796781325774434
24.033366666666666,-0.9930332144728591,-0.05309492002336826,0.10519488781025944
24.23336666666667,-0.9947146007436062,-0.05071572369620394,0.08927921615616151
24.433366666666668,-0.9963751207472138,-0.036803212886534944,0.07669512551136509
24.633366666666667,-0.9966087602123175,-0.021216405439639763,0.07950373078220106
24.833366666666667,-0.9961838483769417,0.0019196747393348287,0.08725855305814978
25.033366666666666,-0.9951758001451838,-0.008494349314668526,0.09773931059258172
25.23336666666667,-0.9944584717713882,0.024930327784985207,0.10213141866560038
25.433366666666668,-0.9939134677666731,0.02079852771975898,0.10818243774623222
25.633366666666667,-0.9917046067790596,-0.031757160806258164,0.12455302337044019
25.833366666666667,-0.9907238820473099,-0.043592727684843575,0.12870844429991235
26.033366666666666,-0.9904503872867216,-0.02578770091928007,0.13543642347935891
26.23336666666667,-0.9913614474003803,0.008240241384898832,0.13089911775921786
26.433366666666668,-0.9914548390444878,0.030609990941119544,0.12680824338288763
26.633366666666667,-0.9917793901766054,0.03146430540365844,0.12403079741090826
26.833366666666667,-0.9911480040561226,0.01473340770837138,0.1319415050424364
27.033366666666666,-0.9917491719747866,0.004948963864215428,0.12809796112349434
27.23336666666667,-0.9917699709521074,-0.004807522008937903,0.12794222309226086
27.433366666666668,-0.9927487371896573,-0.02284359160614418,0.11801743570707228
27.633366666666667,-0.9930342092188279,-0.025660551722070508,0.11499824088417929
27.833366666666667,-0.9932852141336534,-0.017011076419882455,0.11443385278185465
28.033366666666666,-0.9920280985440223,-0.018219912652541206,0.12469276836314878
28.23336666666667,-0.9906285162804643,-0.019338124622121505,0.13520791274206329
28.433366666666668,-0.9907756357376623,-0.03283986565275791,0.13147312597082322
28.633366666666667,-0.9895403138848994,-0.047501005475030944,0.13621167965867026
28.833366666666667,-0.9896307608534229,-0.03169386985491769,0.140094453088958
29.033366666666666,-0.9894552139713002,-0.0232700036203305,0.14295763874839965
29.23336666666667,-0.9891547075515952,-0.03532303952464837,0.14256664198632873
29.433366666666668,-0.9871382884548163,-0.08092091604004961,0.13787604873122422
29.633366666666667,-0.9870873348743773,-0.079860786672537,0.1388554935270579
29.833366666666667,-0.9842611981849767,-0.11097607856806968,0.13752891962466723
30.033366666666666,-0.7669481573267113,-0.6319790157318919,-0.11132406589642703
30.23336666666667,-0.7674724254753812,-0.6247342768358448,-0.14385117128939182
30.433366666666668,-0.7643231995112415,-0.6257808917109628,-0.15559023831311217
30.633366666666667,-0.9785880931678475,-0.07383518805876177,0.1921294066884201
30.833366666666667,-0.9829557979345174,-0.041481061098820986,0.17910114705671829
31.033366666666666,-0.9798091990356996,-0.025922666762737787,0.1982471912359145
31.23336666666667,-0.976877373139382,-0.055044367440592705,0.20659311571629244
31.433366666666668,-0.9747891141501361,-0.10712801427915915,0.1957288213089657
31.633366666666667,-0.9853186217844712,-0.12624639175585947,0.11493068403771638
31.833366666666667,-0.9819159506580274,-0.13938312745789574,0.1281148298340136
32.033366666666666,-0.9865847052512049,-0.08322794068851662,0.14044119500040544
32.23336666666667,-0.9897975575045045,0.021177116609308107,0.14089827852118325
32.433366666666664,-0.9888709817988739,0.05156249793665215,0.13955461354847623
32.63336666666667,-0.9890892200494923,0.05214597974626948,0.13777993895407414
32.83336666666667,-0.9913322989832937,0.06935130047082756,0.11158257084107127
33.033366666666666,-0.9919941495660092,0.03262982095326087,0.12199549996359764
33.23336666666667,-0.990425430933927,-0.03387356371391262,0.1338284253836415
33.433366666666664,-0.9866874363206164,-0.02389141921028425,0.16086361644314887
33.63336666666667,-0.9872426985241842,-0.01613495280192462,0.15840302241045318
33.83336666666667,-0.9890668606384503,0.015581101017152996,0.1466423352169975
34.033366666666666,-0.9852304720755386,-0.030155991966523403,0.16855720999804769
34.23336666666667,-0.9790978304176952,-0.1017586520647156,0.1761039897371275
34.433366666666664,-0.9816657401185241,-0.08631348018870394,0.16994810329999227
34.63336666666667,-0.9916859695182304,-0.032865145104236874,0.12441390636888279
34.83336666666667,-0.9923416545629986,-0.05235481949497017,0.11187945966449772
35.033366666666666,-0.9930754939932589,-0.0432014271102993,0.10924605222010732
35.23336666666667,-0.9672961405278628,-0.2354436811658459,0.0943633907772317
35.433366666666664,-0.5200179491516246,-0.8538355983286298,-0.023368859341641648
35.63336666666667,-0.536807421505635,-0.8410152179792334,-0.06731415411199877
35.83336666666667,0.25582099588563356,-0.9640260652845102,0.07217592061171313
36.033366666666666,0.35906638564485965,-0.9323166603587983,0.04309263878382969
36.23336666666667,0.4293958145649483,-0.9028418776656089,-0.022266081095300722
36.433366666666664,0.35958648244484376,-0.9184287543608708,-0.16488233624643728
36.63336666666667,0.35867158282723555,-0.9147296083714447,-0.18607643386745523
36.83336666666667,0.34541652976459947,-0.919604175908105,-0.18712450565801655
37.033366666666666,0.6746620614133672,-0.6917603677006794,-0.2574853327241903
37.23336666666667,0.3138658209570898,-0.7676908251331909,-0.558694051732478
37.433366666666664,0.2980406636662539,-0.7812287649975913,-0.5485010296633155
37.63336666666667,0.2467278132954699,-0.8086894054347284,-0.5339914153655101
37.83336666666667,0.3044060786268881,-0.9440125772860325,-0.1271895955681268
38.033366666666666,0.26124077647896743,-0.956449317719788,-0.13022272972879426
38.23336666666667,0.21583827671480332,-0.9681959118031803,-0.12653266247255204
38.43336666666667,-0.35901870123329843,-0.9256916833194399,-0.11916576520955051
38.63336666666667,-0.4354363547833075,-0.8854906521299244,-0.16217732863611725
38.83336666666667,-0.4817794593121689,-0.8599030136103895,-0.16868716539394518
39.033366666666666,-0.8024672444608361,-0.589252787683968,-0.09395463678874792
39.23336666666667,-0.8317120664227905,-0.5459847821427976,-0.10077527591236586
39.43336666666667,-0.6074981977978705,-0.7733802198510414,-0.18118767953559722
39.63336666666667,-0.4839706251704956,-0.8576195461443343,-0.17395731672817313
39.83336666666667,-0.5961331123674145,-0.7882242197527928,-0.15273471031249156
40.033366666666666,-0.7743879782496188,-0.6247631238253736,-0.09997148718724136
40.23336666666667,-0.8337351153139374,-0.5416566224406352,-0.10720942523238654
40.43336666666667,-0.9761789791739162,0.029585090369340844,0.2149402778606397
40.63336666666667,-0.9768102741867948,0.0894163008745887,0.19454154667068987
40.83336666666667,-0.9785255217796678,0.06942141149919868,0.19408366971821123
41.033366666666666,-0.9756807269435561,0.08405246799864745,0.20244085974484063
41.23336666666667,-0.9780064295833971,0.09403174079838876,0.18617587227124877
41.43336666666667,-0.9774805053378656,0.07835820996385225,0.19593838984663678
41.63336666666667,-0.978574498004697,0.07190050515098458,0.19293073683031603
41.83336666666667,-0.9806736545391217,0.05488282588326784,0.187795257437323
42.033366666666666,-0.9845031128428978,0.05321347195575443,0.16709861520987848
42.23336666666667,-0.9834926006366299,0.08098096783085927,0.16181590571441523
42.43336666666667,-0.9852439654243036,0.0887422022780768,0.1463528275429973
42.63336666666667,-0.9876174855919614,0.07222389008074746,0.13926741131584117
42.83336666666667,-0.9894353049849477,0.07270498912873186,0.12542632022480216
43.033366666666666,-0.9899378087993683,0.08077920979128658,0.1161802649979823
43.23336666666667,-0.9902594903285188,0.09384741909739625,0.10285331177487969
43.43336666666667,-0.9940026833960303,0.02616773828588115,0.10617869312858051
43.63336666666667,-0.996582294177237,0.00677798473114634,0.08232733358623882
43.83336666666667,-0.9968084634329679,0.03103681396232549,0.07355000616909393
44.033366666666666,-0.9903097869022042,0.04465250444967082,0.13150163425632047
44.23336666666667,-0.8057657231261856,0.5500257664100772,0.21957517100059923
44.43336666666667,-0.63163722653609,0.7746370814646817,-0.03117380428623311
44.63336666666667,-0.5754496929001416,0.8178114798301862,0.0064833941029104605
44.83336666666667,-0.5886706181963465,0.8080929613901846,0.02127601992791505
45.033366666666666,-0.36032359524123697,0.9235778373418841,0.13103772389399257
45.23336666666667,-0.41847181845582715,0.9000927871882222,0.12130256225657868
45.43336666666667,-0.9921697389039873,0.048630644685858614,0.11504029555173834
45.63336666666667,-0.9882934056645405,-0.08091146067463315,0.1293424905105882
45.83336666666667,-0.9906230619269307,-0.08275380355221246,0.10870950821411461
46.033366666666666,-0.9906853043964426,-0.0402903227961001,0.1300742770186103
46.23336666666667,-0.9929170167947297,-0.030617379628934956,0.11479709850040802
