0.03333333333333333,-0.999523796417148,0.01962310024254701,-0.02381416244009843
0.23333333333333334,-0.9988867353660683,0.03454661935766728,-0.03212197068479253
0.43333333333333335,-0.9920153939461119,0.12577855345756314,-0.009231124745286834
0.6333333333333334,-0.9935506647141517,0.11037212287548402,-0.02598213112942978
0.8333333333333334,-0.978003852242071,-0.19531653028253335,-0.07321146083819197
1.0333333333333334,-0.9753980236782097,-0.2073750783738496,-0.07479486796620777
1.2333333333333336,-0.9727137787889577,-0.2189319564995487,-0.07678999269036683
1.4333333333333336,-0.8985284521060232,-0.4364712117383368,0.04625475196801128
1.6333333333333335,-0.875272515475085,-0.4810691256620072,0.049704325653902356
1.8333333333333335,-0.894748476036493,-0.4421621876325564,0.06259204788441876
2.033333333333333,-0.8748314561551563,-0.4802285400653247,0.06364332351610166
2.2333333333333334,-0.7443748428204303,-0.6661582353411994,0.04625255520680715
2.4333333333333336,-0.7094057596224469,-0.7036250438566889,0.040684958795252045
2.6333333333333333,-0.967164292648672,0.25113035541477047,0.03907397618166197
2.8333333333333335,-0.44180144091917967,0.8945391808881529,-0.06790538018219953
3.033333333333333,-0.05546010930148221,0.9888540819886728,-0.13817301042753158
3.2333333333333334,0.4160313315799771,0.8884227256748944,-0.1939664704225508
3.4333333333333336,0.6946147712908864,0.7051159204755911,-0.14255475508158028
3.6333333333333333,0.7710075231045218,0.6261689915150972,-0.11601634962881953
3.8333333333333335,0.4854648952917483,0.7471090829167919,-0.4540394846955509
4.033333333333333,-0.5647551123638024,0.7703825030911696,-0.2959095503526925
4.233333333333333,-0.9767788020983448,0.21376462705286314,-0.014417211667758029
4.433333333333334,-0.9593026061455836,0.2823626356789027,-0.003138760066431701
4.633333333333334,-0.9610346814901135,0.2734023884309254,0.04078572021507085
4.833333333333334,-0.9608244375064533,0.26708667228708893,0.0740345174700055
5.033333333333333,-0.9989981844401222,-0.0106422430666549,0.04346688564700216
5.233333333333333,-0.9902048374642748,-0.13361113988524823,0.040527067015930854
5.433333333333334,-0.9972032177566041,-0.05526152473801488,0.05031805222288885
5.633333333333334,-0.9959412166254503,-0.07311554091936666,0.05249010099710508
5.833333333333334,-0.9849480292436983,-0.025102726064590596,-0.17101822368707054
6.033333333333333,-0.9856909503222131,-0.005533133483018954,-0.168471762876607
6.233333333333333,-0.9869823437354933,0.0044265839750721086,-0.16076771600263626
6.433333333333334,-0.9972081009980164,0.0320899103886292,-0.06742581816470372
6.633333333333334,-0.993941697831124,0.06573931206988617,-0.0880808955515385
6.833333333333334,-0.9831590765104412,0.15093152174034655,-0.10304322403865308
7.033333333333333,-0.892362771029749,0.4448714842815479,0.07601346823583531
7.233333333333333,-0.9333928006086103,0.3565136948100537,0.040937332410636226
7.433333333333334,-0.8850061162748816,0.45861230958765287,0.08024290405219324
7.633333333333334,-0.8837766066548647,0.4623075118785909,0.07218499837389668
7.833333333333334,-0.9061590786480801,0.41355984227469444,-0.0885662522713493
8.033333333333333,-0.9142438130915407,0.39497611551734735,-0.09028908236696011
8.233333333333334,-0.9163906208219206,0.3899847964610448,-0.09022243955276484
8.433333333333334,-0.8722316485300895,0.48290822013330886,-0.07753452282797976
8.633333333333333,-0.9820156157847562,0.1449425187770717,-0.1209834559162725
8.833333333333334,-0.987081557098469,0.09354759553227232,-0.13007246828669167
9.033333333333333,-0.9805114384736724,0.1548942345976741,-0.12085154161486904
9.233333333333334,-0.8384175082137353,-0.5218608156209784,-0.15721759138238373
9.433333333333334,-0.8712964591596668,-0.45904798226249655,-0.17354374156551244
9.633333333333335,-0.8679468690950589,-0.46123829838089264,-0.1841940947337434
9.833333333333334,-0.9993936468078158,-0.019131826028366855,0.029091441232684267
10.033333333333333,-0.9962595203776698,0.07209428060198336,0.04763803901650632
10.233333333333334,-0.9916635023837617,0.10862618552732277,0.06930981068907185
10.433333333333334,-0.9816431600062027,0.017536434194991322,-0.1899188771258986
10.633333333333335,-0.9813885419404635,0.02359413516525553,-0.19057766535923085
10.833333333333334,-0.9818628032147635,0.028769160099147078,-0.18739736148205513
11.033333333333333,-0.9740100166346314,-0.1338981005574744,-0.18269041070211092
11.233333333333334,-0.9737731829652907,-0.12867690927732925,-0.18763805892323882
11.433333333333334,-0.9665635985072245,-0.1621413137604018,-0.19865800868028627
11.633333333333335,-0.9126011114018305,-0.3575905928579197,-0.1982124601725761
11.833333333333334,-0.7394110159911147,-0.6506550122886225,-0.17297226487122125
12.033333333333333,-0.77047681821218,-0.6138405466227571,-0.1719455027603527
12.233333333333334,-0.8085437705145597,-0.5854071470794753,0.059627538188056765
12.433333333333334,-0.8140257962136692,-0.5798921944531684,0.03297037929703903
12.633333333333335,-0.8266331947884162,-0.5623922823934774,0.019811157920520784
12.833333333333334,-0.8182213019055222,-0.57488891327035,0.004079032589834516
13.033333333333333,-0.8007835464048104,-0.598947108759322,-0.002841252573121712
13.233333333333334,-0.7738526716091182,-0.6333353198223901,-0.006198008462512857
13.433333333333334,-0.37560443209120464,-0.9019463574908163,-0.21310579251276143
13.633333333333335,-0.25948346934391897,-0.9344143811284283,-0.24400428987544504
13.833333333333334,-0.9420594093283456,-0.3333611643362438,-0.03734171137363773
14.033333333333333,-0.9466820697228944,-0.3202091781701062,-0.035484377982459604
14.233333333333334,-0.9995221391409289,-0.003451602197205207,-0.030717744211026052
14.433333333333334,-0.9979406273323977,-0.027509517496922757,-0.05794592968023693
14.633333333333335,-0.9823790877239957,-0.15227660713405206,-0.10836587526666995
14.833333333333334,-0.9815873582800358,-0.16452141972906015,-0.09705132928071777
15.033333333333333,-0.8186359753162261,-0.5621185914449189,-0.11771928079134922
15.233333333333334,-0.7844427695422145,-0.6027666198259666,-0.1460203524736164
15.433333333333334,-0.810095127410568,-0.5686747267615033,-0.1426707387251682
15.633333333333335,-0.8163432528145722,-0.5611785181404819,-0.1366102644817586
15.833333333333334,-0.840300778192232,-0.5260133008379169,-0.1311663429052145
16.033333333333335,-0.9853625528619004,0.14740450069395605,-0.085630325192913
16.233333333333334,-0.9847425861070991,0.12621272127214475,-0.11980145281331839
16.433333333333337,-0.9824888861453147,0.14640223023061227,-0.11524745370047007
16.633333333333336,-0.9698747917112973,0.2193810410992646,-0.10590017568054814
16.833333333333336,-0.964710444578185,0.24343769574907778,-0.10035858911991359
17.033333333333335,-0.951410772913585,0.3026187662614608,0.05691593353680682
17.233333333333334,-0.9569967772056955,0.2813638005482278,0.07065111576592012
17.433333333333337,-0.9576900430305693,0.27680687185029823,0.07878919454188472
17.633333333333336,-0.9914795337744616,0.03209639237373966,0.12624640867354234
17.833333333333336,-0.9930012977311942,0.0013133547158291185,0.11809613797053328
18.033333333333335,-0.989090639850845,0.09614892067991075,0.11160237995461515
18.233333333333334,-0.9896088167888841,0.09337870388142706,0.1093380418478824
18.433333333333337,-0.9924541511034066,0.07699736402351459,0.09542622224025636
18.633333333333336,-0.9729533744669523,0.06384645431016842,-0.2220030661621373
18.833333333333336,-0.9316314703283043,0.04931760849366263,-0.3600424655320369
19.033333333333335,-0.9394301209218089,0.07848770350150168,-0.3336326247594741
19.233333333333338,-0.9185304278514135,0.34148957341561836,-0.19921527140136228
19.433333333333337,-0.987909828748915,0.09696470209045693,0.12096287368361676
19.633333333333336,-0.9888973816144135,0.08597207412775068,0.1212054912383488
19.833333333333336,-0.9883829842573617,0.09836502147819598,0.11585939314577141
20.033333333333335,-0.9857504799499376,0.12474760113787862,0.1128451473870875
20.233333333333338,-0.9851534701622247,0.12731118515769693,0.1151716213355925
20.433333333333337,-0.9868284820499822,0.11655050727812719,0.11218523195206845
20.633333333333336,-0.9874983801896385,0.11853754498833498,0.10390283706895913
20.833333333333336,-0.9786579862216112,0.09517511547917597,-0.18212699799367074
21.033333333333335,-0.9781720830853863,0.08954774304971513,-0.1875115398771464
21.233333333333338,-0.9780821599272134,0.08654162011577318,-0.18938277751647498
21.433333333333337,-0.9334203413045207,0.3570727121204753,-0.035007780533479485
21.633333333333336,-0.9159102508795328,0.39900973551572544,0.043584897584623694
21.833333333333336,-0.9024802931361816,0.4250753853363247,0.06957181384732274
22.033333333333335,-0.8993653958061788,0.43067227311322037,0.07525475398861707
22.233333333333338,-0.8927335813734923,0.44410780151338786,0.07612498488015351
22.433333333333337,-0.8802902838962468,0.4668661400530904,0.08440985339279779
22.633333333333336,-0.8707321195300461,0.48525375431440937,0.07971430199458963
22.833333333333336,-0.8533713955265572,0.5160247840628495,0.0739978616579288
23.033333333333335,-0.7586576836150465,0.647702651376592,-0.07014124672106574
23.233333333333338,-0.7460527091411233,0.6614319956377838,-0.0768964910110299
23.433333333333337,-0.7820261756781216,0.6224975289206935,0.03052682495579853
23.633333333333336,-0.7848269943808338,0.6189196319896396,0.03138595273296574
23.833333333333336,-0.7872582026484821,0.6151160923022687,0.04308962002000078
24.033333333333335,-0.7981147617366866,0.6007814721842344,0.04554612802573121
24.233333333333338,-0.9384169926978664,0.34476748652945993,0.022559433681967365
24.433333333333337,-0.9460746123400355,0.32287607250940736,0.026341406313092924
24.633333333333336,-0.9517320279787836,0.3058702316263271,0.025486237938326477
24.833333333333336,-0.9323257201258731,0.3322335108066035,-0.14279231733146724
25.033333333333335,-0.9328181527518622,0.32805850944966614,-0.14909026887851104
25.233333333333338,-0.9381703676736248,0.3054629588846121,-0.16287646229149605
25.433333333333337,-0.9443877762039101,0.2754990042984486,-0.17953280142413192
25.633333333333336,-0.9966263447087006,0.08199840271893899,0.0034915589809048644
25.833333333333336,-0.9976794960002697,0.06179073614069701,0.028592449839748804
26.033333333333335,-0.9971898468187679,0.06247996808011466,0.04133597694829193
26.233333333333338,-0.9787348870523737,0.07398326986037419,-0.19132301651224332
26.433333333333337,-0.9799848470870726,0.07669838117128396,-0.18370372289486023
26.633333333333336,-0.9787679054778402,0.09249536799529783,-0.18291526482482506
26.833333333333336,-0.8357948292252269,0.5409585328171748,0.09386623041682057
27.033333333333335,-0.8191938544033093,0.5676602992726302,0.08175092377189534
27.233333333333338,-0.8157089104619848,0.572083945211397,0.08566757276989455
27.433333333333337,-0.8263600126010635,0.5570088902193635,0.08288682519293201
27.633333333333336,-0.866264165778635,0.4317769086422942,-0.25130677716916006
27.833333333333336,-0.8602841207392059,0.4421502023979053,-0.253799980542677
28.033333333333335,-0.8570354899362174,0.4495433761320994,-0.2517953970300922
28.233333333333338,-0.8428448767870453,0.3993289118839034,-0.360761602457147
28.433333333333337,-0.8459958113459474,0.39701946910633673,-0.35590255455058906
28.633333333333336,-0.8482122955351166,0.34492881978885737,-0.40194528356744574
28.833333333333336,-0.9422987028273724,-0.15996584536038708,-0.2940817623858852
29.033333333333335,-0.8992410128351506,-0.3391164180365539,-0.2763433658571713
29.233333333333338,-0.9028506333420209,-0.3317051751827249,-0.2735551327080341
29.433333333333337,-0.8725348768533029,-0.4303270232563585,-0.2313040028402307
29.633333333333336,-0.8937925242898495,-0.3839654330970572,-0.2317444059954157
29.833333333333336,-0.9838904973864866,0.0833677455152081,-0.1581433152563949
30.033333333333335,-0.9837568982561112,0.04730472304703217,-0.17316070082717638
30.233333333333338,-0.9980602912382884,0.060873264604079456,0.013042266282545676
30.433333333333337,-0.9979774304614035,0.06161657822535841,0.015634755433103536
30.633333333333336,-0.999012488136614,0.03717812947358219,0.024327664004947208
30.833333333333336,-0.9992739395348778,0.02296056992864647,0.030404045701150767
31.033333333333335,-0.974856877784841,0.016051941350736912,-0.22225301576011136
31.233333333333338,-0.975530990854525,0.02175147669214246,-0.2187833612140099
31.433333333333337,-0.9789514944132851,0.018259933548877443,-0.20327455918728832
31.633333333333336,-0.9815665905119181,0.013548093723643169,-0.19063965365910684
31.833333333333336,-0.9916674921984461,0.12612635073642214,0.026224579439115842
32.03333333333333,-0.9911511597501246,0.12787669540522237,0.03559395030371347
32.233333333333334,-0.9901272435134127,0.13207691796099985,0.046943896242797746
32.43333333333333,-0.9900863067426069,0.13009714794162955,0.05295127286702595
32.63333333333333,-0.9893419148118191,0.13188801402089492,0.06171002636612089
32.833333333333336,-0.9894306523441798,0.13143671674232174,0.06124845870525956
33.03333333333333,-0.9900923787099858,0.1285414880587179,0.05651696619646726
33.233333333333334,-0.98890679543016,0.13466165817473608,0.06268642412581772
33.43333333333333,-0.9863042361681299,0.1499513091353875,0.0686917651934018
33.63333333333333,-0.9792784682969744,0.186261552634707,0.07950041220044189
