0.04,-0.9955947326855362,0.021552959280827417,-0.09125019558913122
0.24000000000000002,-0.9918573558386325,0.09466803475685778,-0.08518772719160371
0.44,-0.9905880801201145,0.10152767867202254,-0.09180079513499283
0.6400000000000001,-0.9862720789981092,0.1210590755351679,-0.11230354588933718
0.8400000000000001,-0.9728202667392262,0.18177593674659243,-0.14345116744495276
1.04,-0.9635542541648647,0.21340192066587022,-0.16131589982673547
1.2400000000000002,-0.942476367167513,0.2511262345005156,-0.2206216482494848
1.4400000000000002,-0.9383016706822931,0.265493577902994,-0.22159227172237866
1.6400000000000001,-0.9530555625876254,0.2066591698388721,-0.221307663993576
1.84,-0.9853142345333272,0.10010138861924474,-0.13833138191495956
2.04,-0.9982979578889364,0.04983424846009922,-0.03029414060832423
2.24,-0.9944995345771768,0.044283243890501735,0.09491928168877788
2.4400000000000004,-0.9852507935902276,-0.025062125113555468,0.16927127226620411
2.64,-0.9874762793924787,-0.10369028991760755,0.11890719664507288
2.8400000000000003,-0.9867414539655425,-0.1346838175135638,0.09056253268289383
3.04,-0.9917877639400102,-0.07993045443672891,0.09984064178686444
3.24,-0.9868095389131089,-0.05117663981302031,0.15358348038622643
3.4400000000000004,-0.9737931950360901,-0.09889383754902743,0.2048092336693583
3.64,-0.9340584100911219,-0.22864571575346934,0.27432831280352654
3.8400000000000003,-0.838851695589292,-0.3831377557324122,0.38669534900138175
4.04,-0.7623410340601555,-0.4788695656688388,0.43533904817306573
4.24,-0.7030079952562044,-0.5572464178430792,0.44187802435390383
4.44,-0.6922259626274134,-0.5242456313013686,0.49597352220252705
4.640000000000001,-0.7328654136825117,-0.4295274785516435,0.5276499129129357
4.840000000000001,-0.7584354858647444,-0.4110162610326748,0.5058075196631905
5.04,-0.7258996382090669,-0.4739333744567158,0.4984544832018432
5.24,-0.6117854803973337,-0.5604308478140446,0.5582434870138974
5.44,-0.5398212729881822,-0.6290597986766424,0.5593538798634731
5.640000000000001,-0.5375575251061638,-0.6497064843832341,0.537506643077194
5.840000000000001,-0.6008569927982778,-0.6067084084573003,0.5204572809680162
6.04,-0.6833899743464906,-0.5367590345558649,0.494841269282746
6.24,-0.7465009896751927,-0.4766050216093693,0.46431016119689955
6.44,-0.7668972060724388,-0.4496798197771468,0.45788288350131634
6.640000000000001,-0.8251775417720071,-0.35906020247145193,0.4360708607053075
6.840000000000001,-0.9075662344159987,-0.20589084235656743,0.36596788271878145
7.04,-0.9441784551677053,-0.12514345734222992,0.304739495112725
7.24,-0.9602283019377876,-0.09970077779355027,0.2608090547987815
7.44,-0.977913498673022,-0.07208611962373014,0.1961855766122531
7.640000000000001,-0.9846632027568587,-0.06961778748356573,0.1599741879257367
7.840000000000001,-0.9842405828489658,-0.08341858638134693,0.15592246316444058
8.04,-0.9832529670601762,-0.09838670414573145,0.15340684213782801
8.24,-0.9775076714824131,-0.15444427193796906,0.14361656958227767
8.44,-0.9590722641138179,-0.2621859526860767,0.10695287944552602
8.639999999999999,-0.9310241698429549,-0.36241868247625,0.04297317489336382
8.84,-0.9121545679493439,-0.4094941166661814,-0.016988601617825932
9.04,-0.8900169139516262,-0.45504337922375854,-0.028379850328113795
9.24,-0.8345521589626645,-0.5468069659358165,0.06726690103477558
9.44,-0.7276875823785276,-0.6592320029654637,0.1894305907667417
9.64,-0.593647283491844,-0.7182144377344156,0.3629751013948359
9.84,-0.4872612380583193,-0.7310333747208664,0.47766797143004586
10.04,-0.3817251139459612,-0.7862141203895099,0.4859560620911037
10.24,-0.2840251008865403,-0.8342997327714762,0.4725184630930676
10.44,-0.19118191453859013,-0.8719467432457785,0.45073090918688963
10.64,-0.1583681538474594,-0.8789194313006278,0.44991128139793113
10.84,-0.20654390620303692,-0.8758791655249313,0.4360909334184116
11.04,-0.22289132545368048,-0.8533879214851205,0.47122023778781713
11.24,-0.18120989109567737,-0.858957126091815,0.47891087991940906
11.44,-0.1606894793702584,-0.8685031535172683,0.4689148787896108
11.64,-0.19109273693030243,-0.8656364779308264,0.46277105999403184
11.84,-0.2707904932153167,-0.8516284854315296,0.4487777084323644
12.04,-0.4067557528564251,-0.8113642437032397,0.4198068860298423
12.24,-0.5622159406161598,-0.7295793955072593,0.38939329959354635
12.44,-0.7060978339028193,-0.6121863907240576,0.35588435196001256
12.64,-0.8185476971630372,-0.4732484215436338,0.32560036697698597
12.84,-0.9075274491505332,-0.3123166136390328,0.28080644914847336
13.04,-0.9508360265143931,-0.19181377482719808,0.24314260521114375
13.24,-0.989480569349921,0.001312428421164445,0.144659878371979
13.44,-0.9920922483090613,0.09387215166345428,0.083312604011311
13.64,-0.9835396794870015,0.17788854332005338,0.0317074917026841
13.84,-0.9633409387328205,0.26692438151203574,-0.026937154931183236
14.04,-0.9110752482932113,0.3962864895437762,-0.11357336902872359
14.24,-0.8457694320244673,0.5063317377567008,-0.16823269359220894
14.44,-0.8033227589863743,0.5611530903126737,-0.1994486252824415
14.64,-0.7710343508461932,0.6109718009582569,-0.1794978781184153
14.84,-0.7172173527861432,0.6809262441646023,-0.14811724703870843
15.04,-0.6202187234235854,0.7715312934372027,-0.14166226866013162
15.24,-0.5527757429535372,0.8197108652287506,-0.15004357843006327
15.44,-0.6165895838403196,0.7620435827819286,-0.19775455251524285
15.64,-0.7997037768834658,0.5602040963042739,-0.21597509051330915
15.84,-0.9081070791618762,0.3747819566761636,-0.1867619279351994
16.04,-0.9658606068411939,0.2170381938564623,-0.14144861455626132
16.24,-0.9874126715404248,0.11805338355206355,-0.10525974878038692
16.44,-0.9921596637656158,0.08862036205597738,-0.0881228291963421
16.64,-0.9899753669604938,0.10930122364422074,-0.08945398437918627
16.84,-0.9873963700000514,0.13233907557283783,-0.08680309664549901
17.04,-0.9843586542696121,0.1523066929063614,-0.08854778969824803
17.24,-0.9808106885471677,0.17885720414991227,-0.07759184077793015
17.44,-0.9723862034810665,0.224115894106955,-0.06509329680019231
17.64,-0.9657496927657138,0.2495677330217739,-0.07101744544336946
17.84,-0.9528511344582195,0.29461703731658756,-0.0726327535240179
18.04,-0.9464248579110335,0.311460889629224,-0.08527662375734914
18.24,-0.9335813060656162,0.3451755822628077,-0.09633152326393526
18.44,-0.9274429241673521,0.3589640839576116,-0.10485422662146043
18.64,-0.9240985896406076,0.36765015690114217,-0.10428402924132565
18.84,-0.9274081126333653,0.3576306712906985,-0.1096106544729283
19.04,-0.9339170897371087,0.33710673580117206,-0.11898705044855958
19.240000000000002,-0.9341847164381297,0.33357084811434823,-0.12660728597393323
19.44,-0.935477975865499,0.3279032216371969,-0.13175899935312305
19.64,-0.9334777059543138,0.331033378492398,-0.13797200734272352
19.84,-0.9290688125921074,0.3435648957762934,-0.13709231874512917
20.04,-0.9278456090176517,0.34502309384314334,-0.14163894429699972
20.240000000000002,-0.9326969508845755,0.339757635290027,-0.12100060773708674
20.44,-0.9376255893316047,0.32532303670150764,-0.12256906633351845
20.64,-0.9404092144453932,0.3206932418743786,-0.11307676154851709
20.84,-0.9421317472457049,0.3241677426029212,-0.08545785796216605
21.04,-0.9605237348416427,0.27479790202735094,-0.043362055385186775
21.240000000000002,-0.9726820827469103,0.23211941334662836,-0.0031849412475897254
21.44,-0.9871302415142043,0.15812487560146463,0.023883257820700554
21.64,-0.9937617758138932,0.10987664685129851,0.019095952658421404
21.84,-0.9993748654102612,0.029274103824544876,0.019821837238074822
22.04,-0.9929612059148014,-0.11544194079482069,0.026480216270807027
22.240000000000002,-0.9744565617821078,-0.22454793588088184,-0.0035543904440502195
22.44,-0.8952685449749798,-0.44206160829796387,-0.0554595965311688
22.64,-0.7526001128212834,-0.6437042703040422,-0.1387006942078221
22.84,-0.5619357233966198,-0.80351578943222,-0.19644495133200526
23.04,-0.44561140656195236,-0.8587787323672483,-0.2528429614910815
23.240000000000002,-0.3567625466265851,-0.890592804190108,-0.2820725836541258
23.44,-0.1946876264482506,-0.9131549162700006,-0.35811286907883616
23.64,-0.038227744120143736,-0.8646560603241417,-0.5009077129813632
23.84,0.06831922734500778,-0.795723248259223,-0.6017948116715301
24.04,0.13738239664019336,-0.7191575318243463,-0.6811303263794026
24.240000000000002,0.14521025243329957,-0.5989785419056777,-0.7874888500320539
24.44,0.10270534206509283,-0.46390865532097186,-0.8799092977287946
24.64,0.05549590435811973,-0.3772630123631069,-0.9244418987162953
24.84,-0.004887439155078437,-0.3464471535623107,-0.93805675879825
25.04,-0.07289790700623236,-0.35072981907530026,-0.9336350942233899
25.240000000000002,-0.15096512968925002,-0.3549388288109113,-0.9226201587978916
25.44,-0.29283291828107805,-0.32334643031626575,-0.8998310774654964
25.64,-0.38696418963684576,-0.23614414289905422,-0.8913442991982228
25.84,-0.4533230423312953,-0.1299181835585469,-0.8818273554797145
26.04,-0.47559352313563913,-0.02240116780050698,-0.8793798885763783
26.240000000000002,-0.503974470999859,0.06773672162951187,-0.8610583424619369
26.44,-0.4881299638340481,0.1421754613807962,-0.8611128129278581
26.64,-0.46810136151340576,0.15675015611789078,-0.8696611431507751
26.84,-0.4392402165839884,0.18935185724570883,-0.8781878536468449
27.04,-0.4019634743137127,0.23959553963726257,-0.883752987380285
27.240000000000002,-0.392349251633675,0.2546646895964359,-0.8838596950960296
27.44,-0.4049771890012818,0.25560577984070837,-0.8778719506287025
27.64,-0.4267709692700696,0.24714115683635587,-0.8699355081762516
27.84,-0.4255154072063282,0.26888846425815377,-0.864080801788192
28.04,-0.41162976203994284,0.340744579183587,-0.8452538498935932
28.240000000000002,-0.3496387525793888,0.420906047899866,-0.8370130474108779
28.44,-0.2858118644811213,0.47909485277489244,-0.8299275270566882
28.64,-0.287808972079395,0.49669942809907386,-0.8188135769005391
28.84,-0.3372878039395778,0.5263964935110647,-0.7804765652682167
29.04,-0.49677030220407964,0.5283722679806562,-0.688507090215522
29.240000000000002,-0.6317897560488519,0.4521123906485452,-0.6296317101082107
29.44,-0.7506958480258945,0.3182786469000439,-0.5789252513789326
29.64,-0.84517048831334,0.23869583706182856,-0.4782375383149496
29.84,-0.9348563959635106,0.15331036833870423,-0.3202178163156561
30.04,-0.9813170530451726,0.039213122906939055,-0.18835915797917388
30.240000000000002,-0.9896260433096329,-0.05938778362560831,-0.1308181392596563
30.44,-0.9909189990959661,-0.09684707567437797,-0.09327476166664922
30.64,-0.9935580843399159,-0.09504518119888818,-0.061715043333589924
30.84,-0.9965661647659518,-0.03358307282304281,-0.07568392473599622
31.04,-0.9795657577113552,0.16196617412287623,-0.11923877204741892
31.240000000000002,-0.8863168906122666,0.45559191488264694,-0.08293597837468794
31.44,-0.7141600105497286,0.6994588341365908,-0.027070623928763683
31.64,-0.6718406524445417,0.7298581548942399,-0.12624266892484703
31.84,-0.7590310705108565,0.6291945679846974,-0.16729025559695204
32.04,-0.8798911064313316,0.43692484750506755,-0.18678414936958723
32.24,-0.9534323139005352,0.21220426335611686,-0.21432725777128597
32.44,-0.9779240241485733,-0.016061265684243525,-0.2083425994310346
32.64,-0.9757166520948736,-0.12978962886715764,-0.17644168176283434
32.84,-0.9914097031958456,-0.11879790058440524,-0.054716169692905325
33.04,-0.9657284915715812,0.08588949087541212,0.24493157396309892
33.24,-0.823406985655183,0.4054956870322289,0.39695614842512045
33.44,-0.5951041890816107,0.6158078603393623,0.5163639058665654
33.64,-0.3204944385120751,0.7682124600731433,0.554195751581695
33.84,-0.1156094261981479,0.8302072392059322,0.545335126820379
34.04,0.013769965487049285,0.8423782975645059,0.5387106754490864
34.24,0.10052961821076373,0.868590798141014,0.4852255364746939
34.44,0.04445849354000525,0.916630799435506,0.39725485507212993
34.64,-0.06747085159723026,0.9359224522715913,0.3456831605946051
34.84,-0.3131022429505461,0.9176791716423599,0.2446056487351211
35.04,-0.6023085328334888,0.7807959235395151,0.16607876763766533
35.24,-0.8293689659628738,0.5463181177632335,0.11697705972245664
35.44,-0.9585484738497443,0.2790556370340215,0.05755670873028146
35.64,-0.9941881429092441,0.06403610425304851,0.08654082187477678
35.84,-0.9916955137669338,-0.08714519848256738,0.09458182888891067
36.04,-0.9160754670875257,-0.3770093645411178,0.13663702883433176
36.24,-0.7554427949191354,-0.6377954535925047,0.1500771234449032
36.44,-0.5220357881250984,-0.8425204609118828,0.1328077891595064
36.64,-0.29170036627308293,-0.9492521111495992,0.11760665709975157
36.84,-0.11500805105833412,-0.9872229230508868,0.11029074482759937
37.04,-0.16323331019579362,-0.9820986762752834,0.09400572589401195
37.24,-0.41347520887670436,-0.9096663121398006,0.039312239854024454
37.44,-0.7317517315726001,-0.6808046538459869,0.03231759028992407
37.64,-0.9393152328310096,-0.33996810700233276,0.04591927256475335
37.84,-0.9944032864280583,-0.08703182297266182,0.059896291463934104
38.04,-0.9919725451739945,0.12240983821229881,0.031722249760480985
38.24,-0.9693758353552557,0.2448080450060432,0.019481040260204287
38.440000000000005,-0.9439582715738734,0.3291358641997583,0.02474599815614534
38.64,-0.8890861221962459,0.4572145540160014,-0.02192530305356929
38.84,-0.8051447102208432,0.5919484169816038,-0.03659326763720241
39.04,-0.8178858253944734,0.5738292141818057,-0.04222332969215927
39.24,-0.85114927822726,0.5229947025996418,-0.04496050740290545
39.440000000000005,-0.9089813799448976,0.4155658139576743,-0.03252545438830783
39.64,-0.9772657598852562,0.2108855896654296,-0.021883843980371707
