0.04,-0.9885694126771968,0.09671087400385549,0.11566124315635226
0.24000000000000002,-0.9864367993020254,0.11474999845788281,0.11736642976887264
0.44,-0.9768491691561034,0.18068602503370337,0.11453497752455463
0.6400000000000001,-0.9470584897773113,0.3081278656944712,0.09020773427643614
0.8400000000000001,-0.8955783718369438,0.4441648145827916,-0.025631960216172967
1.04,-0.8683477177796927,0.4926010380413052,-0.05758869982407813
1.2400000000000002,-0.9013263041100653,0.43231811947678817,0.02668214930143441
1.4400000000000002,-0.9170513391670702,0.381877136204788,0.11483333216411
1.6400000000000001,-0.9237982154921935,0.3359356324490253,0.18369569375603886
1.84,-0.9387523808632439,0.25750870654368385,0.22898304190002752
2.04,-0.9552128527656385,0.18804716278749628,0.22848779065609565
2.24,-0.9610528951229016,0.15966333852865588,0.22557692946259542
2.4400000000000004,-0.9700661048852848,0.08376628979031307,0.22793630875193502
2.64,-0.972509038914618,-0.01810797998027366,0.23216001010165452
2.8400000000000003,-0.9675910266053226,-0.0746195042388927,0.24124579751780115
3.04,-0.9664499633386755,-0.09334244936454213,0.23929407746390347
3.24,-0.9651751659991529,-0.11503734413342559,0.23495384311229198
3.4400000000000004,-0.9630026557730464,-0.20013574143119617,0.18047595401006986
3.64,-0.9409887831135519,-0.33843756625139065,0.0003518583699417613
3.8400000000000003,-0.9378470966575538,-0.29198625122589594,-0.187581588611583
4.04,-0.9192208198630176,-0.22264596147902377,-0.3247489186547709
4.24,-0.8645496735225351,-0.09610537798961555,-0.4932723571553056
4.44,-0.8146239428260013,-0.018688117713137622,-0.5796883525058611
4.640000000000001,-0.7581151743516618,0.02770135937272224,-0.6515320537829686
4.840000000000001,-0.6842290707611746,0.05582299564779247,-0.7271274798013113
5.04,-0.6189468569757807,0.14451322115513457,-0.7720237801720682
5.24,-0.5242073694284125,0.2667154194029085,-0.8087456453605637
5.44,-0.41458039263680524,0.39236581881396404,-0.8210798756927127
5.640000000000001,-0.2766931723883985,0.49142349728136037,-0.8257989069218978
5.840000000000001,-0.16867273940698604,0.5355647585982797,-0.8274780337438027
6.04,-0.12891342308617793,0.5371652607920654,-0.833567520928207
6.24,-0.15416095348784456,0.533754752170596,-0.831468739613838
6.44,-0.20670016281531273,0.5403909018895788,-0.8156302568241879
6.640000000000001,-0.35660249960189583,0.542268593481586,-0.7607755449547409
6.840000000000001,-0.5852073319475942,0.491586296415346,-0.6448839366982416
7.04,-0.771207447409875,0.4425780949800742,-0.4575627857500583
7.24,-0.9075145225729888,0.3328816242027311,-0.2561390551775966
7.44,-0.9467645428589547,0.29658740287662466,-0.12519110527499056
7.640000000000001,-0.968333403450512,0.24530606650618564,-0.04642578483139107
7.840000000000001,-0.9717984419735173,0.23321323462385118,-0.03491955575498209
8.04,-0.9658844819381218,0.2587977764765497,0.009533018510434869
8.24,-0.9725345075361963,0.23274759708638287,0.0022776527045508246
8.44,-0.9769219033117778,0.21266865750409425,-0.01989062455278013
8.639999999999999,-0.9675112049113599,0.24398150694004767,-0.06629549488639697
8.84,-0.9416178124884922,0.3230496272680331,-0.09484109618921449
9.04,-0.9358426777690128,0.34168234469688896,-0.08632298528526733
9.24,-0.9382400708453319,0.3362071542194021,-0.08167202037318455
9.44,-0.9455239660161727,0.31604694758345064,-0.07809453637887315
9.64,-0.9539518806286826,0.28874662366992776,-0.0812477492870865
9.84,-0.9723482728219712,0.2166952318095964,-0.08707475438446158
10.04,-0.986586491547337,0.13377118138560304,-0.09355407915754653
10.24,-0.9927116625196617,0.09590972637328588,-0.07297177183302098
10.44,-0.9987684459162114,0.01801625250240057,-0.04622776317199548
10.64,-0.9969064674727545,-0.0595430625400051,-0.05130417930686777
10.84,-0.9938676051150186,-0.08180914640925481,-0.07439386444275393
11.04,-0.9791989775847774,-0.14636924454597938,-0.14051834950627093
11.24,-0.8943679026001043,-0.3124349293454979,-0.32014132773443066
11.44,-0.8252861277060926,-0.38826530608700127,-0.4100644577442076
11.64,-0.7679565547019371,-0.4573954332969539,-0.44836608668522465
11.84,-0.6741674281798848,-0.5562850468800856,-0.48584485733507665
12.04,-0.5836380621112578,-0.6089533905613241,-0.5371614101728481
12.24,-0.5329472426741906,-0.6569942231240481,-0.5332221181717859
12.44,-0.44630739434243316,-0.7381219202469268,-0.5059503341299987
12.64,-0.4303548822749746,-0.7971883642716875,-0.4234210518761722
12.84,-0.5161707711915792,-0.7971358081625113,-0.3132766162875719
13.04,-0.6107465759568003,-0.7748184541672393,-0.16323291040391927
13.24,-0.5708728491362559,-0.8196822668875251,-0.04717172319495695
13.44,-0.6418869180850411,-0.7657681505776998,0.039753288569594154
13.64,-0.7473042739781361,-0.6587121775360872,0.08737613667173091
13.84,-0.8254787496758544,-0.5482566468421014,0.1341621519916981
14.04,-0.8940692032832837,-0.41105227128751665,0.17797834140638666
14.24,-0.9254403381994631,-0.324097580494521,0.1962675183285844
14.44,-0.9367688641229075,-0.2661797092256732,0.22718375295433132
14.64,-0.9424573548531612,-0.22861643800028086,0.2439439660234424
14.84,-0.941501329362898,-0.21894962205217938,0.2561958426889545
15.04,-0.9446207909705013,-0.20196470362725333,0.2586538608933202
15.24,-0.9366799288937779,-0.21718392918101218,0.274703206594034
15.44,-0.8930168200610862,-0.390316144991134,0.22399612953630663
15.64,-0.7398760509600583,-0.6641055274897174,0.10745825967953015
15.84,-0.48032663665569186,-0.873539285804136,0.07883805093881302
16.04,-0.12310069263105405,-0.9912423130842174,0.047800588126142046
16.24,0.2664406478412008,-0.963083512351329,0.03846465149964014
16.44,0.5094374404358597,-0.8520573577360806,0.12029860103080268
16.64,0.6512793963196652,-0.7258397095205205,0.22134105812672583
16.84,0.6957434272261344,-0.5795837724843288,0.4242920387474484
17.04,0.7204158607445041,-0.4808487593303477,0.4997854121902926
17.24,0.8433866042300716,-0.20472408540455897,0.49677669496518795
17.44,0.8916444254042478,-0.013875942495323418,0.4525236754749915
17.64,0.9034153699175711,0.1833372685833001,0.38759271838505116
17.84,0.8854827870738493,0.2850113138395582,0.3669997067837757
18.04,0.8388543129799212,0.4218853917796296,0.34400022935738306
18.24,0.6940046891286523,0.6144554552628849,0.375235905751467
18.44,0.548721724587124,0.6946710872862931,0.46511993018426107
18.64,0.38815904124761524,0.7805177449630135,0.49002511006639704
18.84,0.2333401242015331,0.8464956312344037,0.47853686664527967
19.04,0.11188255989175427,0.9005729238083233,0.42006035482463183
19.240000000000002,-0.018705089962555932,0.9402112706189059,0.3400777649460127
19.44,-0.17832886258324765,0.9718435225924535,0.15400968919147937
19.64,-0.3651545939266572,0.929323918229023,0.0549470430661611
19.84,-0.5488415025407642,0.835859768250298,-0.010557125998817465
20.04,-0.7561633450879556,0.6506589181568613,-0.06971346905969351
20.240000000000002,-0.8491573049195351,0.5200237972735083,-0.09223405971240971
20.44,-0.918545225813414,0.39498256197830345,-0.01623095402125091
20.64,-0.9449344058610989,0.32675843825650186,0.018107778662884197
20.84,-0.9554381757366455,0.2875858235183582,0.0665754193099722
21.04,-0.9663833885288997,0.24697658502232214,0.07145427087384917
21.240000000000002,-0.9767336038743358,0.20937228701500382,0.04641888077882899
21.44,-0.9842527331851701,0.17585266426384286,0.01795543619160274
21.64,-0.9895703324892673,0.14375407180474012,0.009237093516837698
21.84,-0.9848051454881953,0.17265911411527035,-0.018645528496250802
22.04,-0.9873958385559451,0.15805543059814353,-0.00824250331132241
22.240000000000002,-0.9853742732490689,0.16939072041836023,-0.0185560085961052
22.44,-0.981239971678904,0.19116401189798168,-0.024988768169960554
22.64,-0.9759569379534689,0.21760437053653056,-0.012505726044082014
22.84,-0.9749045113357317,0.22195185184073216,-0.017279156278829092
23.04,-0.9682532496066606,0.24970789510389582,-0.011472216391063618
23.240000000000002,-0.9703223959790622,0.24176219788870523,-0.005048517948360748
23.44,-0.9798760221650452,0.19780405645853236,0.02676819819408317
23.64,-0.9949708526024716,0.06736408969732297,0.07412881956945935
23.84,-0.996035365477648,-0.01084476703612497,0.08829463033356509
24.04,-0.9955101322028794,0.08860313216127685,0.03330257726688533
24.240000000000002,-0.9690602677923114,0.2467968956913336,-0.00367282771372672
24.44,-0.9633789110378612,0.2678867454858474,-0.011737348955615021
24.64,-0.9754518611393025,0.2198347983421518,-0.012896822776815742
24.84,-0.9936731874702944,0.112183005037875,-0.005345080289103627
25.04,-0.9987976261759595,0.039254179189497695,-0.02936684118912619
25.240000000000002,-0.996030600092781,-0.015109187617677816,-0.08771975905318381
25.44,-0.9911634948045337,-0.031101190761715473,-0.12894821635085602
25.64,-0.9889400479138244,-0.028941701027243742,-0.14546463341256716
25.84,-0.990307644488133,-0.01125971247769081,-0.13843405702097106
26.04,-0.9911421715760942,0.003232722249834252,-0.13276575322830697
26.240000000000002,-0.9926867174253416,0.004946167967061075,-0.1206176457643801
26.44,-0.9951190923881138,0.0001294271162962437,-0.09868117963055446
26.64,-0.9963527274488202,-0.03848910625721864,-0.07615662285591022
26.84,-0.9896574462835094,-0.13587367277929993,-0.04600526123245589
27.04,-0.9892099865157182,-0.14419234790852464,-0.02592622961789415
27.240000000000002,-0.9898918729233552,-0.14154375518470005,-0.00891320865380705
27.44,-0.9917436395085368,-0.12755214908681792,-0.013228860786024121
27.64,-0.9930557194739769,-0.11740808719843626,-0.007461841624324744
27.84,-0.9902094503181251,-0.13950544061831197,-0.004845259391111375
28.04,-0.9878039689645431,-0.15523336734735732,-0.012079758271442306
28.240000000000002,-0.975368094337074,-0.21996854566742588,-0.016459631412102875
28.44,-0.9712962010348231,-0.23689510038448502,0.021549971441873116
28.64,-0.9804475199292537,-0.19610693619802916,0.016270532861526635
28.84,-0.996351032034683,-0.08341103123473285,0.018089246302168495
29.04,-0.9996335225156547,0.009084918795639827,0.02550068456769022
29.240000000000002,-0.9991965596863357,0.030506152177919327,0.02599249488388168
29.44,-0.9983437231008977,0.050405650337603775,0.02773230893888157
29.64,-0.9978439046599239,0.0592838301193922,0.028159712701157684
29.84,-0.9976332794525117,0.06264745592116544,0.028339654116322593
30.04,-0.997604542852458,0.0637771868540556,0.026788925269993644
30.240000000000002,-0.9972426928951054,0.07014636487193425,0.02421774065788711
30.44,-0.996625817291449,0.07885201737962669,0.022789025062833913
30.64,-0.9964609401965185,0.0798017074581623,0.026406100610136686
30.84,-0.9975429470872481,0.06652330928956189,0.02197084517384898
31.04,-0.99783842995637,0.060343099878286975,0.026022643971853675
31.240000000000002,-0.9981458513378183,0.05613411932513086,0.0235333827720136
31.44,-0.99746948127248,0.06732234484170219,0.022854667248173668
31.64,-0.99665502313493,0.07878060253690121,0.021734339737724994
31.84,-0.9956229147812576,0.09242094582688261,0.01390612580616237
32.04,-0.9953873357742025,0.09538111408142269,0.010319634534331708
32.24,-0.9954935681047179,0.09428486316987547,0.01014497112736341
32.44,-0.995741595482777,0.09147098292100236,0.011477556746949464
32.64,-0.9957688504361976,0.09070063991569438,0.014757724074441671
32.84,-0.9954972084201894,0.0936301663418462,0.014788508322641999
33.04,-0.9954335397512603,0.09459850367309261,0.012774624890317172
33.24,-0.9952874267240259,0.09632332539665306,0.01116938626771747
33.44,-0.9949886994707939,0.09971066130886601,0.007434510526371932
33.64,-0.9945265595694756,0.10375466132755341,0.01232447011874335
33.84,-0.9942655340713623,0.10606902813413957,0.013616498392319543
34.04,-0.9942502948372559,0.10635046426611867,0.012487192094740269
34.24,-0.9942167266782975,0.10659771771159333,0.013039439089590337
34.44,-0.9935642877213109,0.11220295448697015,0.015508164599302668
34.64,-0.9930902956159124,0.11599706153047255,0.01778613138926033
34.84,-0.9935864519227756,0.11189250451185648,0.016310425793783053
35.04,-0.9935325661229337,0.11260590571273764,0.014592808221606563
35.24,-0.9934790997912115,0.11235327918064918,0.019391207682858506
35.44,-0.9936798853713621,0.11097432472690437,0.016881488671463652
35.64,-0.9933845763004521,0.11368926221138989,0.016181323376083325
35.84,-0.993592902720613,0.1122219923623216,0.013392837393845976
36.04,-0.9936141810555739,0.11207771136173457,0.013017135674839985
36.24,-0.9935865253893171,0.11228386552794223,0.013347288372057817
36.44,-0.9936910267509076,0.11177213816097897,0.009226726702881213
36.64,-0.9932344848293558,0.11601453601003354,0.00508778735217846
36.84,-0.9930597568509931,0.1175161214255383,0.004720225433656942
37.04,-0.993120084422105,0.11705822630426246,0.003141587485879637
37.24,-0.9928775241535416,0.11912439483773009,0.00189752082406899
37.44,-0.9923930814293923,0.12306252611636166,0.0034039090668433326
37.64,-0.9921639769329141,0.12493287247246729,0.0015557160545194495
37.84,-0.9927330657835054,0.1203214508257057,-0.001951556117634772
38.04,-0.9933650710967911,0.11495887087373007,-0.003208353519267059
38.24,-0.9930254732285352,0.11786321282645419,-0.0029449246967751855
38.440000000000005,-0.9925957016565298,0.12146430501032027,-0.00044233623120017835
38.64,-0.9925914011990818,0.12147327381208299,0.0025600810569340756
38.84,-0.992706724820506,0.12048977733145368,0.003946144290506627
39.04,-0.9935471093981578,0.11332209163915902,0.004716455564437333
39.24,-0.9937011991265081,0.11201734153963047,0.0031689192059120015
