0.0,0.9912646434209064,0.09204685278121723,-0.09445519359302827
0.203982313000015,0.9884483611771457,0.11729004742321725,-0.09598375936414537
0.4039760349999997,0.9797649940077467,0.15705489351338137,-0.1240738366477813
0.6079899940000032,0.9498356054212996,0.2299449840817533,-0.21198496873503866
0.8080230599999777,0.9121149071653427,0.31112473728622914,-0.266922824005991
1.0080250499999965,0.871505468085249,0.3722468730818616,-0.3192342158639757
1.2080039470000192,0.8437117521891857,0.4043978167875347,-0.35300550278335563
1.4000164980000116,0.8371119413797292,0.41365046573833475,-0.35796213458118664
1.6080310210000026,0.8362955450227476,0.41420414064062683,-0.35922790990019887
1.8119973679999821,0.8331335725813228,0.4207186723891713,-0.3590045249589133
2.011961438999977,0.8253794937801475,0.4375792053711395,-0.3567535988241597
2.204001645000011,0.806270955951945,0.4607347245012309,-0.3710130175979162
2.404001924999989,0.7710852946224505,0.4951650190436017,-0.4002987288670279
2.6079979220000093,0.7182456343160156,0.557232879798793,-0.4166710050593015
2.8079828059999854,0.6006488049287383,0.6902847777853531,-0.4033955114964767
3.007999621999974,0.44663743881925316,0.8152967086854759,-0.3685190294294287
3.208000757000001,0.34722696665553554,0.8796034293069198,-0.3251634062724496
3.408010160000005,0.341724705362181,0.9034559353430557,-0.25882735295662834
3.6119859149999685,0.4279235130699024,0.8814787861344564,-0.1996913031577447
3.81201812600001,0.5473399937170617,0.8144755975343031,-0.19247969321189942
4.011959673999983,0.6633873724942502,0.7260765660270359,-0.18091438384374658
4.2119747789999815,0.8037714503300365,0.5663158697372628,-0.18231234549003336
4.403932020000007,0.8982829741969526,0.39492054481023037,-0.1926796864089928
4.603960810000019,0.9464928786265048,0.2576477326141986,-0.19434216369093685
4.8039334350000145,0.9782187843678952,0.08678327264045767,-0.18856477268994176
5.0000454809999795,0.9752214736337806,-0.09077566449248524,-0.20174948847396115
5.2079362689999975,0.9501403831813288,-0.2283961600791078,-0.21229330255369874
5.407973897000018,0.9303218539420628,-0.3202344174959887,-0.17874889070651082
5.611933115999971,0.9483989561403544,-0.30964458859225186,-0.06826161987106033
5.811957059999987,0.9646592616623842,-0.262559538760274,0.022248539164980215
6.011956199000008,0.9775499552151768,-0.19977631965201806,0.06697392899554663
6.203990988000005,0.9873943786033579,-0.10858513669322534,0.11515906039822663
6.4039981099999865,0.9852702990447704,-0.05013346346804007,0.1634902861362954
6.603995822999976,0.9808995230513611,-0.03885941885986732,0.1905939958222334
6.803970728999992,0.9781692068941248,-0.07174682237123649,0.1950317824451935
7.003989824999998,0.9773491059677814,-0.08917497993001873,0.19192849715052482
7.200033160999999,0.9792779974573684,-0.10505975979882116,0.17313881877528295
7.400011202999972,0.9813411841048958,-0.12555237972306152,0.1456230762121068
7.600008916999969,0.9821670623665103,-0.1454402063168696,0.11914280502340742
7.804012042000015,0.9407564483302577,-0.3315794942858745,0.0709390153171208
8.012010598999973,0.843200059014534,-0.5374402199666979,-0.01310230666843986
8.204037119999994,0.7601855612658056,-0.6470935516623204,-0.05820522175918527
8.400018018,0.7203709711304775,-0.6896143641583908,-0.07414642741866259
8.603980944000012,0.6977528984361828,-0.7113844080265354,-0.08410182364635035
8.80401344000001,0.6439741965545466,-0.7595180700536678,-0.09181250151192964
9.003982358000009,0.566935057648534,-0.8156468672155388,-0.11534655786164853
9.207973224000016,0.4980331330748303,-0.8529900245104329,-0.15611219185367758
9.408006289999992,0.45938374555336203,-0.8705536608512334,-0.17636013693541816
9.608033083999997,0.4341593470093729,-0.8835902406025028,-0.17542504985436447
9.811983464999997,0.39573279148822205,-0.9019350427551819,-0.17294142474013427
10.000005714999975,0.2850830901193043,-0.9455707076374906,-0.15691930596954543
10.203996580999984,0.08422289849063677,-0.9869673186604502,-0.13712044073017426
10.403983745999984,-0.07293502597161884,-0.9905324898958677,-0.11630076718238802
10.603986590999991,-0.1934463833381219,-0.9757283875490833,-0.10262850726901455
10.803963206999992,-0.3152726589267247,-0.9435735380102411,-0.1013515115827536
11.003966622999982,-0.40682412571339804,-0.9100350158586288,-0.07956381494570616
11.207964330999998,-0.47640281883874086,-0.8768650196365376,-0.06440567941040826
11.400024494000013,-0.5546405862985279,-0.8286080324817535,-0.07604307027693295
11.600016790999973,-0.621683410316792,-0.780114852575343,-0.07021790461295588
11.807949774999983,-0.6812482859254043,-0.7296155735138078,-0.05968155334620433
12.000001384000003,-0.7332344046638225,-0.676701929360934,-0.06664688002059352
12.203974859000008,-0.7698748047270794,-0.6344949988064086,-0.06862129069098793
12.403955750999973,-0.8278609369459494,-0.5525516206576933,-0.09660732677976067
12.603969145999988,-0.872689695890043,-0.4749569706421065,-0.1132632805714963
12.80396914,-0.8985828667700504,-0.4171699100320906,-0.13608121733411718
13.003971701000003,-0.9251367165416235,-0.3449861213533244,-0.15845072350788686
13.20399307799997,-0.960680467499535,-0.22367285723299707,-0.16450985472640367
13.400007618999984,-0.9814860683539576,-0.1137287275446793,-0.1541131861917033
13.60005066399998,-0.989968003462974,-0.018916510134099694,-0.1400197049128428
13.807971672999964,-0.9907370625264673,0.03260795639829453,-0.1318210685586854
14.008025267000017,-0.9881779972211904,0.05294866287015616,-0.1438773259001558
14.212017272999976,-0.9867781035364904,0.05366401869252097,-0.15293510871835855
14.412004153000016,-0.9887100574830446,0.032825631248774585,-0.14620157374321924
14.60400701,-0.9890229368116963,0.024887476760734856,-0.145651103534616
14.804008999999962,-0.9862545876260399,0.04687451181619563,-0.1584445282380664
15.003986756999973,-0.9834861104830847,0.05895850416997045,-0.17111097356070812
15.208009553999988,-0.9818139964708703,0.05926718750611636,-0.18035708142186396
15.407990160999992,-0.9783353048197512,0.09397811139520339,-0.18446719470365266
15.608038907999987,-0.9725380992074594,0.14436618848276975,-0.18255971410171334
15.807967911999963,-0.9678639515740942,0.17943003417502526,-0.17619374018201872
16.000034061999994,-0.9654999124683062,0.188706773568814,-0.17944267227429853
16.20401665999996,-0.9609512862091757,0.21165274759588656,-0.17825751027107636
16.400021506999966,-0.9502669191416871,0.255686034882798,-0.17781291840268212
16.603996976999973,-0.9323571272692885,0.3132368020611364,-0.18053501894278648
16.804060263999975,-0.9058158332785315,0.3815242155929728,-0.18421983904587066
17.003994399999964,-0.8829342514685543,0.43321174513700345,-0.18098257225218103
17.208054830999988,-0.8727613122160003,0.45487068874441694,-0.17714499264778855
17.408028310999974,-0.8745067798811779,0.45574812301638284,-0.16592630987548948
17.608022317999975,-0.8864286220492801,0.4403563841223546,-0.14258524809565665
17.807967573000003,-0.8983791255193777,0.4166677293416059,-0.13893505733380757
18.01204653499997,-0.9011972691776597,0.4064313052723401,-0.1505226764356469
18.212018019000006,-0.9112573633336812,0.3812263317000984,-0.15580918390336848
18.41200147799996,-0.91825687362626,0.3616765123230917,-0.16122783404837857
18.603954442000017,-0.9203738944088974,0.3540399071361666,-0.16603505246066025
18.803976674999983,-0.9269121155955953,0.3368397518161381,-0.16544760970935918
19.003977810000006,-0.9420228692342215,0.2933263613258321,-0.16294956149395495
19.208025411000005,-0.9561515362153009,0.24263972018617375,-0.16401282261181716
19.407978933000006,-0.9644601646111032,0.2038154071954486,-0.1681543061240992
19.60800572800002,-0.9709895737721769,0.16578697292698755,-0.17231925961259453
19.808008288000003,-0.9746540427193687,0.14275761275405713,-0.172249124849892
