0.033366657890117606,-0.9989061600790465,-0.03567653815801126,-0.030226941313904354
0.23336665789011762,-0.9955261808600351,0.07941231159859936,-0.05119871081189436
0.43336665789011763,-0.8646301789161709,0.4861621294510656,-0.1267321490190872
0.6333666578901177,-0.7094098716931273,0.6483228369477427,-0.2764328725683178
0.8333666578901177,-0.7489025166612524,0.5933156450950974,-0.29516362550936276
1.0333666578901175,-0.9568612637106207,0.1534489153196555,-0.2467183665585819
1.2333666578901177,-0.9755732976883518,-0.1112092987039712,-0.1894445373169808
1.4333666578901176,-0.18373765928804747,-0.9628410102024382,-0.19793347779417672
1.6333666578901176,0.3078038512719493,-0.9512991979645058,0.01693000573669009
1.8333666578901175,0.8716157225136518,-0.48586607638865453,-0.06496297469865721
2.0333666578901175,0.9486925917103011,-0.3140088581473037,-0.03715916359417683
2.2333666578901177,0.9514081055822738,-0.30359360565212534,0.05151251536753927
2.433366657890118,0.9560409086003289,-0.289129027419019,0.04888953452826042
2.6333666578901176,0.9648008090185015,-0.2528198308638085,0.07239842566824642
2.8333666578901178,0.9687510495314405,-0.234776275657359,0.0800094020737091
3.0333666578901175,0.969972571417571,-0.22426797029168666,0.09411210442250134
3.2333666578901177,0.9737160820457442,0.2270183318662569,-0.01843009935262659
3.433366657890118,0.9601906530536289,0.27925602426381385,-0.007069844468879368
3.6333666578901176,0.9799664996120281,0.19858206893379837,0.01519281198862488
3.8333666578901178,0.9339311189316614,0.055415459236492715,0.3531314089240202
4.0333666578901175,0.9326771663645794,0.016272579328791326,0.36034498262654724
4.233366657890118,0.9040715335345845,-0.033755092542506165,0.42604607260233224
4.433366657890118,0.8963919413350248,-0.07069925273990176,0.4375878233813702
4.633366657890118,0.8989439450008225,-0.09765720482997002,0.42703963995296157
4.833366657890118,0.8946546829057513,-0.022377007503910744,0.44619756598392496
5.0333666578901175,0.8915972661739806,-0.02654528556016329,0.45205050908677524
5.233366657890118,0.8928046471357445,-0.03175131955066321,0.44932362030012474
5.433366657890118,0.8960948070483192,-0.024598588523078734,0.44318055713637533
5.633366657890118,0.8946405872029053,-0.025896904607960163,0.4460353910408534
5.833366657890118,0.8952021853751937,-0.026593182723751895,0.4448661033750478
6.0333666578901175,0.6270556536100944,-0.6680754857574801,0.40059499822829125
6.233366657890118,0.5954996598395731,-0.7703361619699898,0.2279525228908394
6.433366657890118,0.6392166964723478,-0.7598574243257951,0.11840063195755265
6.633366657890118,0.6618043891967905,-0.5601904941674769,-0.4981983146140313
6.833366657890118,0.2913598856922118,-0.24416717090862997,-0.9249280024195924
7.0333666578901175,0.21064132899705604,-0.2279728341426957,-0.9506096030502227
7.233366657890118,0.29376146195724495,-0.23194962302141256,-0.9273098596741903
7.433366657890118,0.47162481186010097,-0.04860277808945389,-0.8804588615034274
7.633366657890118,0.6038442766517241,-0.027582273078526665,-0.7966249479942098
7.833366657890118,0.6941283970564085,0.008241774287770965,-0.7198040299668308
8.033366657890118,0.6893793658548181,0.030632143752244333,-0.7237525555759725
8.23336665789012,0.8065471811277973,0.09288008078885514,-0.5838278301070101
8.433366657890119,0.8175434636202026,0.09979312629312385,-0.5671543150118202
8.633366657890118,0.9113249744822289,0.20952098386861004,-0.35438361729021034
8.833366657890119,0.8949190049561003,0.34207547594275667,-0.2865385546953844
9.033366657890118,0.935500358595971,0.3071022510947194,-0.17472059534973314
9.23336665789012,0.9508210696245587,0.2519311196039596,-0.18019435211211723
9.433366657890119,0.9529936272671405,0.2391757148744758,-0.18600570905889235
9.63336665789012,0.96420894037874,0.236246505599644,-0.12036904870299713
9.833366657890119,0.9676153468269773,0.2522322520524511,0.009971539974219526
10.033366657890118,0.9613149659816651,0.2564319894677232,0.10057917755328664
10.23336665789012,0.9546918904721604,0.29074545526348344,0.06348601822702934
10.433366657890119,0.956234392642417,0.29198360057609635,-0.019009558711510853
10.63336665789012,0.9577343266348297,0.2840440146287915,-0.04543079725129949
10.833366657890119,0.9711239180169108,0.23821301232497125,-0.013149015725430173
11.033366657890118,0.9527114618655389,0.3033973331370766,0.0170566314182359
11.23336665789012,0.9320292674270816,-0.3476457478205797,0.10229310182807169
11.433366657890119,0.9213859031190621,-0.38239465143645107,0.06944312843086893
11.63336665789012,0.9477541951853203,-0.3112778816158532,0.06977152660915988
11.833366657890119,0.9529219141750089,-0.2939558809478677,0.07436239332619457
12.033366657890118,0.9470748237248745,-0.309616795570255,0.0847745136659863
12.23336665789012,0.9294961497751751,-0.34016706417443404,0.14255972784791504
12.433366657890119,0.9094764626340264,-0.3942145729556022,0.132088736779978
12.63336665789012,0.7438491407026688,-0.6455819171685154,0.17295214396163228
12.833366657890119,0.6735736802471604,-0.7195479082599543,0.1689653958567276
13.033366657890118,0.7143021648258002,-0.686863245364313,0.13413164985483017
13.23336665789012,0.7214240853533922,-0.6797448020965483,0.13226599372002776
13.433366657890119,0.7214729133286362,-0.6789248455906156,0.13615391794894932
13.63336665789012,0.9280704465831267,-0.3687583704220149,0.05198567516822103
13.833366657890119,0.9331921967701223,-0.3461433818884487,0.09662858304963709
14.033366657890118,0.5412828484367088,-0.8056021807344077,0.2408692682436042
14.23336665789012,0.4644916558920053,-0.8620220573357124,0.20289276545359664
14.433366657890119,-0.35149115722213253,-0.7945191273793558,0.4951699936617657
14.63336665789012,-0.22204290385487696,-0.963627256415928,0.14872612258781345
14.833366657890119,-0.5090490299726285,-0.859135773204837,-0.052486267572125565
15.033366657890118,-0.7676388463586992,-0.6356026083098875,-0.08209705153507856
15.23336665789012,-0.8844344588135297,-0.4551931670585327,-0.10283418073015572
15.433366657890119,-0.937128948390377,-0.3424570524849614,-0.06717515382980618
15.63336665789012,-0.9333261512592245,-0.34985091816772884,-0.08066368720087559
15.833366657890119,-0.6710889973811638,-0.7395471420590305,-0.052053647963083115
16.033366657890117,-0.46184090072391376,-0.8848138069276595,-0.06170501996358878
16.233366657890116,-0.4829969641857359,-0.8721397608130994,-0.07801391027395954
16.43336665789012,-0.26599547560535897,-0.9622242199594581,-0.05805994730354996
16.633366657890118,-0.22820898796903227,-0.9714561050990113,-0.06475873436077563
16.833366657890117,-0.21135675508866825,-0.973111813192857,-0.09155174003206562
17.033366657890117,-0.3007173403769167,-0.9513352888935392,-0.06730712668417603
17.233366657890116,-0.2320402784082894,-0.9721612892222283,-0.03255360093721051
17.43336665789012,0.18609964349941793,-0.9825281063520209,-0.0023330061513082627
17.633366657890118,0.9234132415617908,-0.38044614684407724,0.050682488690277895
17.833366657890117,0.9729119526672019,-0.22605275113310147,0.04839923617629723
18.033366657890117,0.9782919506927177,-0.20268231849024906,-0.04318260044572356
18.233366657890116,0.8269286327193065,-0.09426499495384288,-0.5543493006357365
18.43336665789012,0.8513018844346935,0.006439170197555593,-0.5246366729891331
18.633366657890118,0.8880187028484717,0.1214061864261399,-0.4434899336949819
18.833366657890117,0.9698809202737448,0.22532024946338844,0.09252991770616678
19.033366657890117,0.9088342148012687,-0.03409458375667089,0.41576186617464256
19.23336665789012,0.8510434627874149,-0.2677599996139193,0.45169636599552127
19.43336665789012,0.8557441503224439,-0.14746450235952557,0.49593968356321
19.633366657890118,0.8601502763822445,0.0577393928952052,0.5067619407055364
19.833366657890117,0.8461586108043995,0.24554608796723107,0.4729933657521615
20.033366657890117,0.8504403407435992,0.24800855231763894,0.46394286804866414
20.23336665789012,0.9368862352491211,-0.04361311840441831,0.3469035573524304
20.43336665789012,0.9370163143722414,0.11755549641332029,0.328909002405344
20.633366657890118,0.9341401046421439,0.1342352534581408,0.3307010154628995
20.833366657890117,0.9349360096446354,0.14764206167512353,0.3226398603614953
21.033366657890117,0.9399004449716244,-0.2745104924217115,0.2030545323122151
21.23336665789012,0.900217759074363,-0.2925264210902056,0.3225465535566738
21.43336665789012,0.6677836285967574,-0.37431413347219034,0.6433925355963588
21.633366657890118,0.3090647644047021,-0.5725232429990018,0.7594051011346787
21.833366657890117,-0.14390470409181852,-0.42234761477307836,0.8949379466956008
22.033366657890117,-0.4721624220478863,-0.27880918313935316,0.8362583850718874
22.23336665789012,-0.8862799159317228,-0.08499114138983727,0.4552849838302504
22.43336665789012,-0.9818161342319673,-0.06554203206926203,-0.1781609401468989
22.633366657890118,-0.5270652224639628,-0.15596769378679387,-0.8353899267790118
22.833366657890117,-0.30504188776311614,-0.17326436562871278,-0.93644482288771
23.033366657890117,-0.13628224178100634,-0.15983927223497207,-0.9776904201364244
23.23336665789012,0.06346170567171798,-0.07571914005113446,-0.9951076442994256
23.43336665789012,0.153823449605149,-0.05593869545305981,-0.9865136637181378
23.633366657890118,0.2755993190943923,-0.013658827537405825,-0.9611755571928632
23.833366657890117,0.05262333551740813,0.012347187115599791,-0.9985380971847566
24.033366657890117,-0.45294061103235533,0.056901548873718934,-0.8897229999350408
24.23336665789012,-0.43583109586015334,0.03068999245741886,-0.8995050751631706
24.43336665789012,-0.43760155293179537,0.03014454404012803,-0.8986635562524465
24.633366657890118,-0.4321060594648451,0.015043797065887795,-0.9016973092693601
24.833366657890117,-0.42556408679269486,-0.005844476492926083,-0.9049094154261099
25.033366657890117,-0.42090168354022434,-0.028591673971824858,-0.9066555514485608
25.23336665789012,-0.4918444845800853,-0.32217982094105285,-0.8088814288673846
25.43336665789012,-0.5968895132243801,-0.5055581172984289,-0.6230039317985324
25.633366657890118,-0.6670361450371802,-0.44899605208079185,-0.5945295000500822
25.833366657890117,-0.6585211457638864,-0.4512340079063523,-0.6022771543820904
26.033366657890117,-0.5465842463286321,-0.46135601894607514,-0.6988535507869943
26.23336665789012,0.20337810321371724,-0.057926669904251535,-0.9773852096522611
26.43336665789012,0.21091761407009418,0.02564704298864887,-0.9771673292025872
26.633366657890118,0.20528680261899226,0.089068805349601,-0.9746404858121102
26.833366657890117,0.16635797531797636,0.14732017892682675,-0.9749983532955692
27.033366657890117,0.2399745647836332,0.006990268498145709,-0.970754008182933
27.23336665789012,0.4414716481460477,-0.11576536269274643,-0.8897759070034595
27.43336665789012,0.3986016034522105,-0.4946628079055091,-0.7722858720709345
27.633366657890118,0.626075405917955,-0.47905426658763367,-0.6152532777392188
27.833366657890117,0.9168972472767537,-0.32142107881488696,-0.23661768325673846
28.033366657890117,0.9486200510198353,-0.31170504149362466,0.05440556874606395
28.23336665789012,0.9814966131892469,-0.17376996759050786,0.08042634308254526
28.43336665789012,0.9653957257251068,-0.25824061330924775,0.03637139520775144
28.633366657890118,0.9563393511054187,-0.280941186423844,0.0805425061568721
28.833366657890117,0.9702616259903183,-0.2281806348020406,0.08078350717789715
29.033366657890117,0.9637637528984259,-0.25643704127223665,0.07348110275902876
29.23336665789012,0.938256203518008,-0.32849085400577444,0.10848527731693315
29.43336665789012,0.9446204228087297,-0.31838071096285114,0.07953602768208874
29.633366657890118,0.9388986295974795,-0.3307937287995235,0.09510453368205846
29.833366657890117,0.9457487983894549,-0.30837262434061324,0.10230119697337489
30.033366657890117,0.9480207584117705,-0.3000528892107387,0.10594765356844894
30.23336665789012,0.9390873498893624,-0.32993442420045116,0.09621967057359443
30.43336665789012,0.9671211597178183,-0.2462439994400017,0.06356536136807987
30.633366657890118,0.9814385903361943,-0.18183689626111157,0.0609396140210115
30.833366657890117,0.9728993807434948,0.22909617518474518,-0.03133269003206172
31.033366657890117,0.9470716466691502,0.31709364532491846,-0.050069113932035246
31.23336665789012,0.9518345249103519,0.3045698576584461,-0.0353304259045829
31.43336665789012,0.9285843620485984,-0.35816515367115515,0.09720496517419146
31.633366657890118,0.9520917146610027,-0.29901928348487883,0.06410019483637838
31.833366657890117,0.9446683681130009,-0.3208156301249769,0.06840325835977465
32.03336665789012,0.9552277282969509,-0.285805459411166,0.0765194515363178
32.23336665789012,0.9194959007364246,-0.38989221197631796,0.05011338712485368
32.43336665789012,0.9543325465165331,-0.29683120736236546,0.03377314014227019
32.63336665789012,0.9375314520744903,-0.34513860277551567,0.04375067136928081
32.833366657890124,0.9634474487905922,-0.26718884247474145,0.019471411759466338
33.03336665789012,0.9910412580305545,-0.12827348538968003,0.03719056099602861
33.23336665789012,0.9583701306744226,-0.28348216078139,0.03412560841662175
33.43336665789012,0.08260898407323375,-0.9065090721124633,0.4140254314993087
33.63336665789012,-0.667960365864653,-0.7415650970294677,0.06253124420347884
33.833366657890124,-0.7752813445270204,-0.6227394122409563,-0.10551995673882458
34.03336665789012,-0.895598680169111,-0.43415167442675423,-0.09703261138293541
34.23336665789012,-0.9171602560922899,-0.38285907058514795,-0.11061643962541039
34.43336665789012,-0.9920508921364288,-0.08188922155742867,-0.09554675716126818
34.63336665789012,-0.958412749519338,0.020042923918896356,-0.2846810193173479
34.833366657890124,-0.8418320379588582,0.36602843950382824,-0.3966635871118348
35.03336665789012,-0.8571021610702443,0.3156555791950257,-0.4071086351476345
35.23336665789012,-0.850997068110148,0.2563150253575903,-0.45837386252258117
35.43336665789012,-0.9563160970060055,-0.0822062314781518,-0.2805381580344485
35.63336665789012,-0.8956036541194955,-0.4427297191308052,0.04341071902382679
35.833366657890124,-0.9290997592220932,-0.36946486903950876,0.016411823758122557
36.03336665789012,-0.9437670905036004,-0.315541384208102,0.09867782797773704
36.23336665789012,-0.9790594854666299,0.04028567082437951,0.19954846189346587
36.43336665789012,-0.913146587147623,0.36238050554354195,0.18666461791848887
36.63336665789012,-0.8767243352919244,0.4550903927202656,0.1557150421784856
36.833366657890124,-0.5538085760064728,0.8297305438771011,-0.06959371881925133
37.03336665789012,-0.4136929120305776,0.906967641270517,-0.07916989468134668
37.23336665789012,-0.30040507366919955,0.9508555617118195,-0.07503660756925959
37.43336665789012,-0.2555613399993042,0.9601593976037095,-0.11305897881655408
37.63336665789012,-0.4897289098795661,0.8602692985426335,-0.1417826816403816
37.833366657890124,-0.48067668889663445,0.8661356531457286,-0.13696332027659772
38.03336665789012,-0.5275737888299563,0.8431630491091365,-0.10364347522439203
38.23336665789012,-0.49971079970884746,0.8613878352262575,-0.09110496132794305
38.433366657890126,-0.3283175335112866,0.6091605661153592,-0.721894037847024
38.63336665789012,-0.2901474273248901,0.5928468770888878,-0.7512303579746368
38.833366657890124,-0.19635948897272293,0.4396797630031365,-0.8764272115217994
39.03336665789012,-0.20060579630281347,0.46658341628574534,-0.8614274375342577
39.23336665789012,-0.22007632727784804,0.49670807990771715,-0.8395519599919248
39.433366657890126,-0.6927674439791125,0.4885900599093604,-0.530427206994904
39.63336665789012,-0.6646777191287607,0.5368311313192964,-0.5196305092469392
39.833366657890124,-0.821951265009068,0.39321033511872583,-0.4120458109310333
40.03336665789012,-0.8324917783322574,0.41188804768048265,-0.3705478041861216
40.23336665789012,-0.9226780809134052,0.29808756684175763,-0.2445587076681523
40.433366657890126,-0.8975881162557526,-0.4395762805084647,-0.03329064689658675
40.63336665789012,-0.9030693666569228,-0.42798520493074244,-0.03597753974711064
40.833366657890124,-0.8752333912468434,-0.4821858496226161,-0.03825333018530314
41.03336665789012,-0.8992306055461319,-0.43688130124895486,-0.02278259572913464
41.23336665789012,-0.8713473338113973,-0.48779782784369313,-0.05298210085249918
41.433366657890126,-0.8535402393712074,-0.5188088918275712,-0.048024926182029866
41.63336665789012,-0.7549325116884953,-0.6524375510212891,-0.06634866097399862
41.833366657890124,-0.9194838902604452,-0.39182471376595013,0.03198076349540201
42.03336665789012,-0.9582508632285399,-0.27732854013890085,0.06960002834902232
42.23336665789012,-0.9801648273706536,-0.18035458046475358,0.08215312830829836
