0.03999999210858586,-0.9846904024616516,0.03531067735303806,0.1706984691342607
0.23999999210858586,-0.9858203497627928,0.04644479006069578,0.1612486262570416
0.43999999210858587,-0.9860293684546211,0.044883831663863984,0.16041049279941405
0.6399999921085859,-0.9855244006763805,0.0051569097893878904,0.16945519157843902
0.8399999921085859,-0.985784395608756,-0.040185766313496386,0.16313868198584183
1.0399999921085858,-0.9842711899994636,-0.06346943143799913,0.16486920819236517
1.239999992108586,-0.9797511498546545,-0.11223879161902328,0.16580150184598266
1.439999992108586,-0.9710059904506562,-0.14132696735994382,0.1928057437053721
1.639999992108586,-0.9764403487030663,-0.09177019385607275,0.19530099063817716
1.839999992108586,-0.9882143711475232,0.02313592899786996,0.15131782924332063
2.039999992108586,-0.984156009771981,0.1474612966360493,0.09844853693228635
2.239999992108586,-0.9672985317879765,0.2435241249339798,0.07091932723852296
2.439999992108586,-0.9414428836967601,0.33120758210249973,0.06314138337528519
2.639999992108586,-0.9098867713234001,0.4097464070666807,0.06491490789198641
2.839999992108586,-0.8722702142176425,0.4847559864166182,0.06446942703297108
3.039999992108586,-0.8331219832642006,0.5492146850236318,0.06535281750864524
3.239999992108586,-0.7889657854147905,0.6136714365118755,0.03066524831586719
3.439999992108586,-0.7575395455747735,0.6520229885325484,0.031620552105396764
3.639999992108586,-0.7282803276878019,0.683398298376548,0.05073982734486601
3.839999992108586,-0.6594560963099342,0.7482607170470963,0.07227417494394547
4.039999992108586,-0.48745348024434954,0.8683663539685105,0.09126324502836161
4.2399999921085865,-0.31472319277725697,0.9457046414507813,0.08119139773731703
4.439999992108587,-0.16649489075360774,0.9826262467846866,0.08200677095694209
4.639999992108587,-0.009996443668853827,0.9954084413815429,0.09519509409808118
4.839999992108587,0.12310765219418907,0.9876206251341405,0.09721114535321804
5.039999992108586,0.19859992267511895,0.9749616931717849,0.1000388302662672
5.2399999921085865,0.23260969480339833,0.9671832912366448,0.102221382479997
5.439999992108587,0.24953972700597882,0.9612840034878283,0.1168887902418177
5.639999992108587,0.2523690767470768,0.9605630344238484,0.11674119238844989
5.839999992108587,0.2670933753788227,0.9572156948979458,0.11135188489554368
6.039999992108586,0.293028125861617,0.9506275079463564,0.10218541280304373
6.2399999921085865,0.33345675621549076,0.9378383345920583,0.09625928476691063
6.439999992108587,0.38768646463669215,0.9156603674920306,0.10613810127311767
6.639999992108587,0.4478803263859987,0.8882365989994997,0.10217121627040186
6.839999992108587,0.4810434110071877,0.8704201236199717,0.10471888618565098
7.039999992108586,0.5025698259421254,0.8570548776651807,0.11349232010503778
7.2399999921085865,0.5347873370135622,0.8344553005396415,0.13299193799339493
7.439999992108587,0.5973152658035839,0.7879071975009979,0.1497221472064749
7.639999992108587,0.6760508291333126,0.7215284909116225,0.14950556254185646
7.839999992108587,0.7108801507435004,0.6883893257303503,0.1441164372978047
8.039999992108585,0.7085305472194796,0.691629323991777,0.1401190274428926
8.239999992108586,0.6763496349281077,0.7229432187628011,0.14108250698614472
8.439999992108586,0.6398071541630448,0.7564704078049533,0.13564412113023386
8.639999992108585,0.603362047744134,0.7866989650739105,0.1306100214135327
8.839999992108586,0.5467431913033322,0.8281275441908139,0.12359875936246141
9.039999992108585,0.46340337466107046,0.8797530696231972,0.10626311138534288
9.239999992108586,0.36790463290961123,0.923178185408659,0.11130237674560221
9.439999992108586,0.2551002972380536,0.9596525970457221,0.11828242190815236
9.639999992108587,0.1635175448111068,0.9790994457587973,0.1209391907272574
9.839999992108586,0.09192756694401333,0.9889693031144059,0.1161423261914445
10.039999992108585,0.03218622326904147,0.9936039684275676,0.10823678190275739
10.239999992108586,-0.04307415539638143,0.9939447141535328,0.10108670705458886
10.439999992108586,-0.09450280888379992,0.9914458827896139,0.09002377804000196
10.639999992108587,-0.13587670016363174,0.9854783081487009,0.10183332716265714
10.839999992108586,-0.2050398988567706,0.9723668462117891,0.11163044506291311
11.039999992108585,-0.273886040352657,0.9547694064756423,0.115766218553136
11.239999992108586,-0.33251480421954593,0.935682142864942,0.11803741990787024
11.439999992108586,-0.37850647299109175,0.9174082076033114,0.12286183510725951
11.639999992108587,-0.4328032456403196,0.8929364550841619,0.12387831830040198
11.839999992108586,-0.5181258692839805,0.8463043572778858,0.12375184213248788
12.039999992108585,-0.5996293240581435,0.7915364425101954,0.11796073036344852
12.239999992108586,-0.6739022399680482,0.7298464557852278,0.114803841154331
12.439999992108586,-0.7908736363797793,0.6070264639527286,0.07770304588927832
12.639999992108587,-0.8737185051267526,0.4801197021432078,0.07810918904322289
12.839999992108586,-0.9194989190746604,0.3815512290051898,0.09455367504841124
13.039999992108585,-0.9559215855034763,0.26526043364541124,0.1259000584224201
13.239999992108586,-0.9805399745477111,0.14480841432744032,0.13255897349461718
13.439999992108586,-0.9924428500181478,0.02713257127071344,0.1196704350459895
13.639999992108587,-0.9928773682980808,-0.01781931071888196,0.1178006947644234
13.839999992108586,-0.9914259822620338,-0.06296062664456002,0.11450100955138284
14.039999992108585,-0.9824388264982646,-0.14177096389230753,0.12130517707731567
14.239999992108586,-0.948953733643136,-0.28720733923121905,0.13037927633054222
14.439999992108586,-0.8862322140519967,-0.44787421652560594,0.11832645075413459
14.639999992108587,-0.808570153833847,-0.5793686422059328,0.10269509607358435
14.839999992108586,-0.7251245752593913,-0.6811836487815545,0.10091177823988552
15.039999992108585,-0.6178206559113302,-0.7804924434020781,0.09554675777622137
15.239999992108586,-0.46695729375090445,-0.8790539983837836,0.09599455056572058
15.439999992108586,-0.34910068453284904,-0.9315951465420802,0.10128768433495057
15.639999992108587,-0.22275523710149336,-0.967195219221197,0.12212089198625228
15.839999992108586,-0.10480927925788097,-0.9859503706664512,0.13006491288633928
16.039999992108587,-0.031813947939114684,-0.9911358664632376,0.12898669282796218
16.239999992108586,0.007933579947358493,-0.9905758626872323,0.13673521335290684
16.43999999210859,0.018190346813921676,-0.990017836381831,0.13976335331061543
16.63999999210859,-0.008816477933298816,-0.9895346811785005,0.14402563821006192
16.839999992108588,-0.034422190019934296,-0.9850413270417482,0.1688451860553438
17.039999992108587,-0.050266902783436984,-0.9759063288306604,0.21232069101437945
17.239999992108586,-0.06390482490408533,-0.9602482749548292,0.2717341049633869
17.43999999210859,-0.1477985797850282,-0.9347841597107863,0.3230079791078355
17.63999999210859,-0.36769353147087364,-0.8723049684960631,0.3223127500604971
17.839999992108588,-0.577474822473613,-0.7599611659673629,0.29829826622123706
18.039999992108587,-0.7100420559612235,-0.6539776435989025,0.26106229225835254
18.239999992108586,-0.8068318036701317,-0.5498427668148246,0.2160911205205354
18.43999999210859,-0.8646858493069448,-0.4603419717939395,0.20100659445201313
18.63999999210859,-0.8797559091243969,-0.43208986885753226,0.19831259564482204
18.839999992108588,-0.8820496356883094,-0.43053017409506245,0.1913954267368896
19.039999992108587,-0.882683898825911,-0.42876050989713205,0.1924410556670279
19.23999999210859,-0.8765368209401845,-0.41275449765507266,0.2476225478456759
19.43999999210859,-0.8238437296936336,-0.4036687101782766,0.39791089639200594
19.63999999210859,-0.7851485833372958,-0.39600566853061026,0.4761525097855329
19.839999992108588,-0.7842165568099135,-0.39400540823071006,0.4793371781013397
20.039999992108587,-0.8043194600682576,-0.41657289393091723,0.42371833828326017
20.23999999210859,-0.8416603226097442,-0.43610681083751573,0.3184631075738491
20.43999999210859,-0.8840833331113613,-0.4627803872186054,0.06504593239014524
20.63999999210859,-0.878578677409894,-0.4771362008993242,-0.020989363783630255
20.839999992108588,-0.8893139767130548,-0.4571690421533268,-0.010822094040517559
21.039999992108587,-0.9301412400805016,-0.36719814688535585,0.0016716535130133394
21.23999999210859,-0.970316443530107,-0.24149227923051772,0.01294134796435916
21.43999999210859,-0.9869141871372065,-0.15571666665762077,0.041865343093620166
21.63999999210859,-0.9976024158684701,-0.029435327382423288,0.06263370782000471
21.839999992108588,-0.9959587472762214,0.0749086636492094,0.04954660265113314
22.039999992108587,-0.9849496978897583,0.16462546915230997,0.0526549858347328
22.23999999210859,-0.9801012911880012,0.18805655640986524,0.06353102079202445
22.43999999210859,-0.9783462147577499,0.19053095024404942,0.08084949640091883
22.63999999210859,-0.9731059696225056,0.2052303971781248,0.10461957732256531
22.839999992108588,-0.964275042025523,0.23765934145290715,0.11701145562228565
23.039999992108587,-0.9468013956447581,0.29823045265576903,0.12093681951281046
23.23999999210859,-0.918223658531667,0.3767094920987575,0.12229174737248925
23.43999999210859,-0.8870207673287862,0.4470375999594972,0.11554887515637599
23.63999999210859,-0.8511580777224258,0.5134577158754288,0.10904632380714482
23.839999992108588,-0.8154384288107746,0.5684557036007797,0.10917088376649972
24.039999992108587,-0.7833916995786132,0.6130789585054067,0.10213537912622805
24.23999999210859,-0.7608575468583861,0.6441934210997173,0.0781705161840532
24.43999999210859,-0.7378598350237989,0.6710476473382048,0.07251150846943145
24.63999999210859,-0.7102398767210732,0.7001826654127358,0.07282549396160526
24.839999992108588,-0.6840493817156373,0.7260751631606169,0.06993783536639973
25.039999992108587,-0.6547613756319559,0.7518497496159814,0.077520932546861
25.23999999210859,-0.632960916979017,0.7701178462802166,0.07924001778017867
25.43999999210859,-0.6190000061282857,0.7807622808391113,0.08514254654455343
25.63999999210859,-0.6083884412732361,0.7889598451528447,0.08605734867819873
25.839999992108588,-0.6041061307700788,0.7920245597548633,0.08805043731362193
26.039999992108587,-0.6002980954044557,0.793722376510236,0.09821906984250542
26.23999999210859,-0.5712498723144628,0.8131483154823512,0.11163960054086992
26.43999999210859,-0.5266091165203064,0.8415545850585371,0.1202859873994305
26.63999999210859,-0.47459695550606884,0.8719974934001592,0.11990872081800297
26.839999992108588,-0.4331877225020551,0.8930544939527182,0.12166374934357703
27.039999992108587,-0.39031856013405064,0.9131442073454481,0.11755457543768509
27.23999999210859,-0.3485709148803167,0.9311142530673974,0.10735252691130241
27.43999999210859,-0.3280574385828123,0.9382790960959064,0.10959313308749426
27.63999999210859,-0.31972782809383,0.9421247392548008,0.10087165918372097
27.839999992108588,-0.3078573188232162,0.9470282279215437,0.09144072816180324
28.039999992108587,-0.30167364162413357,0.9498347453274159,0.0825043666604196
28.23999999210859,-0.2596767655813758,0.9628572154211406,0.07398621580161385
28.43999999210859,-0.17720469143176953,0.9804881261371333,0.08509719054507257
28.63999999210859,-0.119380068108774,0.9890686076907886,0.08655454129593283
28.839999992108588,-0.09437046509075914,0.9926528016740876,0.0757273441178169
29.039999992108587,-0.08358184935019586,0.9930834382593228,0.08245822648009701
29.23999999210859,-0.058872309014363244,0.994302505676767,0.08886269428855004
29.43999999210859,-0.014676343870179076,0.9957668730005411,0.0907355474184664
29.63999999210859,0.057520811236693836,0.9942592661220886,0.09022121704476972
29.839999992108588,0.14113092721683462,0.9865881896659876,0.08201100776423784
30.039999992108587,0.2178935046050725,0.9733205517492765,0.07189940328961421
30.23999999210859,0.2837373239957323,0.9568306623253243,0.06299376640448064
30.43999999210859,0.33756246630913095,0.9395413522764575,0.057564126865804456
30.63999999210859,0.3789804317845635,0.9239887779346241,0.051171970601745394
30.839999992108588,0.41370766173263945,0.9093940959249558,0.042992428642076655
31.039999992108587,0.4586373848830217,0.8876968146081071,0.04057233690931714
31.23999999210859,0.501047210172248,0.8645855065017599,0.03799467233313896
31.43999999210859,0.5297744569189029,0.847545395935405,0.031714769823838064
31.63999999210859,0.5295197381220026,0.8475715450865744,0.035090210868025516
31.839999992108588,0.5139335054952872,0.8569261923998225,0.0393681687212914
32.039999992108584,0.5025727561825759,0.8636439973101672,0.03923863724907935
32.23999999210859,0.49654028505949965,0.8673644681668554,0.033565230144574576
32.43999999210858,0.4945136893946832,0.8687283216771551,0.02770043532603713
32.639999992108585,0.48738696399112935,0.872839128950361,0.02461305151104149
32.83999999210859,0.481455413305545,0.8762164583064258,0.021104577506556595
33.039999992108584,0.4876370754856142,0.872814334582373,0.020130075990098046
33.23999999210859,0.5050018732868913,0.8626990979383093,0.026895620334141508
33.43999999210858,0.5563511038702864,0.8304406432083863,0.029013571478795387
33.639999992108585,0.6104893491571837,0.7917046878671918,0.02250426125760531
33.83999999210859,0.6413406802644913,0.7668962089776948,0.023501840215580327
34.039999992108584,0.6652526873199207,0.7462879596750189,0.022206829078490944
34.23999999210859,0.6914305158131899,0.722075250525026,0.023047220689855593
34.43999999210858,0.7447260819738756,0.6671754294637192,0.016124799153541942
34.639999992108585,0.7921717086830952,0.6102329349265746,0.00893023476758301
34.83999999210859,0.788481018123561,0.61492811172722,0.01269257524809062
35.039999992108584,0.7613579766834655,0.6468468249724242,0.04385449080257981
35.23999999210859,0.7142410136928095,0.6969424604015665,0.0642727099823812
35.43999999210858,0.6879131599267465,0.7206919898920421,0.08589842900221077
35.639999992108585,0.6957382290249731,0.7126992394660244,0.0894880480161719
35.83999999210859,0.7170326774311565,0.6919520125144317,0.08406278530440883
36.039999992108584,0.7300971609615001,0.678769026631548,0.07893506218163186
36.23999999210859,0.744831802494413,0.6629928580887566,0.07527320981747614
36.43999999210858,0.7697418811357131,0.6351780794554941,0.06361009200499904
36.639999992108585,0.7805103351830298,0.6226426430919227,0.0558547730814395
36.83999999210859,0.7782036892022065,0.6256778788773232,0.05409445438905036
37.039999992108584,0.7511538787587912,0.6534800791438541,0.09344322654834582
37.23999999210859,0.71803283519955,0.6772316470433674,0.16058064583947793
37.43999999210858,0.6475244371484795,0.7314861375780982,0.21363551630433622
37.639999992108585,0.5845097276131754,0.7863488369679428,0.20000971207602705
37.83999999210859,0.5234760375382252,0.8329798918743719,0.1792131073784474
38.039999992108584,0.44160811921071647,0.8798184214396079,0.17578911895418933
38.23999999210859,0.3736468241654096,0.9111738139600156,0.17363850824244806
38.43999999210859,0.33876476454654797,0.9243894561287284,0.17533558594807683
38.639999992108585,0.2754204319352951,0.9443409739856431,0.1798991676590585
38.83999999210859,0.21023778570177504,0.9598502629200183,0.18570822877725846
39.039999992108584,0.1291545372413972,0.9711852769222082,0.20029544028632923
39.23999999210859,0.08583112843237556,0.9742507692400012,0.2084909015455868
39.43999999210859,0.05549843231335272,0.9759627570831484,0.21075251077370324
39.639999992108585,0.013127610631748998,0.9774522073551644,0.21074830527341762
39.83999999210859,-0.039855255267048584,0.9777435910006489,0.20598307912242358
40.039999992108584,-0.0993226904214205,0.9753404843165367,0.19709374120106968
40.23999999210859,-0.15756990626904954,0.9682421708769459,0.19411033762749977
40.43999999210859,-0.22621134206419452,0.9530413675156556,0.20134691585769451
40.639999992108585,-0.30512180595743377,0.9302230287481574,0.20392596773309474
40.83999999210859,-0.36629009606350343,0.9074635249743633,0.20577054300091732
41.039999992108584,-0.4192668744507897,0.8831264326394699,0.21048275929811827
41.23999999210859,-0.46559037788928603,0.8554575660893453,0.22675527036301737
41.43999999210859,-0.5021612561460916,0.8340792356473711,0.2283547711077582
41.639999992108585,-0.5421986384986998,0.8092491729673768,0.22613361639033833
41.83999999210859,-0.5801279150891491,0.784106564964295,0.22051869969281787
42.039999992108584,-0.6112122202982194,0.7651974109198151,0.20221904974490565
42.23999999210859,-0.6585962129519513,0.7342787445220367,0.16457750037137417
42.43999999210859,-0.6870360123147398,0.7157358439197951,0.12531448244747856
42.639999992108585,-0.7018403439672667,0.7003824860188129,0.12994038963315388
42.83999999210859,-0.7383443054957713,0.6563583138856497,0.15505305651664725
43.039999992108584,-0.8028078947679831,0.5711962608386486,0.17098045415235602
43.23999999210859,-0.8571186316822896,0.48253994212076706,0.18028548327906588
43.43999999210859,-0.8924384325954077,0.41063161750783383,0.18690992143156007
43.639999992108585,-0.9186886954860995,0.3468037165780603,0.18904566367333833
43.83999999210859,-0.9397600269075116,0.2969205652879459,0.1693790711271022
44.039999992108584,-0.9633872938985185,0.22404925218146343,0.1472645733087779
44.23999999210859,-0.978444989131807,0.15065678611523628,0.14123716239108552
44.43999999210859,-0.9861185564559511,0.07593549232083541,0.14766175408420254
44.639999992108585,-0.985510781203948,0.04268223821964924,0.16415458163372967
44.83999999210859,-0.9836029807794232,0.0399892258996665,0.17585800525929912
45.039999992108584,-0.9824188519565321,0.034932756076003754,0.18339275305568498
45.23999999210859,-0.9796667096768733,0.011727017343198174,0.2002888289823505
45.43999999210859,-0.9769742136697798,-0.021693665127479233,0.21225166835069378
45.639999992108585,-0.9701673677769339,-0.09627897944721665,0.22249862160781705
45.83999999210859,-0.9600989397936579,-0.20172534384438512,0.19369282758522366
46.039999992108584,-0.9432185930018991,-0.29351956465664814,0.1555151149544297
46.23999999210859,-0.900505053356454,-0.4064617821070301,0.15452983066666148
46.43999999210859,-0.8596508246776402,-0.4873137385330276,0.15338115877778954
46.639999992108585,-0.8108122328758195,-0.5699915322436204,0.1330156990339796
46.83999999210859,-0.7596681972596505,-0.6391321974169112,0.12005941986076367
47.039999992108584,-0.6744821144962161,-0.73236765094621,0.09333542238744962
47.23999999210859,-0.5872828753939009,-0.8044843110286867,0.08890341713214046
47.43999999210859,-0.4879574212783997,-0.868458188458537,0.08762379767306731
47.639999992108585,-0.38411785388104325,-0.9189748949948192,0.08909891525199774
47.83999999210859,-0.2753464894004086,-0.9572655791810023,0.08846989143279634
48.039999992108584,-0.16306601975106255,-0.9820352719138002,0.0949536619606358
48.23999999210859,-0.10338094891827637,-0.9895043409368718,0.10096305595535258
48.43999999210859,-0.07500004770403662,-0.9904972244907072,0.11528330807449064
48.639999992108585,-0.028744872770178453,-0.9909949439313928,0.1307774957392999
48.83999999210859,-0.0034482440266450642,-0.9903715950279522,0.13839152204857968
49.039999992108584,-0.017163428396606173,-0.9894862821318836,0.14360471509841624
49.23999999210859,-0.07835099642053162,-0.9858339298322518,0.14829896881438104
49.43999999210859,-0.15293404211818262,-0.9763331201681018,0.15292095090017205
49.639999992108585,-0.2291123531939706,-0.960431134833587,0.15836528930352914
49.83999999210859,-0.3032216518368354,-0.940581761555848,0.15284822434637213
50.039999992108584,-0.3884012123199886,-0.9083088797669928,0.15530446614567736
50.23999999210859,-0.47100773919704375,-0.8672677539461627,0.16124004645765752
50.43999999210859,-0.5785247314426181,-0.7977394596856683,0.17006142881225272
50.639999992108585,-0.679935556597774,-0.7119423150370017,0.17557271694038903
50.83999999210859,-0.7566395665634579,-0.6240982930044612,0.19493046703781297
51.039999992108584,-0.8226518548012799,-0.5013309689540989,0.26816260992084395
51.23999999210859,-0.8543905939440335,-0.3883211219656172,0.34528744433489866
51.43999999210859,-0.8634072191055763,-0.3085750023737318,0.3991358689800091
51.639999992108585,-0.872442710545275,-0.2349841981989502,0.4285162113773648
51.83999999210859,-0.8979208315243491,-0.20542793620245964,0.38927823384080945
52.039999992108584,-0.8995998582900774,-0.24284483331313114,0.36296898200478545
52.23999999210859,-0.8927442464160535,-0.30056134765060943,0.33566439607066206
52.43999999210859,-0.8979784671970914,-0.3058773191143589,0.3163443347078866
52.639999992108585,-0.9127167180764948,-0.284270787011627,0.2934932915680734
52.83999999210859,-0.9252312150515141,-0.2531271817986204,0.2826195827061307
53.039999992108584,-0.9383819499192736,-0.20673052228357994,0.27695091121363064
53.23999999210859,-0.9443222131998781,-0.1721037077327746,0.2804208826780131
53.43999999210859,-0.9475355815910029,-0.14192312625137835,0.2864160397988136
53.639999992108585,-0.9508317164617945,-0.12214959466899883,0.28460239544409527
53.83999999210859,-0.9548754812301657,-0.09032411954899056,0.28293880747108463
54.039999992108584,-0.9564609947640029,-0.05323694844820155,0.28696374825921434
54.23999999210859,-0.9569670982121787,-0.04024433299290495,0.2873923565464449
54.43999999210859,-0.9571023064842117,-0.053279517503611686,0.284809529224682
54.639999992108585,-0.9598056356944641,-0.0639429093168462,0.27328455140611846
54.83999999210859,-0.9645405896898973,-0.06712549966002666,0.2552559855048593
55.039999992108584,-0.9786675441395999,-0.07185618295223026,0.19247474384786206
55.23999999210859,-0.9899498771143249,-0.12740164549940214,0.06138453816213164
55.43999999210859,-0.9831715656366944,-0.1822652625570788,-0.01237119996162742
55.639999992108585,-0.9814170488317769,-0.1915964786852598,-0.010552990937857068
55.83999999210859,-0.9936980183273879,-0.11201517463787675,-0.004104756152140924
56.039999992108584,-0.997455561107728,0.07109917846441874,0.0052259388584725945
56.23999999210859,-0.9667883774562089,0.25537476029391115,0.010196323867855614
