0.03999999210858586,-0.9973626778217077,0.06734346462019306,-0.027065599222287396
0.23999999210858586,-0.9892490518830104,0.14237482580052904,-0.03340242995403386
0.43999999210858587,-0.9897246853195572,0.12827305252735857,-0.06317492591540917
0.6399999921085859,-0.9948747812252694,-0.030651514420433994,-0.09635691125034256
0.8399999921085859,-0.9794306185291856,-0.17279795428693137,-0.10419467588024303
1.0399999921085858,-0.9620925020025483,-0.24762535005880779,-0.11427906019358613
1.239999992108586,-0.9494080084461195,-0.29180574336780174,-0.1160768781279809
1.439999992108586,-0.9483901214207788,-0.2964142851686008,-0.11267097736093404
1.639999992108586,-0.9326157010698548,-0.3366716484754421,-0.12992365154509714
1.839999992108586,-0.8610037447556719,-0.4850431131596227,-0.15298931300300417
2.039999992108586,-0.7244093190719398,-0.6739460503943516,-0.1450098603529528
2.239999992108586,-0.5224048892681931,-0.8433583404189261,-0.12585643135939464
2.439999992108586,-0.3400110185981028,-0.9360057621667102,-0.09102593269281362
2.639999992108586,-0.22558819456242402,-0.9685815339135081,-0.10468896138477096
2.839999992108586,-0.07395972150328528,-0.979570773856415,-0.18700550420108275
3.039999992108586,0.04787725870575321,-0.8094572096916642,-0.5852237125894744
3.239999992108586,0.015995603412263804,-0.7132316866313788,-0.7007458182939348
3.439999992108586,-0.03525119040396035,-0.7177049880421603,-0.6954544584043634
3.639999992108586,-0.10233108712896177,-0.7102861485024115,-0.6964351627054851
3.839999992108586,0.06249479966655816,-0.6739726664576189,-0.7361081747152679
4.039999992108586,0.3378606745321201,-0.5541787520284851,-0.7607470508683237
4.2399999921085865,0.5036064579942353,-0.3985495212318706,-0.7665108052678363
4.439999992108587,0.591531668380662,-0.22215038986811816,-0.7750738607282752
4.639999992108587,0.6175124033845617,-0.08725773914746383,-0.7817061587483471
4.839999992108587,0.605198478847797,0.01694601546379828,-0.7958942352852004
5.039999992108586,0.5128640355644497,0.24896422650849134,-0.8215761041702565
5.2399999921085865,0.4111353009880129,0.4268017442734238,-0.8054862105378706
5.439999992108587,0.3209197963870927,0.530498993874257,-0.7845898940116858
5.639999992108587,0.27646802003942933,0.5753247923449578,-0.7697836171345227
5.839999992108587,0.2525342670219658,0.6590818997945901,-0.7084048936468696
6.039999992108586,0.13203986458746625,0.7010929644496245,-0.7007382745069379
6.2399999921085865,-0.12223494509390814,0.685662709890025,-0.7175829335095398
6.439999992108587,-0.3668690831056262,0.6066938115291907,-0.7052160625747405
6.639999992108587,-0.5159577014613975,0.45157392696313586,-0.727920764087523
6.839999992108587,-0.6087555703463017,0.2929870426894532,-0.7372755579757395
7.039999992108586,-0.6577942347771356,0.15910363214560838,-0.7362015885150192
7.2399999921085865,-0.6801652006287203,0.07558047119530258,-0.7291521735739316
7.439999992108587,-0.681293158730052,-0.006395309240544758,-0.7319827401567238
7.639999992108587,-0.6616157933113159,-0.12935164083548142,-0.7386018515101398
7.839999992108587,-0.576884391546887,-0.3303511383250349,-0.7470425183327464
8.039999992108585,-0.43923976816527577,-0.49267788997427203,-0.7512236170359758
8.239999992108586,-0.3141884274482236,-0.5695111999652951,-0.7595673934363575
8.439999992108586,-0.2664119566289458,-0.5964779592367406,-0.7571252957799718
8.639999992108585,-0.4407061286340469,-0.4643194853135001,-0.7682353309648011
8.839999992108586,-0.7315240999907217,0.15886451370025584,-0.6630494381413395
9.039999992108585,-0.8647938452463538,0.5009684570223396,-0.03409120550349627
9.239999992108586,-0.861990535009589,0.48454923866870614,0.14894412663633166
9.439999992108586,-0.84407489342584,0.5244821339844422,0.11160674450624619
9.639999992108587,-0.7797153741921581,0.6248007591973198,0.04084050140284812
9.839999992108586,-0.6866178997342096,0.7268263159062419,-0.016714253520353668
10.039999992108585,-0.6339718481103986,0.771471324418356,-0.05396009084197162
10.239999992108586,-0.5730306212126589,0.8156093470424253,-0.08010805308870372
10.439999992108586,-0.4799611223223925,0.8722900491307206,-0.09352748925612417
10.639999992108587,-0.3441625085437917,0.9302984684074007,-0.126873667053841
10.839999992108586,-0.2219961824009118,0.9650103811954431,-0.13954447027541694
11.039999992108585,-0.17336631146285947,0.9778448522609503,-0.11731822942971479
11.239999992108586,-0.07631998321970246,0.9913687308227741,-0.10659877911208071
11.439999992108586,0.025105843947935802,0.9962493673411276,-0.08280636854774426
11.639999992108587,0.13510003435259704,0.9878620473918457,-0.07665869840218748
11.839999992108586,0.2700679252231214,0.9616220095629676,-0.04843992660768667
12.039999992108585,0.3825639718522499,0.9229571680855333,-0.042365945288208445
12.239999992108586,0.48852920194360294,0.8705475815471444,-0.059043434103755656
12.439999992108586,0.5852504324898782,0.8091789825773901,-0.052070197094215946
12.639999992108587,0.6607630382283374,0.746910289148266,-0.07427804033299604
12.839999992108586,0.7291268279431846,0.6795901401061103,-0.0808165220983106
13.039999992108585,0.7957075003916627,0.6003355447838272,-0.08029201385914414
13.239999992108586,0.8793483468816926,0.46530441621945967,-0.10118441126528438
13.439999992108586,0.943881204453976,0.3256530096510016,-0.055121585461192404
13.639999992108587,0.966834278869206,0.23199669175857146,0.10681297775336616
13.839999992108586,0.9778406889963808,0.18047637002167738,0.10609366996613133
14.039999992108585,0.9822971963358548,0.15066987030976361,0.11131400743643194
14.239999992108586,0.9879260304584396,0.09631432079041295,0.1213495362715135
14.439999992108586,0.9873251619343141,-0.0952058819050592,0.12698371809826764
14.639999992108587,0.972775616017229,-0.1918013294959388,0.13007632715406361
14.839999992108586,0.9329441763152116,-0.332774946858901,0.1373899509519796
15.039999992108585,0.8784207453402377,-0.4600831091230454,0.12923051828253707
15.239999992108586,0.8360607313844376,-0.5322871564011327,0.13293922132807923
15.439999992108586,0.7703935888032112,-0.6237030595840428,0.13224300282590443
15.639999992108587,0.7044911386424673,-0.6990496619040543,0.12256347647675263
15.839999992108586,0.6275388610002972,-0.7697622504308126,0.11688051910451386
16.039999992108587,0.5471534598327997,-0.8312461230483985,0.09824955119492006
16.239999992108586,0.4517693057472343,-0.8866517796834231,0.09875786535198229
16.43999999210859,0.3651647245723286,-0.9263453060194825,0.09240723967139731
16.63999999210859,0.6105542919581566,-0.7770181291651648,0.1531870866624897
16.839999992108588,0.7658467155409849,-0.6121789925591148,0.19676302844892618
17.039999992108587,0.808635039782808,-0.5546928245799592,0.19602357714051385
17.239999992108586,0.959898144267405,-0.19093227650622022,0.205281315321548
17.43999999210859,0.9786411173609816,0.014390510372593576,0.20507188159683545
17.63999999210859,0.96664204574818,0.1644601561904756,0.19635684968337305
17.839999992108588,0.9347412928338941,0.302863390429321,0.18582917480545622
18.039999992108587,0.9252049362960985,0.3369817318312292,0.17446815831365284
18.239999992108586,0.9599695027892047,-0.21646200732703233,0.17777163187246348
18.43999999210859,0.8132685671759269,-0.5609493085410462,0.15469360326444523
18.63999999210859,0.7446456784322469,-0.6549016123714454,0.12886695350422553
18.839999992108588,0.695744069168884,-0.7065714138870085,0.12921697757662387
19.039999992108587,0.624533867946082,-0.7694644758464841,0.13372310271079305
19.23999999210859,0.5877810828453022,-0.798222738285824,0.13173404545782666
19.43999999210859,0.5803565520924138,-0.8039433534355779,0.12985128767233167
19.63999999210859,0.5839626293287536,-0.8014794590056924,0.12891207988156567
19.839999992108588,0.5876728303835568,-0.7986802111850191,0.12942397262653058
20.039999992108587,0.5917516432991232,-0.7957298752872866,0.129011465490733
20.23999999210859,0.5977426037534307,-0.7914458260122506,0.12773912535263093
20.43999999210859,0.7278505865747337,-0.672870316403302,0.13220839960508057
20.63999999210859,0.8034174840466486,-0.5795625348260591,0.1364830192886517
20.839999992108588,0.8102349029708004,-0.5704350123603334,0.13462280149129338
21.039999992108587,0.8033954760300482,-0.5804891355850833,0.1326200307726349
21.23999999210859,0.7633433232963447,-0.6322404177027193,0.13258591554906357
21.43999999210859,0.7026775370826417,-0.6992651681327451,0.13142489686416733
21.63999999210859,0.6350505058057827,-0.7609746565069071,0.1327720875410741
21.839999992108588,0.6228856892563672,-0.7705782791407684,0.13499086575050992
22.039999992108587,0.6268760244302327,-0.7674553333446131,0.13430845585984075
22.23999999210859,0.7226344639225918,-0.6789387643648417,0.12977513550002878
22.43999999210859,0.8928573540536421,-0.4229838803164886,0.15456513935792573
22.63999999210859,0.96380648090252,-0.2082609474552659,0.16644652335010118
22.839999992108588,0.9833021635169102,-0.07727795314886036,0.16475731601384674
23.039999992108587,0.9867944955881862,-0.026752821738243393,0.15975265257859944
23.23999999210859,0.987395941172872,-0.04242968383259862,0.15247615316895963
23.43999999210859,0.9854860340845958,-0.09014308624142775,0.14384540530404505
23.63999999210859,0.9560752853114756,-0.2629651886542515,0.129496557377462
23.839999992108588,0.8777870983578615,-0.46551605422435455,0.11306906392057024
24.039999992108587,0.8390725447562182,-0.5325893325377723,0.11093181465789789
24.23999999210859,0.8147122204023982,-0.5681795133360744,0.1158276243051555
24.43999999210859,0.7688717748243536,-0.6289592964357856,0.1150929941631962
24.63999999210859,0.6720945614365934,-0.7309411165953836,0.11838067645374738
24.839999992108588,0.6307228852049384,-0.767886201360758,0.11197956884406898
25.039999992108587,0.6114147193625658,-0.7841148378264049,0.10647047500254012
25.23999999210859,0.6041672749704228,-0.7906678342870334,0.09912759292279005
25.43999999210859,0.589773040947559,-0.8010024978665027,0.10277528196551917
25.63999999210859,0.5360005097305831,-0.8373353304426663,0.1075778692902324
25.839999992108588,0.45271839422670884,-0.8855861082379881,0.10384267150206102
26.039999992108587,0.34260995033204666,-0.9328365252132969,0.11150981643539308
26.23999999210859,0.269925522932146,-0.9558132874152625,0.11645244381392998
26.43999999210859,0.2753702079673794,-0.9555534325378839,0.10530378022212572
26.63999999210859,0.17374060665025176,-0.9797000840167203,0.10000973441837764
26.839999992108588,-0.11320366867302623,-0.9885216453058223,0.1000494185932035
27.039999992108587,-0.2768426045841881,-0.9577177478163386,0.07832552460496707
27.23999999210859,-0.3474469634259276,-0.9368319394372289,0.04033019782226279
27.43999999210859,-0.40842111510167567,-0.9127313752097325,0.010659711387028386
27.63999999210859,-0.5372489280172752,-0.8433974969705084,0.0066521761980648944
27.839999992108588,-0.723211991321045,-0.6887572054187515,0.050773296063978214
28.039999992108587,-0.8217295320154249,-0.5659377703466913,0.06689556269833548
28.23999999210859,-0.8470312370804813,-0.528023186236085,0.06107043644024763
28.43999999210859,-0.8611096704235314,-0.5045804183623027,0.06235973787950486
28.63999999210859,-0.8996830836197858,-0.4358241183600853,0.025053680449153678
28.839999992108588,-0.939082139168368,-0.34345721802848617,0.012723021618113738
29.039999992108587,-0.9530023531762988,-0.3029423027777312,0.003532142149292556
29.23999999210859,-0.9221931085225532,-0.3852923428447409,-0.03331187684177485
29.43999999210859,-0.8916093767821563,-0.4504864767598906,-0.04576738457237713
29.63999999210859,-0.8770480066570432,-0.4791977894464286,-0.034004008713146766
29.839999992108588,-0.899367355414131,-0.4367738524470987,0.01915624790798751
30.039999992108587,-0.9116003052522773,-0.4063033599449471,0.06246969794549691
30.23999999210859,-0.9288444336801006,-0.36613867884841816,0.05648438609588395
30.43999999210859,-0.9543884926857208,-0.29812027617062936,0.01633725696147816
30.63999999210859,-0.9679382829630088,-0.2464488480839732,-0.04856383070459555
30.839999992108588,-0.9680047732196277,-0.23419464912693966,-0.09010896372906871
31.039999992108587,-0.9757494337122494,-0.21424368223017684,-0.04486298289993229
31.23999999210859,-0.9793315672369823,-0.20175933840381366,-0.014242569291099981
31.43999999210859,-0.9682136850867714,-0.24861650092977144,-0.027424359174480807
31.63999999210859,-0.9515048324907067,-0.3054283600844184,-0.03677051268306094
31.839999992108588,-0.9345683216832518,-0.35575411313847954,-0.004589454347044513
32.039999992108584,-0.9192068090009208,-0.3932101455068329,0.021086103405804683
32.23999999210859,-0.9119260606813233,-0.4096457829870105,0.024107930877661356
32.43999999210858,-0.9046732070090033,-0.42586775568157914,0.014249322467399206
32.639999992108585,-0.8993234092526895,-0.4372349849756422,0.006555416346028529
32.83999999210859,-0.892440494186224,-0.4511255309688726,-0.00597659139489012
33.039999992108584,-0.888972980261679,-0.45717535052788333,-0.026790655728738642
33.23999999210859,-0.8890980456524415,-0.4550401354801844,-0.04942813287172472
33.43999999210858,-0.88798190827418,-0.4560246979770886,-0.059410482346563494
33.639999992108585,-0.8891431912942936,-0.45343078883620697,-0.061845817242356514
33.83999999210859,-0.8966158186775216,-0.4410249707530391,-0.039712074606077605
34.039999992108584,-0.9099264562007903,-0.4147691512800594,0.0006288499745625768
34.23999999210859,-0.9179651776905384,-0.3957556709939389,0.02678397699587429
34.43999999210858,-0.9202537418777262,-0.3904726474705561,0.02577134333670386
34.639999992108585,-0.9277932229041419,-0.37281287776609096,0.014501506987602593
34.83999999210859,-0.9437133588558776,-0.33006740009139457,-0.02146177331593912
35.039999992108584,-0.9463803206699505,-0.3210099687209291,-0.03628896017289687
35.23999999210859,-0.9466533793948677,-0.32043003235451856,-0.03423410062436004
35.43999999210858,-0.9496140536358355,-0.3127689111395509,-0.020217748685176538
35.639999992108585,-0.9494978290442261,-0.31359173471356366,-0.010681599114357858
35.83999999210859,-0.9603490757026153,-0.27843978618943355,0.01417526944772427
36.039999992108584,-0.9641454964560863,-0.2650379118165909,0.013355409516301675
36.23999999210859,-0.9544869466409209,-0.2969174243693663,0.028190633159861953
36.43999999210858,-0.9273661589635789,-0.37156942005940113,0.04391096999451083
36.639999992108585,-0.9089382257590417,-0.415921172826781,0.02899792662244065
36.83999999210859,-0.8957076246577552,-0.44454790681588063,0.009220069174405382
37.039999992108584,-0.8861829583502833,-0.4631039682340674,-0.014645099364637584
37.23999999210859,-0.8793431292011843,-0.47476780643917293,-0.03675855132626759
37.43999999210858,-0.8717985122465312,-0.48565019614138316,-0.06411896000849271
37.639999992108585,-0.8700840133331259,-0.4874759373779756,-0.072945323493597
37.83999999210859,-0.867083099837255,-0.4914721059986854,-0.08137608372141257
38.039999992108584,-0.8665177376997988,-0.49235335182655465,-0.08206818626470934
38.23999999210859,-0.8690311023740424,-0.4888297663255773,-0.07635707341588512
38.43999999210859,-0.8723818249213169,-0.48300222966106565,-0.07522498048781696
38.639999992108585,-0.876283179980976,-0.47639260418254514,-0.07195745383629171
38.83999999210859,-0.8776536079859437,-0.4738303870844848,-0.07217276955072746
39.039999992108584,-0.8769087046288868,-0.4750219374384303,-0.07338448540616614
39.23999999210859,-0.8761949703597978,-0.4759433859465654,-0.07589642475052344
39.43999999210859,-0.8750333634005415,-0.4771113648569412,-0.08173957707428492
39.639999992108585,-0.8733963326424381,-0.4790738444846517,-0.08756196467322953
39.83999999210859,-0.8716264097084974,-0.48093238001481786,-0.09471772670391661
40.039999992108584,-0.871814213659976,-0.4800523927563109,-0.09741497353784578
40.23999999210859,-0.872691635161961,-0.47871768625020356,-0.0961180877337598
40.43999999210859,-0.8736300546132445,-0.47812847885922793,-0.09035311494475592
40.639999992108585,-0.8767114559925598,-0.47498771731269107,-0.07591897874368843
40.83999999210859,-0.876906523971044,-0.47499712313067627,-0.07357092655799563
41.039999992108584,-0.8774372020789755,-0.4745491177445178,-0.07005063351404485
41.23999999210859,-0.8770685360566648,-0.47542448034716683,-0.06871933167635742
41.43999999210859,-0.8761400727638251,-0.47628647939461577,-0.07436237249632194
41.639999992108585,-0.8779053921944915,-0.47253516519862737,-0.07741214379244532
41.83999999210859,-0.8794494943804742,-0.4690877193443715,-0.08077931909978159
42.039999992108584,-0.8809073120395154,-0.46650204697379305,-0.07986330674707405
42.23999999210859,-0.8818022939102702,-0.46528115511839885,-0.07705946500121973
42.43999999210859,-0.8827021376235789,-0.46430058368605653,-0.07253898416404739
42.639999992108585,-0.885009014403597,-0.4606421222655328,-0.06758609042606385
42.83999999210859,-0.8856788410387093,-0.45954028212660014,-0.06630022352400904
43.039999992108584,-0.8883097761951992,-0.4550679430416464,-0.06179731977909437
43.23999999210859,-0.8878962142847117,-0.45559305144514506,-0.06383795214274032
43.43999999210859,-0.8879266547366931,-0.45502654954749955,-0.06735796177886219
43.639999992108585,-0.8881736886972429,-0.45375402264515535,-0.07248990025702295
43.83999999210859,-0.8881016190079146,-0.4533534840070209,-0.07580325094754624
44.039999992108584,-0.8879870960124532,-0.45348484580854775,-0.07635713416157355
44.23999999210859,-0.8886017345946639,-0.45223425909816606,-0.07662331351023331
44.43999999210859,-0.8890250827850917,-0.4518549524068201,-0.07390199026001416
44.639999992108585,-0.8893109651080122,-0.4523323126580435,-0.06724199776985999
44.83999999210859,-0.8897777486360999,-0.4523501948858631,-0.06062061710997804
45.039999992108584,-0.8902442231551773,-0.4517562254610873,-0.05815097502180507
45.23999999210859,-0.8901906738530918,-0.4518916953590286,-0.057917698940142495
45.43999999210859,-0.8896197297552845,-0.45293969519036326,-0.0585010166663408
45.639999992108585,-0.8889760129209818,-0.45400042687575226,-0.06004382439309266
45.83999999210859,-0.8896367165647819,-0.45269772722281626,-0.060093929037222986
46.039999992108584,-0.8889532245544886,-0.454039027761063,-0.06008931538939205
46.23999999210859,-0.8879518134617981,-0.4562215607141158,-0.058339219308118064
46.43999999210859,-0.8876757387408858,-0.45694130871002453,-0.056889570618813064
46.639999992108585,-0.8887395911915537,-0.4549270110246694,-0.05642121665500273
46.83999999210859,-0.890712349991564,-0.45084831245785423,-0.058028516493279766
47.039999992108584,-0.8909897057571569,-0.45012804045249105,-0.059347210828947096
47.23999999210859,-0.8898853388688055,-0.45216570034913384,-0.060417407211237825
47.43999999210859,-0.8896557291688829,-0.45258069452785676,-0.06069100837575217
47.639999992108585,-0.8894970303622584,-0.45274721186183187,-0.061765646827841275
47.83999999210859,-0.8882399140016008,-0.4553280959865274,-0.06087840487161822
48.039999992108584,-0.8882089238093266,-0.4553367652221388,-0.06126449136748859
48.23999999210859,-0.8891022010789357,-0.45346001825853965,-0.06221967436074272
48.43999999210859,-0.8893236927409874,-0.45284862589049485,-0.0634940277398148
48.639999992108585,-0.8899542961243353,-0.4515886280967212,-0.06363223855531441
48.83999999210859,-0.8905836427173802,-0.45061896511548627,-0.061671092113649885
49.039999992108584,-0.8905844734427449,-0.45076983705941226,-0.060546260496746024
49.23999999210859,-0.8901991383253438,-0.4516073981874134,-0.05996875875995994
49.43999999210859,-0.8898007923830398,-0.45261864493684767,-0.05823153896340742
49.639999992108585,-0.8904773368103118,-0.4513785119490256,-0.05751131695499307
49.83999999210859,-0.8907584892251037,-0.45082066265287724,-0.057532981833302715
50.039999992108584,-0.8910640779826782,-0.4496989117625531,-0.0614467060830376
50.23999999210859,-0.8920175383228857,-0.44756508729933003,-0.06316806119489925
50.43999999210859,-0.8926273940288623,-0.44623366579068,-0.06396757728922971
50.639999992108585,-0.8926163376034214,-0.44608042256898023,-0.06517921788526833
50.83999999210859,-0.8923050970284675,-0.44663594256586236,-0.06563496496015969
51.039999992108584,-0.8928370035890348,-0.44574118846917116,-0.06447385457876988
51.23999999210859,-0.8935646591653154,-0.4443950878446043,-0.06368049772387671
51.43999999210859,-0.894526814775919,-0.4426415228607278,-0.06237194791237751
51.639999992108585,-0.8952663346816317,-0.44133516987452276,-0.061003752487394
51.83999999210859,-0.8946818758546515,-0.44283737246704336,-0.0586464198710125
52.039999992108584,-0.8952898198212286,-0.442349169426194,-0.05275747181611591
52.23999999210859,-0.8955315068383058,-0.44138467146788574,-0.05659409910141213
52.43999999210859,-0.8966203083794325,-0.4393935516178485,-0.05482088469027629
52.639999992108585,-0.8980641122849348,-0.43720057380268385,-0.04833744400023914
52.83999999210859,-0.9022447823149167,-0.4291726004183303,-0.04201466215116928
53.039999992108584,-0.9054854018745441,-0.42257543082739507,-0.03906651063425982
53.23999999210859,-0.9080151017552057,-0.4169421024794409,-0.040839419247916946
53.43999999210859,-0.908567326451213,-0.4152164200617716,-0.0458338064792954
53.639999992108585,-0.9078531853970413,-0.4163743288940423,-0.04934584078198976
53.83999999210859,-0.9077638773104482,-0.4164905080932473,-0.05000399702554359
54.039999992108584,-0.9084267929182853,-0.4150141354536685,-0.05023971817041846
54.23999999210859,-0.9091344716878776,-0.4133987348256253,-0.050754294728388265
54.43999999210859,-0.912739531695375,-0.4051867437985387,-0.052251793561998085
54.639999992108585,-0.9207971667774185,-0.3858963312879258,-0.056715069895031806
54.83999999210859,-0.9240655496789358,-0.3774926164702479,-0.06001820063124669
55.039999992108584,-0.9323850326358124,-0.355296527708334,-0.06650209256193546
55.23999999210859,-0.9468764313188435,-0.31290200657612494,-0.07427892092327353
55.43999999210859,-0.9560322989269501,-0.282889994889571,-0.07730132081555387
55.639999992108585,-0.9636351730747288,-0.253943656568986,-0.08318577102852606
55.83999999210859,-0.9639954210284611,-0.25170379536696036,-0.08577894633316345
56.039999992108584,-0.9687537082792136,-0.2311395476393751,-0.08994866431658223
56.23999999210859,-0.9734564567510302,-0.2068523200670515,-0.0979522561894738
