76.0,-0.8589556687122354,0.02322582645462823,-0.5115229419807252
76.2,-0.8946796523287143,0.06959063422794447,-0.44125442018944555
76.4,-0.9064152798760924,0.07796808034037861,-0.41512927968908864
76.60000000000001,-0.9056126290944047,0.09500416733951086,-0.41332792575973637
76.80000000000001,-0.9100764478537752,0.1425700289954257,-0.38914604699790906
77.00000000000001,-0.9200081872042322,0.1848704387023624,-0.34555441882745347
77.20000000000002,-0.9159220033075459,0.26341396094487196,-0.3028200274691644
77.40000000000002,-0.9176246251095203,0.27685723327711675,-0.28515806103765134
77.60000000000002,-0.9470483096600891,0.18820039891476,-0.2601540101906809
77.80000000000003,-0.9722163747166362,-0.0164634457773639,-0.23350433761704956
78.00000000000003,-0.970646162854572,-0.14167030618241722,-0.194359334434639
78.20000000000003,-0.9742594353566,-0.17561732307990385,-0.14134039922431244
78.40000000000003,-0.981106628905906,-0.16478184796354545,-0.10137418457678592
78.60000000000004,-0.9856678754374552,-0.14822903943882595,-0.08054185990934186
78.80000000000004,-0.9846882443863381,-0.16541536015085495,-0.05501654290769493
79.00000000000004,-0.9848460989601076,-0.17059462371926185,-0.031235168018463887
79.20000000000005,-0.9921157193395204,-0.12521856260436914,0.005168270380057593
79.40000000000005,-0.9915985990279229,-0.1212416620010553,0.045085228191536285
79.60000000000005,-0.9838730914259008,-0.12681246915013705,0.12614411455191465
79.80000000000005,-0.9809408030791691,-0.11216689494501576,0.15866230974238626
80.00000000000006,-0.9823361346055823,-0.12747560214536593,0.13698791737171448
80.20000000000006,-0.976340722586213,-0.15129564218931194,0.15449408426977293
80.40000000000006,-0.9901570768910459,-0.09452305609851668,0.10321993484001091
80.60000000000007,-0.9986922203814957,-0.05014122281305153,-0.009985325447396779
80.80000000000007,-0.9909447626421577,-0.07769651686582127,-0.1095067516594183
81.00000000000007,-0.9839780508441415,-0.04111138238722829,-0.17348501288346319
81.20000000000007,-0.9811559361862054,0.05812594735039791,-0.18426720579416767
81.40000000000008,-0.9675495755243637,0.19522746070060915,-0.16041838264680183
81.60000000000008,-0.9400431896597993,0.29640984299071255,-0.16870093820857057
81.80000000000008,-0.9267923406723843,0.328916586591267,-0.18130040357415936
82.00000000000009,-0.922060829532915,0.3542191273183105,-0.15598921912403718
82.20000000000009,-0.9297115007662069,0.35018750792358005,-0.11404049560274748
82.40000000000009,-0.9424539048275064,0.3270694095657189,-0.06932704091274892
82.6000000000001,-0.9538793884319099,0.29892216936937166,-0.027561730429603352
82.8000000000001,-0.9646559717009737,0.26347122828330266,-0.0046656327050180624
83.0000000000001,-0.975688669116157,0.21910946805874493,-0.004760458523736229
83.2000000000001,-0.9800215158249911,0.19887798907880017,0.0023181846474880654
83.4000000000001,-0.9822220653576377,0.1875131962212953,0.0088665420232938
83.60000000000011,-0.9852032252130831,0.16608737411882976,0.042303536353963445
83.80000000000011,-0.9864204539539547,0.14193989134304164,0.08263023215990345
84.00000000000011,-0.9899112568439856,0.09227694817173018,0.10752054877869929
84.20000000000012,-0.9908774576663351,0.05309453497608128,0.12386619492167307
84.40000000000012,-0.9905637764367339,0.03137959993910575,0.1334118642365004
84.60000000000012,-0.9896600010425745,0.02887693964317604,0.14049627999792788
84.80000000000013,-0.9888544427766229,0.039214653512963715,0.1436283466130316
85.00000000000013,-0.9883234439340719,0.04060173148087427,0.1468613957820459
85.20000000000013,-0.9860505037916681,0.05911034355254791,0.1555968227737869
85.40000000000013,-0.9849041921265567,0.07129360957504151,0.1577369758975249
85.60000000000014,-0.9850346033675826,0.07145099052873356,0.15684892770093137
85.80000000000014,-0.9845927373699229,0.06919179964390483,0.16059152026318055
86.00000000000014,-0.9837470043369353,0.06712268813458176,0.16654241560543526
86.20000000000014,-0.983696190937811,0.06250116110705307,0.16862801900844326
86.40000000000015,-0.9847642524427477,0.05355908757750314,0.1654412017870449
86.60000000000015,-0.985271583494552,0.0469315723562134,0.1644303325859057
86.80000000000015,-0.9891029452195313,0.04803044506770638,0.13917054323615738
87.00000000000016,-0.99529556752302,0.036683616911434194,0.08967187697001161
87.20000000000016,-0.9972026858395366,0.05701749978285333,0.04833019835389299
87.40000000000016,-0.9943464691686643,0.10614971902240779,-0.0027085795677569873
87.60000000000016,-0.9910789713897529,0.12020373046010135,-0.057563318637003126
87.80000000000017,-0.9945900297530668,0.08346517466622963,-0.061840418285534327
88.00000000000017,-0.998657613235159,0.035741580699765504,-0.03749014452543438
88.20000000000017,-0.9988592254930878,0.02563351985925963,0.040288587800696794
88.40000000000018,-0.9962395887493535,0.04774123492460447,0.07230115003505877
88.60000000000018,-0.9905803239074019,0.13680286471028802,0.0059664138781728385
88.80000000000018,-0.9849761975130762,0.14884651983516223,-0.08755914495723524
89.00000000000018,-0.9805564192297325,0.1422618486770047,-0.13516906124689276
89.20000000000019,-0.9864438556815182,0.08617222321084636,-0.139652667482868
89.40000000000019,-0.9826982381416998,0.030901524504416536,-0.18261782097183712
89.6000000000002,-0.9792701181949018,0.03941051328022042,-0.19868781304733535
89.8000000000002,-0.9882540346774862,0.0027688718690264745,-0.1527949485167728
90.0000000000002,-0.9910065206306209,-0.09099559757498935,-0.09811155533147853
90.2000000000002,-0.9973920015918161,-0.03923528100722646,-0.06057877421139125
90.4000000000002,-0.9959268526386099,0.09012055939056857,-0.0028264763370262824
90.60000000000021,-0.989128681086308,0.14126920354699085,0.04083459785108079
90.80000000000021,-0.9771710605972623,0.20178414620927543,0.06648215301729916
91.00000000000021,-0.8970631167803522,0.441546315877222,0.017737402503546728
91.20000000000022,-0.5994347177615547,0.7995618757679902,-0.03713254583917688
91.40000000000022,-0.1144741383679842,0.9886052022374572,-0.09775185805878187
91.60000000000022,0.15915684993434082,0.9814656333926685,-0.10674412203070541
91.80000000000022,0.39653159788675807,0.9085528418483704,-0.1315082714000319
92.00000000000023,0.5665345750904774,0.8121382313008159,-0.13953518727057718
92.20000000000023,0.6725289035541329,0.7271853853514133,-0.1375001426020805
92.40000000000023,0.7367411714558856,0.6603353955733683,-0.14549780628852338
92.60000000000024,0.8034896510965859,0.571606703614179,-0.16634349089765763
92.80000000000024,0.8658886302862507,0.46900477730934226,-0.17398677766432316
93.00000000000024,0.936875991041987,0.30555761081250093,-0.16999389366577655
93.20000000000024,0.972272402654694,0.1640130898254641,-0.1666915756778761
93.40000000000025,0.981205102230559,0.06782677345605673,-0.18065457691201495
93.60000000000025,0.9815579359945887,0.05383637414310164,-0.18342754183918866
93.80000000000025,0.985409226918223,0.03888991321280741,-0.16569921591465317
94.00000000000026,0.9912353863049738,0.00355211062761224,-0.13205980254005548
94.20000000000026,0.9945846221727265,0.015695770720131622,-0.10273788064310199
94.40000000000026,0.9956284728269678,0.06085840638687593,-0.07085335890619236
94.60000000000026,0.9948479604797564,0.09299377747283578,-0.040369454796937175
94.80000000000027,0.9922846389416088,0.12106891906226884,-0.026711648350766816
95.00000000000027,0.9954810650874868,0.05670475151936531,-0.07617099321533083
95.20000000000027,0.9845030496741612,0.007856006037838972,-0.1751914049016364
95.40000000000028,0.9839833558986513,0.004521154004008822,-0.17820301479183806
95.60000000000028,0.9802961072264427,0.0523003699808667,-0.19048415539500252
95.80000000000028,0.9219266034487468,0.27621734989895735,-0.2715792949918209
96.00000000000028,0.8422901179613762,0.4005523070709468,-0.3607009931851497
96.20000000000029,0.827090532923776,0.4578033321698503,-0.3260940959325171
96.40000000000029,0.7910889596123862,0.5244171747146087,-0.3149045646600581
96.60000000000029,0.7616043650230289,0.5646654591492399,-0.3179806761764731
96.8000000000003,0.751102651073431,0.5814443895989715,-0.3126775165475489
97.0000000000003,0.7674203183530807,0.5594148865899512,-0.31324278066766137
97.2000000000003,0.7819692243455535,0.5312496791033818,-0.3260336035272553
97.4000000000003,0.8011445339173431,0.49367538900534513,-0.3383076204651389
97.6000000000003,0.7902741624512427,0.4972775303938707,-0.35802486774993764
97.80000000000031,0.709650581067271,0.5848520237676262,-0.3928665970603724
98.00000000000031,0.5332676869179982,0.7394221154723124,-0.4109507382151521
98.20000000000032,0.44534709530115163,0.7925362858576523,-0.41659596770226187
98.40000000000032,0.4168724277810046,0.8064584077207976,-0.41933544516580823
98.60000000000032,0.42853341058565686,0.8119069834917569,-0.39644188246089834
98.80000000000032,0.43794659892308246,0.8068873346322493,-0.39640333714762005
99.00000000000033,0.4917717944319908,0.776314681203153,-0.39432983395830845
99.20000000000033,0.7112710403031555,0.5866130197070527,-0.38727079974643025
99.40000000000033,0.9246974002521904,0.12747519329016224,-0.3587266272002624
99.60000000000034,0.9222760137242104,-0.17224698371355576,-0.3460316909049841
99.80000000000034,0.898608896825223,-0.2972056897692967,-0.32275505962774925
100.00000000000034,0.9029819027948349,-0.33080601991308795,-0.2742098838741608
100.20000000000034,0.9063248746283841,-0.30844796220699555,-0.28885130472302806
100.40000000000035,0.9274891672070569,-0.26079229064631826,-0.2678641929280699
100.60000000000035,0.9506589955732515,-0.20839271821257413,-0.22982591048798495
100.80000000000035,0.9797309605503585,-0.06339399063374176,-0.19002222735933136
101.00000000000036,0.9894913670048816,0.022148333080335713,-0.14288556947632217
101.20000000000036,0.9921649334232533,0.06730628741183634,-0.10525496928918336
101.40000000000036,0.9951990469452255,0.07916146504639546,-0.057552753287948934
101.60000000000036,0.9943103893270306,0.09991787271073387,-0.0369224645614396
101.80000000000037,0.9954958367471713,0.0947318638251681,-0.003730012769286436
102.00000000000037,0.9952847959788642,0.09685239951482762,0.005271394647667179
102.20000000000037,0.9952571192033994,0.09713596445186372,0.0052793072421151626
102.40000000000038,0.9962859231865674,0.08610413040939971,0.0006618056591387174
102.60000000000038,0.9959423715331945,0.08999072812195251,0.0006792914819372886
102.80000000000038,0.994931748448438,0.10029403154624701,0.007205773069874604
103.00000000000038,0.9927827255174988,0.11948463624164346,0.010289879311672757
103.20000000000039,0.9908007228955813,0.13421746743985613,0.017308926703411432
103.40000000000039,0.9914778912014908,0.12924167847605306,0.016376196241417087
103.60000000000039,0.9932099375897092,0.11617308787692926,0.006150896372536275
103.8000000000004,0.9933022903256565,0.11546495688838307,-0.004289960905294422
104.0000000000004,0.9932130401120082,0.11521143868672375,-0.015943065802977857
104.2000000000004,0.9927643577297663,0.11684350571974042,-0.02768619136908599
104.4000000000004,0.9921520203118425,0.11387852974322797,-0.05163379760050557
104.6000000000004,0.9913116430282068,0.1162507776153883,-0.06153846846107748
104.80000000000041,0.9910376952816397,0.11395187436372778,-0.06970837008458279
105.00000000000041,0.9903601226795499,0.12156364785273578,-0.06640110636791227
105.20000000000041,0.9882237960359258,0.1364957527034164,-0.06915662254818983
105.40000000000042,0.984226472865973,0.16718581239209473,-0.057854595708564834
105.60000000000042,0.9730981768008276,0.22723307851571536,-0.03801402813668076
105.80000000000042,0.9765192807807439,0.20828162257852967,-0.05503507935411399
106.00000000000043,0.9771441873160217,0.17911432846368744,-0.11448709330537464
106.20000000000043,0.9807676146064925,0.10552761034437473,-0.1641913809982003
106.40000000000043,0.9782119356682911,0.019225954508634385,-0.20671664565130515
106.60000000000043,0.9758681297588727,-0.007612606110041377,-0.21822795776236695
106.80000000000044,0.9750769046891242,0.07144761422664647,-0.21004825246403927
107.00000000000044,0.9707324132221403,0.12749461481488675,-0.20352814329503302
107.20000000000044,0.9703951194179506,0.15306309669073595,-0.1868288003527937
107.40000000000045,0.9735576042403977,0.1461858928834622,-0.1755428037475834
107.60000000000045,0.9764075098738506,0.13384987528902018,-0.16944788445731576
107.80000000000045,0.9765891540656441,0.12394283216474626,-0.17581751481673077
108.00000000000045,0.9731446516180109,0.07936587365403491,-0.2160799507737649
108.20000000000046,0.9580320937915449,-0.018201382951431998,-0.2860825351608235
108.40000000000046,0.9320257201429327,-0.11926717881936773,-0.34220373616972194
108.60000000000046,0.9091338794246154,-0.17489756749444668,-0.3780032144927792
108.80000000000047,0.8930531321862414,-0.20999635590354346,-0.3979417464900811
109.00000000000047,0.8864589903409981,-0.2633104949029259,-0.3806022092915319
109.20000000000047,0.8788752734200324,-0.3214086333852053,-0.3525262318697973
109.40000000000047,0.8836921697195729,-0.3243506086710413,-0.33746826788757195
109.60000000000048,0.8968595177898803,-0.3098375377684744,-0.315663912316997
109.80000000000048,0.9136436757861727,-0.2857337971286546,-0.28915641247320134
110.00000000000048,0.9620934714227842,-0.15058209396876182,-0.22737894630250843
110.20000000000049,0.9853420041805313,-0.020064869763725606,-0.1694064219528261
110.40000000000049,0.9908056771863266,0.05710299432134127,-0.12265136809217123
110.60000000000049,0.9904688865305793,0.1082997636407784,-0.08510314923800132
110.8000000000005,0.9899649007811336,0.12799226733726476,-0.059895531747084715
111.0000000000005,0.9894157199278726,0.13949441168511123,-0.039973019253425675
111.2000000000005,0.9890957177988653,0.144901113608613,-0.02633112809833776
111.4000000000005,0.9883222645247934,0.15197496040186878,-0.01107758346546814
111.6000000000005,0.9871902114520373,0.1595192188439239,0.0030174878138390514
111.80000000000051,0.9860939378327349,0.16491158816967916,0.020564869483757287
112.00000000000051,0.9854710400512299,0.16713601278637985,0.030205669173497426
112.20000000000051,0.9831044730585653,0.1773884408132813,0.045154580255761606
112.40000000000052,0.9815673109065396,0.18331208208690933,0.05405825303010604
112.60000000000052,0.9835501095217704,0.1767710516767356,0.03716419444593179
112.80000000000052,0.987030674644207,0.16042058426602762,0.005973563019506311
113.00000000000053,0.9877142035897607,0.15479816751953604,0.02140512461161662
113.20000000000053,0.9862737404130928,0.16505959235899592,0.004409074942556891
113.40000000000053,0.9858228281526598,0.1667921418323273,-0.0182683583300883
113.60000000000053,0.9809616255620511,0.1894860732610909,-0.042536069573367495
113.80000000000054,0.973778513604178,0.2215936949760143,-0.05149408499735277
114.00000000000054,0.9647513242141961,0.26186846077351605,-0.026072814943252677
114.20000000000054,0.9513460634539143,0.30792062448227864,0.01120520277301755
114.40000000000055,0.9435748347952289,0.32945234238355625,0.03358102498651613
114.60000000000055,0.9379303004234767,0.34298350979392767,0.05146905436245942
114.80000000000055,0.9358928316860122,0.347624293917715,0.057113552480541584
115.00000000000055,0.9328387917187729,0.35376247179194265,0.06829276840423468
115.20000000000056,0.929157769819943,0.36229454286939594,0.07354252504697595
115.40000000000056,0.9258421127296791,0.37021537977011915,0.07587459968863873
115.60000000000056,0.9283234560577306,0.36469372891079077,0.07220834457438711
115.80000000000057,0.9347594521816035,0.3485784012082917,0.06868671464133032
115.942,0.9392782093877761,0.33647033670568094,0.06741036927994869
