0.020854087,0.16267845995279315,0.0,-0.04386255432823618,-0.9857037054790806
0.06256242033333334,0.1702336745396372,3.308722450212111e-24,-0.04707677643996387,-0.9842785546646612
0.10427075366666669,0.17588107584741128,2.3988237764037803e-23,-0.0461659480291892,-0.9833283034680349
0.145979087,0.17843364824763588,-1.943874439499615e-23,-0.045203286045953965,-0.9829130664019513
0.18768742033333335,0.17877674996092424,1.7784383169890095e-23,-0.04620033289013552,-0.9828043563773259
0.2293957536666667,0.17787277021750458,-1.3010426069826053e-18,-0.04768178945890396,-0.9828976165242989
0.27110408700000005,0.1770626385008763,-1.7889335846010823e-18,-0.04575173775900998,-0.9831355962120071
0.3128124203333334,0.17698005782540768,6.505213034913027e-19,-0.03991241234791354,-0.9834048293925984
0.35452075366666674,0.17765680974177833,-7.589415207398531e-19,-0.033350636349453705,-0.9835272202676753
0.3962290870000001,0.1790008785607715,-9.215718466126788e-19,-0.029713522163140913,-0.9834001179962979
0.43793742033333344,0.1806413588724522,2.168404344971009e-19,-0.02379538604883661,-0.9832611448986993
0.4796457536666668,0.18140773277978728,-2.168404344971009e-19,-0.010891337582746434,-0.9833476563521959
0.5213540870000001,0.17975290661498303,0.0,0.02157684040907096,-0.9834751306064767
0.5630624203333334,0.17643494716208233,-8.673617379884035e-19,0.06804193355795339,-0.9819577407901057
0.6047707536666668,0.17189768961179652,-8.673617379884035e-19,0.11033034999962567,-0.9789169516231122
0.6464790870000001,0.16500033035946612,4.7704895589362195e-18,0.14615426879478513,-0.9754044395502457
0.6881874203333335,0.15554186876401763,2.6020852139652106e-18,0.17568652477142563,-0.9720807435985637
0.7298957536666668,0.1447534963998985,1.3010426069826053e-18,0.20082774288987215,-0.9688728724480649
0.7716040870000002,0.13339383947548555,4.336808689942018e-18,0.22312380486863395,-0.9656199310758515
0.8133124203333335,0.12356010767606011,-2.6020852139652106e-18,0.24452562735399358,-0.9617380710766401
0.8550207536666669,0.11672525954075458,-6.505213034913027e-19,0.26404196915486633,-0.9574220868091379
0.8967290870000002,0.11427909716589552,3.7947076036992655e-18,0.27676230174114097,-0.9541189214588994
0.9384374203333335,0.11650819797411982,4.336808689942018e-19,0.27564001223650775,-0.9541742102253034
0.9801457536666669,0.12364481936794694,3.0357660829594124e-18,0.2582098112218259,-0.9581438576916604
1.0218540870000001,0.13714915465550143,2.6020852139652106e-18,0.22018544787687944,-0.9657683355342209
1.0635624203333336,0.1599120782340284,-4.336808689942018e-18,0.173416015418255,-0.9717793025329
1.1052707536666668,0.19096639138750793,-2.6020852139652106e-18,0.1271496203189606,-0.973326672506809
1.1469790870000003,0.22698807395517992,2.6020852139652106e-18,0.08657674910618808,-0.9700416902362093
1.1886874203333335,0.264712589828398,0.0,0.057914287751988175,-0.9625867130085073
1.230395753666667,0.30078079002134717,-8.673617379884035e-19,0.037800531858469544,-0.9529438788015542
1.2721040870000002,0.3329131330076593,-8.673617379884035e-19,0.021314432396636742,-0.9427165750333627
1.3138124203333337,0.3601878378380717,0.0,0.0096494509108514,-0.9328298931587978
1.355520753666667,0.38247878303991306,4.336808689942018e-19,0.0018981427708244544,-0.9239623247613123
1.3972290870000001,0.3988357766875573,0.0,-0.0003921668929729031,-0.9170222840472094
1.4389374203333336,0.4094410918751329,-1.1858461261560205e-20,-0.00041841873183979785,-0.9123364605286056
1.4806457536666668,0.41458121255134917,-1.0842021724855044e-19,0.0021310516025988945,-0.9100098223747479
1.5223540870000003,0.4156385556610235,0.0,0.00797531823004046,-0.9094949067186401
1.5640624203333335,0.41416870600042577,1.0842021724855044e-18,0.014767439428887572,-0.9100803292581633
1.605770753666667,0.41178701685327274,8.673617379884035e-19,0.02079687863098616,-0.9110427775852739
1.6474790870000002,0.40883526281380517,0.0,0.02617274140963498,-0.912232818685598
1.6891874203333337,0.4062327034150601,1.0842021724855044e-18,0.029828959456759115,-0.9132826637212703
1.730895753666667,0.4043416881664489,-1.0570971181733668e-18,0.030983255693950704,-0.9140830580846083
1.7726040870000004,0.4029688591495806,4.336808689942018e-19,0.03222829534489504,-0.9146460711853782
1.8143124203333336,0.40213621866992044,-1.5720931501039814e-18,0.03358040488293986,-0.9149638342807632
1.856020753666667,0.4014052392334598,-8.131516293641283e-20,0.0347192984916616,-0.9152422653200495
1.8977290870000003,0.40052493090587526,2.995108501491206e-18,0.03507816398287501,-0.9156141666304833
1.9394374203333338,0.39975422360778723,1.8566962203814263e-18,0.03547921026281024,-0.9159354706238113
1.981145753666667,0.39933598559531813,-4.2012834183813297e-19,0.035013246901233475,-0.9161358213442203
2.0228540870000002,0.39918702726313743,1.8973538018496328e-19,0.03396558688271139,-0.9162401738477375
2.0645624203333335,0.3992986686454289,-2.0057740190981832e-18,0.03160597868795187,-0.9162759602484203
2.106270753666667,0.3993112252984327,-2.168404344971009e-19,0.028763072839622008,-0.9163641366790207
2.1479790870000004,0.39943927659646183,1.1926223897340549e-18,0.026142852676191358,-0.9163868263817666
2.1896874203333336,0.3993463552081357,-1.0842021724855044e-19,0.024583616586678275,-0.9164704765443875
2.231395753666667,0.3994369410453885,-1.8431436932253575e-18,0.023108278524678685,-0.9164693871548186
2.2731040870000006,0.3992164206406114,-2.846030702774449e-19,0.02235295015178764,-0.9165841996840279
2.314812420333334,0.3990589555279067,9.486769009248164e-19,0.022620721520321838,-0.9166461983616558
2.356520753666667,0.39895957354791317,1.362028979184915e-18,0.022427037600559873,-0.9166942165514792
2.3982290870000003,0.3982448997560633,5.963111948670274e-19,0.02154162996195303,-0.9170261490256781
2.439937420333334,0.3970739578697961,-9.215718466126788e-19,0.01942979517164461,-0.9175809256088552
2.481645753666667,0.39483036630806084,-5.963111948670274e-19,0.016854919594158614,-0.9185994195113106
2.5233540870000004,0.39048287268114,-1.4094628242311558e-18,0.014771217703906186,-0.9204916823471186
2.5650624203333336,0.37939162413851113,4.336808689942018e-19,0.01583773920120076,-0.9251006223922551
2.6067707536666673,0.3527158863430729,8.673617379884035e-19,0.025908752803188686,-0.9353717122349829
2.6484790870000006,0.3032402124856785,1.734723475976807e-18,0.056762160461911154,-0.9512220722162291
2.690187420333334,0.23757348459018224,-6.938893903907228e-18,0.1256574250737783,-0.9632076883743745
2.731895753666667,0.17747954616737002,5.204170427930421e-18,0.22000495733323222,-0.9592178216865171
2.7736040870000003,0.13887398350583083,0.0,0.3082936163319988,-0.9410999218117918
2.815312420333334,0.12233212474843931,-8.673617379884035e-19,0.40170846007100675,-0.9075600059290365
2.857020753666667,0.1227021298512688,-8.673617379884035e-19,0.4806000223277098,-0.8683131957240816
2.8987290870000004,0.13360957257104017,2.168404344971009e-18,0.5029370193283942,-0.8539337425740094
2.9404374203333337,0.1492730443054641,6.938893903907228e-18,0.4703589453435632,-0.8697585991406294
2.9821457536666673,0.16904412593461746,-8.673617379884035e-18,0.41135184619128456,-0.8956638555406952
3.0238540870000006,0.19448160422551264,6.938893903907228e-18,0.345483774111881,-0.9180511246348331
3.065562420333334,0.22651120145230919,0.0,0.2836204650921833,-0.9318004654417837
3.107270753666667,0.26173613273775226,1.734723475976807e-18,0.23017032289068598,-0.9372917471523384
3.1489790870000007,0.2955721546166322,1.734723475976807e-18,0.18709856545704745,-0.9368197415827639
3.190687420333334,0.32496914154524115,1.0408340855860843e-17,0.1507666369852067,-0.9336297329324511
3.232395753666667,0.3494414269114182,3.469446951953614e-18,0.1207947902127526,-0.9291390142575916
3.2741040870000004,0.36886546985378954,-8.673617379884035e-19,0.09623556311154141,-0.9244874155672146
3.315812420333334,0.38380028301234737,2.168404344971009e-18,0.08074671253885375,-0.9198789655024241
3.3575207536666674,0.3937252876189715,4.336808689942018e-19,0.0740556997148949,-0.9162402257209052
3.3992290870000006,0.39897640927289085,5.251604272976662e-19,0.07377030842821206,-0.9139889312448576
3.440937420333334,0.39994517726666295,-2.3852447794681098e-18,0.07729405287199391,-0.9132740468072873
3.482645753666667,0.39822333849922525,-5.637851296924623e-18,0.08405160956144203,-0.9134295263481811
3.5243540870000007,0.3963043023560504,6.505213034913027e-19,0.09040127339005204,-0.9136577639923723
3.566062420333334,0.39450612866269635,-2.4936649967166602e-18,0.09410215048088452,-0.9140621968566718
3.607770753666667,0.3924011368519653,9.351243737687476e-18,0.09537889684359258,-0.9148356212097257
3.6494790870000005,0.3912467475764054,2.222614453595284e-18,0.09470487283643116,-0.9153998959864044
3.691187420333334,0.3910678238299088,4.553649124439119e-18,0.09208213981457024,-0.91574387068225
3.7328957536666674,0.3909646571393981,4.1335207826009857e-19,0.09132720128065938,-0.9158635155819425
3.7746040870000006,0.3907424712883626,-2.656295322589486e-18,0.0924791307775093,-0.9158427438715119
3.816312420333334,0.3913208869907399,5.421010862427522e-19,0.09208103257152318,-0.9156358702264469
3.8580207536666675,0.39189739788324496,-2.3174821436877657e-18,0.09201273574561881,-0.9153961361033531
3.8997290870000008,0.39274946893728474,1.6263032587282567e-19,0.09353640751792251,-0.9148763824244902
3.941437420333334,0.3937019253662406,1.3552527156068805e-18,0.09596602059187898,-0.9142151370736946
3.9831457536666672,0.39536562253952534,-6.288372600415926e-18,0.09883241656887351,-0.913191205580239
4.0248540870000005,0.39877144550935695,3.2526065174565133e-18,0.10445433805634026,-0.9110821178728019
4.066562420333334,0.40373022300614797,-4.553649124439119e-18,0.10924033225785063,-0.9083327896974766
4.108270753666667,0.40858375286479554,-3.581255300991182e-18,0.11081152926391782,-0.9059691616590003
4.149979087000001,0.4123518264570513,1.0516761073109393e-17,0.11039591599164675,-0.9043111814800804
4.191687420333334,0.4142671914299835,-3.144186300207963e-18,0.10967150582878016,-0.9035235773979345
4.2333957536666675,0.4147742182500324,5.952947553303223e-18,0.10962130846923152,-0.9032970256812364
4.275104087000001,0.4142333682545062,4.607859233063394e-19,0.11043866030210069,-0.9034456369562055
4.316812420333334,0.41369602310012527,1.3552527156068805e-19,0.11125977034614284,-0.9035910933456925
4.358520753666667,0.41289118272313374,-1.5178830414797062e-18,0.11181217895127261,-0.9038909822913715
4.4002290870000005,0.4124911406459136,-5.441339653161625e-18,0.11200488320910033,-0.9040497580476137
4.441937420333334,0.411918108852424,-2.1412992906588713e-18,0.11183039012407296,-0.9043325911655182
4.483645753666668,0.4105638151478956,-8.538092108323347e-18,0.11232073206114324,-0.9048875106003252
4.525354087000001,0.4090553536500917,1.0842021724855044e-19,0.11268483775693132,-0.9055251763423768
4.567062420333334,0.40771499318661614,6.979551485375435e-18,0.11264354744510002,-0.9061346012319699
4.6087707536666676,0.4065830182050025,-9.229270993282856e-18,0.11280036238260555,-0.9066235864754809
4.650479087000001,0.4058675489599432,2.846030702774449e-18,0.11331503883784988,-0.9068799450172137
4.692187420333334,0.4059674868318376,-4.30970363562988e-18,0.11404299584258118,-0.9067439521357122
4.733895753666667,0.4075206832500536,-4.228388472693467e-18,0.11634819590999909,-0.905753824188393
4.7756040870000005,0.4098237923021419,2.6291902682773483e-18,0.11837937315921328,-0.9044505421931719
4.817312420333334,0.4120000848344494,1.5720931501039814e-18,0.11966320327708817,-0.9032921165812713
4.859020753666668,0.4131809466157899,7.250602028496811e-19,0.1205667003816521,-0.9026323593317275
4.900729087000001,0.4132042799674632,-4.4994390158148434e-18,0.11906219806834517,-0.9028213643948091
4.942437420333334,0.4123206749914735,-5.095750210681871e-18,0.1156353127387918,-0.9036703687863055
4.984145753666668,0.41080386003351066,2.0599841277224584e-18,0.1118728311911612,-0.9048340501013663
5.025854087000001,0.40913983553502375,-1.0028870095490916e-18,0.10986611913495054,-0.9058333350261507
5.067562420333334,0.4080225144524349,9.147955830346444e-20,0.1091536135685341,-0.906423254525635
5.109270753666667,0.4075797083377215,-7.94178091345632e-18,0.1092298600570981,-0.9066132687222512
5.1509790870000005,0.4072555542686787,9.75781955236954e-19,0.11083089799709983,-0.9065646284553946
5.192687420333335,0.4072283915947057,1.0842021724855044e-19,0.11326533733307832,-0.9062758964233867
5.234395753666668,0.4071860824956448,2.1141942363467336e-18,0.11461105272214446,-0.9061257091683095
5.276104087000001,0.40705653311660767,2.1141942363467336e-18,0.11511798299516343,-0.9061196548128804
5.317812420333334,0.4067795584369038,7.982438494924526e-18,0.11568996251372306,-0.9061711888001356
5.359520753666668,0.4065136011360004,-7.14218181124826e-18,0.11533102180815068,-0.9063362772724751
5.401229087000001,0.40620115142678864,-8.599078480525657e-18,0.11479939514909328,-0.9065438342700002
5.442937420333334,0.4062261115526211,-4.87890977618477e-19,0.11452794116808804,-0.9065669842789537
5.484645753666667,0.40640724306218806,1.2468324983583301e-18,0.11403917775431426,-0.9065474166990448
5.5263540870000005,0.40645781921632546,6.69494841509799e-18,0.11466021521405435,-0.9064464000948848
5.568062420333335,0.40658486734231797,3.144186300207963e-18,0.11570688215825677,-0.9062564002915757
5.609770753666668,0.4063336753447277,-4.3503612170980865e-18,0.11570932732549005,-0.9063687416558053
5.651479087000001,0.40575490067957865,-9.75781955236954e-19,0.11421509179637541,-0.9068174421461307
5.693187420333334,0.4054364403800765,-3.7947076036992655e-19,0.11195927268778257,-0.9072411002986777
5.734895753666668,0.40547261484445224,7.968885967768458e-18,0.11044408560383567,-0.9074106361324706
5.776604087000001,0.40564707479058176,-9.893344823930228e-19,0.10960482524484837,-0.9074344235243065
5.818312420333334,0.4058554705849806,7.48099499014998e-18,0.1099398848266573,-0.9073006991734027
5.860020753666667,0.4061634957095827,-3.7947076036992655e-18,0.11110069863431087,-0.907021416238856
5.901729087000001,0.4064989654622426,-4.692562527788824e-18,0.11138376298173568,-0.9068363956205966
5.943437420333335,0.4062448397148379,-2.7511630126819675e-18,0.1111934943285387,-0.9069736142932026
5.985145753666668,0.40564431123993155,6.691560283308973e-19,0.11105241057646774,-0.9072596402705443
6.026854087000001,0.4052764941144341,3.63207727782644e-18,0.11126294208930713,-0.9073982152483795
6.068562420333334,0.404884197075854,-5.597193715456417e-18,0.11172885741988701,-0.9075160876689117
6.110270753666668,0.40460069139899985,-2.5953089503871762e-18,0.1118748301882453,-0.9076245385013576
6.151979087000001,0.40440791434215606,4.275822317739708e-18,0.11200721481255974,-0.9076941239466964
6.193687420333334,0.40458417824939275,-2.4191260973582818e-18,0.11166353036200874,-0.9076579194263423
6.235395753666667,0.40506906938038895,-1.7076184216646695e-18,0.11091566415529817,-0.9075333406968004
6.277104087000001,0.4055959931879088,-1.9244588561617704e-18,0.11049374298370138,-0.907349449259416
6.318812420333335,0.405797302843352,5.936006894358137e-18,0.10970161976610328,-0.907355555240477
6.360520753666668,0.4058287118395643,-3.198396408832238e-18,0.10816338052686598,-0.9075261647796389
6.402229087000001,0.4058454142954749,1.0842021724855044e-18,0.10612839358446435,-0.9077589238176155
6.443937420333334,0.40599544230193235,-4.1470733097570545e-18,0.10477999115958636,-0.9078484753981004
6.485645753666668,0.40621130347756135,6.085084693074894e-18,0.1042755890551117,-0.9078099902811546
6.527354087000001,0.4066332844956849,2.5478751053409354e-18,0.10508024547002473,-0.907528244162247
6.569062420333334,0.4072791816797201,-2.574980159653073e-18,0.10642039241418948,-0.9070823381858494
6.610770753666668,0.40785426055776014,-2.0057740190981832e-18,0.10808466164828542,-0.9066270501486585
6.6524790870000015,0.4085993347632254,-1.6263032587282567e-18,0.10975916414409898,-0.9060902325471996
6.694187420333335,0.4088983819500692,0.0,0.1117802730538295,-0.9057081670133194
6.735895753666668,0.40883198605042764,2.515687853345272e-18,0.11229360272336258,-0.9056746402375805
6.777604087000001,0.4088296966841306,-7.779150587583494e-18,0.11210681789579889,-0.9056988133427358
6.819312420333334,0.40877376626622175,8.05020113070487e-18,0.11101314256461425,-0.9058587584112973
6.861020753666668,0.40886417422803245,3.821812658011403e-18,0.11016154617866968,-0.9059219175935386
6.902729087000001,0.40856283436968255,5.854691731421724e-18,0.10878741813447695,-0.9062238730178355
6.944437420333334,0.40826408472231956,4.065758146820642e-18,0.10756911829415125,-0.9065039006619142
6.986145753666668,0.4079739295360986,-4.255493527005605e-18,0.10673742666472426,-0.9067328132189035
7.0278540870000015,0.4079501815278407,4.0115480381963664e-18,0.10611746657512125,-0.9068162618078041
7.069562420333335,0.40821296009115093,2.913793338554793e-19,0.10577185431588937,-0.9067383823618578
7.111270753666668,0.40846588396430755,-3.2526065174565133e-19,0.1051200304668358,-0.9067002816983727
7.152979087000001,0.40846516312559267,-6.613633252161577e-18,0.10448885509626081,-0.9067735603078949
7.194687420333334,0.40840216398284557,-2.846030702774449e-19,0.10424282066278438,-0.9068302524697749
7.236395753666668,0.4083157233919783,4.0657581468206416e-20,0.10374897709068694,-0.9069258072100065
7.278104087000001,0.40806896448269275,4.0793106739767104e-18,0.1037796273899352,-0.9070333561478482
7.319812420333335,0.40808405004871523,-1.1926223897340549e-18,0.10432742257083016,-0.9069637241894326
7.361520753666668,0.4081597034955091,-1.1899118843028411e-17,0.10502919356828713,-0.906848678082983
7.4032290870000015,0.40833142849092835,4.6485168145316e-18,0.10565386525970301,-0.9066987952248765
7.444937420333335,0.40812784173305544,-1.0842021724855044e-19,0.1059365343431865,-0.9067574733597032
7.486645753666668,0.40770887564438896,-5.271933063710765e-18,0.10546019794796381,-0.9070014439732522
7.528354087000001,0.40757454402156507,-4.2487172634275705e-18,0.10508498024639014,-0.9071053621229617
7.570062420333334,0.40701379890077644,-9.622294280808852e-19,0.1052427598032784,-0.9073388170983031
7.611770753666668,0.40664480828928945,9.269928574751063e-18,0.10617027371797629,-0.9073962050119104
7.653479087000001,0.4064372812002425,4.865357249028701e-18,0.10599999860431665,-0.9075090835613933
7.695187420333335,0.4064708942328025,5.204170427930421e-18,0.10487355660049826,-0.907624894583411
7.736895753666668,0.40650562582977984,2.4936649967166602e-18,0.10370841798277533,-0.9077432127029367
7.7786040870000015,0.4067322300674835,-7.237049501340742e-18,0.10282705864581587,-0.907741972718339
7.820312420333335,0.4069981387187011,-3.97089045672816e-18,0.10236062153888234,-0.9076755027198249
7.862020753666668,0.40696475014986766,-3.211948935988307e-18,0.10259684046459584,-0.9076638036531687
7.903729087000001,0.40675811156574404,-4.607859233063394e-18,0.10337264144010967,-0.9076684062349887
7.945437420333334,0.40675945083512316,-3.713392440762853e-18,0.10425834775457522,-0.9075664967812523
7.987145753666668,0.40694352530677147,2.4530074152484538e-18,0.10492627488316393,-0.9074069892005682
8.028854087000001,0.4071753618703085,3.0086610286472748e-18,0.10575642525996733,-0.9072065934515778
8.070562420333335,0.4072107714171085,-1.8566962203814263e-18,0.10631468516634189,-0.9071254463192316
8.112270753666667,0.4072439513937617,-4.865357249028701e-18,0.10694130997003067,-0.9070368902503853
8.153979087000002,0.40731642752966934,1.700842158086635e-18,0.10732314303043322,-0.9069592443073375
8.195687420333334,0.40741476216187067,-1.3755815063409838e-18,0.10724442686067745,-0.9069243874105002
8.237395753666668,0.4072564575000906,-4.133520782600986e-18,0.10663004760427884,-0.9070679196027088
8.279104087000002,0.40725858461978853,5.44811591673966e-18,0.10572496144575862,-0.9071729040159762
8.320812420333334,0.40742316008740215,-6.911788849595091e-19,0.10533343531200533,-0.9071445507909788
8.362520753666669,0.4074454575717468,-4.411347589300396e-18,0.10565699290705663,-0.9070969071460823
8.404229087000001,0.40725985504785767,-5.130902077992924e-18,0.10572897720111274,-0.9071718656607493
8.445937420333335,0.4072540539172792,5.8817967857338616e-18,0.1059997248346877,-0.9071428740297265
8.487645753666667,0.407245759828112,-5.624298769768554e-19,0.1063916234028414,-0.9071007185377662
8.529354087000002,0.40708914156419457,-4.919567357652976e-18,0.10666739995068372,-0.9071386314165483
8.571062420333336,0.40700269359822466,-3.3881317890172014e-18,0.10725009356404429,-0.9071087172077521
8.612770753666668,0.40676470017201527,-6.776263578034403e-19,0.1075903374626298,-0.9071751749131189
8.654479087000002,0.40645245576155825,-6.1257422745431e-18,0.10801021412971512,-0.9072652285021463
8.696187420333334,0.4060955028821725,-6.369687763352339e-19,0.1079136353188804,-0.9074365486639487
8.737895753666669,0.40612884173425623,2.710505431213761e-18,0.10707235066441137,-0.9075212810919582
8.779604087000001,0.4064203210355588,4.047970454928301e-18,0.10688649547111978,-0.9074126953791509
8.821312420333335,0.40682724528633335,6.491660507756958e-18,0.10745730877641876,-0.9071628956715894
8.863020753666667,0.4069232040348997,-1.4907779871675686e-18,0.10755641128350946,-0.9071081106515275
8.904729087000002,0.40688107823322245,-5.3939058081153846e-18,0.10727990333081802,-0.9071597491716112
8.946437420333336,0.4066553470352721,-3.7947076036992655e-19,0.10652916963932525,-0.9073494171175613
8.988145753666668,0.40634054792782387,5.204170427930421e-18,0.10598049878314987,-0.907554677684706
9.029854087000002,0.4063354591755993,1.0842021724855044e-18,0.10561333747960301,-0.9075997562598694
9.071562420333334,0.4060888740765691,-2.3784685158900754e-18,0.10558762814684547,-0.907713103978095
9.113270753666669,0.40585695168906155,2.8731357570865868e-18,0.10624165357258346,-0.9077405167842989
9.154979087000001,0.4060197362475302,4.2377058351132646e-18,0.10647657345969502,-0.9076401892169432
9.196687420333335,0.4063515779366516,-7.32514092785519e-18,0.10635907517106084,-0.9075054502520358
9.238395753666667,0.4066102410145621,6.911788849595091e-18,0.10593808556868675,-0.9074388320587351
9.280104087000002,0.40685412304173973,-1.2332799712022613e-18,0.1054759866571226,-0.9073833472147499
9.321812420333336,0.4068105850521596,1.599198204416119e-18,0.1050733989211489,-0.9074495736561216
9.363520753666668,0.40638667779418114,4.0149361699853836e-18,0.10488042187863295,-0.9076618121403857
9.405229087000002,0.4059102165771654,-5.285485590866834e-18,0.10441961078161444,-0.9079281034104488
9.446937420333335,0.40535884067913064,5.014435047745458e-19,0.10440408844846451,-0.9081761924860817
9.488645753666669,0.40513190864412185,-2.168404344971009e-19,0.10501371197957972,-0.9082071662867678
9.530354087000001,0.40513468918791234,-5.78692909564138e-18,0.10554767951035361,-0.9081440254533382
9.572062420333335,0.4051396777269035,-1.0299920638612292e-18,0.10590417434786158,-0.9081002958853382
9.613770753666667,0.4050030326340265,-8.944667923005412e-19,0.10609798806202189,-0.9081386240472501
9.655479087000002,0.4049791152154885,-1.951563910473908e-18,0.10619333816711914,-0.9081381454207305
9.697187420333336,0.4048527715176596,1.5246593050577406e-18,0.10587476168118742,-0.9082316710142967
9.738895753666668,0.40453660390212637,-3.855693975901575e-18,0.10599262581563408,-0.9083587944067263
9.780604087000002,0.4042710506924508,-8.538092108323347e-19,0.10625402645288336,-0.9084464758226386
9.822312420333335,0.40377194842230085,3.550762114890027e-18,0.10600549314732845,-0.9086974463977824
9.864020753666669,0.4034017815319127,-1.3010426069826053e-18,0.10564717661412525,-0.9089035574417909
9.905729087000001,0.403391102538793,-8.917562868693274e-18,0.1054474561371071,-0.9089314893801128
9.947437420333335,0.4035271648601478,-4.3249502286804575e-18,0.10548724482724421,-0.9088664744607363
9.98914575366667,0.40322677821032477,-7.318364664277155e-19,0.10562069118475956,-0.9089842875032413
10.030854087000002,0.40139000295848554,2.3852447794681098e-18,0.10686792111533734,-0.9096512040125453
10.072562420333336,0.39442386264089413,-3.0357660829594124e-18,0.11231218848307117,-0.9120393570990126
10.114270753666668,0.3781819503352479,2.6020852139652106e-18,0.12737240998409854,-0.9169267591337221
10.155979087000002,0.3517346074238953,-1.1275702593849246e-17,0.15206305372671852,-0.923666386544224
10.197687420333335,0.3154541047062561,1.734723475976807e-18,0.18512036616368907,-0.9307089544295768
10.239395753666669,0.27052745380525123,-5.204170427930421e-18,0.22879576893091214,-0.9351296128649549
10.281104087000001,0.21988831758770927,5.204170427930421e-18,0.2867408839634474,-0.9324316560758261
10.322812420333335,0.16634745156873107,3.469446951953614e-18,0.3719216564904077,-0.913237541272817
10.36452075366667,0.11548733372255536,-3.469446951953614e-18,0.4981251561660496,-0.8593800117201957
10.406229087000002,0.07286665103852269,0.0,0.6948443972840487,-0.7154590936799934
10.447937420333336,0.04559564727090811,5.204170427930421e-18,0.9449348093467218,-0.324066726207461
10.489645753666668,0.03915263022401554,-1.0833551395382501e-18,0.9557237994614304,0.2916489168324637
10.531354087000002,0.04287331767704436,-2.6020852139652106e-18,0.779751693329335,0.6246192243130193
10.573062420333335,0.04557028099377404,4.7704895589362195e-18,0.6881942025885992,0.7240939780260508
10.614770753666669,0.04492408520280263,2.710505431213761e-19,0.6717533613287717,0.7394114200579999
10.656479087000001,0.04151658010959827,1.3010426069826053e-18,0.6971803078489425,0.7156926658305625
10.698187420333335,0.03611233957149463,1.0842021724855044e-18,0.7324614467953514,0.6798500775091033
10.73989575366667,0.029770344901420935,1.734723475976807e-18,0.7587710824521776,0.6506767023636251
10.781604087000002,0.022803202800174553,1.3010426069826053e-18,0.748209676794884,0.6630703533506449
10.823312420333336,0.015825076006567518,-8.673617379884035e-19,0.6642413356060994,0.7473506640403897
10.865020753666668,0.008336969510033147,-3.7947076036992655e-19,0.35580939008287804,0.9345213603060335
10.906729087000002,0.004707869022251637,0.0,-0.9388101896164067,0.34440276398669645
10.948437420333335,0.01485771029105407,-8.673617379884035e-19,-0.7868424084185244,-0.6169750989781057
10.990145753666669,0.034387419294395066,-2.6020852139652106e-18,-0.5147017423124008,-0.8566794160331218
11.031854087000001,0.06638595945361585,0.0,-0.31698040063375243,-0.9461058767397488
11.073562420333335,0.10860972228915347,0.0,-0.20457207589826978,-0.972807377638012
11.11527075366667,0.15754108120378119,8.673617379884035e-19,-0.141168846842428,-0.9773700243072339
11.156979087000002,0.206635036456444,0.0,-0.11940517857270633,-0.9711047137351687
11.198687420333336,0.2541784191455011,8.673617379884035e-19,-0.10291243446047457,-0.9616664505295548
11.240395753666668,0.3006679648243395,5.204170427930421e-18,-0.08409258348600544,-0.9500143221715339
11.282104087000002,0.344511850618481,-2.168404344971009e-18,-0.0721238083443968,-0.9360073402774842
11.323812420333335,0.3825983305568827,1.3010426069826053e-18,-0.0646751867792886,-0.9216483264619704
11.365520753666669,0.414081339022799,1.3010426069826053e-18,-0.05867596557949168,-0.9083467266063109
11.407229087000001,0.43760218724314287,3.469446951953614e-18,-0.053816446000722815,-0.8975567479885986
11.448937420333335,0.4545181902068845,1.734723475976807e-18,-0.04877338562128369,-0.8894011308886987
11.49064575366667,0.4663755590507999,3.0357660829594124e-18,-0.04212621453826946,-0.883583170940195
11.532354087000002,0.47482866584780653,-1.6805133673525319e-18,-0.03947680927413425,-0.879192424682291
11.574062420333336,0.480373392710717,-1.3010426069826053e-18,-0.042674860535180215,-0.8760252621094317
11.615770753666668,0.48241917373423704,-2.6020852139652106e-18,-0.048224354890885626,-0.8746120010661493
11.657479087000002,0.48048539591196393,3.469446951953614e-18,-0.052271145461013455,-0.8754436085022935
11.699187420333335,0.47608834562283786,1.5720931501039814e-18,-0.05338364866452611,-0.8777756394531417
11.740895753666669,0.4714833640750563,2.168404344971009e-18,-0.050803126753808076,-0.8804104041369029
11.782604087000003,0.4682038895828591,-4.336808689942018e-19,-0.04592680834698101,-0.8824261136517559
11.824312420333335,0.46838760333283214,1.0842021724855044e-18,-0.03812890984908544,-0.8826999712687464
11.86602075366667,0.4723647565345474,0.0,-0.028384135302321808,-0.8809460129015837
11.907729087000002,0.4782556719739278,-1.3010426069826053e-18,-0.01738513179222639,-0.878048557550967
11.949437420333336,0.4846370276410408,6.505213034913027e-19,-0.00823389822099988,-0.8746765998695423
11.991145753666668,0.4887787053360469,-2.168404344971009e-19,-0.0032568965741949026,-0.872401725029658
12.032854087000002,0.4895893035346633,3.7947076036992655e-19,-0.0047388368155139495,-0.8719402830986073
12.074562420333335,0.4904039547291277,-1.3552527156068805e-19,-0.005476404601717879,-0.8714780376915244
12.116270753666669,0.49253260807477395,2.710505431213761e-19,-0.004081798155167049,-0.8702844183983082
12.157979087000003,0.49504515027611995,0.0,-0.002183777009623809,-0.8688645062989201
12.199687420333335,0.4977203758672355,2.168404344971009e-19,0.0007260001818548188,-0.867337247194143
12.24139575366667,0.5012076539168302,4.336808689942018e-19,0.009286673711575318,-0.865277207227003
12.283104087000002,0.5057575800478173,-4.336808689942018e-19,0.021508057522028716,-0.8624074870302348
12.324812420333336,0.5130502746267639,0.0,0.031329197105377356,-0.857786626798375
12.366520753666668,0.5261244382817278,-2.168404344971009e-19,0.033682439246118225,-0.8497402948720084
12.408229087000002,0.54439193094238,2.168404344971009e-19,0.029011278170097216,-0.8383291544875224
12.449937420333335,0.5654777316263195,1.4094628242311558e-18,0.026605018064608705,-0.8243343423930208
12.491645753666669,0.587992364268862,6.505213034913027e-19,0.029398677470350604,-0.8083320464539978
12.533354087000003,0.6102780545330598,-1.0842021724855044e-19,0.033275773926837574,-0.791488104158814
12.575062420333335,0.6318438724720444,1.734723475976807e-18,0.039145372494204723,-0.7741065563808517
12.61677075366667,0.6509019553275529,5.963111948670274e-19,0.04048214702337906,-0.7580816844662229
12.658479087000002,0.6672042413385748,1.6263032587282567e-18,0.038877047055990585,-0.7438595805338688
12.700187420333336,0.6804684997649555,4.336808689942018e-19,0.03349700134365075,-0.7320113193992386
12.741895753666668,0.6916693866870294,1.734723475976807e-18,0.024985648283715543,-0.7217819455346823
12.783604087000002,0.7012030046550509,4.336808689942018e-19,0.015346539381136103,-0.7127964856757868
12.825312420333335,0.7114964833880335,4.336808689942018e-19,0.0057740432720821445,-0.7026659338197305
12.867020753666669,0.7232599162416686,0.0,-0.005246224718438979,-0.690555986639967
12.908729087000003,0.7347030620324554,8.673617379884035e-19,-0.014972604235068458,-0.6782235853776791
12.950437420333335,0.7455763333572687,-6.505213034913027e-19,-0.022771851246701506,-0.6660310607834512
12.99214575366667,0.7553346644326401,-4.336808689942018e-19,-0.027637990820361277,-0.6547562036131039
13.033854087000002,0.7632244537738836,1.7889335846010823e-18,-0.02985370506186556,-0.645443405308038
13.075562420333336,0.7695417359032224,-1.6940658945086007e-18,-0.031040913764737204,-0.6378416561935301
13.117270753666668,0.7741852068861343,-1.260385025514399e-18,-0.031289095193315165,-0.6321853034994226
13.158979087000002,0.778152331401793,1.0299920638612292e-18,-0.03221900356674523,-0.6272486627671042
13.200687420333336,0.7825671483525849,-3.14757443199698e-18,-0.032858696738898414,-0.6216984513153663
13.242395753666669,0.7876368984905106,1.1384122811097797e-18,-0.03198015514525307,-0.6153091790418332
13.284104087000003,0.7936854977930894,-1.3552527156068805e-18,-0.03037988058898198,-0.6075692499199866
13.325812420333335,0.801389430090504,7.995991022080595e-19,-0.03012908635612989,-0.5973836451515577
13.36752075366667,0.810793373501832,-1.2265037076242269e-18,-0.030175670902387496,-0.5845541329689747
13.409229087000002,0.8217589338295888,1.1384122811097797e-18,-0.03165064469015008,-0.5689556145798682
13.450937420333336,0.8324565405843594,-3.7947076036992655e-19,-0.03351848610429623,-0.5530755998302556
13.492645753666668,0.8424996043003387,2.4123498337802474e-18,-0.03532194080468952,-0.5375376984468745
13.534354087000002,0.8511922575547984,-4.472333961502706e-19,-0.03609015971766051,-0.5236117273804316
13.576062420333336,0.8582220052763796,-2.0057740190981832e-18,-0.036091927527296994,-0.5120081663672507
13.617770753666669,0.8640198503814003,-2.0599841277224584e-18,-0.03543950955114698,-0.5022088602460905
13.659479087000003,0.8688149373463007,4.607859233063394e-19,-0.03493922423848644,-0.4939026779169724
13.701187420333335,0.8724644740020021,-1.8634724839594607e-18,-0.034555013781666116,-0.48745429798798456
13.74289575366667,0.8747641325890242,2.927345865710862e-18,-0.035553305108113976,-0.48324287354462
13.784604087000002,0.875969341579173,-1.0842021724855044e-18,-0.03799599163124262,-0.4808679831651392
13.826312420333336,0.8766012864300271,-2.3852447794681098e-18,-0.040129773286025204,-0.4795412244272996
13.868020753666668,0.877118498119661,1.1519648082658485e-18,-0.04093315839047398,-0.47852650584945716
13.909729087000002,0.8784298020052538,-2.9815559743351372e-18,-0.04063601127494657,-0.4761405228886457
13.951437420333336,0.8814960275107047,-2.168404344971009e-18,-0.038482234788883796,-0.470620729556721
13.993145753666669,0.8876190608649915,-1.0842021724855044e-19,-0.034770117516045064,-0.45926402179690823
14.034854087000003,0.8966742523498358,1.0842021724855044e-18,-0.02777812197639646,-0.4418185839372622
14.076562420333335,0.9074656421110128,-1.3010426069826053e-18,-0.017907347284679857,-0.4197444881130341
14.11827075366667,0.9180043790388769,4.336808689942018e-19,-0.005618341173096704,-0.39653044562543843
14.159979087000002,0.9270799591548132,-4.336808689942018e-19,0.005933741977366187,-0.37481667524225215
14.201687420333336,0.9346069450681261,8.673617379884035e-19,0.01658748173860438,-0.3552952486031809
14.243395753666668,0.9410306729817695,4.336808689942018e-19,0.02510119295388382,-0.3373888003769094
14.285104087000002,0.94684290265961,2.710505431213761e-18,0.03152033333775215,-0.32014838164420145
14.326812420333336,0.9523231910828698,-2.168404344971009e-18,0.03667281079184477,-0.3028789274188046
14.368520753666669,0.9575023940395531,2.168404344971009e-18,0.04011281106685345,-0.28562235171085487
14.410229087000003,0.9623434470602156,1.1926223897340549e-18,0.04344432434405936,-0.26834246883888924
14.451937420333335,0.9666937323067024,4.87890977618477e-19,0.046742911692066604,-0.25163133375135344
14.49364575366667,0.9703446517309271,-1.0299920638612292e-18,0.04903014457714055,-0.23670086983348937
14.535354087000002,0.9730688281178268,-5.446421850845151e-19,0.049704513744109384,-0.22509224122315066
14.577062420333336,0.9746716164086889,1.3688052427629493e-18,0.049749933982755505,-0.2180371166475682
14.61877075366667,0.9753802004876417,-1.0842021724855044e-19,0.051571342499936716,-0.21441516068002756
14.660479087000002,0.9756891453377161,7.318364664277155e-19,0.05362043480729514,-0.21249833091399511
14.702187420333336,0.9761759539585285,1.4026865606531214e-18,0.054320777533116406,-0.2100708452911887
14.743895753666669,0.9768521402392883,8.402566836762659e-19,0.05334330695269117,-0.20715788112758995
14.785604087000003,0.9777248322121895,9.622294280808852e-19,0.052000803538723606,-0.20334716350854967
14.827312420333335,0.9785154677535823,1.2874900798265365e-19,0.051965461636859986,-0.199517092410289
14.86902075366667,0.9790775925556083,-6.505213034913027e-19,0.05456840375396525,-0.19603407118982774
14.910729087000002,0.9795373132666924,-2.168404344971009e-19,0.060699283356503334,-0.1918912424220466
14.952437420333336,0.980126226591655,-7.589415207398531e-19,0.06995344356136819,-0.18563161282796073
14.99414575366667,0.9811438777433485,1.734723475976807e-18,0.07930421106748228,-0.17625984589153967
15.035854087000002,0.9824801447743542,-5.421010862427522e-20,0.08542125138941704,-0.16563808419331055
15.077562420333336,0.9839506984190337,6.505213034913027e-19,0.09099958223549917,-0.15349299369567432
15.119270753666669,0.9854283653958863,9.215718466126788e-19,0.09533371257266327,-0.1408631247711928
15.160979087000003,0.9867135716446914,1.0299920638612292e-18,0.10024189951008518,-0.12785886404464328
15.202687420333335,0.9880055457187208,-1.2468324983583301e-18,0.1039851677273677,-0.11415833969431974
15.24439575366667,0.9892938942459458,2.981555974335137e-19,0.10614847024585719,-0.10015035233166208
15.286104087000002,0.9903161765426575,-9.24959978401696e-19,0.10685684649909322,-0.08863117303861737
15.327812420333336,0.9907867318019128,4.0657581468206416e-19,0.10764253426025557,-0.08218720644549533
15.36952075366667,0.9908462781391002,1.6241856763601209e-18,0.10796223257154348,-0.08104202265529196
15.411229087000002,0.9907384185379213,1.3755815063409838e-18,0.10752991232675368,-0.08291383472002299
15.452937420333337,0.9906733918625026,4.0657581468206416e-20,0.10601611121626202,-0.08559681546778276
15.494645753666669,0.9907271773718843,-2.168404344971009e-19,0.10319209779722138,-0.08838015031073286
15.536354087000003,0.9908154907718214,-1.0842021724855044e-18,0.09971800375672922,-0.09132898211065225
15.578062420333335,0.9908290413773901,1.4907779871675686e-19,0.09722036774113028,-0.0938403477159024
15.61977075366667,0.9907008543307401,-5.624298769768554e-19,0.09579109437776644,-0.09662237559826277
15.661479087000002,0.9902467612943029,8.080694316806025e-19,0.09559551481013641,-0.1013550654596462
15.703187420333336,0.9887089953542646,2.3445871979999033e-18,0.09543647337038313,-0.11552662920809603
15.74489575366667,0.9840050688844444,1.2197274440461925e-19,0.09590335899929434,-0.150121850982369
15.786604087000002,0.9733742353137989,9.215718466126788e-19,0.09710302602756953,-0.2076381476597363
15.828312420333337,0.9549138715374512,-3.469446951953614e-18,0.09694439288691192,-0.2806087714829034
15.870020753666669,0.9271768297682811,3.415236843329339e-18,0.09318927755434617,-0.36284829459395185
15.911729087000003,0.8892897989994136,-4.336808689942018e-19,0.08608297411406964,-0.4491696505366976
15.953437420333335,0.8412093207931302,0.0,0.07621105202897785,-0.5353118288991913
15.99514575366667,0.7867689989992334,3.686287386450715e-18,0.06690568401091312,-0.613610765600455
16.036854087000002,0.7297075947942729,-1.734723475976807e-18,0.05598501573489434,-0.6814635016732158
16.078562420333338,0.6760429674342247,3.686287386450715e-18,0.04444665694802211,-0.7355204965661208
16.12027075366667,0.6302553776381531,8.673617379884035e-19,0.03412927689187685,-0.7756373839733531
16.161979087000002,0.5955575098610278,-4.336808689942018e-19,0.02620570206680326,-0.802885118573833
16.203687420333335,0.5672737500392613,-2.9544509200229996e-18,0.023097935070406393,-0.8232053072665877
16.24539575366667,0.5406824157457266,1.3010426069826053e-18,0.02393110809854206,-0.8408863343927888
16.287104087000003,0.5115716096234696,0.0,0.03203684935464954,-0.8586431904526349
16.328812420333335,0.47897432585420047,1.734723475976807e-18,0.048295220595780064,-0.8764993821105176
16.370520753666668,0.4409875695001296,1.734723475976807e-18,0.08099374240184852,-0.8938512053122217
16.412229087000004,0.3925411899724749,1.734723475976807e-18,0.12929872652070606,-0.910600490607773
16.453937420333336,0.33427299792384546,1.734723475976807e-18,0.18690855669726078,-0.9237568696861485
16.49564575366667,0.27136356187894534,2.0816681711721685e-17,0.25696946973809415,-0.927538952770661
16.537354087000004,0.2102509922845176,-6.938893903907228e-18,0.34222468389428684,-0.9157929820526205
16.579062420333337,0.15727419021654546,6.938893903907228e-18,0.44483987407576,-0.8816928691579579
16.62077075366667,0.11688260423217955,3.469446951953614e-18,0.5853133103236224,-0.8023383236427801
16.662479087,0.09052199545251248,-5.204170427930421e-18,0.7444422653697123,-0.6615220947712223
16.704187420333337,0.07607460772152967,-6.071532165918825e-18,0.8850319608315348,-0.4592723400845127
16.74589575366667,0.07016324472436022,1.3010426069826053e-18,0.9650950710479238,-0.2523264213845877
16.787604087000002,0.0697204810339187,3.3881317890172014e-19,0.9915933784627062,-0.10900287295899677
16.829312420333338,0.06835647730833343,-1.2468324983583301e-18,0.9963990785563185,-0.050162418822409446
16.87102075366667,0.06473111897502908,-3.6591823321385775e-19,0.9979002916559299,-0.002211368185272858
16.912729087000002,0.06079609675516166,1.8973538018496328e-19,0.9974120059656268,0.03838131022987093
16.954437420333335,0.0591720382044592,6.437450399132683e-20,0.9972309968551634,0.04504452026592162
16.99614575366667,0.05969742422437359,1.8634724839594607e-20,0.9978600493147568,0.02667469817123099
17.037854087000003,0.05923117815352186,3.502481236896532e-19,0.9979518318192458,-0.024162137801888667
17.079562420333335,0.05654211337705459,-1.3552527156068805e-19,0.9914592121112924,-0.117522849414536
17.12127075366667,0.05057608839530798,2.8189256484623115e-18,0.9649324558016853,-0.2575799196815601
17.162979087000004,0.044005812229957635,-2.032879073410321e-18,0.8794912591878402,-0.47387615840235003
17.204687420333336,0.03750751615911353,-1.734723475976807e-18,0.6208647119177333,-0.783019920389567
17.24639575366667,0.03899770304741209,-3.469446951953614e-18,-0.05605346097975179,-0.9976658702537726
17.288104087000004,0.06043497118503056,-4.336808689942018e-19,-0.5512059649343038,-0.8321776243559471
17.329812420333337,0.08796516139415764,-5.204170427930421e-18,-0.6921626935113123,-0.7163608979362741
17.37152075366667,0.11347819958960725,1.3010426069826053e-17,-0.7268476499695652,-0.6773589830744271
17.413229087,0.1337114413951817,-8.673617379884035e-19,-0.732106919764129,-0.6679376531335106
17.454937420333337,0.14470312769453508,1.3444106938820255e-17,-0.7130171323671823,-0.6860521654993146
17.49664575366667,0.14732513677218428,-3.903127820947816e-18,-0.678061355924185,-0.7200889540031238
17.538354087000002,0.14728148143135872,2.168404344971009e-19,-0.644224347085129,-0.7505219222981588
17.580062420333338,0.1447634887693004,-4.7704895589362195e-18,-0.6071346121153217,-0.7813008992001217
17.62177075366667,0.13996833229138655,2.168404344971009e-18,-0.5576490687873581,-0.8181909202845998
17.663479087000002,0.1345677520909308,3.469446951953614e-18,-0.4959162104589383,-0.8578803135060508
17.705187420333335,0.1314468978536361,-5.204170427930421e-18,-0.4446752481845747,-0.885994151615372
17.74689575366667,0.13170599054827722,-4.336808689942018e-19,-0.3970986396640342,-0.9082765010891072
17.788604087000003,0.13263609852103955,-2.168404344971009e-18,-0.3485893456230649,-0.9278432698937902
17.830312420333335,0.13332824678175387,3.469446951953614e-18,-0.3074122415523113,-0.9421896265369767
17.87202075366667,0.13332116695316257,3.0357660829594124e-18,-0.27158129455112345,-0.9531364366617106
17.913729087000004,0.13321006796942522,-7.37257477290143e-18,-0.24825046660197167,-0.959492982581678
17.955437420333336,0.1327102889140691,-4.87890977618477e-19,-0.2464930200014108,-0.9600151927479733
17.99714575366667,0.13119950514851159,-2.8189256484623115e-18,-0.2520900815801454,-0.9587686272598314
18.038854087000004,0.12887898316431529,-4.87890977618477e-19,-0.25475486686590826,-0.9583789258464867
18.080562420333337,0.12658089342697168,-4.336808689942018e-19,-0.2428533398077769,-0.9617689601788145
18.12227075366667,0.12492806597616676,8.673617379884035e-19,-0.21139324894682382,-0.9693842750071617
18.163979087,0.12468012057313568,8.673617379884035e-19,-0.1466720506616301,-0.9812961719524746
18.205687420333337,0.12725661840028002,-8.673617379884035e-19,-0.05101339521624084,-0.9905571091975652
18.24739575366667,0.13338722071548625,-8.673617379884035e-19,0.053318736270780466,-0.9896286989130241
18.289104087000002,0.14285279982589766,-8.673617379884035e-19,0.14941938693482373,-0.9784001862172367
18.330812420333338,0.1541254869320349,-4.7704895589362195e-18,0.2206151506932762,-0.9631065826597524
18.37252075366667,0.16645828638725965,5.204170427930421e-18,0.28043320116594667,-0.945330026274865
18.414229087000002,0.17816726696346724,-7.37257477290143e-18,0.32605832729377293,-0.9284085265577625
18.455937420333335,0.18976583203919378,-2.6020852139652106e-18,0.3724814120172889,-0.9084308045702101
18.49764575366667,0.1999860541188862,5.854691731421724e-18,0.41025699413414324,-0.8897723174621558
18.539354087000003,0.2103384231873701,4.336808689942018e-18,0.4499394904973925,-0.8679355981995427
18.581062420333335,0.2201946494859728,2.3852447794681098e-18,0.4911342771874625,-0.8427938289459044
18.62277075366667,0.23054327864511096,6.5052130349130266e-18,0.5326213095419068,-0.8143490267038006
18.664479087000004,0.2409634457218561,-6.505213034913027e-19,0.5697722613494351,-0.7856819891168444
18.706187420333336,0.2494451182507107,1.235990476633475e-17,0.5970081427585455,-0.7624686291650834
18.74789575366667,0.2550255003628461,2.0383000842727483e-17,0.6175545314243192,-0.7440352107810286
18.789604087000004,0.25905499730405235,8.565197162635485e-18,0.6337151814788949,-0.7289002518417512
18.831312420333337,0.26214667235589983,-1.6263032587282567e-19,0.6453793640223636,-0.7174709740935992
18.87302075366667,0.26436980154411605,4.9873299934333204e-18,0.65401303864437,-0.7087845605786587
18.914729087000005,0.2658273916511316,5.6107462426124854e-18,0.6597473323350688,-0.702900601311961
18.956437420333337,0.2664252683426664,5.231275482242559e-18,0.6634496041014251,-0.6991796616079451
18.99814575366667,0.26636155214431656,2.9219248548484344e-17,0.6661660933897682,-0.6966162929167573
19.039854087000002,0.2655603219760648,-6.667843360785852e-18,0.6684833326691437,-0.6946997548117633
19.081562420333338,0.26429600625693256,2.8189256484623115e-18,0.6694328668907277,-0.6942674252786867
19.12327075366667,0.26314052165578894,2.168404344971009e-18,0.6688584887809026,-0.6952592234903802
19.164979087000003,0.2625077576505706,-2.043721095135176e-17,0.6647997695529035,-0.6993789699266597
19.206687420333335,0.2633323119580776,-1.2576745200831851e-17,0.6549588391995547,-0.7082972627599133
19.24839575366667,0.2653355193314401,4.336808689942018e-19,0.6395054248396933,-0.7215468618057448
19.290104087000003,0.2681589203365015,4.7704895589362195e-18,0.6204350811802378,-0.7369878584378673
19.331812420333335,0.27078026682218226,-7.806255641895632e-18,0.5968234979146275,-0.7553011051472496
19.37352075366667,0.2732884859865661,1.6479873021779667e-17,0.5708608899832914,-0.774229454176638
19.415229087000004,0.27622721186975163,-7.37257477290143e-18,0.5431619843081392,-0.7928893909147151
19.456937420333336,0.27988546743892223,-1.734723475976807e-18,0.5129467310985929,-0.8115107985552404
19.49864575366667,0.2836454673077467,1.214306433183765e-17,0.4814123883785525,-0.8293294648036014
19.540354087000004,0.28689735555417367,-4.336808689942018e-18,0.44927101073760933,-0.8460765132580084
19.582062420333337,0.2896272432787136,-2.6020852139652106e-18,0.4192873817531535,-0.860415104152268
19.62377075366667,0.29176575420021267,5.204170427930421e-18,0.3932717204005141,-0.871900280197914
19.665479087000005,0.2933340490945902,1.5612511283791264e-17,0.37056882672072744,-0.8812683361522733
19.707187420333337,0.2939668094275288,-9.974659986866641e-18,0.351059079946635,-0.8890112695247577
19.74889575366667,0.2941410035512642,2.2551405187698492e-17,0.3335540120610162,-0.8956689070565387
19.790604087000002,0.2943539356937171,-2.1033522146218786e-17,0.321160007829619,-0.9001177755785618
19.832312420333338,0.2946943082979239,-8.890457814381136e-18,0.31198721547789104,-0.9032271264943055
19.87402075366667,0.2940379788023005,1.5612511283791264e-17,0.3037001920046395,-0.9062603711948365
19.915729087000003,0.29186111196736014,1.7564075194265172e-17,0.29499705558788447,-0.9098317583573652
19.95743742033334,0.28843557228538075,-2.2551405187698492e-17,0.2898974188281492,-0.9125592622932397
19.99914575366667,0.2856582973808143,-3.63207727782644e-18,0.28799843711377654,-0.9140329520085785
20.040854087000003,0.2839791835355091,1.431146867680866e-17,0.29067087024999105,-0.913710166577246
20.082562420333335,0.2839940035872295,5.177065373618284e-18,0.2934051593107968,-0.9128312102553805
20.12427075366667,0.28550884856197717,-1.1655173354219173e-17,0.29253047156392886,-0.9126393705069924
20.165979087000004,0.2875409221204665,-1.2576745200831851e-17,0.2883485723080642,-0.9133319872609372
20.207687420333336,0.290464365166309,-9.540979117872439e-18,0.28465127776344473,-0.9135666930422602
20.24939575366667,0.2950958941133755,3.469446951953614e-18,0.2826554409684856,-0.9127016571521817
20.291104087000004,0.300105012721661,-4.445228907190568e-18,0.2823749945524938,-0.9111538529747931
20.332812420333337,0.30341495857682105,1.3010426069826053e-17,0.2833189692792565,-0.9097635542042591
20.37452075366667,0.30415521564596104,-1.734723475976807e-18,0.2849547540682311,-0.9090051666130797
20.416229087000005,0.30256684009104834,-5.637851296924623e-18,0.28833816921673666,-0.9084681653476134
20.457937420333337,0.3008833740911834,8.673617379884035e-18,0.29184816008537684,-0.9079062983867253
20.49964575366667,0.2996921722485729,-5.5294310796760726e-18,0.2946140271723688,-0.9074068419877661
20.541354087000002,0.29961105097572116,-1.3010426069826053e-17,0.2963813471271661,-0.9068579355159828
20.583062420333338,0.3011757378699375,-9.161508357502512e-18,0.29596009582295524,-0.906477135177146
20.62477075366667,0.303125078504664,1.7780915628762273e-17,0.29266076317823964,-0.9068984863133643
20.666479087000003,0.3051799075326859,1.5178830414797062e-18,0.2877761213051295,-0.9077720683326386
20.70818742033334,0.30716992872538673,-1.1058862159352145e-17,0.28221378651877527,-0.9088465291706714
20.74989575366667,0.3082468523956737,6.938893903907228e-18,0.2760069029710952,-0.91038676808292
20.791604087000003,0.30906102118810097,-1.2468324983583301e-17,0.26960499914792657,-0.9120276473970592
20.833312420333336,0.3089294303120427,-3.144186300207963e-18,0.2648408772768379,-0.913466976310754
20.87502075366667,0.3088013543034478,-1.3931997916438732e-17,0.2618510661157493,-0.9143717749112787
20.916729087000004,0.308954754615206,2.242265617971584e-17,0.26142034039216794,-0.9144431995645771
20.958437420333336,0.31025288990746447,8.693946170618139e-18,0.2626217225772532,-0.9136591132006637
21.00014575366667,0.311720037288663,-1.734723475976807e-18,0.2629620152312824,-0.9130616610603348
21.041854087000004,0.31276997302332094,-2.6020852139652106e-18,0.2618686587647758,-0.9130168396758785
21.083562420333337,0.31298015242767135,1.2685165418080402e-17,0.25993490051067913,-0.9134972751370718
21.12527075366667,0.3128263870474385,-3.3068166260807885e-18,0.2590695925812651,-0.9137957089889532
21.166979087000005,0.3126016733912339,-8.863352760068999e-18,0.25938863743748264,-0.9137821012480637
21.208687420333337,0.31218849830703566,3.2526065174565133e-19,0.26021288684877714,-0.9136890034593957
21.25039575366667,0.3122894189156819,-1.1329912702473521e-17,0.2615364762137685,-0.9132765136819138
21.292104087000002,0.3131934490692989,7.426784881525705e-18,0.2636388254336668,-0.9123620077491352
21.333812420333338,0.3143728082973545,9.947554932554503e-18,0.2644559387344136,-0.9117196904045315
21.37552075366667,0.3158649515067882,5.854691731421724e-18,0.26276256564656714,-0.911693570507354
21.417229087000003,0.31749937686619983,-2.8731357570865868e-18,0.2608778976051535,-0.9116670819058293
21.45893742033334,0.3187886882763618,-1.3227266504323154e-17,0.258848644127478,-0.9117955646198347
21.50064575366667,0.31950824676922235,6.613633252161577e-18,0.25618796986504794,-0.9122950204527498
21.542354087000003,0.3197021614819714,3.903127820947816e-18,0.2522690365182707,-0.9133185978386178
21.584062420333336,0.3192633716604368,-4.662069341687669e-18,0.24641066423681277,-0.9150697700538373
21.62577075366667,0.3179426605208623,2.8189256484623115e-18,0.24062259334860545,-0.9170677358794755
21.667479087000004,0.31649455485649514,-1.5233040523421337e-17,0.23737109409590212,-0.9184150262457076
21.709187420333336,0.31473067157772633,5.082197683525802e-18,0.23548755221291756,-0.9195054198431903
21.750895753666672,0.31326194396575263,4.662069341687669e-18,0.23629448273098314,-0.9197999086180075
21.792604087000004,0.3125797708986302,-4.716279450311944e-18,0.23883878409634585,-0.9193747451590887
21.834312420333337,0.3126254896965654,3.469446951953614e-18,0.24259483707423785,-0.9183752219092732
21.87602075366667,0.31226397790614097,1.0408340855860843e-17,0.2463971665600217,-0.9174855009281762
21.917729087000005,0.3114009302732243,2.5478751053409354e-18,0.24880903226331258,-0.9171278679056506
21.959437420333337,0.3099689583948322,-1.3552527156068805e-17,0.25049549954443256,-0.9171538854192398
22.00114575366667,0.30846551912200193,-1.2034644114589099e-17,0.25348386641987464,-0.9168396549984218
22.042854087000002,0.30764803248538564,1.22514845490862e-17,0.25749854731771554,-0.9159951889814363
22.084562420333338,0.30808035127872463,-1.6263032587282567e-19,0.2593190143849901,-0.9153360835968257
22.12627075366667,0.30922609787937505,-1.463672932855431e-18,0.2592717720640376,-0.914963042205022
22.167979087000003,0.31106325863575907,2.439454888092385e-18,0.25822255896358043,-0.9146369548455842
22.20968742033334,0.31246683582466667,-2.710505431213761e-18,0.2577899848479118,-0.9142804822492024
22.25139575366667,0.31306190227001046,-9.554531645028508e-18,0.25839813908331866,-0.9139051630587062
22.293104087000003,0.3126192324722471,-7.37257477290143e-18,0.25991622418313487,-0.9136261663803449
22.334812420333336,0.3113098522339471,-2.1141942363467336e-18,0.26108783993222257,-0.9137391945963598
22.37652075366667,0.30992802921809165,-7.318364664277155e-19,0.26192756610164064,-0.9139685808719359
22.418229087000004,0.308351605882901,-1.2034644114589099e-17,0.2625070872274485,-0.9143354506442354
22.459937420333336,0.3073476726367331,-8.158621347953421e-18,0.2633567630942429,-0.9144291243487964
22.501645753666672,0.3068329846692369,2.2158381900172497e-18,0.26351698722954164,-0.9145558030871783
22.543354087000004,0.3068927613724218,-9.690056916589196e-19,0.26379917755543214,-0.91445438756577
22.585062420333337,0.3072397755667765,-3.381355525439167e-18,0.2641327142031035,-0.9142415597627241
22.62677075366667,0.30784060775753874,1.0028870095490916e-18,0.26353729364378364,-0.9142112748562989
22.668479087000005,0.30859795095073483,-8.483881999699072e-18,0.2631232646713967,-0.9140751896084227
22.710187420333337,0.30904247400510576,0.0,0.2633019412855797,-0.9138735344543297
22.75189575366667,0.30927283395334065,1.3599961001115046e-17,0.263902054145889,-0.913622471262638
22.793604087000002,0.30878974525797553,-6.451002926288751e-18,0.26440622475867104,-0.9136401050371977
22.835312420333338,0.30790881660171276,1.6805133673525319e-18,0.26566012297437913,-0.9135736750367596
22.87702075366667,0.30723850670258734,-5.339695699491109e-18,0.26662898289793113,-0.913517096434423
22.918729087000003,0.30706936832910336,7.521652571618187e-18,0.2669751712193119,-0.9134728572795059
22.96043742033334,0.3074842968033118,8.883681550803102e-18,0.2673826839258908,-0.9132140535252183
23.00214575366667,0.30803013203106894,-2.019326546254252e-18,0.26731604933175335,-0.9130495975195354
23.043854087000003,0.3086480472749715,-5.827586677109586e-18,0.26704858786442487,-0.9129191829690969
23.085562420333336,0.30904314378011855,-1.5449880957918438e-18,0.266304748629257,-0.9130028018248407
23.12727075366667,0.3092289573393408,1.179069862577986e-17,0.26552445690359383,-0.9131671340608332
23.168979087000004,0.30947479575260856,-8.023096076392733e-18,0.2646735153442535,-0.9133308716282378
23.210687420333336,0.3091726437094764,2.3174821436877657e-17,0.2650480478388588,-0.9133245911057598
23.252395753666672,0.30811003921392144,4.336808689942018e-18,0.2679046154742025,-0.912850108584764
23.294104087000004,0.3021609171872511,1.0408340855860843e-17,0.27513361357487703,-0.9126884872758009
23.335812420333337,0.28491921354045574,-2.688821387764051e-17,0.2989622629820603,-0.9107373974248195
23.37752075366667,0.2547467459859909,-1.734723475976807e-18,0.35014215700865736,-0.9013903512324024
23.419229087000005,0.216153184914708,1.734723475976807e-17,0.43397329463268997,-0.874611330933276
23.460937420333337,0.17565481773803152,-1.3877787807814457e-17,0.5502507023951405,-0.816314614299581
23.50264575366667,0.1396262284842446,0.0,0.7047670257796669,-0.6955630494016686
23.544354087000006,0.11393605135124929,-5.204170427930421e-18,0.8820834835203978,-0.4571075412887057
23.586062420333338,0.10160134713032257,5.204170427930421e-18,0.9893365182033228,-0.10435717517559559
23.62777075366667,0.10557630926510332,2.4936649967166602e-18,0.9536123202885738,0.2819169833759609
23.669479087000003,0.12120150208784809,3.469446951953614e-18,0.8159744301328793,0.5652397060194659
23.71118742033334,0.147973095116284,1.214306433183765e-17,0.6502487876280322,0.7451714415555535
23.75289575366667,0.18604468393336393,3.469446951953614e-18,0.5059280515346971,0.8422732230401486
23.794604087000003,0.22807192888226616,1.0408340855860843e-17,0.4018810940811621,0.8868341341401169
23.836312420333336,0.2678220142642852,1.0408340855860843e-17,0.34193211784819394,0.9007517945912014
23.87802075366667,0.29842593042486626,1.0408340855860843e-17,0.3105693101088578,0.9024902590435872
23.919729087000004,0.32251064217791886,1.214306433183765e-17,0.29411626762992976,0.899712457842741
23.961437420333336,0.34219494760706587,1.7780915628762273e-17,0.28993208331468223,0.8937796176334553
24.003145753666672,0.35633845233232647,-4.9873299934333204e-18,0.2897351657588354,0.88829974733313
24.044854087000004,0.36422315361472385,4.119968255444917e-18,0.28998985426104323,0.8850126432975997
24.086562420333337,0.3676047048857087,-8.239936510889834e-18,0.2821323441727135,0.8861535540285896
24.12827075366667,0.36994738555267176,-1.474514954580286e-17,0.2660612969606617,0.8901406170838143
24.169979087000005,0.37366566255180406,-1.9949319973733282e-17,0.24018375283058582,0.8959273059271816
24.211687420333337,0.38095598257340596,-3.469446951953614e-18,0.20592933122103968,0.9013687646487348
24.25339575366667,0.3909184765479306,1.734723475976807e-18,0.16823994740172687,0.9049188166856238
24.295104087000006,0.40226000423904534,6.071532165918825e-18,0.12908880971479728,0.9063790422312401
24.336812420333338,0.41372913419705487,-1.734723475976807e-18,0.0922452042262045,0.9057146492211668
24.37852075366667,0.42460820178468367,-1.734723475976807e-18,0.06036628373276743,0.9033624891290718
24.420229087000003,0.4343384860129332,8.673617379884035e-19,0.03492117435393696,0.9000725477147578
24.46193742033334,0.44363438823554974,0.0,0.014904809203033291,0.8960839113819034
24.50364575366667,0.45296143668649347,-4.336808689942018e-19,-0.0015539143974795297,0.8915287556915668
24.545354087000003,0.46219119930098884,-8.673617379884035e-19,-0.015844494481122837,0.8866387354967926
24.58706242033334,0.47080662535914664,-4.336808689942018e-19,-0.02899462171799617,0.8817598502026288
24.62877075366667,0.4789181994007281,3.686287386450715e-18,-0.03985757305749764,0.8769542360652184
24.670479087000004,0.4863906895887805,1.5178830414797062e-18,-0.047890542830726704,0.8724279872795971
24.712187420333336,0.49343290875001744,-3.686287386450715e-18,-0.05533303094155917,0.868022015993441
24.753895753666672,0.500144311993592,1.0842021724855044e-18,-0.06152062175733209,0.8637539466069304
24.795604087000005,0.507480305188222,5.421010862427522e-19,-0.06552955147368779,0.8591679799257689
24.837312420333337,0.5159856947738847,-7.589415207398531e-19,-0.06663293424565134,0.8540016480443855
24.87902075366667,0.524200294515783,9.75781955236954e-19,-0.06641855729072552,0.8490009578775425
24.920729087000005,0.5298779632105315,-6.505213034913027e-19,-0.06532129362179885,0.8455545356175637
24.962437420333337,0.5323337424121024,3.198396408832238e-18,-0.0657735617059858,0.8439754885481179
25.00414575366667,0.53251588212897,-1.734723475976807e-18,-0.07052339028957323,0.8434769034789686
25.045854087000006,0.5309776499400093,4.336808689942018e-18,-0.08043793069586798,0.8435594078484051
25.087562420333338,0.5301012839022968,-1.3010426069826053e-18,-0.09020260621598808,0.8431228372170807
25.12927075366667,0.5319862415452796,-2.168404344971009e-18,-0.09876150256608777,0.8409737239756163
25.170979087000003,0.5354775261777218,3.7947076036992655e-18,-0.10438543788802992,0.8380736837029972
25.21268742033334,0.5391646832501391,4.092863201132779e-18,-0.1053731654524291,0.8355823959001962
25.25439575366667,0.5423837037768645,3.2526065174565133e-19,-0.1041501811666571,0.8336502010077385
25.296104087000003,0.5443106463662012,-2.168404344971009e-19,-0.09967444194436614,0.8329411298978382
25.33781242033334,0.5451778703866488,-1.734723475976807e-18,-0.08983829525786206,0.8334927536252728
25.37952075366667,0.5444830191786253,3.0357660829594124e-18,-0.07565307388207823,0.8353531314589786
25.421229087000004,0.542990153123834,-1.734723475976807e-18,-0.06390689248576742,0.8373037696698659
25.462937420333336,0.5412559058604595,5.204170427930421e-18,-0.05790703962734305,0.8388616209678273
25.504645753666672,0.5381174863565258,3.577867169202165e-18,-0.05439494238499676,0.8411128111735473
25.546354087000005,0.5327512434966775,4.391018798566293e-18,-0.051321262480744874,0.8447142952324924
25.588062420333337,0.5256597219499263,2.981555974335137e-19,-0.049686550127037724,0.849242664646566
25.62977075366667,0.5176983957953138,1.951563910473908e-18,-0.04773156145350203,0.8542306884162904
25.671479087000005,0.5085369741353615,1.0842021724855044e-19,-0.044199360297743455,0.8599049729397552
25.713187420333337,0.49832145494999786,-2.778268066994105e-19,-0.04258547529911799,0.8659458440515007
25.75489575366667,0.4873458647196353,3.916680348103885e-18,-0.04146989402382597,0.8722237419551956
25.796604087000006,0.47546695644172815,1.734723475976807e-18,-0.03806751453780867,0.8789095730898335
25.838312420333338,0.464677556668726,2.168404344971009e-19,-0.03032995225555913,0.8849603733075049
25.88002075366667,0.4563971621065599,8.673617379884035e-19,-0.01811142347162805,0.8895918203091291
25.921729087000003,0.45105237535203624,8.673617379884035e-19,0.0001282008749013872,0.8924974724075255
25.96343742033334,0.44797150703308947,1.3010426069826053e-18,0.01666338451193777,0.8938925329720067
26.00514575366667,0.4465854580469177,0.0,0.02693054981402744,0.8943356048753393
26.046854087000003,0.4452087066443762,1.4094628242311558e-18,0.03148440760350143,0.8948731416272915
26.08856242033334,0.44309247430571486,-9.486769009248164e-20,0.03210754996151154,0.8959007559150224
26.13027075366667,0.4405036773116359,-7.860465750519907e-19,0.03256315897399168,0.8971600475681921
26.171979087000004,0.43850221457405963,6.420509740187597e-19,0.03263042901710335,0.8981375523358354
26.213687420333336,0.43744281140045604,-8.131516293641283e-20,0.033070344839180484,0.8986379354591496
26.255395753666672,0.4371346167969831,-1.4094628242311558e-18,0.03267305491425993,0.8988024244962429
26.297104087000005,0.43850389924436467,2.168404344971009e-19,0.03121338465962146,0.8981870935198183
26.338812420333337,0.44101729947291934,-4.336808689942018e-19,0.027336447829057232,0.8970821925474292
26.380520753666673,0.44349212790452724,-1.3010426069826053e-18,0.022018819052341227,0.8960077589475745
26.422229087000005,0.445779249026219,-1.1926223897340549e-18,0.01922715903212048,0.8949364097482981
26.463937420333338,0.448547724091798,-6.776263578034403e-19,0.0193123615611138,0.8935502067052535
26.50564575366667,0.4528750704567233,-7.589415207398531e-19,0.02230709352477554,0.8912948805739294
26.547354087000006,0.45902912224805636,3.2526065174565133e-19,0.025330598981596175,0.8880600349545138
26.589062420333338,0.4645993818586484,-1.6263032587282567e-19,0.0246266291295514,0.8851784811631367
26.63077075366667,0.46748570253732724,1.3010426069826053e-18,0.020906454140521828,0.8837533808130252
26.672479087000003,0.4672664280152935,-2.168404344971009e-19,0.015790129249584756,0.8839755409897436
26.71418742033334,0.4634795485461899,0.0,0.009417701595059563,0.8860575686579775
26.75589575366667,0.45748149316977926,0.0,0.003969657093309184,0.8892102817836233
26.797604087000003,0.4517091614383974,-2.168404344971009e-19,0.00036757676889371003,0.8921651743707208
26.83931242033334,0.4476553307268951,5.421010862427522e-20,0.0014920285296741178,0.8942049422378859
26.88102075366667,0.44621724420622616,0.0,0.006861095929199432,0.8948983720711821
26.922729087000004,0.4458387122273961,-2.168404344971009e-19,0.01246354325807559,0.8950265374662761
26.964437420333336,0.44479581924434547,-4.0657581468206416e-19,0.013670648267296082,0.8955276615262666
27.006145753666672,0.4431928211038202,4.2012834183813297e-19,0.01343384192890783,0.8963256412783617
27.047854087000005,0.4414250147815533,1.0842021724855044e-19,0.01188419395015799,0.8972194393008103
27.089562420333337,0.4401723411615062,-1.6263032587282567e-19,0.009633534978469768,0.8978616291390435
27.131270753666673,0.4393950516715847,1.0842021724855044e-19,0.0073654172263262685,0.8982637358791724
27.172979087000005,0.43744144827359444,-3.2526065174565133e-19,0.003735625414175048,0.899239136400916
27.214687420333338,0.43400575040492567,-4.336808689942018e-19,-0.001572163148895001,0.9009087284062081
27.25639575366667,0.4301980390495363,0.0,-0.005776797912905215,0.902716054916388
27.298104087000006,0.42744943861838086,2.710505431213761e-19,-0.008608834790488,0.903998266252973
27.339812420333338,0.4263345385174417,8.131516293641283e-20,-0.008712902130120794,0.9045236020157744
27.38152075366667,0.42613187595593954,-3.8963515573697816e-20,-0.008329428064337847,0.9046227086041964
27.423229087000003,0.42548725699960777,-1.6263032587282567e-19,-0.009882261368227238,0.9049104569189151
27.46493742033334,0.4243899279768928,4.336808689942018e-19,-0.012895801027810135,0.9053877000200626
27.50664575366667,0.4232168806071067,-1.0842021724855044e-19,-0.016125460582718645,0.9058848941726455
27.548354087000003,0.42248814818688757,-6.2341624917916505e-19,-0.017728664744615943,0.9061950447271203
27.59006242033334,0.42215893040980096,-3.2526065174565133e-19,-0.015515130777220281,0.9063890545412708
27.63177075366667,0.42116648018782754,5.963111948670274e-19,-0.013026194774146438,0.9068898026860278
27.673479087000004,0.41918435831019735,-5.421010862427522e-19,-0.013491879165276562,0.9078008828728125
27.715187420333336,0.4169099079174747,-1.6263032587282567e-19,-0.015487643466260675,0.9088158568049443
27.756895753666672,0.4152286999890178,2.0328790734103208e-19,-0.016487147152176574,0.909567644919394
27.798604087000005,0.41461553529093415,1.0842021724855044e-19,-0.015811251979053826,0.9098593090177554
27.840312420333337,0.4148792787037155,-1.0842021724855044e-19,-0.014414643990127866,0.9097622778181795
27.882020753666673,0.4156934533882736,-1.0842021724855044e-19,-0.011082036335911316,0.9094372662700715
27.923729087000005,0.41835963054631875,-3.2526065174565133e-19,-0.006774209661315624,0.9082562026282079
27.965437420333338,0.4223547045753994,-2.168404344971009e-19,-0.006489938131349287,0.906407405213615
28.00714575366667,0.4272449502982218,4.336808689942018e-19,-0.008348409568447944,0.9040973711400488
28.048854087000006,0.4324052122273186,-7.589415207398531e-19,-0.012602296554957775,0.9015913234721088
28.090562420333338,0.43635335882012266,1.0842021724855044e-18,-0.01924518978613684,0.8995695464590233
28.13227075366667,0.43779079858412806,-1.0842021724855044e-18,-0.025756964967612213,0.8987078476516874
28.173979087000006,0.43698623041596746,4.336808689942018e-19,-0.031190113072460317,0.8989272558296194
28.21568742033334,0.4351116186718638,-9.75781955236954e-19,-0.035154449880751434,0.8996899710179792
28.25739575366667,0.43379574029069073,-2.168404344971009e-19,-0.03512097421605103,0.9003264812698598
28.299104087000003,0.43327526945860945,-1.4094628242311558e-18,-0.0318982730668543,0.9006969751536428
28.34081242033334,0.433051795150196,-6.505213034913027e-19,-0.02699727105242927,0.9009646441858384
28.38252075366667,0.43255044802621606,-6.505213034913027e-19,-0.021787898522355596,0.9013464358338028
28.424229087000004,0.4314521868677531,1.3010426069826053e-18,-0.01729668092341242,0.9019699747087301
28.465937420333336,0.43051753806951487,-1.1926223897340549e-18,-0.012471260667733623,0.9024960482306399
28.507645753666672,0.42988741382899076,2.168404344971009e-19,-0.007099586408929922,0.9028545881282567
28.549354087000005,0.42969524000044695,2.168404344971009e-19,-0.00138375871751675,0.9029729153926879
28.591062420333337,0.4298818918233798,1.0842021724855044e-19,0.003154422220036878,0.9028796202721655
28.632770753666673,0.4300437706627771,-3.7947076036992655e-19,0.0051938985621753165,0.902793098518075
28.674479087000005,0.4301762704705418,2.202285662861181e-19,0.005743993892801864,0.9027266379465131
28.716187420333338,0.4301765819958229,-5.421010862427522e-20,0.004980689211219869,0.902731023637369
28.75789575366667,0.4299668121365084,-1.6263032587282567e-19,0.0031491999468651055,0.9028392010767274
28.799604087000006,0.429492954702628,-1.0842021724855044e-19,0.0015445443986400673,0.9030688878725738
28.841312420333338,0.428952812136353,0.0,-0.0001719861563937508,0.903326881799206
28.88302075366667,0.4288886774153242,-8.131516293641283e-20,-0.0012422605055222868,0.9033564961706815
28.924729087000006,0.4294333995408983,-3.3881317890172014e-21,-0.0014932319191585642,0.9030972957645166
28.96643742033334,0.43049965357013315,-6.776263578034403e-20,-0.0010973976882558728,0.9025900752801956
29.00814575366667,0.43225755170662994,5.421010862427522e-20,-0.0002884448774739105,0.9017501459895323
29.049854087000003,0.43457779790832973,1.0842021724855044e-19,0.0013206357833652714,0.9006333291002918
29.09156242033334,0.43675818010328815,2.0328790734103208e-20,0.0021492702371687274,0.8995763851671026
29.13327075366667,0.4383735071401924,-5.421010862427522e-20,0.002804568361881729,0.8987885194159477
29.174979087000004,0.43936623606967734,-4.336808689942018e-19,0.007126840837289738,0.8982797552776333
29.21668742033334,0.4400667058671889,-5.421010862427522e-19,0.011608055999971011,0.8978900530817249
29.258395753666672,0.44127267628737615,2.168404344971009e-19,0.017193060185524883,0.8972083502975401
29.300104087000005,0.4428876720142283,-1.0842021724855044e-19,0.022111241698843334,0.8963044142300944
29.341812420333337,0.4443813916843418,1.1926223897340549e-18,0.02629097446807209,0.8954518208067963
29.383520753666673,0.44413068343594225,1.5178830414797062e-18,0.031163028364284907,0.895419902444596
29.425229087000005,0.4425072943165596,-2.4936649967166602e-18,0.03477177186750078,0.8960905190648054
29.466937420333338,0.4404351792286599,-2.5478751053409354e-18,0.03728062573508812,0.8970100377602352
29.50864575366667,0.438772501762415,1.5720931501039814e-18,0.03918795646448157,0.8977432794319817
29.550354087000006,0.43824982082246916,7.047314121155779e-19,0.04047813043176758,0.8979413207475323
29.59206242033334,0.43845877988632265,3.144186300207963e-18,0.04190004562728011,0.8977740720899826
29.63377075366667,0.43877063061282134,-2.927345865710862e-18,0.04337132692676513,0.8975518156141398
29.675479087000006,0.4388575166367621,2.8731357570865868e-18,0.045028526678573974,0.8974277195833497
29.71718742033334,0.4386557705674552,-1.870248747537495e-18,0.04615732006997368,0.8974690060118121
29.75889575366667,0.4382576515788966,-2.4936649967166602e-18,0.04683623122450169,0.8976283185579851
29.800604087000004,0.43815768868461463,-2.981555974335137e-19,0.047488291927636074,0.8976428588120957
29.84231242033334,0.43807123338585213,1.734723475976807e-18,0.04828679079042147,0.8976424568362175
29.88402075366667,0.43794239112285244,-1.3823577699190182e-18,0.049369845856543484,0.8976464116664755
29.925729087000004,0.437892774723345,-1.7110065534536867e-18,0.04985693455923404,0.897643695416754
29.96743742033334,0.437876718286911,-1.6805133673525319e-18,0.04932287753335738,0.8976810309537094
30.009145753666672,0.437911554008484,-2.8731357570865868e-18,0.050628863347710974,0.8975913263072418
30.050854087000005,0.4374755165266784,-3.889575293791747e-18,0.05125899061556587,0.897768170699312
30.092562420333337,0.43693053025407275,-3.144186300207963e-18,0.052569030339783905,0.8979577989978313
30.134270753666673,0.43617862672866925,-1.6263032587282567e-19,0.05343438949951457,0.8982722146453749
30.175979087000005,0.4352416387372442,-1.145188544687814e-18,0.05321518756566921,0.8987395950561369
30.217687420333338,0.43438796931502527,-3.14757443199698e-18,0.05306277169528238,0.89916151740073
30.25939575366667,0.4334867181784074,-2.358139725155972e-18,0.05362008350450067,0.8995633117284656
30.301104087000006,0.43270447834290504,2.2497195079074217e-18,0.05391335426800586,0.8999223214553392
30.34281242033334,0.4317596912996492,-4.756937031780151e-18,0.053509727584008154,0.9004000655390452
30.38452075366667,0.43093159162377637,5.149960319306146e-19,0.052646919204782094,0.9008475260768851
30.426229087000007,0.430218240595431,-4.038653092508504e-18,0.053007448421893415,0.9011672851756062
30.46793742033334,0.4297115535949382,-1.5009423825346202e-18,0.05311971305712586,0.9014023944896936
30.50964575366667,0.4294291842865699,2.656295322589486e-18,0.05276831486853474,0.9015575858639904
30.551354087000004,0.42914449965768126,-4.54009659728305e-19,0.05272877753608571,0.9016954443896834
30.59306242033334,0.4283411905093167,3.6253010142484055e-19,0.05276893011083915,0.902074977220862
30.634770753666672,0.42742941884283703,3.3881317890172014e-18,0.05320033464608845,0.9024820310129276
30.676479087000004,0.42623486186973186,-2.032879073410321e-18,0.05417128145828184,0.9029891000405589
30.71818742033334,0.4251484808775483,-1.2904546951419266e-18,0.05431064408761505,0.903492735524919
30.759895753666672,0.4243912897616431,-1.3925221652860698e-18,0.05405170257852142,0.9038641748751923
30.801604087000005,0.4238908934914455,2.710505431213761e-19,0.053660599750813213,0.9041222541500719
30.843312420333337,0.4231651755950453,3.2526065174565133e-18,0.05235210149733512,0.9045388281508026
30.885020753666673,0.4223987458845907,-4.119968255444917e-18,0.05270977780493926,0.9048762229160843
30.926729087000005,0.42145274041043923,1.3552527156068805e-18,0.053480167319771496,0.905272036077543
30.968437420333338,0.4208593833173015,2.168404344971009e-18,0.054780478892381565,0.9054703079649284
31.010145753666674,0.4205336336765636,1.5246593050577406e-18,0.055347345349245236,0.9055871765377299
