0.016683218,-0.985628628339295,-0.12479574857543556,0.1138517814331272
0.216683218,-0.9930719987043222,0.025624401779791618,0.11467953358307137
0.416683218,-0.988937226263036,0.10732860942859145,0.10239009771114593
0.6166832180000001,-0.9876486844827195,0.13423044270074316,0.08082242443725761
0.8166832180000001,-0.8711909546187174,0.4885421323122019,-0.04850675773925975
1.016683218,-0.6702607227542815,0.7321969073306288,-0.12098864586551432
1.2166832180000002,-0.6884083127049367,0.6885925264815909,-0.22789104298423363
1.4166832180000002,-0.7172556706966245,0.6003491335045377,-0.35373043515350244
1.6166832180000001,-0.7977413068228589,0.41433051505058227,-0.4381084702290933
1.816683218,-0.8751551285877579,0.08590975973323925,-0.4761544015223655
2.016683218,-0.8778153066892458,-0.10689491780658993,-0.4669194404703966
2.216683218,-0.8745955836830475,-0.06406436253491592,-0.48060204166764053
2.416683218,-0.916952254962505,0.13013173880538223,-0.37717939057518096
2.616683218,-0.7751679547024672,0.5878779033903927,0.2313313915310893
2.816683218,-0.3821489417638125,0.8775290098951245,0.289663637865163
3.016683218,0.0015890295079368233,0.9497606692470004,0.3129730757376946
3.216683218,0.17005349796943847,0.9028054892535107,0.3949988055704568
3.416683218,0.338385288564888,0.8426451511842457,0.41886100996456715
3.616683218,0.4705696793115535,0.775286041019565,0.4213024228660821
3.816683218,0.5716447884466929,0.7082245165964031,0.4142949069606425
4.016683218,0.6979021223706262,0.5891043953641896,0.407294290351791
4.216683218,0.7920819008093555,0.45941049263887274,0.4019306677320697
4.416683218,0.8561640600957359,0.33649506353893754,0.3921150015165345
4.616683218,0.8952317330154345,0.24329405888564232,0.373320432220274
4.8166832180000005,0.9381833925359955,0.17911392313967245,0.296192715148712
5.016683218,0.9800214862853202,0.09389116922152027,0.1753349216822713
5.216683218,0.9874827219727462,0.1347251260626705,-0.0820183772863976
5.416683218,0.9436505121756067,0.19622955968325856,-0.26649140844918334
5.616683218,0.901944376741637,0.2078877310660324,-0.3785221691478019
5.8166832180000005,0.8526218274793599,0.18208527335106073,-0.4897764515923838
6.016683218,0.8137803116334704,0.18558951792658882,-0.5507432570930927
6.216683218,0.7793569086439043,0.21919061285176278,-0.5869908723197376
6.416683218,0.7501520852303836,0.274902902188063,-0.6014152005005257
6.616683218,0.6876930542365394,0.3512297183071744,-0.635386455735943
6.8166832180000005,0.6466362341525449,0.33445775663808897,-0.6855651608021167
7.016683218,0.6868482754047689,0.2605625023653123,-0.6784884884319126
7.216683218,0.7143589142833983,0.21698732615926994,-0.6652877887576891
7.416683218,0.7341688665055567,0.2059144339725606,-0.6469894290757044
7.616683218,0.7457272237612697,0.20837829741373212,-0.6328265109082142
7.8166832180000005,0.7658299701290466,0.21984252072611546,-0.6042960556986381
8.016683218,0.7794429131972597,0.2357017474166822,-0.5804424444605097
8.216683218000002,0.7861272827238898,0.2532223740800753,-0.5638105396517559
8.416683218000001,0.7364644723278686,0.3766468086982315,-0.561922826103614
8.616683218,0.6639888558280909,0.5073580393213749,-0.5492782712542643
8.816683218000001,0.5839264453864639,0.6007827179708876,-0.5459762194142177
9.016683218,0.4075951785186661,0.7304363569347799,-0.5480227175183373
9.216683218000002,0.22201572189961885,0.7738197288968139,-0.5932217514550966
9.416683218000001,0.06586768394581155,0.7741208529078182,-0.6296017418216748
9.616683218000002,-0.0919743574584905,0.7518470686624229,-0.6528910344872408
9.816683218000001,-0.31026508208677667,0.6948797704343296,-0.6487508639522723
10.016683218,-0.5387244573510435,0.5450457868840065,-0.6424181264969243
10.216683218000002,-0.685957637888909,0.3351824898084391,-0.6458442672561896
10.416683218000001,-0.7763893625963167,0.1073443073018271,-0.6210448915635463
10.616683218000002,-0.7725294547631654,-0.1456564981208799,-0.6180472684823455
10.816683218000001,-0.7305928772644865,-0.31318785624035805,-0.6067515260746923
11.016683218,-0.6848565331496499,-0.3999152714460173,-0.6091299571245047
11.216683218000002,-0.6204461361129585,-0.49640209921762746,-0.6071503504691675
11.416683218000001,-0.46081783027503015,-0.623402576122638,-0.6316772557123391
11.616683218000002,-0.29895168641626885,-0.6786388115934453,-0.670877971458227
11.816683218000001,-0.21639570772701044,-0.6638620134427206,-0.715863202563942
12.016683218,-0.18179334120212043,-0.6588973937023637,-0.7299352064853439
12.216683218000002,-0.1995130402478542,-0.6454852458669592,-0.7372539210740963
12.416683218000001,-0.2596723095649578,-0.6055562156918424,-0.7522446153228187
12.616683218000002,-0.4124446973868887,-0.5265339770747126,-0.7434052344336328
12.816683218000001,-0.6952981276551187,-0.332979859481655,-0.6369340051048176
13.016683218,-0.884483796234904,0.07402541549985248,-0.46066110326135323
13.216683218000002,-0.7804320402395719,0.4824674256720556,-0.39768205105697063
13.416683218000001,-0.702156252984102,0.636108910193355,-0.319909441511107
13.616683218000002,-0.6735274890272659,0.7261785497030183,-0.1379327208310168
13.816683218000001,-0.626665717892268,0.7759659139423143,-0.07188169738005329
14.016683218,-0.5686055240355876,0.8063806288563222,0.1625977842453494
14.216683218000002,-0.5078960130002848,0.8256779740027359,0.2455555400009377
14.416683218000001,-0.48435258392167746,0.8114391826838117,0.3270611980254183
14.616683218000002,-0.48283739767561606,0.7611243069047873,0.4330794809784302
14.816683218000001,-0.5151448128291687,0.7206349114852837,0.46401632101015383
15.016683218,-0.5886784945707562,0.669862532973849,0.45248405159493454
15.216683218000002,-0.7399988552684068,0.5111274310668185,0.43720755187037036
15.416683218000001,-0.8338811049546966,0.3535274778587705,0.4238639229733417
15.616683218000002,-0.8691224379562043,0.08506392053783955,0.4872271721320524
15.816683218000001,-0.8614587051547137,-0.06588136561058831,0.5035360413897385
16.016683218,-0.8537374246346594,-0.19026673704479505,0.48469679032618546
16.216683218,-0.7263408476451158,-0.53961872527152,0.425723624407331
16.416683218000003,-0.6454859626228654,-0.6580850681240921,0.3876492166494625
16.616683218000002,-0.6120526971353085,-0.6695804084320227,0.4207773432272706
16.816683218,-0.5974674506495686,-0.6788251078341371,0.4268830265872342
17.016683218,-0.5851884632848979,-0.6750223939182828,0.44933198211021047
17.216683218,-0.6778680524360399,-0.5577208709648005,0.47900139204060277
17.416683218000003,-0.7902824045709784,-0.33310403405799055,0.5142911855357878
17.616683218000002,-0.8357914635660759,-0.06195669258026174,0.5455400972198031
17.816683218,-0.8347287021927958,0.17160499641637947,0.5232396381587175
18.016683218,-0.609561592592796,0.6409783895548878,0.4664561811782075
18.216683218,-0.4421638949050218,0.7855506232468261,0.43289872760143805
18.416683218000003,-0.35001775249073075,0.8369072772983119,0.4208013571110055
18.616683218000002,-0.26309335139363105,0.8822584877524436,0.3903867943991431
18.816683218,-0.1969647998435602,0.9126814211046951,0.3580747005764309
19.016683218,-0.20094398706965977,0.9113804683616553,0.35917566168859294
19.216683218000004,-0.22157497633209017,0.9088516675014104,0.3534022868394314
19.416683218000003,-0.23023666017754618,0.9102072987684665,0.34425826581056884
19.616683218000002,-0.2493568550954719,0.9085531677521298,0.3351899464251058
19.816683218,-0.27445210403929665,0.9040209372583807,0.3277532419166628
20.016683218,-0.2882972321381525,0.9035748357468282,0.3169183209386496
20.216683218000004,-0.30388441424514345,0.9030951017506568,0.3034361546896752
20.416683218000003,-0.31658841539711446,0.9020689430194381,0.2933315483819264
20.616683218000002,-0.3272403481724738,0.9010958077165893,0.28449973610452667
20.816683218,-0.33337593274741656,0.9012233675482756,0.27686987783024714
21.016683218,-0.33798912553656,0.9010719607653545,0.2717216821335959
21.216683218000004,-0.3413339440355778,0.9009879836457552,0.26779057484361507
21.416683218000003,-0.340955094862129,0.9017086004389379,0.26584059731728055
21.616683218000002,-0.3415407641097602,0.903748134620356,0.2580488628565295
21.816683218,-0.342470222001357,0.9060886785161777,0.24842997747282422
22.016683218,-0.34184898272122405,0.9107776309741263,0.23156722550832234
22.216683218000004,-0.373212849423753,0.9141113000598744,0.1584698713568284
22.416683218000003,-0.5677332996865392,0.8230224472694828,-0.01769044141863854
22.616683218000002,-0.6422092991778082,0.7602963387543968,-0.09755354081840127
22.816683218,-0.6280983730756577,0.7694387144515202,-0.11600214844089826
23.016683218,-0.5575625161690617,0.8295088015608252,-0.032236449809939456
23.216683218000004,-0.3379754322243779,0.9310669151724212,0.13743000649078319
23.416683218000003,-0.22720662119496637,0.9483027918740581,0.22158286533266572
23.616683218000002,-0.24541618530639087,0.9380022093996385,0.2447912399393735
23.816683218,-0.2347482815115972,0.9347532481736739,0.26670134862073297
24.016683218,-0.22485565741656327,0.9349837475479198,0.27430881347308766
24.216683218000004,-0.22572583505024096,0.9338827393669038,0.27732810262113694
24.416683218000003,-0.22752149904264268,0.9338016635549974,0.2761311655994454
24.616683218000002,-0.23723486496856727,0.9309181627909977,0.2776886620465069
24.816683218,-0.23817535868486434,0.9303252649704349,0.2788680689376729
25.016683218,-0.23970734169332242,0.9294259451743064,0.28054910938224015
25.216683218000004,-0.23965849674220185,0.929236275623331,0.28121832978123834
25.416683218000003,-0.2310598045033787,0.930666444572355,0.28367470047558363
25.616683218000002,-0.23542428589940517,0.9298426343099171,0.2827862815419963
25.816683218,-0.2747621354703984,0.9173593143107335,0.2880237097169033
26.016683218,-0.4375472103358406,0.8400465513627478,0.32074012887519765
26.216683218000004,-0.4741399234449773,0.8230162404723781,0.31278682982872436
26.416683218000003,-0.6169752852837798,0.7208286647329808,0.3158283290781023
26.616683218000002,-0.714957034455615,0.6291842897272575,0.3048992758975316
26.816683218,-0.7160612412149318,0.633728891529304,0.2926499459606498
27.016683218,-0.700445596333404,0.6484640181349426,0.29811136134241306
27.216683218000004,-0.5664554176721264,0.767621446879654,0.2998092294781537
27.416683218000003,-0.24337498190625956,0.9198998613081143,0.3074944931985623
27.616683218000002,-0.20385788697602758,0.9264859454154085,0.31633171650245
27.816683218,-0.20038904193248586,0.9244094033880468,0.32451731356144264
28.016683218,-0.18377557555855878,0.9279576372946527,0.3242239368317006
28.216683218000004,-0.12530444015344705,0.9385835376902127,0.3214960964844777
28.416683218000003,0.05733293576373982,0.9653289809297645,0.254662311804896
28.616683218000002,0.0873533915996263,0.9729125658151799,0.21403393248493444
28.816683218,0.10347119277440708,0.9754164340554815,0.19456744959095845
29.016683218,0.11301485032909842,0.9767164507602406,0.18235300496402676
29.216683218000004,0.12347198456448027,0.9710249603046326,0.2046098616711703
29.416683218000003,0.11383868913817985,0.9708212469061853,0.21106126932912264
29.616683218000002,0.10909998810330884,0.9708290113527552,0.21351398856208556
29.816683218,0.08698822615606316,0.9702705082596734,0.22584992652585972
30.016683218,0.00925702425300956,0.9651895125271975,0.2613876669039496
30.216683218000004,-0.16961984924205625,0.9578690533776697,0.231767088527404
30.416683218000003,-0.6192106588201518,0.7808731055773122,0.08255515119941052
30.616683218000002,-0.8223949550320735,0.5661357825402477,-0.05618552896730555
30.816683218,-0.8552605961234812,0.5054606779668932,-0.11418763395287848
31.016683218,-0.9171557615482704,0.3947330191315428,-0.05487397075216669
31.216683218000004,-0.9767342066513705,0.20807944031073536,0.051896397534791035
31.416683218000003,-0.990170035086309,0.07635782840826208,0.11718696027268662
31.616683218000002,-0.9888905757448828,0.005465371506621902,0.1485448044101482
31.816683218,-0.9779444437054553,-0.11490806519133084,0.17441560016125857
32.016683218,-0.9480172955701224,-0.24251518240557868,0.20603299153946186
32.216683218,-0.9142893734948926,-0.31693247507925276,0.25224739394978035
32.416683217999996,-0.8787582843383379,-0.369149088463516,0.30251087285136796
32.616683218,-0.855893471055393,-0.40056318702091676,0.32710166524858475
32.816683218,-0.8418152363195086,-0.4071176954648992,0.3544041336379695
33.016683218,-0.8297889654142983,-0.395524242056367,0.39371416893782796
33.216683218,-0.8337398676750172,-0.3365930454276052,0.43770190177678525
33.416683217999996,-0.8284995306891888,-0.2851888098540105,0.4819293209401635
33.616683218,-0.8201745086781889,-0.2682134649074454,0.505346725087671
33.816683218,-0.836417084131903,-0.11194356386054899,0.5365399331666604
34.016683218,-0.7716563824481419,0.314752272860005,0.5527001304111555
34.216683218,-0.6323914270826392,0.5025606415864512,0.5895030826726841
34.416683217999996,-0.578830334192168,0.5376996011795706,0.6130534912308341
34.616683218,-0.5219166787432539,0.5820562206652746,0.6235491451637704
34.816683218,-0.4171521849349597,0.6663545425000926,0.6180256291558474
35.016683218,-0.3635878056379423,0.6851507383749224,0.6311674685023653
