0.01666656,-0.9256967282368626,0.11404278287342756,0.3606657885162562
0.21666656,-0.9258071481068023,0.11443900238982635,0.36025662970495226
0.41666656,-0.9263011771511447,0.11536785311015957,0.35868703304852806
0.6166665600000001,-0.9272086796099878,0.11152043266597167,0.35755734862242416
0.81666656,-0.9286473625097527,0.09970779283583531,0.3573127931539624
1.01666656,-0.9284967470977596,0.08996091491510914,0.3602788148316752
1.2166665600000002,-0.9296006104303866,0.08786727235169775,0.3579414023788329
1.4166665600000001,-0.9304166766830174,0.08463468793475747,0.3565975004796244
1.61666656,-0.9309660369363545,0.0824475815044333,0.3556748998384455
1.81666656,-0.9251702629547476,0.12649903876720353,0.3578518935750051
2.01666656,-0.8815626084207857,0.32927434150796525,0.3382687917305355
2.21666656,-0.7885787704660497,0.5161161238740212,0.33431672026315107
2.4166665600000004,-0.6947256506485759,0.6327061535547623,0.34210991447903194
2.61666656,-0.6250434760916598,0.6969815011474984,0.3514789325883339
2.8166665600000003,-0.5502275627256953,0.7570646949776952,0.35228209837468394
3.01666656,-0.45505470068912635,0.8341128984219001,0.3117384994942826
3.21666656,-0.324890485802993,0.9163765786347289,0.23388060707207875
3.4166665600000004,-0.23791481052811486,0.9627453431059374,0.12852216641187691
3.61666656,-0.1842180965349582,0.9792104987806459,0.08491461586084875
3.8166665600000003,-0.18083173140451164,0.9800951884746545,0.0819347694576493
4.01666656,-0.2150100039560589,0.9719830936646372,0.0949713842635607
4.21666656,-0.4791100232626857,0.8709484910520178,0.10909771557389467
4.41666656,-0.8527099907578842,0.5151824784010631,0.08644469683113598
4.6166665600000005,-0.9752706181624564,0.1895285292647347,0.11369326252582924
4.816666560000001,-0.9898121162898158,0.06766436785275289,0.12527373136042635
5.01666656,-0.9891350899793208,0.042155316401016725,0.14083573080270265
5.21666656,-0.984092900933522,-0.011244684600265932,0.17729839085701293
5.41666656,-0.9710083879195792,-0.0943577533711402,0.21963452590285343
5.6166665600000005,-0.9449580030243017,-0.20390418696817222,0.2558856288601864
5.816666560000001,-0.9044997739885317,-0.3119611899285517,0.2907926664017821
6.01666656,-0.8126865340156906,-0.485280650448811,0.32255741772518975
6.21666656,-0.7005204851559641,-0.6259177330115265,0.34277987306515645
6.41666656,-0.6496178296408303,-0.6742438183455614,0.35127190157417215
6.6166665600000005,-0.6287943173865809,-0.7050901640866513,0.32781941207104087
6.816666560000001,-0.6279950760958426,-0.7181113067129209,0.2998972083405208
7.01666656,-0.6403531375177398,-0.7121726615500759,0.2876768315521219
7.21666656,-0.6729686450106351,-0.686301673977968,0.2758681118353279
7.41666656,-0.7095600286511912,-0.6456394985231863,0.2822661929584374
7.6166665600000005,-0.7442487670259869,-0.6039663076495869,0.2851639388219053
7.816666560000001,-0.7809756432642055,-0.5551467528630635,0.2861627638489287
8.01666656,-0.8312545331948178,-0.47769288962606743,0.2842980904680217
8.216666560000002,-0.8587793502781123,-0.4214577764308133,0.29132691297217633
8.416666560000001,-0.9009083840814212,-0.3115048825701841,0.30220653802778435
8.61666656,-0.9466208919528586,-0.15161078737870703,0.28446978058975414
8.816666560000002,-0.942146475666429,-0.10065101064400656,0.31973331456960724
9.01666656,-0.9242834121267043,-0.11319732247724064,0.3645360616611204
9.216666560000002,-0.9082753237451509,-0.14716423764750508,0.3916358301193472
9.416666560000001,-0.8874506262480538,-0.20494868589438706,0.4128285626287279
9.616666560000002,-0.8662916796446962,-0.2598404992496231,0.4266399427246323
9.816666560000002,-0.8689750474358457,-0.2862682474526515,0.40364942392409914
10.01666656,-0.8774348244324142,-0.2933144866055109,0.37957178612300024
10.216666560000002,-0.8738257545001001,-0.3140505142441688,0.37121533545275825
10.416666560000001,-0.8761065134004142,-0.31519873393194386,0.36481109537001405
10.616666560000002,-0.8677230017131121,-0.3254335712425782,0.37569905909688983
10.816666560000002,-0.8533254198813793,-0.36797061685539134,0.369368857533132
11.01666656,-0.8584119965303896,-0.3608779098959965,0.3645490068040343
11.216666560000002,-0.8569987000461332,-0.3582148912009901,0.3704528577850381
11.416666560000001,-0.856783515558712,-0.3594745399702698,0.3697297155761458
11.616666560000002,-0.8585314845660461,-0.3570902119421886,0.36798134537487615
11.816666560000002,-0.8569098376431634,-0.35699672134794513,0.371831777955012
12.01666656,-0.8548070868396622,-0.3571928064776762,0.37645470283859095
12.216666560000002,-0.8538699334136826,-0.3554851295066815,0.3801795095895247
12.416666560000001,-0.8518597179160572,-0.35750201378607827,0.3827888858507706
12.616666560000002,-0.8525741788423291,-0.3548981568412682,0.38362034336306916
12.816666560000002,-0.852417585175985,-0.3494033053374993,0.38897505151612627
13.01666656,-0.8479275171394601,-0.3501668061801652,0.39799765517813424
13.216666560000002,-0.8476888160303712,-0.3515576829481126,0.39727933087084016
13.416666560000001,-0.847180455306858,-0.35118439303456256,0.39869135711099957
13.616666560000002,-0.849476135133328,-0.3461630263124407,0.39819775872442625
13.816666560000002,-0.8566632777324568,-0.33142622542610894,0.395328579392492
14.01666656,-0.8598695802700423,-0.30865798915078785,0.4066381077316947
14.216666560000002,-0.8630228588604691,-0.2844244124563555,0.41748568680035
14.416666560000001,-0.865242023613903,-0.2675715000203225,0.42398317531406055
14.616666560000002,-0.8706319168341249,-0.24440181434114996,0.42692835293113496
14.816666560000002,-0.8796453967091413,-0.20937052044703233,0.42706903565601223
15.01666656,-0.88455541883032,-0.1867948583502668,0.42739839951949
15.216666560000002,-0.8884088432681962,-0.17317293755308533,0.4251362850923233
15.416666560000001,-0.890048031844444,-0.15907976815605157,0.42720970070124664
15.616666560000002,-0.8915836935898559,-0.1543934932003607,0.42572428469851276
15.816666560000002,-0.8955781660393011,-0.15190522869106657,0.418168088225294
16.01666656,-0.8971109761826866,-0.1480755460303978,0.4162517616543469
16.21666656,-0.8977110882250636,-0.14843561919064088,0.4148272761442562
16.416666560000003,-0.896396444540484,-0.14862366654578715,0.4175936062222055
16.616666560000002,-0.8957820073469368,-0.16235652252347585,0.4137812887354581
16.81666656,-0.895191737956736,-0.16917012895999584,0.41232659356589774
17.01666656,-0.895543261434941,-0.17100279551470215,0.4108044678732523
17.21666656,-0.8956921076161528,-0.16870092496258368,0.4114312169377799
17.416666560000003,-0.8952619805805605,-0.169796010618098,0.4119166188746835
17.616666560000002,-0.8963695782150163,-0.16857610678234386,0.4100044822593302
17.81666656,-0.8952369246835408,-0.16923990727691737,0.4121998331732525
18.01666656,-0.8950435789421566,-0.16502852356464975,0.41432182926378336
18.21666656,-0.8952242258895821,-0.16722555070639294,0.41304866610526925
18.416666560000003,-0.8949860897303669,-0.1687375791726026,0.4129497893983207
18.616666560000002,-0.8956424499631148,-0.16989881555725242,0.4110462191728714
18.81666656,-0.8950010544724656,-0.16605167271636248,0.41400477591601875
19.01666656,-0.8959768844773461,-0.16428537699863438,0.41259633709799826
19.216666560000004,-0.8969706991394653,-0.15265362318200504,0.4148981034117477
19.416666560000003,-0.8965677219026571,-0.14274241954314698,0.4192742798041016
19.616666560000002,-0.8969714292114698,-0.13877640433905528,0.41974202169553665
19.81666656,-0.9010351152183352,-0.13740156809563608,0.41140798512953264
20.01666656,-0.8962887807408435,-0.14191129351516918,0.42015188478804194
20.216666560000004,-0.8932202538394979,-0.14971561004727096,0.42396086404180805
20.416666560000003,-0.8930253920668486,-0.15550116202312353,0.4222854931599116
20.616666560000002,-0.8934948037690011,-0.15407206759983444,0.4218161135178533
20.81666656,-0.89491037832446,-0.15286132829074675,0.41924793270851174
21.01666656,-0.8981328646806191,-0.1504060809300062,0.4132013651960278
21.216666560000004,-0.8991575226886831,-0.14917138082454867,0.4114166361916444
21.416666560000003,-0.8982969771963751,-0.1500565725866796,0.4129716283031964
21.616666560000002,-0.8945464244730857,-0.14883697284791342,0.4214667839532413
21.81666656,-0.8919654732993074,-0.14939769131019057,0.42670589903717937
22.01666656,-0.8918768705044903,-0.14837209157155692,0.4272486047979543
22.216666560000004,-0.8935451063304717,-0.14868513645123504,0.4236388475474646
22.416666560000003,-0.8940084875364692,-0.14587420972396123,0.4236384533421928
22.616666560000002,-0.8957026678780468,-0.14670464632718536,0.41975525905242084
22.81666656,-0.8963448117756866,-0.14487113670352036,0.419020682249741
23.01666656,-0.8965705360244215,-0.14518086407144604,0.41843015025252356
23.216666560000004,-0.8965612391167096,-0.14465867133095617,0.41863087956130624
23.416666560000003,-0.895366955951151,-0.14259497700453827,0.4218823138315288
23.616666560000002,-0.8957470889582029,-0.14263115912410557,0.4210623529476599
23.81666656,-0.8955361691537773,-0.1424045651534231,0.42158736883455405
24.01666656,-0.8951410817617262,-0.1427580064381467,0.4223062814359412
24.216666560000004,-0.8945452885140911,-0.14391967488653318,0.4231735506595328
24.416666560000003,-0.8923568028559118,-0.14159904334552698,0.4285429352123394
24.616666560000002,-0.8904346002244337,-0.1415391488932391,0.43254235868147145
24.81666656,-0.8890806970734401,-0.14019134008223183,0.4357544058955159
25.01666656,-0.8881879560724886,-0.14092474288075493,0.4373355365526198
25.216666560000004,-0.8896663460545106,-0.14278953531196903,0.43371066542501363
25.416666560000003,-0.8908717668775726,-0.1402823106468361,0.43205134914731613
25.616666560000002,-0.8934348925830334,-0.14043158493820895,0.42667676602656257
25.81666656,-0.8954629762045617,-0.14025157852872658,0.42246367058845347
26.01666656,-0.8956521868444982,-0.13999361619832013,0.4221480162506813
26.216666560000004,-0.896570500784962,-0.14063155010362444,0.4199810760470696
26.416666560000003,-0.8964645410617413,-0.13702831893632597,0.42139597343644153
26.616666560000002,-0.8978422450249585,-0.13862013530112302,0.4179279377328585
26.81666656,-0.8987300557564789,-0.13833071057669893,0.4161116453444939
27.01666656,-0.9002208652282335,-0.14027161462348217,0.41222113960670664
27.216666560000004,-0.9016309333091724,-0.14124902777546547,0.4087913554033604
27.416666560000003,-0.9022113854464903,-0.14074134498401186,0.4076843016143942
27.616666560000002,-0.9036327121241485,-0.14178397043038582,0.4041599031424959
27.81666656,-0.9043485835714644,-0.14207031466295883,0.4024545503331455
28.01666656,-0.9067550677916343,-0.14284155732624698,0.3967260220036012
28.216666560000004,-0.9088951276581962,-0.14362496827475946,0.39151183303607257
28.416666560000003,-0.9105731638482076,-0.14355397977494574,0.3876193599012304
28.616666560000002,-0.913080044942978,-0.14039149176611707,0.38285122510789155
28.81666656,-0.9129810556435516,-0.13933938141622398,0.38347115774531204
29.01666656,-0.9155968480716492,-0.13807648134704534,0.37764705360969125
29.216666560000004,-0.9176453574768064,-0.13820581732421847,0.3725938136349146
29.416666560000003,-0.9174567767647563,-0.13840030710710355,0.3729858144233953
29.616666560000002,-0.9184540349178667,-0.13720285646343663,0.37096841094810695
29.81666656,-0.9191959192519901,-0.13619994886131748,0.3694975452701454
30.01666656,-0.921294659343545,-0.134839650841933,0.36473883701339943
30.216666560000004,-0.9221980190293452,-0.13412013853837695,0.36271559400830594
30.416666560000003,-0.9227721730911437,-0.13232302734095175,0.36191453826003467
30.616666560000002,-0.9240329207031449,-0.13209798374009915,0.35876633642054057
30.81666656,-0.924859280681312,-0.1297902566657139,0.35747699256356985
31.01666656,-0.9261502815424496,-0.12885044324810904,0.35446187280666347
31.216666560000004,-0.9286946966272067,-0.12816472978164134,0.3479941989408709
31.416666560000003,-0.9300189377212755,-0.12575380872228567,0.3453270262687656
31.616666560000002,-0.9324005549075474,-0.12502987567468501,0.3391116857273873
31.81666656,-0.9344089020699096,-0.12416652983473,0.3338602650830247
32.01666656,-0.9372361916832348,-0.12332956849861616,0.3261566165710154
32.21666656,-0.9386278844863795,-0.12389392532675562,0.32191301578493675
32.416666559999996,-0.9382945589019775,-0.12250172056423607,0.32341405225151426
32.61666656,-0.9382336902902857,-0.12071818187689864,0.32426017789517164
32.81666656,-0.9382117685395038,-0.12004306488475436,0.3245740900735175
33.01666656,-0.9397496037021428,-0.1188127092128455,0.3205529947936376
33.21666656,-0.9396819993205591,-0.11921051088976332,0.32060348445754416
33.416666559999996,-0.9393961143382357,-0.11828931935512915,0.32178032458919115
33.61666656,-0.9390347592583846,-0.11769370464422323,0.3230509445763417
33.81666656,-0.9392364726846422,-0.1166533680050592,0.32284181902595527
34.01666656,-0.9405603615622693,-0.116626745722462,0.3189739933600257
34.21666656,-0.9405119322843254,-0.11520041735350106,0.3196344303612853
34.416666559999996,-0.9405423125966349,-0.11440981823509626,0.31982894132142947
34.61666656,-0.9400747159762799,-0.11414294488364096,0.3212956839352299
34.81666656,-0.9396129215264364,-0.11310785203032143,0.32300800533367846
35.01666656,-0.9404325676258897,-0.11094843926431164,0.32136743701468884
35.21666656,-0.9398921193221501,-0.10943055219350127,0.32346214350792724
35.416666559999996,-0.9393971234654721,-0.10660578486436477,0.3258346989782547
35.61666656,-0.9396749308269556,-0.10793259512921285,0.32459448437093014
35.81666656,-0.9405648412734646,-0.10802946657442718,0.32197424386411344
36.01666656,-0.9413563219605834,-0.11015300977286967,0.31892724804070993
36.21666656,-0.9411794225646499,-0.11063365124415082,0.3192827739688747
36.416666559999996,-0.9409006813356323,-0.11189035006300437,0.3196661655929839
36.61666656,-0.9411328082325626,-0.11307435938302066,0.3185643208496677
36.81666656,-0.9410664507394622,-0.11484986737996823,0.31812488625606694
37.01666656,-0.9418298934272622,-0.11500814574645328,0.3157999022462717
37.21666656,-0.9413759214530372,-0.11379617447676713,0.31758747642641577
37.416666559999996,-0.9418846163549666,-0.11308494612848771,0.3163307832522388
37.61666656,-0.9423921891433109,-0.1135730838028601,0.31463966132257903
37.81666656,-0.9425441951871675,-0.11410139208179886,0.3139925356500863
38.01666656,-0.9428713713236213,-0.11574374964551178,0.31240512408779436
38.21666656,-0.9424543865841245,-0.11456480846689399,0.31409335215710416
38.41666656,-0.9425946193775785,-0.11421949063382908,0.3137981699752037
38.61666656,-0.9427756896810691,-0.11418114067787412,0.3132677226588853
38.81666656,-0.943198532496893,-0.11449295073403574,0.31187800904828394
39.01666656,-0.9433122873013098,-0.11482609584763125,0.31141113714631724
39.21666656,-0.9427500977844132,-0.11372144520064141,0.31351185947098925
39.41666656,-0.9423059305405601,-0.11101718461453725,0.3158080397778862
39.61666656,-0.9433338172720436,-0.1115682220953784,0.3125281443477226
39.81666656,-0.9442545658996326,-0.11107017730272799,0.30991406952837325
40.01666656,-0.9453548120655475,-0.11223624673215742,0.3061164879976115
