19.999831       5.306808      -0.540958       9.835845       0.473634       0.527958
19.999831       5.279302      -0.539500       9.823894       0.471071       0.529906
19.999831       5.258727      -0.539040       9.811517       0.470408       0.530781
19.999831       5.237309      -0.545857       9.795999       0.470114       0.531264
19.999831       5.221535      -0.561907       9.778167       0.469863       0.531417
19.999831       5.211095      -0.584812       9.764666       0.469616       0.531532
19.999831       5.197299      -0.614263       9.756237       0.469539       0.531631
19.999831       5.178600      -0.640545       9.757089       0.469509       0.531620
19.999831       5.159034      -0.661790       9.761781       0.469460       0.531501
19.999831       5.129056      -0.677772       9.762087       0.469428       0.531248
19.999831       5.085415      -0.690826       9.758104       0.469331       0.530966
19.999831       5.033823      -0.698668       9.759329       0.469222       0.530683
19.999831       4.964466      -0.703324       9.778242       0.469146       0.530324
19.999831       4.887949      -0.702449       9.814343       0.469040       0.529981
19.999831       4.806806      -0.691355       9.862608       0.468965       0.529483
19.999831       4.732233      -0.664240       9.918920       0.468912       0.528994
19.999831       4.659461      -0.629736       9.965880       0.468864       0.528500
19.999831       4.593553      -0.590902       9.995095       0.468832       0.528034
19.999831       4.536318      -0.557675      10.007994       0.468854       0.527582
19.999831       4.488833      -0.532985      10.034659       0.468921       0.527126
19.999831       4.440520      -0.518698      10.069189       0.468963       0.526699
19.999831       4.394700      -0.511698      10.101133       0.469042       0.526308
19.999831       4.349548      -0.511567      10.125730       0.469116       0.525897
19.999831       4.311670      -0.513663      10.144598       0.469192       0.525513
19.999831       4.278018      -0.515195      10.160034       0.469268       0.525142
19.999831       4.258627      -0.515949      10.174262       0.469311       0.524795
19.999831       4.250142      -0.514248      10.180999       0.469353       0.524444
19.999831       4.248510      -0.512406      10.168720       0.469402       0.524121
19.999831       4.252634      -0.513366      10.153733       0.469455       0.523834
19.999831       4.270592      -0.513659      10.159635       0.469503       0.523575
19.999831       4.292508      -0.512477      10.177780       0.469548       0.523357
19.999831       4.318836      -0.510072      10.185430       0.469625       0.523164
19.999831       4.349144      -0.506927      10.176816       0.469657       0.522974
19.999831       4.443624      -0.504430      10.175106       0.469845       0.522507
19.999831       4.776927      -0.517867      10.228819       0.529867       0.450194
19.999831       5.405883      -0.631942      10.312419       0.569651       0.423800
19.999831       6.187208      -0.897345      10.355734       0.643950       0.398315
19.999831       7.012558      -1.284153      10.336782       0.688590       0.387998
20.000343       7.861193      -1.738874      10.277414       0.685379       0.390532
20.003417       8.726484      -2.221458      10.170975       0.676150       0.394727
19.999831       9.588517      -2.708210      10.038894       0.640126       0.412144
19.999831      10.414222      -3.178627       9.875424       0.633694       0.415154
19.999831      11.158482      -3.616508       9.699133       0.630762       0.417161
19.999831      11.808395      -3.994728       9.546389       0.623191       0.420638
19.999831      12.334414      -4.294490       9.427374       0.654029       0.440660
19.999831      12.729173      -4.523546       9.331253       0.588284       0.438721
19.999831      13.009178      -4.677938       9.276201       0.587539       0.438978
19.999831      13.214125      -4.764269       9.249381       0.595351       0.435193
19.999831      13.375439      -4.784739       9.237517       0.632539       0.407862
19.999831      13.528164      -4.745748       9.254263       0.630919       0.406707
19.999831      13.660477      -4.657090       9.305743       0.628408       0.407236
19.999831      13.774454      -4.526280       9.377703       0.626005       0.407536
19.999831      13.876719      -4.367229       9.455997       0.623627       0.408005
19.999831      13.984465      -4.187549       9.538255       0.621912       0.408481
19.999831      14.111193      -3.989152       9.618959       0.620444       0.408780
19.999831      14.245694      -3.770383       9.693616       0.618809       0.408961
19.999831      14.350883      -3.551431       9.738507       0.617259       0.409410
19.999831      14.418944      -3.335352       9.781127       0.615769       0.409847
19.999831      14.421548      -3.112209       9.822824       0.614360       0.410417
19.999831      14.372413      -2.871906       9.875624       0.613476       0.410919
19.999831      14.259149      -2.615539       9.923298       0.567460       0.422591
19.999831      14.061968      -2.349921       9.948461       0.471668       0.437822
19.999831      13.791470      -2.076606       9.973683       0.471668       0.437822
20.009052      13.464965      -1.802209      10.016675       0.511728       0.663488
19.999831      13.111287      -1.546761      10.065268       0.342733       0.508504
19.999831      12.757265      -1.318618      10.115378       0.321127       0.527436
19.999831      12.432341      -1.122472      10.173755       0.324135       0.527091
19.999831      12.152001      -0.959636      10.247337       0.325650       0.524215
19.999831      11.911606      -0.833266      10.324824       0.327477       0.522057
20.006235      11.702477      -0.737800      10.386838       0.329593       0.518655
19.999831      11.523442      -0.655497      10.448132       0.330903       0.518345
19.999831      11.376482      -0.578202      10.513453       0.332610       0.518143
19.999831      11.270985      -0.509711      10.574433       0.335202       0.518382
19.999831      11.172442      -0.448612      10.617282       0.337180       0.518373
20.002136      11.083205      -0.379912      10.655406       0.338465       0.517899
19.999831      10.993958      -0.303076      10.682921       0.339557       0.517513
19.999831      10.904172      -0.215986      10.692202       0.340591       0.517250
19.999831      10.799367      -0.111331      10.695609       0.341566       0.517010
19.999831      10.676497       0.006146      10.675284       0.342559       0.516835
19.999831      10.531721       0.136438      10.608615       0.343545       0.516736
19.999831      10.374337       0.279180      10.468094       0.344462       0.516647
19.999831      10.219830       0.426570      10.214466       0.345426       0.516652
20.000087      10.090855       0.568986       9.903206       0.346396       0.516568
19.999831       9.966667       0.710914       9.602933       0.347408       0.516572
19.999831       9.841505       0.861300       9.329090       0.348154       0.516701
19.999831       9.739143       1.014794       9.101742       0.347818       0.517211
19.999831       9.667456       1.156566       8.916982       0.322208       0.565105
19.999831       9.617571       1.283487       8.775353       0.324020       0.569324
19.999831       9.563629       1.389578       8.673050       0.325255       0.571106
19.999831       9.501918       1.492391       8.610143       0.327861       0.572213
19.999831       9.440959       1.597217       8.577365       0.330200       0.572597
19.999831       9.377850       1.702300       8.545943       0.331376       0.572193
19.999831       9.310019       1.818052       8.501765       0.332554       0.571285
19.999831       9.241834       1.937852       8.459156       0.333820       0.570494
19.999831       9.165358       2.046867       8.420874       0.335665       0.570316
19.999831       9.075764       2.146070       8.390429       0.336763       0.569258
19.999831       8.987158       2.214057       8.374497       0.337974       0.568357
19.999831       8.899846       2.239495       8.364464       0.339406       0.567735
19.999831       8.826071       2.193001       8.342434       0.340756       0.566829
19.999831       8.785752       2.065035       8.303150       0.342263       0.565979
19.999831       8.773725       1.867508       8.253721       0.342021       0.565385
19.999831       8.769938       1.623965       8.183821       0.341701       0.565070
19.999831       8.782503       1.376982       8.084073       0.341359       0.564705
19.999831       8.800014       1.149964       7.963032       0.341190       0.564264
19.999831       8.808634       0.953355       7.830455       0.322536       0.541522
19.999831       8.820102       0.795267       7.696157       0.324098       0.542021
19.999831       8.826803       0.677641       7.588210       0.325736       0.542315
19.999831       8.814703       0.600252       7.520063       0.327626       0.542139
19.999831       8.777249       0.589094       7.482105       0.329821       0.542054
19.999831       8.727253       0.590608       7.468335       0.332412       0.541993
19.999831       8.658215       0.623889       7.465265       0.334763       0.541683
19.999831       8.591978       0.676834       7.479196       0.336710       0.541245
19.999831       8.529034       0.742746       7.513851       0.337878       0.541001
19.999831       8.479876       0.808701       7.558987       0.393033       0.475796
19.999831       8.442088       0.858820       7.607383       0.410935       0.441911
19.999831       8.405577       0.905177       7.660047       0.412055       0.434046
19.999831       8.368903       0.943628       7.702064       0.412436       0.431393
19.999831       8.341969       0.978154       7.732028       0.412604       0.430471
19.999831       8.326902       1.003862       7.748837       0.412676       0.430150
19.999831       8.303627       1.022014       7.753779       0.412519       0.430060
19.999831       8.276306       1.034970       7.744874       0.412334       0.430134
19.999831       8.242009       1.044453       7.734853       0.412152       0.430368
19.999831       8.211611       1.051523       7.714062       0.411918       0.430549
19.999831       8.187760       1.056287       7.695986       0.411715       0.430653
19.999831       8.156490       1.067606       7.689602       0.411522       0.430784
19.999831       8.125048       1.083974       7.681619       0.411252       0.430841
19.999831       8.100091       1.109391       7.677360       0.410950       0.430802
19.999831       8.082249       1.153526       7.685932       0.410669       0.430807
19.999831       8.057301       1.235723       7.735676       0.410445       0.430826
19.999831       8.016725       1.399337       7.858963       0.410236       0.430865
19.999831       7.948761       1.705066       8.062737       0.410112       0.430805
19.999831       7.842661       2.177480       8.307733       0.408295       0.430750
19.999831       7.696057       2.806928       8.558714       0.346485       0.453851
19.999831       7.532169       3.567512       8.816152       0.305913       0.479576
19.999831       7.350166       4.459345       9.108809       0.283370       0.529925
19.999831       7.137177       5.479375       9.427737       0.274079       0.536652
19.999831       6.889394       6.623048       9.742759       0.270090       0.539448
19.999831       6.651282       7.843508      10.032698       0.269961       0.540153
19.999831       6.415510       9.164380      10.320198       0.271683       0.539557
19.999831       6.182477      10.586038      10.570446       0.274396       0.538628
19.999831       5.967499      12.089856      10.758790       0.277710       0.537615
19.999831       5.795451      13.641850      10.869300       0.308661       0.528355
19.999831       5.702428      15.209171      10.911037       0.310728       0.525545
19.999831       5.654674      16.761812      10.917212       0.316249       0.525857
19.999831       5.611019      18.282131      10.916241       0.320251       0.524971
19.999831       5.542567      19.758408      10.933496       0.348975       0.522180
19.999831       5.448635      21.163160      10.992665       0.353598       0.521789
19.999831       5.321342      22.494951      11.092451       0.358125       0.521393
19.999831       5.174445      23.724991      11.218893       0.363147       0.521992
19.999831       5.011331      24.838140      11.367046       0.367779       0.521964
19.999831       4.831395      25.834862      11.522034       0.372284       0.521954
19.999831       4.658511      26.727308      11.694628       0.402860       0.521867
19.999831       4.471992      27.513391      11.895998       0.405473       0.521736
19.999831       4.274596      28.202652      12.139513       0.406115       0.521069
20.001880       4.094880      28.797760      12.417077       0.396777       0.517896
19.999831       3.953625      29.296978      12.688631       0.341788       0.489025
19.999831       3.855231      29.699846      12.927744       0.343498       0.488421
19.999831       3.788118      30.011349      13.150327       0.345704       0.487485
19.999831       3.775709      30.229786      13.382062       0.348660       0.485974
19.999831       3.805577      30.358070      13.618313       0.350465       0.485396
19.999831       3.889879      30.405481      13.847734       0.352165       0.484458
19.999831       4.042215      30.397333      14.040472       0.353136       0.483948
19.999831       4.223227      30.392080      14.187849       0.354231       0.483569
19.999831       4.429849      30.417259      14.314681       0.354748       0.483712
19.999831       4.628068      30.503582      14.435369       0.354480       0.483557
19.999831       4.812528      30.668043      14.489418       0.354125       0.482774
19.999831       5.069538      30.938673      14.417993       0.337179       0.431823
19.999831       5.431233      31.359354      14.192186       0.337028       0.426156
19.999831       5.933511      31.932573      13.856437       0.337619       0.425175
19.999831       6.535057      32.647976      13.489024       0.337975       0.425669
19.999831       7.140706      33.479778      13.208437       0.338516       0.425940
19.999831       7.693983      34.427280      13.057913       0.339390       0.427395
19.999831       8.115202      35.443245      13.014297       0.341658       0.431132
20.024165       8.394685      36.481812      13.067954       0.343042       0.432815
19.999831       8.509873      37.498867      13.259303       0.344758       0.434561
19.999831       8.448876      38.452770      13.621308       0.346806       0.436106
19.999831       8.244866      39.302689      14.142592       0.350499       0.468876
19.999831       7.936031      39.990986      14.751314       0.314119       0.502913
19.999831       7.631549      40.493912      15.311355       0.308520       0.512029
19.999831       7.394577      40.857174      15.738399       0.309265       0.513704
19.999831       7.236150      41.141232      16.100584       0.310185       0.512523
19.999831       7.121388      41.381519      16.413696       0.312046       0.511217
19.999831       7.051375      41.599136      16.689280       0.313705       0.510387
19.999831       7.043187      41.785675      16.922758       0.315309       0.509633
19.999831       7.068511      41.948116      17.138151       0.316610       0.509064
19.999831       7.093644      42.088051      17.344521       0.317756       0.508611
19.999831       7.117424      42.213543      17.567898       0.318828       0.508361
20.004442       7.125621      42.325657      17.774120       0.319791       0.508058
19.999831       7.132087      42.427017      17.947653       0.320587       0.507687
19.999831       7.132556      42.522400      18.097713       0.321263       0.507433
19.999831       7.129263      42.613979      18.243155       0.321911       0.507195
19.999831       7.124709      42.706646      18.378059       0.322554       0.506939
19.999831       7.103091      42.790226      18.486393       0.323091       0.506689
19.999831       7.074557      42.851913      18.579594       0.323566       0.506390
19.999831       7.037196      42.892189      18.644501       0.324686       0.504661
20.003673       6.996897      42.910645      18.699947       0.389530       0.426121
19.999831       6.945806      42.911549      18.742691       0.401252       0.424507
19.999831       6.887338      42.896770      18.752163       0.406209       0.426678
19.999831       6.833407      42.867340      18.742781       0.407748       0.428041
19.999831       6.776973      42.820087      18.712542       0.408419       0.429167
19.999831       6.707277      42.748951      18.683266       0.408921       0.429965
19.999831       6.626687      42.678909      18.664516       0.409188       0.430611
19.999831       6.538774      42.613430      18.637520       0.409369       0.430672
19.999831       6.469162      42.552643      18.609051       0.409470       0.430658
19.999831       6.424931      42.506546      18.582197       0.409555       0.430737
19.999831       6.408069      42.482758      18.549744       0.409484       0.430707
19.999831       6.422051      42.476753      18.506594       0.409480       0.430749
19.999831       6.454447      42.468067      18.452894       0.409651       0.430598
19.999831       6.504637      42.445683      18.402077       0.411665       0.428982
19.999831       6.580769      42.396442      18.339588       0.459640       0.392968
19.999831       6.675685      42.301186      18.267427       0.462913       0.391657
19.999831       6.789401      42.150654      18.168924       0.463410       0.390925
19.999831       6.908600      41.925850      17.995497       0.463354       0.390320
20.004954       7.031848      41.597424      17.740732       0.463070       0.390375
19.999831       7.187961      41.135754      17.389259       0.462556       0.390023
19.999831       7.380127      40.582047      16.984814       0.461808       0.389737
19.999831       7.604600      39.974899      16.569000       0.460872       0.389550
19.999831       7.834072      39.367146      16.135916       0.459831       0.389283
19.999831       8.066801      38.760986      15.691945       0.458703       0.388926
20.007259       8.285818      38.194557      15.243863       0.458495       0.387696
19.999831       8.502737      37.685253      14.824529       0.458598       0.386019
19.999831       8.684365      37.247429      14.424498       0.458304       0.384399
19.999831       8.829694      36.875954      14.053483       0.457924       0.383019
19.999831       8.936273      36.567650      13.732780       0.457526       0.381685
19.999831       9.001074      36.322132      13.453956       0.457068       0.380506
20.002905       9.021080      36.141975      13.207286       0.456711       0.379586
19.999831       8.995114      36.018990      12.998507       0.456344       0.378713
19.999831       8.931046      35.949593      12.838296       0.455952       0.377680
19.999831       8.843738      35.932579      12.714439       0.455664       0.376568
19.999831       8.738618      35.959110      12.616661       0.455500       0.375830
19.999831       8.622029      36.019707      12.530044       0.455438       0.375222
19.999831       8.503625      36.094269      12.458488       0.455399       0.374653
19.999831       8.412076      36.173824      12.404799       0.455463       0.374119
20.007515       8.349121      36.245613      12.366107       0.455578       0.373763
20.007515       8.314721      36.299721      12.335144       0.455696       0.373530
19.999831       8.317217      36.335655      12.297343       0.455928       0.373059
19.999831       8.341100      36.338303      12.261393       0.456227       0.372561
19.999831       8.370170      36.307438      12.235132       0.456546       0.372130
19.999831       8.400691      36.257713      12.240820       0.456883       0.371718
19.999831       8.416759      36.192631      12.261560       0.457218       0.371416
20.005722       8.422147      36.128155      12.308664       0.457135       0.371384
19.999831       8.398646      36.067535      12.377690       0.421504       0.389777
19.999831       8.366740      36.024082      12.466482       0.388762       0.416107
19.999831       8.321321      36.017956      12.566710       0.349153       0.439690
19.999831       8.258068      36.058186      12.673405       0.309326       0.477165
19.999831       8.187455      36.133522      12.780518       0.304301       0.482920
19.999831       8.113609      36.237263      12.901269       0.303115       0.485236
19.999831       8.030499      36.363491      13.026594       0.302974       0.485657
19.999831       7.951738      36.516788      13.160287       0.304185       0.487807
19.999831       7.860640      36.679863      13.286684       0.304957       0.488337
19.999831       7.763194      36.839947      13.419252       0.305295       0.488107
19.999831       7.663392      36.995178      13.556276       0.305773       0.487862
19.999831       7.555774      37.141426      13.681011       0.306401       0.487058
19.999831       7.453671      37.261311      13.772590       0.307696       0.487879
19.999831       7.352902      37.335266      13.836553       0.332731       0.527925
19.999831       7.237361      37.339127      13.867782       0.334261       0.536658
19.999831       7.082007      37.259022      13.882892       0.335947       0.541969
19.999831       6.904648      37.089138      13.882464       0.336411       0.544070
19.999831       6.725562      36.859829      13.854095       0.336448       0.544613
19.999831       6.575446      36.589851      13.792181       0.336168       0.544536
19.999831       6.463393      36.324081      13.706130       0.334893       0.544066
19.999831       6.374607      36.081577      13.614727       0.333260       0.543536
19.999831       6.293678      35.878872      13.530793       0.331841       0.543228
19.999831       6.224485      35.731270      13.456766       0.332348       0.543591
19.999831       6.170885      35.638836      13.382474       0.332646       0.543931
19.999831       6.118216      35.603737      13.322851       0.332842       0.544175
19.999831       6.046990      35.610664      13.283628       0.332928       0.544245
19.999831       5.972088      35.643085      13.255097       0.333015       0.544242
19.999831       5.903752      35.688297      13.245094       0.333318       0.544392
19.999831       5.834602      35.729328      13.237185       0.333654       0.544482
19.999831       5.760577      35.754448      13.243375       0.333512       0.545017
19.999831       5.671799      35.742985      13.237273       0.333335       0.545627
20.006747       5.600597      35.697437      13.203153       0.333239       0.546190
19.999831       5.544315      35.625832      13.150341       0.333186       0.546641
19.999831       5.496357      35.534519      13.088562       0.333175       0.547058
19.999831       5.445418      35.439014      13.018849       0.333117       0.547393
19.999831       5.401639      35.353313      12.949053       0.333062       0.547692
19.999831       5.366729      35.281422      12.899454       0.333095       0.548026
19.999831       5.336629      35.238255      12.868697       0.333140       0.548321
19.999831       5.308398      35.223049      12.848018       0.333143       0.548595
19.999831       5.286343      35.235050      12.838289       0.333140       0.548801
19.999831       5.257967      35.256107      12.849951       0.333177       0.549032
20.001624       5.224195      35.276588      12.862739       0.333298       0.549286
19.999831       5.194719      35.290611      12.881547       0.333325       0.549383
19.999831       5.158408      35.296997      12.902347       0.333164       0.549193
19.999831       5.138159      35.301331      12.909033       0.333138       0.549127
19.999831       5.114953      35.293785      12.900996       0.333251       0.549280
19.999831       5.077207      35.276615      12.875925       0.333380       0.549368
19.999831       5.037313      35.243347      12.833839       0.333498       0.549513
19.999831       4.985222      35.197788      12.768654       0.333660       0.549667
19.999831       4.927349      35.146973      12.696086       0.333797       0.549785
19.999831       4.862407      35.083321      12.629753       0.333894       0.549888
19.999831       4.797531      35.019196      12.585575       0.334055       0.549990
19.999831       4.743243      34.963459      12.579554       0.334222       0.550103
19.999831       4.714170      34.920692      12.602960       0.334382       0.550195
19.999831       4.700694      34.903664      12.627388       0.334540       0.550245
19.999831       4.710836      34.896236      12.640741       0.334699       0.550308
19.999831       4.725397      34.899937      12.633564       0.334426       0.550099
19.999831       4.742888      34.906872      12.631018       0.334167       0.549894
19.999831       4.760711      34.905441      12.611938       0.333924       0.549674
19.999831       4.771369      34.888126      12.587848       0.333713       0.549468
19.999831       4.772668      34.851719      12.558543       0.333844       0.549233
19.999831       4.762449      34.797512      12.530468       0.409302       0.533389
19.999831       4.740200      34.737621      12.498422       0.447314       0.532867
19.999831       4.713713      34.674858      12.466984       0.457755       0.534305
19.999831       4.693222      34.617340      12.423265       0.461331       0.534399
19.999831       4.680078      34.567390      12.401785       0.463161       0.534415
19.999831       4.686452      34.537369      12.390006       0.464205       0.534318
19.999831       4.733366      34.555931      12.408472       0.464617       0.534326
19.999831       4.822262      34.649200      12.432130       0.464838       0.534353
19.999831       4.939068      34.821625      12.424245       0.465027       0.534471
19.999831       5.047136      35.025211      12.425117       0.465228       0.534766
19.999831       5.135981      35.230709      12.442560       0.465515       0.535201
19.999831       5.208184      35.413525      12.470806       0.465856       0.535558
19.999831       5.265848      35.546349      12.497249       0.466306       0.535980
19.999831       5.295287      35.618603      12.520883       0.466777       0.536320
19.999831       5.292194      35.611160      12.546489       0.467170       0.536658
19.999831       5.270518      35.545219      12.570520       0.467552       0.536913
19.999831       5.251199      35.441296      12.577914       0.467863       0.537030
20.001368       5.233276      35.324856      12.563702       0.467752       0.537141
20.004954       5.216177      35.208370      12.541295       0.392968       0.530434
19.999831       5.202640      35.108208      12.521441       0.380962       0.527362
19.999831       5.205806      35.034302      12.485093       0.376924       0.526236
19.999831       5.223959      34.993946      12.448076       0.375622       0.525578
19.999831       5.240995      34.975945      12.424466       0.375085       0.525444
19.999831       5.256545      34.991318      12.437120       0.374853       0.525405
19.999831       5.269696      35.042595      12.491155       0.374799       0.525396
19.999831       5.269539      35.125793      12.541802       0.374879       0.525382
19.999831       5.262595      35.225937      12.576483       0.374926       0.525282
19.999831       5.241236      35.318359      12.601881       0.375182       0.525238
19.999831       5.214803      35.393974      12.631736       0.375429       0.525268
19.999831       5.180614      35.442501      12.655799       0.375745       0.525355
19.999831       5.138681      35.449825      12.653298       0.376183       0.525274
19.999831       5.101092      35.420269      12.637379       0.376534       0.525471
19.999831       5.060007      35.361881      12.616780       0.376983       0.525670
19.999831       5.022767      35.290741      12.589748       0.377233       0.525833
19.999831       4.987766      35.219597      12.569463       0.376497       0.526156
19.999831       4.959386      35.155151      12.551833       0.375667       0.526625
19.999831       4.941650      35.103024      12.534462       0.374937       0.527017
19.999831       4.927310      35.066875      12.528193       0.374350       0.527351
19.999831       4.918896      35.049961      12.527831       0.373897       0.527668
19.999831       4.901109      35.052452      12.536329       0.373460       0.527997
19.999831       4.892564      35.064842      12.562183       0.373138       0.528313
19.999831       4.883966      35.083225      12.588490       0.372923       0.528636
19.999831       4.878225      35.106098      12.628815       0.372721       0.528946
19.999831       4.849202      35.133331      12.669806       0.372575       0.529243
19.999831       4.823551      35.166183      12.711032       0.372538       0.529502
19.999831       4.805323      35.196915      12.734772       0.372531       0.529735
19.999831       4.780357      35.218029      12.738352       0.372575       0.529956
19.999831       4.747109      35.215515      12.734287       0.372880       0.530208
19.999831       4.696125      35.198406      12.728544       0.397355       0.553851
19.999831       4.646500      35.167408      12.725380       0.396918       0.552627
19.999831       4.594771      35.137638      12.718021       0.394958       0.548952
19.999831       4.546040      35.109344      12.711933       0.394936       0.549693
19.999831       4.502626      35.082966      12.709465       0.394369       0.548265
19.999831       4.470090      35.066181      12.724289       0.394403       0.547101
20.006235       4.445903      35.051350      12.746409       0.394816       0.546145
19.999831       4.433605      35.043716      12.759010       0.395410       0.545390
19.999831       4.442746      35.041229      12.771991       0.395959       0.544766
19.999831       4.459371      35.043697      12.785151       0.396598       0.544381
19.999831       4.479727      35.055691      12.793895       0.397271       0.544168
19.999831       4.505148      35.068016      12.798177       0.397990       0.544049
19.999831       4.521606      35.074749      12.791753       0.398748       0.544077
19.999831       4.523674      35.068855      12.781420       0.399559       0.544085
19.999831       4.507981      35.057640      12.775155       0.400501       0.544079
19.999831       4.489971      35.038609      12.760635       0.401439       0.544042
19.999831       4.479048      35.018520      12.755916       0.402305       0.544119
19.999831       4.481051      35.015675      12.755693       0.403152       0.544215
19.999831       4.515221      35.045387      12.755311       0.404014       0.544182
19.999831       4.577506      35.106155      12.734558       0.404900       0.544189
19.999831       4.644003      35.192036      12.718326       0.405808       0.544163
19.999831       4.700978      35.269154      12.739019       0.406654       0.544250
20.001624       4.758996      35.317879      12.783683       0.407534       0.544365
19.999831       4.817189      35.338013      12.839750       0.408428       0.544470
19.999831       4.882331      35.327354      12.891233       0.409281       0.544628
19.999831       4.943238      35.295300      12.929999       0.410153       0.544790
19.999831       4.997947      35.238457      12.956124       0.411017       0.544939
19.999831       5.047519      35.165886      12.955408       0.411814       0.545066
19.999831       5.117228      35.056610      12.918963       0.412579       0.545240
19.999831       5.210979      34.875130      12.833243       0.464252       0.566149
19.999831       5.370699      34.553310      12.666975       0.617459       0.861019
19.999831       5.721017      34.040249      12.369841       0.617459       0.861019
19.999831       6.336977      33.302837      11.882816       0.617459       0.861019
19.999831       7.119967      32.353409      11.240916       0.617459       0.861019
19.999831       7.950697      31.183397      10.475292       0.617459       0.861019
19.999831       8.770074      29.788401       9.641592       0.617459       0.861019
19.999831       9.565317      28.159466       8.766642       0.617459       0.861019
19.999831      10.301063      26.350044       7.883582       0.617459       0.861019
19.999831      10.915202      24.466967       6.998398       0.664557       0.505000
19.999831      11.386395      22.547213       6.113332       0.652359       0.507714
19.999831      11.717308      20.636360       5.247262       0.644428       0.507019
19.999831      11.948833      18.781767       4.375854       0.636821       0.505249
19.999831      12.118183      17.046555       3.513393       0.604420       0.503842
19.999831      12.246202      15.473456       2.666656       0.600513       0.498570
19.999831      12.337948      14.051964       1.863038       0.594115       0.467973
19.999831      12.401607      12.815481       1.104909       0.586796       0.471020
19.999831      12.431844      11.726370       0.379249       0.553996       0.479405
19.999831      12.421368      10.779782      -0.284117       0.553175       0.479033
19.999831      12.332506       9.960197      -0.919772       0.550316       0.479826
19.999831      12.175488       9.234528      -1.499780       0.547701       0.481276
19.999831      11.976259       8.594375      -2.008785       0.544378       0.482102
19.999831      11.737492       8.017515      -2.463020       0.541792       0.483023
19.999831      11.489154       7.481605      -2.867246       0.539652       0.484110
19.999831      11.228642       6.991779      -3.261179       0.537627       0.484563
20.004698      10.964238       6.492291      -3.642319       0.535643       0.484781
19.999831      10.707004       5.986636      -4.001137       0.533879       0.484823
19.999831      10.458490       5.447003      -4.385900       0.533039       0.484775
19.999831      10.242122       4.884578      -4.774729       0.488056       0.472784
19.999831      10.047740       4.317795      -5.195616       0.438424       0.443715
19.999831       9.875163       3.736341      -5.632278       0.406848       0.426860
19.999831       9.720081       3.182929      -6.074782       0.404880       0.423195
19.999831       9.563792       2.665623      -6.534963       0.403794       0.421724
19.999831       9.406167       2.209249      -6.964954       0.401930       0.420811
19.999831       9.251367       1.847434      -7.342871       0.400146       0.420469
19.999831       9.128514       1.561799      -7.639554       0.398080       0.420391
19.999831       9.059611       1.354654      -7.848219       0.397120       0.419282
19.999831       9.029742       1.221256      -7.996808       0.393933       0.417454
19.999831       9.017285       1.169316      -8.072022       0.392004       0.416331
19.999831       9.020845       1.202083      -8.087564       0.390157       0.416113
19.999831       9.032224       1.303224      -8.038531       0.388519       0.415427
19.999831       9.040662       1.461682      -7.943273       0.387194       0.414990
19.999831       9.039216       1.656301      -7.828532       0.385952       0.414614
19.999831       9.044701       1.875896      -7.692013       0.384926       0.414768
19.999831       9.053048       2.107372      -7.552491       0.384011       0.414846
19.999831       9.054727       2.337849      -7.416732       0.383274       0.414616
19.999831       9.047862       2.560351      -7.290476       0.382238       0.414933
19.999831       9.025106       2.764218      -7.178961       0.354739       0.436907
19.999831       8.985980       2.948152      -7.067545       0.355220       0.439622
19.999831       8.926298       3.110005      -6.966156       0.355708       0.439950
19.999831       8.846338       3.243622      -6.879806       0.356174       0.439805
19.999831       8.765093       3.353844      -6.811553       0.356598       0.439570
19.999831       8.680525       3.442121      -6.766475       0.357065       0.439291
19.999831       8.598096       3.506170      -6.734800       0.357283       0.438982
19.999831       8.520451       3.550380      -6.725927       0.357370       0.438726
19.999831       8.449859       3.573701      -6.721932       0.357568       0.438639
20.000856       8.391829       3.578711      -6.730251       0.357608       0.438409
19.999831       8.332870       3.562855      -6.750926       0.357475       0.438236
20.007003       8.279276       3.530372      -6.758960       0.357237       0.438051
19.999831       8.233545       3.494190      -6.764026       0.357162       0.438046
19.999831       8.190330       3.449220      -6.779584       0.357037       0.437959
19.999831       8.143064       3.399812      -6.783855       0.356893       0.437956
19.999831       8.078802       3.312447      -6.757123       0.356659       0.438012
19.999831       7.993917       3.114285      -6.667806       0.356496       0.438181
19.999831       7.887692       2.696929      -6.509423       0.356422       0.438286
19.999831       7.723803       1.965891      -6.293021       0.429854       0.439493
19.999831       7.452505       0.858410      -5.989480       0.429854       0.439493
19.999831       7.076679      -0.666772      -5.574495       0.429854       0.439493
19.999831       6.639225      -2.612511      -5.071860       0.429854       0.439493
19.999831       6.177881      -4.981822      -4.502627       0.429854       0.439493
19.999831       5.711914      -7.729357      -3.893615       0.429854       0.439493
19.999831       5.251345     -10.716439      -3.212807       0.692290       0.506990
19.999831       4.876990     -13.838666      -2.418617       0.708121       0.503484
19.999831       4.634037     -17.022312      -1.542465       0.649793       0.506459
19.999831       4.535359     -20.279871      -0.665142       0.639814       0.503221
19.999831       4.431563     -23.637449       0.088162       0.633666       0.504742
19.999831       4.228279     -26.967636       0.576147       0.640415       0.467787
19.999831       4.011774     -30.134758       0.756088       0.598910       0.480168
19.999831       3.808211     -33.047119       0.716315       0.563278       0.480606
19.999831       3.626256     -35.676025       0.661077       0.523561       0.485036
19.999831       3.446951     -38.087399       0.632287       0.517433       0.490128
19.999831       3.245783     -40.225964       0.625659       0.511326       0.492665
19.999831       3.036527     -42.109840       0.632158       0.506882       0.491627
19.999831       2.825347     -43.750732       0.685077       0.501887       0.491697
19.999831       2.635759     -45.165749       0.759029       0.499413       0.492177
19.999831       2.485537     -46.401806       0.869985       0.469380       0.489178
19.999831       2.420174     -47.543053       1.061609       0.466527       0.486306
19.999831       2.449084     -48.662460       1.268917       0.463758       0.484926
19.999831       2.525551     -49.856865       1.452183       0.465652       0.484862
19.999831       2.655011     -51.144184       1.648507       0.570406       0.446351
20.000599       2.805601     -52.462730       1.895181       0.576577       0.453367
19.999831       2.972132     -53.723644       2.144503       0.602884       0.466095
19.999831       3.129995     -54.824207       2.327988       0.597539       0.466847
19.999831       3.259324     -55.738621       2.406887       0.592731       0.465918
19.999831       3.345235     -56.430748       2.391735       0.588621       0.467008
19.999831       3.393330     -56.876999       2.345279       0.587992       0.462467
19.999831       3.410395     -57.109509       2.295596       0.587222       0.459719
19.999831       3.422340     -57.130882       2.251756       0.585128       0.458984
19.999831       3.434067     -56.995270       2.250885       0.477660       0.449298
19.999831       3.470405     -56.751633       2.284873       0.405288       0.443931
19.999831       3.538476     -56.425926       2.375831       0.370042       0.437400
19.999831       3.599728     -56.093430       2.484692       0.372763       0.437677
19.999831       3.651643     -55.763073       2.610035       0.377280       0.437562
19.999831       3.703274     -55.476727       2.739323       0.381755       0.438384
19.999831       3.774076     -55.259205       2.871905       0.385825       0.439041
19.999831       3.852211     -55.095554       3.017799       0.389477       0.439796
19.999831       3.925879     -55.001617       3.159130       0.393058       0.440038
19.999831       4.002709     -54.943501       3.301774       0.396331       0.440744
19.999831       4.083051     -54.912403       3.441456       0.424757       0.447300
19.999831       4.170356     -54.895306       3.566783       0.427301       0.447367
19.999831       4.257969     -54.866417       3.670619       0.429888       0.447915
19.999831       4.339709     -54.831409       3.755625       0.432168       0.448142
19.999831       4.397154     -54.758991       3.842313       0.434435       0.448387
19.999831       4.448589     -54.652092       3.920943       0.436712       0.448696
19.999831       4.477787     -54.534645       3.964882       0.439132       0.449184
19.999831       4.468176     -54.413269       3.979392       0.441483       0.449666
19.999831       4.409012     -54.317673       3.976727       0.443675       0.449897
19.999831       4.344584     -54.257252       3.964909       0.445636       0.450089
19.999831       4.304816     -54.275120       3.925947       0.446723       0.450184
20.009308       4.269052     -54.389755       3.860112       0.522558       0.412707
19.999831       4.239614     -54.579472       3.791802       0.628380       0.398361
20.007772       4.218276     -54.850517       3.734987       0.689248       0.381816
19.999831       4.188885     -55.171165       3.690520       0.720586       0.378039
19.999831       4.139317     -55.513016       3.646323       0.719481       0.376838
19.999831       4.081378     -55.859631       3.589556       0.716472       0.376494
19.999831       4.010006     -56.163933       3.520244       0.713229       0.376250
19.999831       3.959261     -56.432610       3.423746       0.710140       0.376400
19.999831       3.939820     -56.640961       3.333929       0.707993       0.376371
19.999831       3.931447     -56.821426       3.242941       0.705636       0.376484
19.999831       3.935308     -57.000347       3.163037       0.704353       0.376210
19.999831       3.941563     -57.165623       3.115277       0.703080       0.376065
19.999831       3.958640     -57.350208       3.080999       0.701827       0.376110
19.999831       4.005095     -57.537140       3.064432       0.700900       0.376098
19.999831       4.079438     -57.741131       3.046225       0.699972       0.376092
19.999831       4.151478     -57.966358       3.023182       0.698914       0.376152
19.999831       4.199228     -58.191685       3.008143       0.698203       0.376179
19.999831       4.228473     -58.443520       2.990380       0.698421       0.376661
19.999831       4.240991     -58.703194       2.977551       0.716738       0.438673
19.999831       4.230893     -58.980152       2.963416       0.751657       0.442004
19.999831       4.176125     -59.276390       2.945741       0.741410       0.446483
19.999831       4.116651     -59.572430       2.937418       0.736628       0.448347
19.999831       4.063351     -59.900379       2.928770       0.732711       0.449752
19.999831       4.012087     -60.237881       2.925352       0.731770       0.449781
19.999831       3.963224     -60.582558       2.916809       0.731294       0.449414
19.999831       3.935742     -60.942551       2.895619       0.728905       0.450340
19.999831       3.938325     -61.302963       2.876817       0.726807       0.451030
19.999831       3.955233     -61.679024       2.853090       0.724258       0.452129
19.999831       3.970200     -62.037052       2.839133       0.722227       0.452945
19.999831       3.986402     -62.384354       2.829168       0.720114       0.453642
19.999831       4.002571     -62.725227       2.827523       0.718169       0.454216
19.999831       4.020574     -63.047863       2.841679       0.716384       0.454722
19.999831       4.021814     -63.362942       2.862542       0.714780       0.455150
19.999831       4.017068     -63.670769       2.894473       0.713189       0.455478
19.999831       4.011903     -64.000298       2.904152       0.711812       0.455757
19.999831       3.994219     -64.364311       2.900908       0.710387       0.456127
19.999831       3.966475     -64.747070       2.902081       0.708943       0.456516
19.999831       3.938673     -65.164261       2.884153       0.725150       0.430575
19.999831       3.918011     -65.596443       2.851328       0.724618       0.429498
19.999831       3.899632     -66.053032       2.814180       0.722342       0.429665
19.999831       3.889313     -66.535629       2.782229       0.720501       0.428881
19.999831       3.894287     -67.017227       2.756011       0.717968       0.428882
19.999831       3.913290     -67.495079       2.723408       0.715467       0.428882
19.999831       3.948282     -67.950844       2.680446       0.712570       0.429255
19.999831       3.993924     -68.393982       2.626646       0.709912       0.429560
19.999831       4.044447     -68.820824       2.562714       0.707985       0.428950
19.999831       4.101696     -69.215988       2.499657       0.706269       0.427064
19.999831       4.128281     -69.603844       2.421498       0.705317       0.426028
19.999831       4.134959     -69.993355       2.315822       0.679813       0.407912
19.999831       4.181243     -70.419998       2.154435       0.678316       0.407931
19.999831       4.273597     -70.903557       1.932172       0.674813       0.408900
19.999831       4.372387     -71.426208       1.705586       0.670787       0.409927
19.999831       4.426727     -72.008049       1.476215       0.668830       0.410560
19.999831       4.378385     -72.624001       1.268533       0.662787       0.412129
19.999831       4.217570     -73.271927       1.127023       0.633192       0.417015
19.999831       3.951163     -73.928673       1.069142       0.633273       0.417607
19.999831       3.641027     -74.570015       1.092089       0.688350       0.422221
19.999831       3.292817     -75.197250       1.191311       0.709749       0.423086
19.999831       2.934774     -75.784157       1.354239       0.715071       0.424637
19.999831       2.590951     -76.343803       1.509125       0.716300       0.424314
19.999831       2.287574     -76.891838       1.628253       0.715279       0.423732
19.999831       2.060243     -77.429596       1.737779       0.714180       0.422992
19.999831       1.920145     -77.967590       1.818004       0.712500       0.422471
19.999831       1.856101     -78.497391       1.858207       0.710137       0.422262
19.999831       1.836617     -79.041840       1.854853       0.707315       0.422390
19.999831       1.842199     -79.614922       1.795114       0.706005       0.422414
19.999831       1.868762     -80.234695       1.670133       0.671644       0.426484
19.999831       1.920957     -80.920052       1.485896       0.667975       0.426917
19.999831       2.008400     -81.649994       1.280591       0.663486       0.428316
19.999831       2.087518     -82.407890       1.084556       0.659227       0.429523
19.999831       2.127976     -83.176620       0.933172       0.600598       0.447140
19.999831       2.120365     -83.938629       0.826051       0.506491       0.431950
19.999831       2.070868     -84.688019       0.738851       0.472044       0.451847
19.999831       2.003292     -85.398827       0.682088       0.464784       0.455195
19.999831       1.923295     -86.071701       0.650370       0.462572       0.456093
19.999831       1.818894     -86.697472       0.642985       0.460836       0.456209
19.999831       1.686639     -87.272903       0.677097       0.459185       0.456164
19.999831       1.520305     -87.823463       0.751456       0.457550       0.455829
19.999831       1.375475     -88.354218       0.826806       0.455900       0.455577
19.999831       1.253576     -88.893982       0.897677       0.454246       0.455224
19.999831       1.142734     -89.438965       0.972366       0.452620       0.454882
19.999831       1.036575     -89.995338       1.058735       0.450998       0.454566
19.999831       0.934293     -90.566666       1.147859       0.449340       0.454272
19.999831       0.837142     -91.139053       1.230900       0.447728       0.453826
19.999831       0.757068     -91.720039       1.297102       0.446067       0.453374
20.002136       0.709130     -92.285164       1.333476       0.444272       0.452893
19.999831       0.687195     -92.822464       1.351371       0.442472       0.452369
19.999831       0.675986     -93.327774       1.347254       0.414914       0.444706
19.999831       0.696573     -93.787247       1.311414       0.413402       0.444709
19.999831       0.744102     -94.225464       1.236856       0.412372       0.444473
19.999831       0.812927     -94.647919       1.131713       0.411307       0.444531
19.999831       0.902684     -95.060875       1.037241       0.409894       0.444391
19.999831       0.990403     -95.474480       0.956729       0.408564       0.444376
19.999831       1.082374     -95.899025       0.878807       0.407218       0.444317
19.999831       1.161741     -96.351128       0.799408       0.406236       0.443518
19.999831       1.221979     -96.813171       0.735431       0.405107       0.443141
19.999831       1.249260     -97.283539       0.689314       0.403937       0.443016
19.999831       1.212718     -97.774643       0.648492       0.402845       0.442636
19.999831       1.119263     -98.296829       0.601042       0.401995       0.442349
19.999831       0.978339     -98.855461       0.561688       0.402487       0.442315
19.999831       0.818857     -99.438278       0.553885       0.520926       0.431896
20.000856       0.660629    -100.041229       0.581500       0.599336       0.465300
19.999831       0.497066    -100.657219       0.603287       0.656793       0.467510
19.999831       0.348199    -101.271065       0.588408       0.665765       0.478801
19.999831       0.220689    -101.876251       0.535714       0.690496       0.489759
19.999831       0.122591    -102.460396       0.446367       0.688409       0.488939
19.999831       0.046828    -103.026604       0.319268       0.685872       0.489128
19.999831      -0.002337    -103.597893       0.143327       0.683869       0.489029
19.999831      -0.012964    -104.168846      -0.072611       0.681667       0.489192
19.999831      -0.013795    -104.733940      -0.321431       0.679737       0.489617
19.999831      -0.029318    -105.279846      -0.585125       0.678698       0.489827
19.999831      -0.075012    -105.775673      -0.822946       0.676589       0.489840
19.999831      -0.157673    -106.228287      -1.040673       0.675605       0.489790
19.999831      -0.258076    -106.660828      -1.254439       0.674646       0.489702
19.999831      -0.388614    -107.081123      -1.463409       0.674436       0.488269
19.999831      -0.542454    -107.484673      -1.648605       0.671774       0.460358
19.999831      -0.682204    -107.854004      -1.796387       0.685454       0.453442
19.999831      -0.810979    -108.189163      -1.920893       0.688339       0.450774
19.999831      -0.940606    -108.465950      -2.039021       0.688551       0.449641
19.999831      -1.076514    -108.684486      -2.159248       0.734631       0.415370
19.999831      -1.208722    -108.842110      -2.283256       0.733516       0.414738
19.999831      -1.334468    -108.947891      -2.393891       0.731374       0.415052
19.999831      -1.456539    -109.017494      -2.489439       0.729287       0.415287
19.999831      -1.557338    -109.060112      -2.588313       0.727906       0.415340
19.999831      -1.634586    -109.086815      -2.684116       0.727019       0.415194
19.999831      -1.688141    -109.101990      -2.760637       0.726450       0.415195
19.999831      -1.717520    -109.078758      -2.801114       0.726099       0.415018
19.999831      -1.711693    -109.010223      -2.808743       0.725975       0.414930
19.999831      -1.638279    -108.881294      -2.766085       0.726019       0.414925
19.999831      -1.464594    -108.697418      -2.666338       0.663162       0.423688
19.999831      -1.167112    -108.455711      -2.518764       0.663162       0.423688
19.999831      -0.744565    -108.143135      -2.325914       0.663162       0.423688
19.999831      -0.247309    -107.744179      -2.094612       0.663162       0.423688
19.999831       0.284478    -107.224274      -1.841179       0.663162       0.423688
19.999831       0.863010    -106.537338      -1.575289       0.663162       0.423688
19.999831       1.440774    -105.679710      -1.306825       0.663162       0.423688
19.999831       2.020540    -104.612785      -1.030876       0.663162       0.423688
19.999831       2.575051    -103.371025      -0.736195       0.663162       0.423688
19.999831       3.104360    -101.940773      -0.413492       0.663162       0.423688
19.999831       3.576329    -100.356361      -0.076111       0.663162       0.423688
19.999831       3.989161     -98.629639       0.261120       0.526732       0.776221
19.999831       4.364178     -96.732216       0.620210       0.341517       0.473564
19.999831       4.684532     -94.662941       0.997939       0.345509       0.471480
19.999831       4.949121     -92.428894       1.385944       0.351068       0.470837
19.999831       5.193284     -90.047318       1.793906       0.387582       0.474691
19.999831       5.404792     -87.501343       2.250069       0.397403       0.476125
20.003929       5.568131     -84.777267       2.824928       0.403277       0.476819
19.999831       5.709707     -81.899498       3.546541       0.399731       0.477608
19.999831       5.914619     -78.851913       4.359388       0.342983       0.478173
19.999831       6.188987     -75.719986       5.175554       0.317703       0.483748
19.999831       6.458793     -72.532532       5.997253       0.314590       0.486848
19.999831       6.644786     -69.358337       6.891178       0.311971       0.484173
19.999831       6.702001     -66.210358       7.852683       0.313463       0.482757
19.999831       6.629455     -63.059605       8.887412       0.346413       0.561859
19.999831       6.465043     -59.899189       9.945571       0.353812       0.562395
19.999831       6.239003     -56.780121      11.011148       0.389554       0.468488
19.999831       5.969475     -53.672592      12.096021       0.424554       0.466800
19.999831       5.648165     -50.607941      13.110574       0.433177       0.471592
19.999831       5.279741     -47.572365      14.110634       0.439125       0.472948
19.999831       4.900951     -44.559605      15.065029       0.395179       0.457502
19.999831       4.565146     -41.615555      15.958609       0.390474       0.454475
19.999831       4.228800     -38.749893      16.769321       0.349740       0.439525
19.999831       3.892192     -35.971256      17.536011       0.340199       0.439488
19.999831       3.575550     -33.307751      18.318941       0.337980       0.439139
19.999831       3.295371     -30.794529      19.117418       0.341979       0.438836
19.999831       3.019022     -28.453903      19.929878       0.346800       0.437767
19.999831       2.699991     -26.254305      20.716206       0.386440       0.440295
19.999831       2.374276     -24.174040      21.456741       0.395432       0.442801
19.999831       2.099544     -22.237087      22.158669       0.403717       0.445671
19.999831       1.840181     -20.450666      22.768517       0.436211       0.453737
19.999831       1.576223     -18.851835      23.308226       0.442471       0.455168
19.999831       1.281326     -17.384336      23.810020       0.448111       0.456880
19.999831       1.001082     -16.049461      24.241098       0.453490       0.457682
19.999831       0.743112     -14.849591      24.642359       0.456210       0.457769
19.999831       0.482198     -13.784250      25.016150       0.490355       0.459267
19.999831       0.186952     -12.897882      25.374676       0.495646       0.458832
19.999831      -0.114405     -12.192617      25.717470       0.500615       0.458401
19.999831      -0.360438     -11.628698      25.987471       0.504616       0.457821
19.999831      -0.480345     -11.138163      26.199997       0.503687       0.458012
19.999831      -0.483518     -10.640933      26.316162       0.467638       0.457266
19.999831      -0.412417     -10.145860      26.374975       0.464757       0.457892
19.999831      -0.342282      -9.664659      26.392015       0.394564       0.443219
19.999831      -0.291757      -9.170263      26.389828       0.396668       0.447080
19.999831      -0.252399      -8.641327      26.409451       0.397989       0.447585
19.999831      -0.219869      -8.036983      26.426241       0.399059       0.448241
19.999831      -0.182742      -7.368558      26.424990       0.400703       0.449223
19.999831      -0.127808      -6.634851      26.389801       0.402460       0.450424
19.999831      -0.066070      -5.849599      26.325497       0.404481       0.451703
19.999831      -0.000520      -5.036781      26.245766       0.406564       0.452790
19.999831       0.062693      -4.205237      26.140799       0.408873       0.453984
19.999831       0.120437      -3.367233      25.996450       0.434688       0.469423
19.999831       0.143874      -2.547501      25.828436       0.436889       0.470226
19.999831       0.128479      -1.739915      25.646667       0.439321       0.472178
19.999831       0.044103      -0.940667      25.467661       0.442135       0.473351
19.999831      -0.099712      -0.158375      25.291393       0.442456       0.473920
19.999831      -0.259130       0.599190      25.098341       0.366338       0.463008
19.999831      -0.399543       1.330441      24.874825       0.317103       0.459266
19.999831      -0.535347       2.008094      24.619045       0.304352       0.453977
19.999831      -0.659064       2.625414      24.335045       0.301968       0.453058
19.999831      -0.782585       3.164924      24.025595       0.302697       0.452080
19.999831      -0.887594       3.625793      23.684458       0.304733       0.452451
19.999831      -0.964068       4.016822      23.318453       0.307345       0.454856
19.999831      -1.036861       4.332360      22.930685       0.309975       0.456866
19.999831      -1.115642       4.592555      22.530579       0.311280       0.457756
19.999831      -1.189529       4.815468      22.116156       0.314397       0.460295
19.999831      -1.232915       4.999462      21.697556       0.313532       0.459540
19.999831      -1.267174       5.127547      21.301781       0.312846       0.458296
19.999831      -1.269642       5.172232      21.035601       0.312641       0.457350
19.999831      -1.220251       5.067681      21.076368       0.312984       0.458009
19.999831      -1.199916       4.791511      21.470085       0.313381       0.458426
19.999831      -1.274609       4.405910      22.043724       0.314059       0.459074
19.999831      -1.419891       4.016100      22.552488       0.314701       0.459692
19.999831      -1.550696       3.749794      22.852596       0.315329       0.460232
19.999831      -1.674380       3.654634      22.999023       0.316086       0.460575
19.999831      -1.828662       3.734640      23.047995       0.316951       0.460885
19.999831      -2.042786       3.956130      23.033817       0.317511       0.460995
19.999831      -2.308160       4.251198      22.978886       0.318678       0.461264
19.999831      -2.578858       4.589160      22.916286       0.319347       0.461431
19.999831      -2.815539       4.936256      22.883167       0.347759       0.455279
19.999831      -3.004633       5.275634      22.892893       0.350532       0.456297
19.999831      -3.175323       5.588076      22.938791       0.352696       0.453408
19.999831      -3.314571       5.857340      23.012869       0.355350       0.452877
19.999831      -3.430787       6.084003      23.095688       0.357389       0.449807
19.999831      -3.507048       6.244102      23.193455       0.360096       0.447242
19.999831      -3.552247       6.326961      23.300657       0.361545       0.446121
19.999831      -3.568882       6.327048      23.415955       0.387686       0.432976
19.999831      -3.545615       6.252466      23.501549       0.389628       0.436191
19.999831      -3.498823       6.128891      23.557138       0.391647       0.437732
19.999831      -3.428091       5.970216      23.613701       0.393127       0.438470
19.999831      -3.353437       5.802563      23.668358       0.394007       0.438836
19.999831      -3.290169       5.638596      23.713707       0.395067       0.439452
19.999831      -3.250431       5.484312      23.721977       0.396151       0.440253
19.999831      -3.234800       5.341519      23.720327       0.397169       0.440867
19.999831      -3.246685       5.214360      23.722832       0.398225       0.441352
19.999831      -3.286243       5.093667      23.719561       0.399199       0.441676
19.999831      -3.366456       4.978174      23.709625       0.400108       0.442048
19.999831      -3.478028       4.857511      23.679050       0.400903       0.442206
19.999831      -3.618246       4.735379      23.664185       0.401590       0.442218
19.999831      -3.782615       4.605230      23.668028       0.402237       0.442166
19.999831      -3.959135       4.466931      23.678253       0.402841       0.442105
19.999831      -4.130418       4.311621      23.687864       0.403380       0.441978
19.999831      -4.294237       4.140178      23.704023       0.403855       0.441778
20.006747      -4.443949       3.968703      23.734676       0.404293       0.441588
19.999831      -4.570383       3.792832      23.776260       0.404663       0.441330
19.999831      -4.673578       3.628425      23.819227       0.405002       0.441054
19.999831      -4.742676       3.479388      23.869890       0.405614       0.440881
19.999831      -4.799684       3.351466      23.907719       0.449637       0.454842
19.999831      -4.851924       3.250717      23.935299       0.460309       0.464594
19.999831      -4.900641       3.180599      23.946112       0.465002       0.469803
19.999831      -4.933985       3.146722      23.949247       0.467323       0.472837
19.999831      -4.963375       3.152071      23.947180       0.468655       0.474454
19.999831      -4.979740       3.190913      23.911411       0.469558       0.475297
19.999831      -4.975573       3.260735      23.848375       0.470675       0.476622
19.999831      -4.960941       3.335278      23.765375       0.471667       0.477682
19.999831      -4.948492       3.405151      23.683868       0.472460       0.544653
19.999831      -4.960034       3.459882      23.599007       0.465455       0.588758
19.999831      -4.982275       3.496351      23.501606       0.466848       0.593723
19.999831      -5.003593       3.514449      23.399864       0.468035       0.595675
19.999831      -5.015615       3.506448      23.299829       0.468913       0.596278
19.999831      -5.038354       3.482045      23.210308       0.469352       0.596346
19.999831      -5.056054       3.442980      23.141666       0.469771       0.596169
19.999831      -5.062203       3.393791      23.083183       0.470050       0.596223
19.999831      -5.055884       3.350742      23.033787       0.470066       0.596112
19.999831      -5.038050       3.308842      23.002491       0.470107       0.596187
19.999831      -5.032969       3.281937      22.987694       0.470055       0.596177
19.999831      -5.041205       3.273458      22.975851       0.470010       0.596105
19.999831      -5.056715       3.278165      22.945421       0.470010       0.596017
19.999831      -5.083755       3.293650      22.896643       0.470162       0.595921
19.999831      -5.115778       3.309905      22.856045       0.470272       0.595810
19.999831      -5.155950       3.336030      22.807295       0.470477       0.595700
19.999831      -5.202073       3.371395      22.746626       0.470696       0.595613
19.999831      -5.239662       3.408961      22.674116       0.470937       0.595497
19.999831      -5.265720       3.453909      22.594440       0.471186       0.595347
19.999831      -5.267464       3.497011      22.517443       0.471444       0.595178
19.999831      -5.242446       3.545024      22.433252       0.471623       0.595018
19.999831      -5.198309       3.593854      22.352293       0.471843       0.594869
19.999831      -5.146026       3.632748      22.264938       0.472088       0.594742
19.999831      -5.088808       3.659850      22.179573       0.472330       0.594663
19.999831      -5.030331       3.664808      22.101698       0.472620       0.594565
20.005210      -4.978664       3.652332      22.033756       0.472870       0.594518
19.999831      -4.946634       3.619606      21.980501       0.473085       0.594468
19.999831      -4.933746       3.569125      21.940113       0.473316       0.594434
19.999831      -4.951005       3.504168      21.923933       0.473560       0.594392
19.999831      -4.996399       3.428689      21.924509       0.473792       0.594324
19.999831      -5.075848       3.355127      21.944252       0.473985       0.594233
19.999831      -5.177967       3.289617      21.999706       0.474156       0.594136
19.999831      -5.313005       3.227774      22.089352       0.474327       0.594015
19.999831      -5.477841       3.175402      22.206173       0.474479       0.593879
19.999831      -5.631102       3.137515      22.306894       0.474661       0.593700
19.999831      -5.736814       3.134443      22.362467       0.496870       0.559275
19.999831      -5.791666       3.165586      22.374971       0.533759       0.516405
19.999831      -5.824739       3.215483      22.344938       0.550796       0.477368
19.999831      -5.854338       3.269305      22.307173       0.552908       0.474551
19.999831      -5.868631       3.311062      22.279140       0.553841       0.473891
19.999831      -5.867836       3.336155      22.256472       0.554461       0.474839
19.999831      -5.858157       3.339755      22.239841       0.554572       0.474841
19.999831      -5.849408       3.317485      22.223976       0.554910       0.475593
19.999831      -5.849571       3.276034      22.211275       0.555244       0.476052
19.999831      -5.860859       3.217736      22.208647       0.555214       0.476053
19.999831      -5.874626       3.158767      22.203047       0.555429       0.476568
19.999831      -5.901149       3.100885      22.186365       0.555610       0.477046
19.999831      -5.930564       3.041165      22.158527       0.555577       0.477392
19.999831      -5.974838       2.988989      22.135035       0.555648       0.478048
20.001624      -6.034126       2.944263      22.125444       0.555631       0.478221
20.008540      -6.098137       2.903722      22.116007       0.555461       0.478097
19.999831      -6.159730       2.870450      22.114239       0.555517       0.478125
19.999831      -6.214071       2.837198      22.108070       0.555645       0.478408
19.999831      -6.245346       2.811083      22.121214       0.555817       0.478627
19.999831      -6.257102       2.788053      22.135788       0.555767       0.478361
19.999831      -6.251466       2.772139      22.149822       0.555703       0.478173
19.999831      -6.231200       2.760273      22.166380       0.555702       0.478107
19.999831      -6.194847       2.749593      22.191284       0.555711       0.478071
19.999831      -6.161715       2.750445      22.224207       0.555626       0.477919
19.999831      -6.123224       2.754387      22.252012       0.555554       0.477801
19.999831      -6.086568       2.768299      22.267794       0.555456       0.477702
19.999831      -6.046108       2.792377      22.272533       0.555439       0.477838
19.999831      -5.991570       2.829248      22.238821       0.554716       0.478811
19.999831      -5.908080       2.877564      22.118622       0.507512       0.524228
19.999831      -5.763517       2.921748      21.911192       0.509378       0.526179
19.999831      -5.590662       2.941365      21.668640       0.509520       0.527910
19.999831      -5.415405       2.936372      21.440105       0.509851       0.529581
19.999831      -5.230479       2.902220      21.227055       0.510183       0.531150
20.007003      -5.041974       2.843590      21.061489       0.509782       0.532170
19.999831      -4.873269       2.748563      20.948395       0.509508       0.532914
19.999831      -4.748196       2.633554      20.871006       0.509054       0.533716
19.999831      -4.671982       2.515491      20.822052       0.508516       0.534341
19.999831      -4.639729       2.406272      20.776535       0.507968       0.534909
19.999831      -4.638929       2.317475      20.736238       0.507168       0.535581
20.001112      -4.654300       2.258182      20.710619       0.506551       0.536070
19.999831      -4.698132       2.236549      20.702045       0.506151       0.536449
20.008284      -4.755019       2.253881      20.716434       0.505838       0.536750
19.999831      -4.818377       2.299043      20.738941       0.505258       0.537071
19.999831      -4.876600       2.378206      20.757689       0.504812       0.537324
19.999831      -4.916650       2.487881      20.770929       0.504348       0.537595
19.999831      -4.933927       2.626221      20.751137       0.504044       0.537796
19.999831      -4.926533       2.771374      20.679958       0.503922       0.537919
19.999831      -4.906199       2.911383      20.566906       0.504009       0.537946
19.999831      -4.882310       3.030375      20.447388       0.504125       0.537996
19.999831      -4.850215       3.113751      20.347958       0.504273       0.538098
19.999831      -4.828492       3.153273      20.268826       0.504257       0.538321
19.999831      -4.823481       3.138406      20.206322       0.504238       0.538538
19.999831      -4.838833       3.074634      20.150328       0.504250       0.538754
19.999831      -4.883357       2.980300      20.098663       0.504234       0.538943
19.999831      -4.933871       2.869941      20.045389       0.504200       0.539051
19.999831      -4.986454       2.757215      19.988934       0.504157       0.539185
19.999831      -5.054377       2.649889      19.935070       0.504116       0.539238
19.999831      -5.127084       2.554467      19.880720       0.504080       0.539282
19.999831      -5.217819       2.476351      19.845190       0.504028       0.539321
19.999831      -5.306810       2.418777      19.821939       0.503994       0.539304
19.999831      -5.390463       2.388586      19.815989       0.503981       0.539237
19.999831      -5.474568       2.382758      19.825668       0.503981       0.539178
19.999831      -5.559220       2.398304      19.848288       0.503979       0.539098
19.999831      -5.636949       2.434001      19.879318       0.504006       0.539038
19.999831      -5.710572       2.479697      19.915751       0.504059       0.538927
19.999831      -5.778821       2.539280      19.948183       0.504114       0.538799
19.999831      -5.837987       2.601883      19.975319       0.504201       0.538683
19.999831      -5.882452       2.656839      19.975584       0.504151       0.538778
19.999831      -5.922719       2.700436      19.955194       0.489022       0.576284
19.999831      -5.969332       2.718534      19.935535       0.475226       0.613598
19.999831      -6.027236       2.712508      19.920105       0.462028       0.656017
19.999831      -6.102907       2.683673      19.892477       0.455333       0.699889
19.999831      -6.192883       2.626508      19.831615       0.457915       0.738009
19.999831      -6.299641       2.551067      19.746881       0.458117       0.739923
19.999831      -6.414245       2.454706      19.646042       0.458262       0.739430
19.999831      -6.529935       2.353385      19.552168       0.458406       0.738938
19.999831      -6.638618       2.252384      19.461740       0.458463       0.738382
19.999831      -6.731835       2.151730      19.365263       0.458413       0.737700
19.999831      -6.803050       2.059637      19.280346       0.458408       0.736887
19.999831      -6.854953       1.973670      19.211588       0.458294       0.736336
19.999831      -6.901207       1.897185      19.165382       0.458266       0.736086
20.022884      -6.927835       1.832896      19.131248       0.458551       0.733784
20.001368      -6.948339       1.779335      19.091211       0.473158       0.673468
19.999831      -6.969164       1.738689      19.053272       0.474206       0.665920
19.999831      -6.992800       1.707936      19.027441       0.474316       0.663034
19.999831      -7.006415       1.686179      19.011320       0.474286       0.661884
19.999831      -7.013564       1.660051      19.005428       0.474356       0.661174
19.999831      -7.012515       1.609022      18.983717       0.474355       0.660642
20.013407      -7.026326       1.528263      18.935047       0.474428       0.660348
19.999831      -7.058531       1.417087      18.867287       0.474301       0.659851
19.999831      -7.089550       1.293340      18.805145       0.474056       0.659621
19.999831      -7.097187       1.160480      18.761583       0.473660       0.659328
19.999831      -7.084869       1.026676      18.715944       0.473478       0.659186
19.999831      -7.073231       0.901604      18.675385       0.504579       0.568671
19.999831      -7.063842       0.791751      18.639519       0.517217       0.525377
19.999831      -7.052786       0.709599      18.609663       0.519409       0.511172
19.999831      -7.034467       0.661482      18.583004       0.520089       0.506012
19.999831      -7.014678       0.636919      18.552294       0.519959       0.503956
19.999831      -7.003335       0.636232      18.531475       0.519951       0.502986
19.999831      -6.995414       0.646111      18.513662       0.520043       0.502590
20.001112      -6.993660       0.666540      18.504210       0.520153       0.502363
19.999831      -7.003693       0.690245      18.495665       0.520258       0.502084
19.999831      -7.018065       0.707898      18.492910       0.520398       0.501929
19.999831      -7.032807       0.712709      18.492224       0.520404       0.501801
19.999831      -7.042256       0.705830      18.475569       0.520535       0.501608
19.999831      -7.055347       0.686315      18.467419       0.520572       0.501386
19.999831      -7.073150       0.659520      18.480444       0.520645       0.501244
19.999831      -7.089737       0.627490      18.493383       0.520667       0.501122
20.005210      -7.104495       0.604322      18.504797       0.520775       0.501068
19.999831      -7.107681       0.587650      18.504034       0.520910       0.500743
19.999831      -7.109697       0.587962      18.506773       0.534088       0.460879
19.999831      -7.103942       0.596270      18.514210       0.541676       0.426219
19.999831      -7.092834       0.604470      18.519361       0.537369       0.426763
19.999831      -7.075070       0.615756      18.505255       0.537838       0.426004
19.999831      -7.034145       0.619168      18.474947       0.537716       0.425749
20.004442      -6.956737       0.629711      18.439939       0.537074       0.425317
19.999831      -6.861530       0.633899      18.417107       0.536737       0.425278
19.999831      -6.790644       0.628083      18.413403       0.536362       0.425305
19.999831      -6.743369       0.622277      18.414495       0.535895       0.425314
19.999831      -6.720431       0.606496      18.415722       0.535610       0.425442
20.005722      -6.720378       0.586782      18.429478       0.535346       0.425687
19.999831      -6.738694       0.571369      18.451883       0.535087       0.425820
19.999831      -6.755353       0.561030      18.461374       0.534906       0.425944
19.999831      -6.776296       0.562274      18.463900       0.534688       0.426099
19.999831      -6.789490       0.566996      18.461065       0.534557       0.426256
19.999831      -6.799854       0.572760      18.471676       0.534389       0.426394
19.999831      -6.805303       0.581476      18.483408       0.534295       0.426441
19.999831      -6.820078       0.582819      18.484564       0.534347       0.426569
19.999831      -6.825668       0.583111      18.490473       0.534348       0.426723
19.999831      -6.824875       0.581119      18.501259       0.534396       0.426657
19.999831      -6.827829       0.583041      18.518021       0.535077       0.425422
19.999831      -6.826097       0.586343      18.528202       0.535332       0.424978
19.999831      -6.823375       0.587258      18.524195       0.535981       0.424163
19.999831      -6.823748       0.592389      18.520288       0.536165       0.423790
19.999831      -6.827219       0.595157      18.525967       0.536606       0.423261
19.999831      -6.836862       0.599822      18.527000       0.536821       0.422983
19.999831      -6.856096       0.604945      18.528122       0.536995       0.422727
19.999831      -6.878593       0.607757      18.532108       0.537358       0.422175
19.999831      -6.894814       0.613640      18.534267       0.567683       0.386255
19.999831      -6.896312       0.617422      18.522032       0.545916       0.409155
19.999831      -6.883586       0.621401      18.494719       0.545962       0.409601
19.999831      -6.879111       0.616366      18.467819       0.546209       0.410038
19.999831      -6.882916       0.599774      18.463711       0.546352       0.409851
19.999831      -6.907305       0.580412      18.470362       0.546626       0.409659
19.999831      -6.935128       0.558126      18.475365       0.546838       0.409662
19.999831      -6.957185       0.544090      18.480824       0.546914       0.409838
19.999831      -6.983058       0.547710      18.485300       0.547316       0.409916
19.999831      -7.001353       0.562175      18.490133       0.541482       0.410239
19.999831      -7.013411       0.592432      18.507059       0.445983       0.411398
19.999831      -7.013650       0.624185      18.524420       0.392604       0.411696
19.999831      -7.003699       0.660709      18.528509       0.349668       0.416414
19.999831      -6.988901       0.701113      18.528328       0.312166       0.416149
19.999831      -6.965826       0.737406      18.539173       0.305903       0.419010
19.999831      -6.928470       0.770978      18.548910       0.305181       0.420515
19.999831      -6.869980       0.800249      18.545588       0.305415       0.421362
19.999831      -6.794963       0.824146      18.520908       0.305795       0.421714
19.999831      -6.715436       0.848801      18.498877       0.306255       0.422029
19.999831      -6.637534       0.870458      18.480574       0.306700       0.422376
19.999831      -6.583303       0.894304      18.456427       0.307097       0.422512
20.001368      -6.541620       0.914296      18.432711       0.307472       0.422642
19.999831      -6.509711       0.939522      18.420252       0.307690       0.423414
19.999831      -6.471658       0.970436      18.413328       0.307940       0.424140
19.999831      -6.429177       1.001397      18.414946       0.308147       0.424901
19.999831      -6.396240       1.032245      18.428120       0.308346       0.425515
19.999831      -6.371006       1.059663      18.448118       0.308554       0.426035
19.999831      -6.346168       1.088596      18.479630       0.308777       0.426545
19.999831      -6.326890       1.123602      18.513180       0.309015       0.427055
19.999831      -6.302985       1.152280      18.548134       0.309245       0.427475
20.001368      -6.278170       1.179398      18.575270       0.309472       0.427803
19.999831      -6.252755       1.204737      18.603821       0.309606       0.427915
19.999831      -6.221218       1.233404      18.626631       0.382672       0.416418
19.999831      -6.193560       1.261724      18.643324       0.428170       0.402768
19.999831      -6.166131       1.284436      18.654428       0.472760       0.400040
19.999831      -6.138956       1.307912      18.667278       0.478260       0.400998
19.999831      -6.107160       1.328786      18.684460       0.479245       0.401547
19.999831      -6.076913       1.351284      18.689669       0.479060       0.401530
19.999831      -6.051483       1.370723      18.671669       0.478801       0.401625
19.999831      -6.025844       1.376032      18.648909       0.478985       0.401752
19.999831      -6.015325       1.370755      18.638882       0.478566       0.401980
19.999831      -6.028974       1.354671      18.634878       0.478513       0.401855
19.999831      -6.045081       1.328651      18.631863       0.478175       0.401984
19.999831      -6.069233       1.307103      18.624178       0.478114       0.401873
19.999831      -6.100531       1.281371      18.621702       0.477952       0.401883
19.999831      -6.136375       1.266750      18.620892       0.478049       0.401906
19.999831      -6.159328       1.253071      18.617943       0.477922       0.401792
19.999831      -6.176186       1.248781      18.624336       0.380831       0.411364
19.999831      -6.186783       1.251923      18.628990       0.372674       0.411307
19.999831      -6.186293       1.260486      18.639736       0.328965       0.407969
19.999831      -6.176500       1.280703      18.658983       0.295258       0.422169
19.999831      -6.153286       1.309854      18.668505       0.297330       0.422403
19.999831      -6.119607       1.348699      18.668810       0.299484       0.422533
19.999831      -6.088305       1.451023      18.673183       0.301304       0.423089
19.999831      -6.052400       1.674950      18.681005       0.303150       0.423566
19.999831      -6.019650       2.040941      18.681110       0.304969       0.424016
19.999831      -5.988260       2.505707      18.672626       0.307170       0.424817
19.999831      -5.947326       3.042096      18.650959       0.309422       0.425776
19.999831      -5.895936       3.665585      18.608643       0.311773       0.426632
19.999831      -5.842729       4.376223      18.547626       0.313976       0.426674
19.999831      -5.789585       5.159175      18.503340       0.343366       0.439273
19.999831      -5.732837       5.997383      18.445887       0.346133       0.440693
19.999831      -5.683890       6.908475      18.350264       0.349250       0.441915
19.999831      -5.642010       7.891850      18.201967       0.352255       0.440974
19.999831      -5.582270       8.989006      17.970144       0.355437       0.441047
19.999831      -5.503005      10.244011      17.593699       0.358978       0.441853
19.999831      -5.402559      11.715665      17.058315       0.362204       0.442630
19.999831      -5.281941      13.439551      16.427231       0.361308       0.443483
19.999831      -5.134454      15.394495      15.746800       0.324041       0.431311
19.999831      -5.001912      17.521179      15.076803       0.313905       0.427340
19.999831      -4.927853      19.759212      14.448408       0.306261       0.422244
19.999831      -4.906148      22.048653      13.852467       0.301440       0.420683
19.999831      -4.940848      24.326880      13.270035       0.300282       0.423001
19.999831      -4.983402      26.537418      12.698728       0.302182       0.425192
19.999831      -4.985896      28.625034      12.191903       0.328055       0.447208
19.999831      -4.991181      30.544132      11.737307       0.335090       0.448330
20.0201
