16.666568       3.908974      -1.783520       8.741344       0.446660       0.514885
16.666568       3.905186      -1.764502       8.754335       0.446534       0.513691
16.666568       3.906586      -1.743432       8.777423       0.446536       0.513412
16.670923       3.920221      -1.720330       8.795040       0.446838       0.513578
16.666568       3.933889      -1.696345       8.802520       0.447148       0.513666
16.666568       3.955034      -1.676177       8.801747       0.447255       0.513699
16.666568       3.973377      -1.660142       8.807961       0.447438       0.513743
16.666568       3.991741      -1.642513       8.826183       0.447602       0.513704
16.666568       3.999863      -1.624047       8.846822       0.447676       0.513681
16.666568       4.012041      -1.605018       8.862374       0.447798       0.513577
16.666568       4.020482      -1.585030       8.873015       0.447882       0.513388
16.666568       4.022552      -1.561117       8.879962       0.447882       0.513388
16.666568       4.026068      -1.538278       8.888372       0.447202       0.514141
16.666568       4.018968      -1.518872       8.891145       0.447316       0.513638
16.666568       4.006532      -1.500866       8.896999       0.447374       0.513399
16.666568       3.991644      -1.488561       8.901065       0.447448       0.512945
16.666568       3.981158      -1.479478       8.911738       0.447564       0.512484
16.666568       3.965635      -1.476421       8.916430       0.447600       0.512271
16.666568       3.941429      -1.481662       8.922981       0.447666       0.511792
16.666568       3.916767      -1.486509       8.927492       0.447735       0.511332
16.666568       3.893898      -1.495050       8.940320       0.447786       0.511122
16.666568       3.863771      -1.499707       8.944823       0.447835       0.510648
16.666568       3.831636      -1.507237       8.948020       0.447818       0.510206
16.666568       3.796069      -1.509966       8.949204       0.447820       0.509990
16.666568       3.764701      -1.508393       8.958711       0.447828       0.509570
16.666568       3.737707      -1.500173       8.966273       0.447784       0.509093
16.666568       3.713579      -1.492367       8.978254       0.447331       0.508850
16.666568       3.694469      -1.478818       8.990955       0.380307       0.476965
16.666568       3.679255      -1.459325       9.012958       0.362890       0.474471
16.666568       3.670922      -1.433468       9.036845       0.360193       0.474287
16.666568       3.662296      -1.400039       9.062407       0.358691       0.474144
16.666568       3.664611      -1.359274       9.080936       0.358532       0.474174
16.666568       3.662994      -1.317584       9.099415       0.358505       0.474339
16.666568       3.658519      -1.269989       9.111799       0.358921       0.474760
16.666568       3.652449      -1.225083       9.131984       0.359455       0.474932
16.666568       3.638544      -1.174306       9.153187       0.359757       0.475006
16.666568       3.626734      -1.129810       9.169242       0.360487       0.474825
16.666568       3.614423      -1.085484       9.180018       0.361411       0.474365
16.666568       3.601768      -1.044508       9.194560       0.361909       0.474139
16.666568       3.586621      -1.003654       9.205606       0.362776       0.474050
16.666568       3.566407      -0.964540       9.217789       0.363412       0.474219
16.666568       3.550289      -0.925855       9.230612       0.363723       0.474296
16.666568       3.533411      -0.887979       9.243974       0.364458       0.474383
16.666568       3.514477      -0.850872       9.247859       0.365091       0.474469
16.666568       3.497034      -0.812227       9.257504       0.365436       0.474468
16.666568       3.480367      -0.770728       9.269492       0.366217       0.474510
16.666568       3.473267      -0.730766       9.285032       0.367181       0.474301
16.666568       3.473243      -0.686938       9.286868       0.367583       0.474252
16.666568       3.479773      -0.648499       9.277730       0.369504       0.474362
16.666568       3.493239      -0.608435       9.275291       0.428021       0.467616
16.666568       3.512206      -0.573897       9.283190       0.428542       0.467801
16.666568       3.530310      -0.541714       9.298591       0.429144       0.467532
16.666568       3.553421      -0.518965       9.315705       0.429465       0.468049
16.666568       3.571281      -0.496000       9.336402       0.429650       0.468224
16.666568       3.586732      -0.481394       9.351773       0.430031       0.468777
16.666568       3.599456      -0.462705       9.360713       0.430292       0.469181
16.666568       3.617329      -0.445049       9.373932       0.430540       0.469476
16.666568       3.626075      -0.426941       9.379574       0.430848       0.469901
16.666568       3.638014      -0.414370       9.386185       0.431157       0.470217
16.666568       3.640505      -0.403198       9.389401       0.431367       0.470379
16.666568       3.642690      -0.397995       9.396823       0.431839       0.470621
16.666568       3.643130      -0.396914       9.403038       0.432274       0.470851
16.666568       3.640200      -0.401793       9.412615       0.432472       0.470944
16.666568       3.637340      -0.406986       9.424011       0.432833       0.471087
16.666568       3.637091      -0.416570       9.437024       0.433165       0.471209
16.666568       3.633763      -0.419050       9.445482       0.433305       0.471262
16.666568       3.626813      -0.419216       9.449748       0.433539       0.471389
16.666568       3.621507      -0.411282       9.452807       0.433772       0.471469
16.666568       3.608711      -0.401906       9.460280       0.433792       0.471518
16.666568       3.597745      -0.387360       9.467762       0.432974       0.471267
16.666568       3.581780      -0.376049       9.476995       0.432085       0.470919
16.666568       3.569209      -0.362544       9.487700       0.431696       0.470762
16.666568       3.555126      -0.354170       9.498989       0.430970       0.470431
16.666568       3.536125      -0.338079       9.513539       0.430422       0.470131
16.666568       3.522784      -0.323087       9.528964       0.430482       0.470060
16.666568       3.512187      -0.306036       9.526330       0.473709       0.465892
16.666568       3.510269      -0.296201       9.516322       0.485293       0.464747
16.670923       3.499787      -0.288592       9.512081       0.488316       0.464130
16.666568       3.484811      -0.291034       9.523067       0.491922       0.463529
16.666568       3.466622      -0.293649       9.542785       0.493781       0.463144
16.666568       3.444639      -0.304448       9.557138       0.494538       0.463053
16.666568       3.423269      -0.313216       9.561540       0.495844       0.462807
16.666568       3.402552      -0.321633       9.562170       0.496613       0.462695
16.666568       3.385760      -0.321694       9.563551       0.497005       0.462645
16.666568       3.360803      -0.315230       9.564035       0.497685       0.462434
16.666568       3.336104      -0.302177       9.565531       0.498291       0.462210
16.666568       3.313071      -0.287962       9.570828       0.498464       0.462099
16.666568       3.292313      -0.275204       9.571127       0.498864       0.462002
16.666568       3.274981      -0.265925       9.573434       0.499290       0.461895
16.666568       3.262884      -0.255585       9.577165       0.499447       0.461836
16.666568       3.260221      -0.247893       9.591372       0.499666       0.461789
16.666568       3.264537      -0.238287       9.601284       0.499339       0.461995
16.666568       3.279916      -0.229439       9.601203       0.460182       0.471281
16.666568       3.300420      -0.219773       9.596828       0.454200       0.471226
16.666568       3.325750      -0.211455       9.596907       0.452318       0.471413
16.666568       3.341567      -0.199432       9.601362       0.451895       0.471507
16.666568       3.358550      -0.189034       9.610705       0.451798       0.471601
16.666568       3.372963      -0.175837       9.622219       0.451654       0.471567
16.666568       3.382859      -0.159787       9.628125       0.451598       0.471573
16.666568       3.399232      -0.132145       9.635820       0.451781       0.471703
16.666568       3.435382      -0.083025       9.652278       0.452147       0.471817
16.666568       3.517440       0.015733       9.683182       0.452298       0.471850
16.670411       3.689162       0.180637       9.746184       0.452594       0.472065
16.666568       4.039484       0.421605       9.823109       0.452860       0.472534
16.666568       4.644261       0.742110       9.894655       0.453155       0.472685
16.666568       5.496612       1.170962       9.950350       0.453650       0.472893
16.666568       6.507636       1.696610      10.016618       0.455229       0.474296
16.666568       7.604669       2.329327      10.104616       0.455732       0.475132
16.666568       8.725869       3.067268      10.241635       0.468121       0.505454
16.666568       9.817099       3.908388      10.447549       0.471061       0.510420
16.666568      10.851295       4.841688      10.735864       0.472998       0.512297
16.666568      11.830073       5.863642      11.079519       0.476534       0.516928
16.666568      12.782303       6.965665      11.438507       0.475876       0.516500
16.666568      13.663517       8.114336      11.757406       0.475876       0.516500
16.666568      14.474422       9.339961      12.033898       0.420178       0.499315
16.666568      15.150103      10.582763      12.236853       0.333666       0.472498
16.666568      15.714917      11.909804      12.390327       0.303943       0.475367
16.681169      16.106304      13.329685      12.485332       0.291239       0.481665
16.666568      16.289080      14.912324      12.585848       0.424378       0.729644
16.666568      16.177525      16.681084      12.686626       0.424255       0.742062
16.666568      15.767474      18.670303      12.884194       0.230246       0.511135
16.666568      15.098769      20.850277      13.171062       0.227115       0.510993
16.666568      14.300290      23.202206      13.525640       0.230090       0.512258
16.685523      13.475639      25.649742      13.896517       0.233629       0.512648
16.666568      12.652956      28.146660      14.262481       0.241106       0.508794
16.666568      11.796651      30.640219      14.619518       0.289047       0.496705
16.666568      10.919662      33.127216      14.985174       0.297319       0.489916
16.666568      10.019851      35.609959      15.352558       0.301956       0.488023
16.666568       9.137239      38.048912      15.698712       0.336093       0.478706
16.666568       8.279464      40.445557      16.043049       0.346550       0.477873
16.666568       7.465393      42.760933      16.391521       0.351459       0.477809
16.666568       6.691527      44.966595      16.746492       0.388501       0.473541
16.666568       5.996798      47.052979      17.106628       0.399336       0.472194
16.666568       5.366193      48.989845      17.470547       0.407464       0.473463
16.666568       4.790548      50.786903      17.841026       0.407464       0.473463
16.666568       4.256373      52.414742      18.230061       0.445978       0.474302
16.666568       3.781991      53.862194      18.636980       0.453570       0.473208
16.666568       3.336292      55.145760      19.032560       0.457076       0.472506
16.666568       2.955992      56.238869      19.404459       0.460665       0.471840
16.666568       2.612263      57.158463      19.751890       0.487888       0.456385
16.666568       2.338003      57.892319      20.071169       0.487888       0.456385
16.666568       2.103585      58.475491      20.359617       0.693755       0.580901
16.673741       1.923572      58.900276      20.612030       0.695189       0.580250
16.666568       1.772322      59.191330      20.834799       0.696733       0.579502
16.666568       1.664155      59.357330      21.013523       0.699168       0.578158
16.666568       1.587520      59.433220      21.141624       0.700936       0.577003
16.666568       1.549711      59.420010      21.225092       0.701595       0.576536
16.666568       1.525873      59.345261      21.276442       0.702502       0.575823
16.666568       1.523070      59.221722      21.290062       0.702970       0.575332
16.666568       1.529552      59.061283      21.278605       0.703067       0.575175
16.666568       1.550509      58.878551      21.238752       0.703029       0.574964
16.666568       1.566129      58.693848      21.198709       0.512047       0.439655
16.666568       1.582972      58.509998      21.152958       0.512310       0.439460
16.666568       1.584269      58.342167      21.104240       0.511370       0.439475
16.670667       1.572379      58.189919      21.064625       0.510148       0.439447
16.666568       1.556755      58.061436      21.046907       0.510528       0.440007
16.666568       1.532951      57.963142      21.034451       0.511176       0.442519
16.666568       1.492733      57.893845      21.039787       0.511069       0.444295
16.666568       1.433698      57.846478      21.059090       0.510811       0.444850
16.666568       1.368539      57.815563      21.110096       0.508806       0.443689
16.666568       1.302030      57.795654      21.178795       0.485188       0.411471
16.666568       1.231772      57.789772      21.279715       0.483494       0.408836
16.666568       1.151495      57.789371      21.391562       0.483637       0.405196
16.666568       1.041439      57.779938      21.518515       0.484895       0.402994
16.666568       0.889554      57.745754      21.667061       0.485232       0.402224
16.666568       0.687403      57.678356      21.842459       0.485811       0.400795
16.666568       0.483178      57.588375      22.004082       0.485538       0.399736
16.666568       0.309477      57.497383      22.140398       0.485282       0.399458
16.666568       0.163144      57.421455      22.233246       0.484835       0.398458
16.667337       0.014070      57.362461      22.308161       0.483956       0.397777
16.666568      -0.147761      57.307552      22.348843       0.483545       0.397426
16.666568      -0.306981      57.259327      22.358477       0.482811       0.396618
16.666568      -0.452279      57.214108      22.332069       0.482142       0.395682
16.666568      -0.586440      57.173737      22.293592       0.481799       0.395262
16.666568      -0.700114      57.131210      22.232374       0.481173       0.394388
16.666568      -0.798624      57.085331      22.162687       0.481171       0.393014
16.666568      -0.876503      57.021576      22.082987       0.481135       0.392360
16.666568      -0.928625      56.938953      22.005985       0.480925       0.391159
16.672972      -0.955985      56.831753      21.931923       0.480604       0.389771
16.666568      -0.961940      56.706085      21.880657       0.480604       0.389771
16.666568      -0.960909      56.542431      21.851868       0.479497       0.388554
16.666568      -0.933937      56.314674      21.820879       0.460371       0.366599
16.666568      -0.828226      55.963688      21.747107       0.460371       0.366599
16.666568      -0.622410      55.489082      21.623579       0.464547       0.359832
16.666568      -0.301870      54.893433      21.450495       0.464855       0.360806
16.666568       0.095653      54.208504      21.254395       0.465217       0.361119
16.666568       0.539463      53.445118      21.068674       0.464529       0.361966
16.666568       0.997309      52.638412      20.899786       0.463211       0.361878
16.666568       1.466550      51.794647      20.722176       0.462172       0.362035
16.666568       1.917198      50.950043      20.551285       0.459654       0.362316
16.666825       2.324425      50.112408      20.379221       0.456603       0.362756
16.666568       2.689302      49.290462      20.217236       0.455030       0.362954
16.666568       2.997548      48.499722      20.043774       0.453480       0.363012
16.666568       3.275682      47.726383      19.863161       0.422530       0.362450
16.666568       3.518285      46.973557      19.677851       0.421066       0.361380
16.666568       3.742878      46.239056      19.493534       0.418639       0.360541
16.666568       3.942069      45.535221      19.297379       0.416361       0.359932
16.666568       4.113266      44.860493      19.090778       0.415224       0.359906
16.707296       4.252458      44.206005      18.876743       0.412795       0.359914
16.666568       4.356693      43.565762      18.649715       0.411021       0.359896
16.666568       4.430051      42.905609      18.387478       0.411021       0.359896
16.666568       4.473754      42.173996      18.088913       0.506028       0.405925
16.666568       4.478756      41.327290      17.782639       0.506028       0.405925
16.666568       4.434961      40.336384      17.504679       0.506028       0.405925
16.666568       4.356110      39.187798      17.248020       0.506028       0.405925
16.666568       4.268782      37.844002      17.032301       0.506028       0.405925
16.666568       4.233757      36.234955      16.918961       0.506028       0.405925
16.666568       4.311408      34.366695      16.940441       0.506028       0.405925
16.666568       4.475407      32.257961      17.068407       0.506028       0.405925
16.666568       4.681954      30.006481      17.206879       0.506028       0.405925
16.666568       4.912757      27.691597      17.287308       0.506028       0.405925
16.666568       5.132941      25.365236      17.304438       0.506028       0.405925
16.666568       5.346860      23.054321      17.241230       0.506028       0.405925
16.666568       5.573154      20.803793      17.096718       0.506028       0.405925
16.666568       5.814953      18.649611      16.862284       0.703305       0.580332
16.666568       6.049368      16.618765      16.542332       0.699728       0.581923
16.666568       6.242314      14.716681      16.163994       0.695823       0.583727
16.666568       6.378479      12.990375      15.741115       0.522152       0.471355
16.666568       6.462287      11.422686      15.313376       0.516458       0.471992
16.666568       6.497693      10.034813      14.867985       0.511460       0.472490
16.666568       6.482337       8.824097      14.435501       0.475071       0.473759
16.666568       6.444423       7.790272      14.004753       0.471799       0.473500
16.666568       6.405217       6.879230      13.585893       0.468870       0.475317
16.666568       6.360162       6.091455      13.198052       0.500006       0.513998
16.666568       6.303382       5.395916      12.867138       0.500006       0.513998
16.666568       6.233077       4.806734      12.569841       0.510950       0.552995
16.666568       6.173204       4.294132      12.290508       0.506533       0.554776
16.666568       6.127208       3.852622      12.035431       0.504301       0.554759
16.666568       6.093180       3.449735      11.826240       0.500454       0.554318
16.666568       6.043931       3.097234      11.662494       0.497176       0.553799
16.666568       5.979580       2.778304      11.549913       0.495740       0.553540
16.666568       5.897721       2.511641      11.473019       0.493193       0.553122
16.666568       5.810893       2.278478      11.441120       0.491073       0.552644
16.666568       5.718376       2.097745      11.442290       0.490251       0.552531
16.666568       5.626550       1.944724      11.471369       0.488243       0.552005
16.666568       5.545451       1.828436      11.524841       0.486363       0.551483
16.666568       5.473090       1.720919      11.623546       0.485449       0.551239
16.666568       5.387878       1.649363      11.774600       0.483981       0.550805
16.667337       5.295978       1.609858      11.972542       0.482647       0.550301
16.666568       5.185847       1.628708      12.187965       0.482012       0.550048
16.666568       5.074474       1.683153      12.381849       0.480722       0.549550
16.666568       4.956450       1.774074      12.538076       0.479700       0.548863
16.666568       4.840534       1.884479      12.657714       0.479700       0.548863
16.666568       4.726283       2.026229      12.739990       0.486105       0.507302
16.666568       4.626707       2.179297      12.801404       0.488937       0.498946
16.666568       4.530187       2.350496      12.847084       0.489675       0.496563
16.666568       4.453363       2.524101      12.890958       0.490741       0.493914
16.666568       4.387561       2.696378      12.930392       0.491617       0.492468
16.666568       4.337542       2.860980      12.971730       0.492043       0.491944
16.666568       4.302240       3.013149      13.018072       0.492976       0.491103
16.666568       4.280725       3.147573      13.070734       0.493589       0.490613
16.666568       4.275083       3.274412      13.132550       0.493971       0.490465
16.666568       4.285567       3.385857      13.195662       0.494639       0.490112
16.666568       4.301473       3.494915      13.264252       0.495223       0.489796
16.666568       4.316704       3.594492      13.334893       0.495472       0.489723
16.666568       4.321376       3.687624      13.407881       0.495966       0.489497
16.666568       4.318797       3.772762      13.490913       0.496350       0.489440
16.666568       4.298400       3.853165      13.566795       0.496522       0.489426
16.666568       4.270747       3.925867      13.636954       0.496847       0.489377
16.666568       4.222584       3.994732      13.698738       0.497160       0.489326
16.666568       4.160747       4.053705      13.757131       0.497280       0.489306
16.666568       4.076038       4.113254      13.816850       0.497572       0.489239
16.666568       3.985140       4.168323      13.884192       0.497870       0.489155
16.666568       3.887054       4.222632      13.955047       0.497999       0.489119
16.666568       3.790516       4.268793      14.027905       0.498207       0.488996
16.666568       3.694436       4.313148      14.099420       0.498448       0.488885
16.666568       3.608274       4.353236      14.172023       0.498540       0.488823
16.666568       3.531243       4.390508      14.244642       0.498806       0.488639
16.666568       3.472689       4.424660      14.320556       0.499094       0.488482
16.666568       3.431767       4.462353      14.393391       0.499250       0.488423
16.666568       3.407506       4.499044      14.460322       0.499547       0.488295
16.666568       3.401569       4.537886      14.527431       0.499636       0.488202
16.666568       3.414915       4.575605      14.588164       0.499636       0.488202
16.666568       3.445273       4.616905      14.656475       0.498187       0.488367
16.666568       3.498365       4.654274      14.718949       0.421755       0.487215
16.666568       3.554111       4.696201      14.778991       0.421401       0.486937
16.666568       3.616131       4.733407      14.825983       0.422207       0.486441
16.673228       3.680369       4.773391      14.870246       0.423001       0.486119
16.666568       3.755364       4.811695      14.917115       0.423532       0.486034
16.666568       3.829961       4.852465      14.960876       0.424472       0.485859
16.666568       3.909204       4.894688      15.005010       0.425459       0.485905
16.666568       3.988710       4.938893      15.049421       0.425898       0.485962
16.666568       4.064676       4.981248      15.090665       0.426800       0.486118
16.666568       4.132419       5.027002      15.127807       0.430502       0.485776
16.666568       4.202461       5.067997      15.169544       0.430502       0.485776
16.666568       4.256779       5.107185      15.213012       0.470757       0.484777
16.666568       4.304892       5.143699      15.257597       0.471684       0.484823
16.666568       4.341976       5.180207      15.300600       0.472144       0.484587
16.666568       4.369952       5.213305      15.345972       0.473082       0.484347
16.666568       4.379123       5.248563      15.396042       0.473975       0.484390
16.666568       4.368123       5.284259      15.447482       0.474372       0.484428
16.666568       4.344570       5.320029      15.493601       0.474667       0.484512
16.666568       4.314139       5.356319      15.540401       0.479614       0.483778
16.666568       4.276800       5.398848      15.583962       0.708532       0.552457
16.666568       4.239907       5.443313      15.626643       0.709895       0.551488
16.669386       4.194649       5.488597      15.663417       0.710734       0.550328
16.666568       4.157644       5.525875      15.689448       0.711101       0.549720
16.666568       4.118487       5.563417      15.703235       0.711651       0.548694
16.667593       4.082526       5.587381      15.709666       0.712128       0.547777
16.666568       4.039466       5.605104      15.718997       0.712340       0.547329
16.666568       3.999002       5.612910      15.730742       0.712663       0.546581
16.666568       3.945963       5.612831      15.735521       0.712952       0.545919
16.666568       3.893842       5.603124      15.714735       0.713095       0.545600
16.666568       3.841746       5.590071      15.658425       0.713336       0.544923
16.666568       3.793380       5.568524      15.579039       0.713440       0.544593
16.666568       3.733203       5.541398      15.486097       0.713440       0.544593
16.666568       3.665898       5.509184      15.392128       0.713440       0.544593
16.666568       3.596818       5.469916      15.305705       0.713440       0.544593
16.666568       3.524080       5.411879      15.226022       0.713440       0.544593
16.666568       3.455924       5.343541      15.169967       0.713440       0.544593
16.666568       3.382073       5.263766      15.136437       0.713440       0.544593
16.666568       3.308337       5.179951      15.117204       0.713440       0.544593
16.666568       3.245804       5.093310      15.098656       0.713440       0.544593
16.666568       3.198652       5.005471      15.062636       0.713440       0.544593
16.666568       3.164312       4.909328      15.016508       0.713440       0.544593
16.666568       3.135928       4.808402      14.964164       0.713440       0.544593
16.667081       3.109234       4.703556      14.908252       0.713440       0.544593
16.666568       3.084258       4.602061      14.829321       0.713440       0.544593
16.666568       3.069323       4.505529      14.695823       0.713440       0.544593
16.666568       3.061853       4.432632      14.484834       0.713440       0.544593
16.666568       3.042885       4.378936      14.182350       0.713440       0.544593
16.666568       2.990632       4.331692      13.797418       0.713440       0.544593
16.666568       2.919216       4.253077      13.362667       0.713440       0.544593
16.666568       2.834401       4.116548      12.882969       0.713440       0.544593
16.666568       2.758504       3.879266      12.366184       0.713440       0.544593
16.666568       2.698228       3.507101      11.795606       0.713440       0.544593
16.666568       2.675087       2.954265      11.186888       0.713440       0.544593
16.666568       2.674364       2.197004      10.544920       0.713440       0.544593
16.666568       2.701464       1.216790       9.885611       0.713440       0.544593
16.666568       2.733502       0.035446       9.203913       0.713440       0.544593
16.666568       2.784033      -1.392675       8.488248       0.713440       0.544593
16.666568       2.841828      -2.994325       7.760870       0.713440       0.544593
16.666568       2.904882      -4.815506       6.992288       0.713440       0.544593
16.666568       2.965370      -6.795346       6.185489       0.713440       0.544593
16.666568       3.021709      -8.980814       5.358126       0.713440       0.544593
16.666568       3.056890     -11.328976       4.528769       0.713440       0.544593
16.666568       3.079044     -13.860109       3.696870       0.713440       0.544593
16.666568       3.087804     -16.554604       2.845327       0.713440       0.544593
16.666568       3.081007     -19.440353       1.959072       0.713440       0.544593
16.666568       3.047183     -22.463879       1.066008       0.713440       0.544593
16.666568       2.973316     -25.616705       0.158394       0.713440       0.544593
16.666568       2.853204     -28.895763      -0.789354       0.713440       0.544593
16.666568       2.684758     -32.259129      -1.780045       0.713440       0.544593
16.668362       2.453135     -35.674049      -2.748663       0.713440       0.544593
16.666568       2.153689     -39.142338      -3.679787       0.713440       0.544593
16.666568       1.791399     -42.585609      -4.509283       0.713440       0.544593
16.666568       1.354976     -45.983566      -5.275430       0.713440       0.544593
16.666568       0.838854     -49.346596      -5.958817       0.713440       0.544593
16.672460       0.266969     -52.568146      -6.576459       0.543245       0.453325
16.666568      -0.349776     -55.754677      -7.144287       0.540768       0.454307
16.666568      -0.991212     -58.827744      -7.679945       0.540768       0.454307
16.666568      -1.633209     -61.816868      -8.184999       0.540768       0.454307
16.666568      -2.273266     -64.653511      -8.666042       0.540768       0.454307
16.666568      -2.905491     -67.372536      -9.144997       0.540768       0.454307
16.666568      -3.514856     -69.899826      -9.590227       0.540768       0.454307
16.666568      -4.109689     -72.314644     -10.021651       0.589706       0.446745
16.666568      -4.664125     -74.544472     -10.422113       0.590008       0.446345
16.666568      -5.177074     -76.636314     -10.828506       0.590761       0.445706
16.666568      -5.650750     -78.592369     -11.225416       0.615559       0.425071
16.666568      -6.049905     -80.438599     -11.626755       0.611291       0.425991
16.666568      -6.381075     -82.180489     -12.001511       0.606311       0.426631
16.666568      -6.625211     -83.846085     -12.353600       0.571858       0.428951
16.666568      -6.795836     -85.441200     -12.657063       0.564723       0.430028
16.666568      -6.905812     -86.982613     -12.933664       0.557628       0.426990
16.666568      -6.993263     -88.490730     -13.198955       0.553583       0.423063
16.675021      -7.088330     -89.997711     -13.471281       0.553583       0.423063
16.666568      -7.189262     -91.526459     -13.737569       0.554637       0.425074
16.666568      -7.305194     -93.081665     -13.985920       0.592489       0.441066
16.666568      -7.435793     -94.638725     -14.215264       0.592489       0.441066
16.666568      -7.593184     -96.215187     -14.438420       0.716277       0.577469
16.666568      -7.771305     -97.792435     -14.655535       0.711881       0.579709
16.666568      -7.971840     -99.388161     -14.857186       0.711881       0.579709
16.666568      -8.176793    -100.966179     -15.038874       0.706941       0.582457
16.666568      -8.387866    -102.530960     -15.213294       0.599034       0.439457
16.666568      -8.602579    -104.081978     -15.371987       0.598075       0.440210
16.666568      -8.820835    -105.621132     -15.517989       0.599074       0.440430
16.666568      -9.028943    -107.108253     -15.648572       0.600256       0.441947
16.666568      -9.218719    -108.587967     -15.776790       0.600374       0.442561
16.666568      -9.382796    -110.050682     -15.893118       0.600294       0.444088
16.666568      -9.488108    -111.500893     -15.990410       0.600045       0.445339
16.666568      -9.508945    -112.961464     -16.063688       0.599693       0.445783
16.666568      -9.420617    -114.457741     -16.142162       0.599504       0.445010
16.666568      -9.230927    -115.981270     -16.244318       0.598039       0.445838
16.666568      -8.986504    -117.547852     -16.364496       0.597991       0.446016
16.666568      -8.728098    -119.140282     -16.484133       0.597905       0.445854
16.666568      -8.495665    -120.721436     -16.595890       0.293553       0.534503
16.666568      -8.321627    -122.279839     -16.719534       0.602011       0.450667
16.666568      -8.225972    -123.811562     -16.866455       0.601739       0.453342
16.666568      -8.200083    -125.301666     -17.022829       0.601712       0.455947
16.666568      -8.252560    -126.759186     -17.160229       0.601945       0.457281
16.666568      -8.363484    -128.166245     -17.284603       0.602184       0.459792
16.666568      -8.526258    -129.532974     -17.403048       0.602203       0.462193
16.666568      -8.724982    -130.810333     -17.495811       0.602225       0.463141
16.666568      -8.956390    -132.023773     -17.562485       0.601256       0.465219
16.666568      -9.186140    -133.165543     -17.617123       0.599534       0.466846
16.666568      -9.422013    -134.262939     -17.661274       0.599501       0.467303
16.666568      -9.651862    -135.305176     -17.685324       0.600340       0.467020
16.666568      -9.901017    -136.317352     -17.642506       0.601522       0.466155
16.666568     -10.147774    -137.284912     -17.562771       0.602093       0.465899
16.666568     -10.393538    -138.243744     -17.445131       0.602992       0.465736
16.666568     -10.603887    -139.170044     -17.322031       0.603589       0.465900
16.666568     -10.792900    -140.093948     -17.170973       0.603839       0.466092
16.666568     -10.924073    -140.976456     -17.022104       0.604324       0.466527
16.666568     -11.033768    -141.838638     -16.848715       0.604763       0.466996
16.666568     -11.102224    -142.633484     -16.699783       0.604908       0.467311
16.666568     -11.160018    -143.396286     -16.551777       0.605158       0.467994
16.666568     -11.184048    -144.092728     -16.443434       0.605330       0.468680
16.666568     -11.199059    -144.753845     -16.349703       0.605298       0.469060
16.666568     -11.185714    -145.340942     -16.296087       0.605175       0.469756
16.666568     -11.169121    -145.873505     -16.243679       0.604787       0.470458
16.666568     -11.133246    -146.323608     -16.207960       0.604508       0.470808
16.666568     -11.088823    -146.697342     -16.155714       0.603946       0.471475
16.666568     -10.988554    -146.954391     -16.075289       0.603287       0.472110
16.666568     -10.814780    -147.089355     -15.916465       0.602927       0.472401
16.666568     -10.515392    -147.038910     -15.649808       0.602153       0.472775
16.666568     -10.076172    -146.797607     -15.239076       0.571576       0.417079
16.666568      -9.479889    -146.338760     -14.767267       0.565877       0.411648
16.666568      -8.772053    -145.679077     -14.285576       0.560721       0.404151
16.666568      -7.984557    -144.831177     -13.786154       0.559458       0.404804
16.666568      -7.171852    -143.795547     -13.244506       0.560260       0.405592
16.666568      -6.301516    -142.512238     -12.677316       0.561740       0.406548
16.666568      -5.407347    -140.929260     -12.112972       0.566812       0.440856
16.666568      -4.502493    -139.012177     -11.577485       0.571550       0.442101
16.673741      -3.596999    -136.721848     -11.071143       0.579689       0.446414
16.666568      -2.683383    -134.053452     -10.584375       0.582569       0.448832
16.666568      -1.762211    -130.995880     -10.142199       0.534301       0.447759
16.666568      -0.825397    -127.585167      -9.726541       0.528944       0.442878
16.666568       0.082804    -123.887611      -9.315576       0.528944       0.442878
16.666568       0.954279    -119.901176      -8.841218       0.528944       0.442878
16.666568       1.761708    -115.697777      -8.279930       0.528944       0.442878
16.666568       2.526463    -111.290833      -7.616378       0.528944       0.442878
16.666568       3.201672    -106.803238      -6.874151       0.528944       0.442878
16.666568       3.819920    -102.141312      -5.977629       0.421296       0.732762
16.669130       4.350510     -97.492409      -4.853591       0.418027       0.724927
16.666568       4.855331     -92.723373      -3.399969       0.418027       0.724927
16.666568       5.353723     -88.100441      -1.757410       0.240942       0.389006
16.666568       5.843627     -83.633720      -0.181305       0.254942       0.449422
16.671179       6.273637     -79.443367       1.210531       0.253728       0.455161
16.666568       6.601783     -75.595528       2.403137       0.248031       0.459314
16.666568       6.771000     -72.093666       3.472286       0.248031       0.459314
16.666568       6.817133     -68.856171       4.461793       0.242578       0.458809
16.671179       6.784315     -65.888550       5.400266       0.241869       0.459852
16.666568       6.724549     -63.129162       6.240572       0.244358       0.459066
16.666568       6.621754     -60.582363       7.020187       0.307385       0.417538
16.666568       6.493935     -58.220631       7.712417       0.297293       0.445117
16.666568       6.332196     -56.037903       8.322642       0.306893       0.443656
16.666568       6.133306     -53.991459       8.835914       0.306893       0.443656
16.666568       5.904475     -52.068726       9.246715       0.343456       0.446673
16.666568       5.665392     -50.260147       9.565073       0.351294       0.446235
16.666568       5.425792     -48.538002       9.803531       0.351334       0.447103
16.666568       5.208142     -46.904003       9.980500       0.347836       0.447070
16.666568       5.015079     -45.328079      10.076790       0.296558       0.458676
16.666568       4.846062     -43.807045      10.114944       0.297516       0.460668
16.666568       4.727258     -42.360104      10.107388       0.302094       0.458522
16.666568       4.650970     -40.983112      10.085313       0.307369       0.457944
16.666568       4.627510     -39.665474      10.061622       0.310132       0.458569
16.666568       4.664382     -38.359890      10.075574       0.341614       0.466877
16.666568       4.754192     -37.080143      10.130877       0.347235       0.467447
16.666568       4.887694     -35.792042      10.232588       0.350386       0.466536
16.666568       5.061200     -34.511654      10.360753       0.355990       0.466047
16.666568       5.260037     -33.239189      10.520672       0.355418       0.466463
16.666568       5.471691     -31.984697      10.706523       0.314028       0.461855
16.666568       5.668323     -30.736378      10.916875       0.303603       0.458844
16.666568       5.829901     -29.522390      11.122134       0.304274       0.453282
16.666568       5.956135     -28.320621      11.322857       0.305705       0.452087
16.666568       6.031425     -27.131260      11.510376       0.309376       0.451273
16.666568       6.064903     -25.965740      11.691840       0.313616       0.451685
16.666568       6.051595     -24.803896      11.885212       0.313616       0.451685
16.666568       5.990339     -23.669764      12.096389       0.345668       0.458270
16.666568       5.876176     -22.550705      12.320541       0.350512       0.458646
16.666568       5.717269     -21.458145      12.536907       0.353181       0.460137
16.666568       5.518959     -20.390856      12.745366       0.358251       0.460573
16.666568       5.301002     -19.343088      12.948286       0.363188       0.460943
16.666568       5.067950     -18.323080      13.135186       0.363188       0.460943
16.666568       4.846720     -17.311661      13.301127       0.368101       0.461311
16.666568       4.629571     -16.313778      13.442108       0.404017       0.463466
16.666568       4.426261     -15.328016      13.564211       0.403308       0.463845
16.666568       4.234622     -14.370961      13.663267       0.397565       0.463811
16.666568       4.055877     -13.440555      13.731923       0.396356       0.463881
16.666568       3.894964     -12.563496      13.781992       0.396782       0.463904
16.666568       3.765178     -11.713957      13.852036       0.398525       0.464034
16.666568       3.680650     -10.910954      13.944928       0.400535       0.464195
16.666568       3.653221     -10.144238      14.041481       0.401729       0.464313
16.671948       3.665160      -9.407669      14.151989       0.404274       0.464580
16.666568       3.708093      -8.702260      14.283484       0.405600       0.464677
16.666568       3.759074      -8.016285      14.443900       0.408413       0.464985
16.666568       3.814482      -7.335003      14.638999       0.409747       0.465144
16.666568       3.878138      -6.668437      14.871015       0.441872       0.469738
16.666568       3.956495      -5.999740      15.130665       0.442477       0.470728
16.666568       4.048870      -5.330034      15.422181       0.444528       0.472416
16.666568       4.158966      -4.647973      15.738110       0.447130       0.473436
16.666568       4.277750      -3.954998      16.082418       0.448528       0.473908
16.666568       4.406619      -3.260710      16.430460       0.451086       0.474951
16.666568       4.533030      -2.569615      16.772026       0.453943       0.475827
16.666568       4.663667      -1.881408      17.097130       0.455290       0.476241
16.675021       4.771479      -1.203777      17.397211       0.457990       0.477038
16.666568       4.843763      -0.538109      17.683922       0.459358       0.477382
16.666568       4.881351       0.105424      17.962019       0.462071       0.478132
16.666568       4.888946       0.724507      18.225639       0.461831       0.479165
16.666568       4.852424       1.305068      18.468029       0.460110       0.479643
16.666568       4.783082       1.858453      18.689018       0.459479       0.479910
16.666568       4.679495       2.361834      18.882826       0.458903       0.480281
16.666568       4.560460       2.829747      19.054474       0.458731       0.480684
16.666568       4.409048       3.261932      19.201452       0.458734       0.480846
16.666568       4.252619       3.665696      19.332787       0.458959       0.481073
16.666568       4.089159       4.036436      19.444967       0.459447       0.481152
16.666568       3.929183       4.388856      19.546951       0.459712       0.481221
16.666568       3.768078       4.711527      19.635277       0.460355       0.481300
16.666568       3.615315       5.028697      19.725861       0.461077       0.481296
16.666568       3.471226       5.319366      19.809189       0.461483       0.481309
16.666568       3.347158       5.599436      19.886826       0.462476       0.481315
16.666568       3.229367       5.863493      19.963142       0.463530       0.481245
16.666568       3.136944       6.116122      20.035559       0.464138       0.481216
16.666568       3.038465       6.356754      20.108097       0.465351       0.481077
16.666568       2.955525       6.589807      20.177973       0.495887       0.477407
16.666568       2.856703       6.808373      20.257715       0.499549       0.478697
16.666568       2.760089       7.018699      20.345631       0.503313       0.483573
16.666568       2.658868       7.205435      20.429350       0.503214       0.485886
16.666568       2.565095       7.377514      20.512300       0.502178       0.486159
16.666568       2.464641       7.524984      20.583317       0.686021       0.579872
16.666568       2.364141       7.659702      20.656824       0.687363       0.578601
16.666568       2.253600       7.768033      20.716555       0.687944       0.577992
16.666568       2.144508       7.857954      20.780420       0.499815       0.459583
16.666568       2.019040       7.915157      20.843391       0.499152       0.460622
16.666568       1.895985       7.944716      20.901045       0.497334       0.461466
16.666568       1.774191       7.936687      20.941374       0.497479       0.466684
16.666568       1.662877       7.891977      20.960873       0.497507       0.469437
16.666568       1.535457       7.812604      20.982265       0.497507       0.469437
16.666568       1.404435       7.705924      20.998646       0.469183       0.508204
16.666568       1.267697       7.578439      21.005081       0.461144       0.506091
16.666568       1.136224       7.437832      20.998909       0.459787       0.505570
16.666568       1.004743       7.289136      20.974409       0.457968       0.503990
16.666568       0.876227       7.140009      20.932838       0.456996       0.502755
16.666568       0.747823       6.994135      20.882109       0.455764       0.503219
16.671948       0.630636       6.851258      20.826950       0.454213       0.502814
16.666568       0.511155       6.713561      20.767204       0.452931       0.502156
16.666568       0.394029       6.584898      20.706640       0.452117       0.502199
16.666568       0.279924       6.467378      20.643661       0.450469       0.502221
16.666568       0.170114       6.360634      20.573912       0.448919       0.502037
16.666568       0.063992       6.260030      20.509378       0.448979       0.501985
16.666568      -0.036127       6.158825      20.447340       0.696860       0.579242
16.666568      -0.129913       6.060264      20.392250       0.704790       0.576779
16.666568      -0.207266       5.965313      20.340912       0.710647       0.574631
16.666568      -0.274396       5.878837      20.294662       0.716232       0.572162
16.666568      -0.312480       5.808639      20.253881       0.717723       0.571418
16.666568      -0.340346       5.755306      20.219845       0.717723       0.571418
16.666568      -0.358263       5.711486      20.184717       0.717723       0.571418
16.666568      -0.396758       5.673553      20.150612       0.717723       0.571418
16.666568      -0.427378       5.644240      20.120798       0.717723       0.571418
16.666568      -0.434022       5.627789      20.095261       0.717723       0.571418
16.666568      -0.421493       5.622049      20.064014       0.717723       0.571418
16.666568      -0.401724       5.616727      20.041397       0.717723       0.571418
16.666568      -0.386157       5.601324      20.021324       0.717723       0.571418
16.666568      -0.398247       5.572144      20.001644       0.717723       0.571418
16.666568      -0.433470       5.525245      19.972687       0.717723       0.571418
16.666568      -0.486517       5.465129      19.946451       0.719278       0.570144
16.666568      -0.533169       5.399472      19.915567       0.720607       0.567264
16.666568      -0.582384       5.337160      19.882280       0.720607       0.567264
16.666568      -0.622751       5.281521      19.846966       0.720607       0.567264
16.666568      -0.659583       5.236944      19.809372       0.704349       0.525284
16.666568      -0.693781       5.195732      19.760345       0.704573       0.525347
16.666568      -0.737973       5.165434      19.700827       0.704537       0.525050
16.666568      -0.775161       5.142773      19.638012       0.704427       0.524554
16.667337      -0.810670       5.130624      19.579803       0.704291       0.524250
16.666568      -0.831683       5.119123      19.515207       0.704106       0.523719
16.666568      -0.851095       5.106143      19.450571       0.703936       0.523207
16.666568      -0.869445       5.086617      19.387276       0.703865       0.522987
16.666568      -0.887632       5.064888      19.328081       0.703705       0.522611
16.672460      -0.871301       5.043997      19.275816       0.703531       0.522262
16.666568      -0.835967       5.018158      19.219566       0.703415       0.522071
16.666568      -0.790184       4.984742      19.149792       0.703196       0.521719
16.666568      -0.732455       4.945170      19.085503       0.703003       0.521463
16.666568      -0.680317       4.897357      19.018782       0.702933       0.521406
16.666568      -0.619514       4.848106      18.957907       0.702813       0.521371
16.666568      -0.548863       4.792029      18.897192       0.702710       0.521422
16.666568      -0.480765       4.736801      18.835791       0.702663       0.521470
16.666568      -0.415743       4.674613      18.769466       0.702578       0.521593
16.666568      -0.362650       4.610339      18.703707       0.702485       0.521746
16.666568      -0.316373       4.541723      18.639574       0.702485       0.521746
16.666568      -0.293096       4.478909      18.581032       0.508360       0.439065
16.666568      -0.277774       4.416933      18.524317       0.508094       0.438773
16.666568      -0.277752       4.359776      18.466753       0.506138       0.445442
16.666568      -0.275476       4.306819      18.404533       0.504542       0.451220
16.666568      -0.278386       4.261977      18.341093       0.503326       0.454970
16.666568      -0.282079       4.225142      18.279209       0.502940       0.456222
16.666568      -0.284535       4.197695      18.223660       0.502411       0.458076
16.666568      -0.285360       4.177528      18.164324       0.501913       0.459365
16.668362      -0.281251       4.157270      18.111992       0.501615       0.459854
16.666568      -0.275789       4.138072      18.067650       0.501113       0.460742
16.666568      -0.273369       4.119750      18.030735       0.500597       0.461431
16.666568      -0.264649       4.099614      17.994379       0.500321       0.461716
16.666568      -0.258295       4.085018      17.968513       0.499744       0.462146
16.666568      -0.243972       4.068903      17.939268       0.499370       0.462644
16.666568      -0.226182       4.059731      17.917576       0.499235       0.462916
16.666568      -0.200702       4.055013      17.897509       0.498970       0.463416
16.666568      -0.175818       4.053194      17.883448       0.498761       0.463864
16.666568      -0.150445       4.050517      17.871943       0.498691       0.464052
16.666568      -0.129247       4.045443      17.860844       0.498536       0.464418
16.666568      -0.111727       4.034791      17.848637       0.498311       0.464795
16.675021      -0.111222       4.020968      17.835796       0.498196       0.464968
16.666568      -0.119403       4.004309      17.821249       0.497910       0.465336
16.666568      -0.135216       3.987420      17.808477       0.497587       0.465643
16.666568      -0.160062       3.972994      17.793673       0.497410       0.465775
16.666568      -0.184712       3.960397      17.774227       0.497046       0.466001
16.666568      -0.210882       3.951368      17.751019       0.496715       0.466183
16.666568      -0.246291       3.939294      17.728474       0.496537       0.466262
16.666568      -0.289401       3.928574      17.713703       0.496205       0.466372
16.666568      -0.334310       3.916546      17.700699       0.495951       0.466403
16.666568      -0.379241       3.901480      17.685688       0.495834       0.466398
16.666568      -0.425238       3.888567      17.679279       0.495458       0.466317
16.666568      -0.461644       3.880713      17.666113       0.495133       0.465997
16.666568      -0.498583       3.877719      17.660807       0.474188       0.427210
16.666568      -0.531953       3.878512      17.661234       0.473541       0.421400
16.666568      -0.565680       3.881294      17.659575       0.473961       0.418643
16.666568      -0.603086       3.883162      17.649437       0.474276       0.417962
16.666568      -0.603327       3.886049      17.643446       0.474516       0.417146
16.666568      -0.631408       3.882500      17.652229       0.474725       0.416667
16.666568      -0.664705       3.876921      17.673929       0.474835       0.416481
16.666568      -0.699914       3.870729      17.697191       0.474971       0.416108
16.666568      -0.748961       3.862847      17.722647       0.474978       0.415834
16.666568      -0.802507       3.859686      17.743364       0.475020       0.415658
16.666568      -0.854823       3.866324      17.768993       0.475070       0.415344
16.666568      -0.904461       3.884283      17.794996       0.475131       0.415032
16.666568      -0.946331       3.914216      17.825640       0.475164       0.414839
16.666568      -0.980363       3.956585      17.851828       0.475273       0.414458
16.666568      -1.013931       4.007940      17.875563       0.475430       0.414039
16.666568      -1.049840       4.060307      17.898655       0.475561       0.413832
16.666568      -1.079252       4.115927      17.925993       0.475805       0.413463
16.666568      -1.094914       4.166205      17.958532       0.475890       0.413369
16.666568      -1.118306       4.212173      18.000856       0.474336       0.414992
16.666568      -1.137982       4.251605      18.035154       0.424675       0.466143
16.673741      -1.152050       4.281833      18.063103       0.423122       0.471138
16.666568      -1.152399       4.301660      18.090193       0.423058       0.471932
16.666568      -1.154058       4.310352      18.124250       0.423408       0.472997
16.666568      -1.159271       4.312830      18.170174       0.423986       0.473302
16.666568      -1.165599       4.308778      18.217426       0.424273       0.473301
16.666568      -1.168821       4.303524      18.256802       0.424774       0.473314
16.666568      -1.173697       4.297462      18.288446       0.425184       0.473267
16.666568      -1.176240       4.292548      18.304579       0.425402       0.473304
16.666568      -1.173432       4.293292      18.320236       0.425731       0.473348
16.666568      -1.171922       4.294138      18.326324       0.425960       0.473383
16.666568      -1.171248       4.296647      18.330950       0.426080       0.473387
16.666568      -1.173315       4.295856      18.328041       0.426276       0.473380
16.666568      -1.177531       4.291738      18.330299       0.426435       0.473485
16.666568      -1.184727       4.285692      18.323914       0.426508       0.473515
16.666568      -1.195091       4.277210      18.320143       0.426584       0.473551
16.666568      -1.202255       4.265316      18.310631       0.426655       0.473627
16.666568      -1.218747       4.253856      18.298355       0.426717       0.473639
16.666568      -1.231107       4.238353      18.288977       0.426834       0.473653
16.666568      -1.237898       4.222529      18.276995       0.426960       0.473625
16.666568      -1.240610       4.205626      18.269379       0.427001       0.473646
16.666568      -1.242959       4.188479      18.268579       0.427062       0.473667
16.666568      -1.256774       4.174542      18.265238       0.427158       0.473727
16.666568      -1.265472       4.158208      18.263643       0.427209       0.473731
16.666568      -1.267132       4.141984      18.261309       0.427212       0.473759
16.666568      -1.268324       4.128166      18.263540       0.427216       0.473743
16.666568      -1.273939       4.115863      18.259117       0.427255       0.473751
16.666568      -1.285782       4.104699      18.259274       0.427274       0.473766
16.666568      -1.303888       4.093014      18.244705       0.699608       0.527347
16.666568      -1.314151       4.073802      18.219553       0.705165       0.526573
16.666568      -1.321590       4.046062      18.187086       0.705165       0.526573
16.666568      -1.347635       4.011042      18.161362       0.705165       0.526573
16.666568      -1.383984       3.972739      18.134645       0.705165       0.526573
16.666568      -1.421975       3.928193      18.106028       0.709883       0.525062
16.666568      -1.451852       3.880015      18.072008       0.711279       0.524283
16.666568      -1.485908       3.833259      18.031914       0.711560       0.523928
16.666568      -1.516939       3.786056      17.995119       0.711829       0.523316
16.666568      -1.545078       3.739848      17.965956       0.711915       0.522797
16.666568      -1.577714       3.699074      17.933870       0.711925       0.522563
16.666568      -1.614142       3.660515      17.914545       0.711925       0.522563
16.666568      -1.646681       3.628267      17.894676       0.711925       0.522563
16.666568      -1.678836       3.599652      17.880245       0.711938       0.523667
16.670923      -1.709377       3.578236      17.869011       0.510697       0.478523
16.666568      -1.735707       3.564865      17.868935       0.514057       0.482169
16.666568      -1.749468       3.556541      17.860441       0.518891       0.482091
16.666568      -1.754304       3.550659      17.856756       0.570482       0.446063
16.666568      -1.752476       3.546801      17.850319       0.570602       0.445668
16.666568      -1.749686       3.547003      17.859016       0.538657       0.480630
16.666568      -1.750792       3.548528      17.877401       0.538304       0.480356
16.666568      -1.757773       3.551041      17.898581       0.538186       0.479974
16.666568      -1.767893       3.556499      17.918364       0.537471       0.479943
16.666568      -1.774035       3.560409      17.934614       0.536231       0.479904
16.666568      -1.776762       3.567447      17.945736       0.535948       0.479875
16.666568      -1.781518       3.578361      17.952290       0.535721       0.479903
16.666568      -1.788506       3.590217      17.957096       0.535111       0.480087
16.666568      -1.801872       3.603269      17.957247       0.534612       0.480175
16.666568      -1.819766       3.611293      17.958309       0.534331       0.480228
16.666568      -1.839818       3.612399      17.961254       0.534147       0.480271
16.666568      -1.858376       3.609714      17.962914       0.534249       0.480226
16.666568      -1.881569       3.600466      17.961443       0.534249       0.480226
16.666568      -1.901656       3.587588      17.958630       0.459047       0.505553
16.677839      -1.918295       3.573166      17.957306       0.411443       0.506190
16.666568      -1.931082       3.557033      17.953491       0.408046       0.506324
16.666568      -1.946866       3.542711      17.957087       0.407821       0.506503
16.666568      -1.956570       3.532406      17.962002       0.408835       0.506132
16.666568      -1.967147       3.524976      17.969259       0.409533       0.505977
16.666568      -1.966682       3.517474      17.973904       0.410890       0.505250
16.666568      -1.964101       3.517411      17.988655       0.411941       0.504935
16.666568      -1.961605       3.524184      17.995010       0.412569       0.504707
16.666568      -1.960937       3.541634      18.007753       0.413712       0.504340
16.666568      -1.957484       3.570105      18.018650       0.414720       0.503988
16.666568      -1.943355       3.603235      18.029493       0.415291       0.503782
16.666568      -1.920506       3.640374      18.016983       0.415864       0.503948
16.666568      -1.895588       3.674654      18.006636       0.416999       0.503728
16.666568      -1.868250       3.705835      18.003967       0.417541       0.503653
16.666568      -1.846667       3.736262      18.007156       0.417966       0.503907
16.666568      -1.826419       3.757472      18.017883       0.418116       0.504446
16.666568      -1.809187       3.776645      18.033182       0.418245       0.504706
16.666568      -1.793340       3.788120      18.053640       0.418443       0.505141
16.666568      -1.784186       3.800627      18.078341       0.418612       0.505677
16.666568      -1.772706       3.806995      18.104750       0.418743       0.505896
16.666568      -1.762871       3.818024      18.131809       0.419166       0.506158
16.666568      -1.744397       3.821121      18.154024       0.420948       0.505947
16.666568      -1.727053       3.823324      18.166140       0.420948       0.505947
16.666568      -1.709722       3.820541      18.175617       0.420948       0.505947
16.666568      -1.689069       3.816929      18.185324       0.420948       0.505947
16.666568      -1.664641       3.806308      18.200647       0.702482       0.525144
16.666568      -1.640767       3.799290      18.205624       0.702197       0.524523
16.666568      -1.598191       3.783919      18.208549       0.702157       0.524180
16.666568      -1.561243       3.772682      18.212366       0.702216       0.524113
16.666568      -1.522026       3.756610      18.221560       0.702150       0.523880
16.666825      -1.493295       3.748905      18.238260       0.702041       0.523672
16.674509      -1.469444       3.741461      18.253496       0.702003       0.523594
16.666568      -1.459189       3.742302      18.262808       0.702003       0.523594
16.666568      -1.456901       3.741360      18.265469       0.702003       0.523594
16.673228      -1.464371       3.749799      18.262768       0.702003       0.523594
16.666568      -1.474861       3.750681      18.253687       0.702003       0.523594
16.666568      -1.491699       3.755673      18.248676       0.702003       0.523594
16.666568      -1.512413       3.750628      18.231682       0.702003       0.523594
16.666568      -1.541369       3.745353      18.217901       0.702003       0.523594
16.666568      -1.568493       3.729758      18.202450       0.702003       0.523594
16.666568      -1.609496       3.713164      18.186420       0.702003       0.523594
16.666568      -1.653411       3.689583      18.171394       0.702003       0.523594
16.666568      -1.699300       3.664250      18.163704       0.702003       0.523594
16.666568      -1.748520       3.637088      18.154041       0.702003       0.523594
16.666568      -1.795833       3.611192      18.140142       0.702003       0.523594
16.666568      -1.839340       3.587515      18.124529       0.702003       0.523594
16.666568      -1.881811       3.569080      18.106932       0.702003       0.523594
16.666568      -1.923782       3.550325      18.089367       0.702003       0.523594
16.666568      -1.967640       3.535828      18.077089       0.702003       0.523594
16.666568      -2.002059       3.517996      18.063190       0.702003       0.523594
16.666568      -2.036549       3.505327      18.053547       0.702003       0.523594
16.666568      -2.058967       3.494123      18.054684       0.702003       0.523594
16.666568      -2.078060       3.490173      18.067141       0.702003       0.523594
16.666568      -2.090342       3.489159      18.077942       0.702003       0.523594
16.666568      -2.093839       3.492762      18.075409       0.702003       0.523594
16.666568      -2.091682       3.492679      18.060125       0.702003       0.523594
16.666568      -2.096343       3.491709      18.055832       0.702003       0.523594
16.666568      -2.104720       3.483269      18.055304       0.702003       0.523594
16.666568      -2.118206       3.474443      18.055641       0.702003       0.523594
16.673484      -2.127796       3.459873      18.056623       0.702003       0.523594
16.666568      -2.137852       3.445437      18.058474       0.702003       0.523594
16.666568      -2.149779       3.431344      18.059504       0.702003       0.523594
16.666568      -2.163449       3.425232      18.061380       0.702003       0.523594
16.666568      -2.171449       3.419512      18.067186       0.702003       0.523594
16.666568      -2.185810       3.419908      18.074219       0.702003       0.523594
16.666568      -2.201164       3.421095      18.081730       0.702003       0.523594
16.666568      -2.212883       3.425422      18.086391       0.702003       0.523594
16.666568      -2.213968       3.428592      18.089264       0.702003       0.523594
16.666568      -2.213441       3.436805      18.101732       0.702003       0.523594
16.666568      -2.203132       3.442518      18.122250       0.702003       0.523594
16.666568      -2.196698       3.452144      18.136822       0.702003       0.523594
16.666568      -2.182300       3.458473      18.149126       0.702003       0.523594
16.666568      -2.163011       3.466531      18.162579       0.702003       0.523594
16.666568      -2.141865       3.471565      18.181152       0.702003       0.523594
16.666568      -2.122036       3.479181      18.207623       0.702003       0.523594
16.666568      -2.102468       3.484030      18.235373       0.702003       0.523594
16.666568      -2.089608       3.493386      18.257578       0.702003       0.523594
16.666568      -2.084346       3.503440      18.272438       0.702003       0.523594
16.666568      -2.077641       3.518348      18.281353       0.702003       0.523594
16.666568      -2.064579       3.530615      18.286686       0.702003       0.523594
16.666568      -2.054331       3.543227      18.296766       0.702003       0.523594
16.666568      -2.045471       3.550416      18.299850       0.702003       0.523594
16.666568      -2.045099       3.556294      18.299004       0.702003       0.523594
16.666568      -2.042869       3.553193      18.296358       0.702003       0.523594
16.666568      -2.042087       3.546689      18.300276       0.702003       0.523594
16.666568      -2.044341       3.535015      18.295603       0.702003       0.523594
16.666568      -2.054056       3.525801      18.295818       0.467647       0.460437
16.666568      -2.066509       3.516115      18.294474       0.459839       0.457416
16.666568      -2.083216       3.507657      18.293253       0.458103       0.456553
16.666568      -2.103328       3.497394      18.282373       0.455919       0.455470
16.666568      -2.119177       3.488344      18.266670       0.454998       0.454693
16.666568      -2.134930       3.474562      18.248314       0.453998       0.454815
16.666568      -2.151439       3.456672      18.218443       0.452749       0.454772
16.666568      -2.113929       3.440205      18.175226       0.451674       0.454854
16.666568      -2.055322       3.433875      18.122421       0.451232       0.454911
16.666568      -1.987301       3.428074      18.075916       0.450525       0.454705
16.666568      -1.924284       3.430044      18.039244       0.449633       0.455036
16.666568      -1.866969       3.432748      18.018480       0.449251       0.455188
16.666568      -1.809513       3.435886      17.999451       0.448492       0.455560
16.666568      -1.748135       3.430003      17.972157       0.447869       0.455783
16.666825      -1.701180       3.417751      17.951878       0.447510       0.455906
16.666568      -1.660019       3.397494      17.938250       0.446742       0.455753
16.666568      -1.625978       3.382546      17.933531       0.412570       0.445391
16.666568      -1.598028       3.365557      17.925440       0.411449       0.444547
16.666568      -1.572540       3.357215      17.910017       0.410442       0.444052
16.666568      -1.549935       3.349583      17.890558       0.410111       0.443299
16.666568      -1.537798       3.351195      17.873125       0.410096       0.443095
16.666568      -1.530082       3.356269      17.855846       0.410030       0.442597
16.666568      -1.521394       3.366909      17.842899       0.410189       0.442450
16.666568      -1.512088       3.371443      17.827913       0.410274       0.442412
16.666568      -1.503518       3.378748      17.818748       0.410506       0.442354
16.666568      -1.486102       3.380448      17.812050       0.410724       0.442160
16.666568      -1.458424       3.386085      17.814882       0.410773       0.442029
16.674253      -1.421494       3.396814      17.834106       0.410882       0.441783
16.666568      -1.384359       3.415660      17.864450       0.411054       0.441595
16.666568      -1.347645       3.439131      17.886946       0.411143       0.441463
16.666568      -1.324287       3.468747      17.909815       0.411370       0.441302
16.666568      -1.309600       3.497788      17.932554       0.411607       0.441218
16.666568      -1.307474       3.529514      17.958580       0.411743       0.441156
16.666568      -1.313419       3.555484      17.985874       0.412071       0.440982
16.666568      -1.332708       3.582856      18.009146       0.412441       0.440877
16.666568      -1.348372       3.605900      18.025255       0.412644       0.440859
16.666568      -1.369614       3.626523      18.034700       0.413143       0.440817
16.666568      -1.386903       3.643629      18.046690       0.414188       0.441234
16.675021      -1.404938       3.659030      18.052517       0.414737       0.441512
16.674509      -1.422404       3.670144      18.059010       0.415827       0.442105
16.666568      -1.443647       3.679921      18.061480       0.416851       0.442617
16.666568      -1.468978       3.682439      18.061729       0.417341       0.442837
16.666568      -1.501043       3.681438      18.057577       0.418296       0.443271
16.666568      -1.529655       3.669549      18.044802       0.419170       0.443648
16.666568      -1.561659       3.657966      18.038464       0.419594       0.443815
16.666568      -1.586944       3.638864      18.031664       0.420405       0.444134
16.666568      -1.612343       3.623679      18.035963       0.421180       0.444386
16.666568      -1.630147       3.605079      18.048979       0.421544       0.444498
16.666568      -1.656319       3.591615      18.071505       0.422237       0.444731
16.666568      -1.680995       3.579296      18.104860       0.422934       0.444943
16.666568      -1.699309       3.572237      18.149639       0.423271       0.445023
16.666568      -1.703813       3.571721      18.193933       0.423896       0.445201
16.666568      -1.698205       3.584256      18.234587       0.424403       0.445572
16.666568      -1.690894       3.607718      18.268637       0.424659       0.445762
16.666568      -1.691105       3.639949      18.306442       0.425139       0.446143
16.666568      -1.694911       3.674659      18.338081       0.425523       0.446325
16.666568      -1.705734       3.710868      18.355051       0.466602       0.461834
16.666568      -1.713266       3.739770      18.356127       0.470309       0.462764
16.666568      -1.726465       3.763414      18.363365       0.472738       0.463494
16.666568      -1.746987       3.775668      18.375690       0.473435       0.463819
16.666568      -1.773986       3.783919      18.383207       0.474536       0.464277
16.666568      -1.801716       3.783332      18.386744       0.475958       0.463858
16.666568      -1.831857       3.780589      18.388018       0.476673       0.463312
16.666568      -1.867092       3.778139      18.387411       0.477829       0.462295
16.666568      -1.909865       3.776384      18.380898       0.478767       0.461504
16.666568      -1.947018       3.771852      18.378109       0.479201       0.461142
16.666568      -1.990736       3.770795      18.378605       0.480000       0.460551
16.666568      -2.033629       3.766672      18.376114       0.479743       0.460671
16.666568      -2.067273       3.763004      18.372263       0.439667       0.475726
16.673997      -2.093660       3.757956      18.371262       0.408969       0.482186
16.666568      -2.111920       3.755934      18.379669       0.407811       0.480645
16.666568      -2.116830       3.752310      18.387894       0.407671       0.480452
16.666568      -2.116175       3.755575      18.388302       0.408302       0.479399
16.666568      -2.101445       3.755621      18.388231       0.409246       0.479613
16.666568      -2.091400       3.759969      18.397396       0.409494       0.479472
16.666568      -2.081521       3.761531      18.412941       0.410091       0.479207
16.666568      -2.074790       3.768203      18.437462       0.410684       0.479172
16.666568      -2.071779       3.773661      18.461195       0.411308       0.479363
16.666568      -2.064816       3.784080      18.485737       0.412445       0.479651
16.666568      -2.054076       3.799002      18.509003       0.413411       0.479775
16.666568      -2.049339       3.818066      18.530878       0.413804       0.479869
16.666568      -2.045824       3.832334      18.551004       0.414468       0.480247
16.666568      -2.047590       3.840773      18.576727       0.415159       0.480287
16.666568      -2.059361       3.830423      18.601469       0.415472       0.480218
16.666568      -2.074753       3.800955      18.632643       0.416117       0.480031
16.666568      -2.090155       3.747639      18.660645       0.416721       0.479888
16.666568      -2.107841       3.682819      18.683189       0.416976       0.479773
16.666568      -2.122404       3.618531      18.690868       0.417379       0.479479
16.666568      -2.136995       3.561157      18.691454       0.417698       0.479167
16.666568      -2.138250       3.508614      18.684589       0.417860       0.478989
16.666568      -2.139617       3.468960      18.669052       0.418257       0.478765
16.666568      -2.145395       3.437530      18.649418       0.418678       0.478510
16.666568      -2.152088       3.422201      18.632763       0.418809       0.478403
16.666568      -2.157862       3.421374      18.618679       0.418966       0.478102
16.666568      -2.158940       3.433556      18.611660       0.419140       0.477780
16.666568      -2.155535       3.453141      18.604082       0.419259       0.477629
16.666568      -2.156108       3.482982      18.608761       0.419464       0.477349
16.666568      -2.157265       3.515572      18.612646       0.419640       0.477076
16.666568      -2.162689       3.553518      18.618641       0.419750       0.476954
16.666568      -2.157280       3.587973      18.610651       0.420012       0.476736
16.666568      -2.148902       3.622330      18.597593       0.420306       0.476510
16.666568      -2.143990       3.648443      18.586493       0.420429       0.476416
16.666568      -2.148423       3.666470      18.578455       0.420707       0.476186
16.666568      -2.153189       3.677662      18.573181       0.420973       0.476032
16.666568      -2.160512       3.680935      18.565714       0.421111       0.475956
16.666568      -2.174396       3.680272      18.556391       0.421417       0.475826
16.666568      -2.184567       3.677900      18.546898       0.421750       0.475713
16.666568      -2.194192       3.674972      18.539104       0.421919       0.475660
16.666568      -2.212791       3.675468      18.532598       0.422283       0.475548
16.666568      -2.229301       3.677427      18.520287       0.422617       0.475470
16.666568      -2.245755       3.678827      18.510315       0.422805       0.475441
16.675534      -2.252167       3.683271      18.488337       0.423175       0.475368
16.666568      -2.257190       3.690354      18.467115       0.423530       0.475299
16.666568      -2.261564       3.700170      18.454735       0.423722       0.475272
16.666568      -2.263574       3.709945      18.445982       0.424077       0.475251
16.666568      -2.249683       3.718798      18.431978       0.424427       0.475241
16.666568      -2.223949       3.726252      18.418917       0.424594       0.475244
16.666568      -2.192230       3.728590      18.409710       0.424942       0.475247
16.666568      -2.165469       3.728265      18.410919       0.425292       0.475216
16.666568      -2.136384       3.730732      18.415379       0.425518       0.475202
16.672204      -2.118777       3.730049      18.413464       0.467071       0.470397
16.666568      -2.104427       3.728477      18.408920       0.473137       0.468789
16.666568      -2.094598       3.730139      18.399252       0.474791       0.468484
16.666568      -2.088925       3.732502      18.386654       0.476621       0.467817
16.666568      -2.081988       3.734301      18.377996       0.477905       0.467539
16.666568      -2.074052       3.735643      18.363457       0.478308       0.467427
16.666568      -2.072526       3.734653      18.353922       0.478829       0.467256
16.666568      -2.070783       3.731000      18.346552       0.479400       0.467139
16.666568      -2.075509       3.722037      18.339710       0.479719       0.467038
16.674765      -2.085006       3.706146      18.331728       0.480299       0.467025
16.666568      -2.103885       3.685992      18.327618       0.480812       0.466989
16.666568      -2.123847       3.664929      18.325516       0.481057       0.466925
16.666568      -2.147488       3.644022      18.323236       0.481430       0.466910
16.666568      -2.170982       3.624348      18.313416       0.481856       0.466864
16.666568      -2.192858       3.606894      18.310043       0.482064       0.466835
16.666568      -2.218498       3.592934      18.301313       0.482510       0.466745
16.666568      -2.245660       3.581892      18.300417       0.482919       0.466724
16.666568      -2.271608       3.576232      18.304989       0.483146       0.466677
16.666568      -2.302683       3.572148      18.313868       0.483650       0.466672
16.666568      -2.325017       3.574592      18.321404       0.484146       0.466618
16.666568      -2.350506       3.584591      18.331470       0.484374       0.466585
16.666568      -2.375172       3.600944      18.338940       0.484860       0.466448
16.666568      -2.391114       3.623708      18.355499       0.485223       0.466261
16.666568      -2.393274       3.643088      18.351305       0.485391       0.466221
16.666568      -2.390460       3.658672      18.337452       0.485727       0.466075
16.666568      -2.386477       3.664357      18.331514       0.486009       0.465958
16.666568      -2.391066       3.662907      18.338345       0.486109       0.465883
16.666568      -2.398543       3.650834      18.346786       0.486392       0.465713
16.666568      -2.404110       3.633929      18.359196       0.486577       0.465587
16.666568      -2.406215       3.613931      18.363676       0.486664       0.465521
16.666568      -2.402437       3.596074      18.368408       0.486407       0.465527
16.666568      -2.397101       3.583606      18.371763       0.609910       0.584093
16.666568      -2.397158       3.580449      18.385038       0.390550       0.470804
16.666568      -2.402209       3.578927      18.404060       0.382871       0.470196
16.666568      -2.408706       3.582608      18.430906       0.381591       0.469605
16.666568      -2.416977       3.590462      18.453506       0.381506       0.469264
16.666568      -2.425443       3.601282      18.477999       0.381250       0.468616
16.672972      -2.438983       3.622312      18.504971       0.381367       0.468067
16.666568      -2.445082       3.645962      18.538868       0.381353       0.467905
16.666568      -2.445315       3.671717      18.571995       0.381446       0.467570
16.666568      -2.440523       3.697894      18.600754       0.381493       0.467349
16.666568      -2.425963       3.721219      18.633492       0.381501       0.467293
16.666568      -2.416096       3.745925      18.668163       0.381435       0.467164
16.666568      -2.413259       3.769239      18.706005       0.381328       0.467077
16.666568      -2.410898       3.793238      18.739059       0.381275       0.467013
16.666568      -2.422452       3.815394      18.762344       0.381236       0.466935
16.666568      -2.430751       3.837554      18.776346       0.381089       0.466756
16.666568      -2.433841       3.860569      18.786863       0.381089       0.466756
16.666568      -2.441253       3.887252      18.793119       0.378871       0.466967
16.666568      -2.445534       3.913943      18.790497       0.298719       0.470050
16.666568      -2.449964       3.937097      18.786652       0.296374       0.469671
16.666568      -2.453061       3.954696      18.777985       0.295525       0.469929
16.666568      -2.462019       3.964586      18.766325       0.294736       0.469697
16.674509      -2.470134       3.971009      18.757313       0.294607       0.469576
16.666568      -2.484367       3.976557      18.752796       0.294657       0.469553
16.666568      -2.491747       3.983266      18.749895       0.294861       0.469670
16.666568      -2.499727       3.996306      18.747297       0.294931       0.469775
16.666568      -2.507861       4.012743      18.738861       0.295296       0.469929
16.666568      -2.510297       4.031890      18.731133       0.295876       0.470142
16.666568      -2.511934       4.057274      18.714693       0.296154       0.470242
16.666568      -2.508954       4.086008      18.701117       0.296690       0.470265
16.666568      -2.505825       4.115491      18.686405       0.297206       0.470537
16.666568      -2.502000       4.146101      18.673569       0.297516       0.470718
16.666568      -2.492923       4.170826      18.662153       0.298241       0.471097
16.667593      -2.481617       4.201106      18.646322       0.298693       0.471334
16.666568      -2.463300       4.224741      18.626215       0.362111       0.488326
16.666568      -2.449376       4.251742      18.614119       0.375962       0.489385
16.666568      -2.423818       4.269622      18.604879       0.409511       0.499581
16.666568      -2.395500       4.283880      18.584850       0.410643       0.499274
16.666568      -2.366445       4.290085      18.550884       0.412862       0.499267
16.666568      -2.343662       4.284249      18.526892       0.414195       0.499132
16.666568      -2.332989       4.266962      18.507425       0.414677       0.499083
16.666568      -2.331966       4.239020      18.494867       0.415410       0.499084
16.666568      -2.337031       4.199171      18.482237       0.415671       0.499866
16.666568      -2.347873       4.157146      18.466785       0.415597       0.500623
16.666568      -2.353553       4.111251      18.449539       0.416604       0.500454
16.666568      -2.360814       4.069483      18.442093       0.418600       0.501609
16.666568      -2.373926       4.034889      18.432659       0.419467       0.501566
16.666568      -2.391387       4.004779      18.424978       0.421194       0.501481
16.666568      -2.410040       3.977621      18.416553       0.422565       0.501332
16.666568      -2.432985       3.959253      18.413118       0.423108       0.501240
16.666568      -2.456657       3.943877      18.400997       0.424176       0.501024
16.666568      -2.475027       3.934938      18.389912       0.425263       0.500894
16.666568      -2.484695       3.930955      18.387238       0.425793       0.500833
16.666568      -2.489776       3.931308      18.383642       0.426857       0.500654
16.666568      -2.487827       3.933214      18.372692       0.427900       0.500518
16.666568      -2.488059       3.934338      18.366821       0.428435       0.500486
16.666568      -2.495739       3.936527      18.368532       0.428997       0.500650
16.666568      -2.499505       3.938173      18.373898       0.429574       0.500906
16.666568      -2.499901       3.937200      18.382801       0.429655       0.501193
16.666568      -2.505658       3.939244      18.380896       0.429684       0.501710
16.666568      -2.508342       3.943537      18.379519       0.429647       0.502258
16.666568      -2.502989       3.949052      18.376202       0.429639       0.502541
16.666568      -2.504309       3.957721      18.368467       0.429642       0.502952
16.666568      -2.509858       3.967249      18.366055       0.429909       0.503243
16.666568      -2.518270       3.973677      18.359314       0.430120       0.503329
16.666568      -2.538626       3.978357      18.358776       0.430497       0.503540
16.666568      -2.561046       3.979435      18.358624       0.430712       0.503600
16.666568      -2.586397       3.979040      18.362730       0.463398       0.490331
16.666568      -2.605803       3.982867      18.371841       0.454772       0.490053
16.666568      -2.620908       3.989793      18.384676       0.449240       0.455606
16.666568      -2.637250       3.999584      18.397520       0.453283       0.449861
16.666568      -2.659681       4.014069      18.413353       0.456440       0.445050
16.666568      -2.680066       4.033014      18.424852       0.458480       0.442972
16.666568      -2.703654       4.059482      18.441284       0.459370       0.442495
16.666568      -2.714316       4.089666      18.463369       0.460869       0.441960
16.666568      -2.724606       4.122559      18.483480       0.461860       0.441567
16.666568      -2.724195       4.159010      18.505667       0.462213       0.441442
16.666568      -2.719357       4.195690      18.531197       0.462941       0.441218
16.666568      -2.707927       4.232099      18.572159       0.463615       0.441102
16.666568      -2.697944       4.264907      18.615448       0.463954       0.441071
16.666568      -2.691751       4.297345      18.654991       0.464446       0.441179
16.666568      -2.676797       4.322799      18.693241       0.464909       0.441161
16.666568      -2.665360       4.342194      18.707960       0.465154       0.441203
16.666568      -2.647344       4.354058      18.717815       0.465612       0.441349
16.666568      -2.634669       4.353405      18.736601       0.466008       0.441596
16.666568      -2.623433       4.345571      18.743319       0.466220       0.441664
16.666568      -2.604717       4.325888      18.742847       0.466632       0.441841
16.666568      -2.589433       4.303405      18.744974       0.467014       0.442017
16.666568      -2.576084       4.276782      18.736708       0.467219       0.442105
16.666568      -2.567327       4.251400      18.730820       0.467577       0.442360
16.666568      -2.565062       4.224478      18.725363       0.468170       0.444019
16.666568      -2.569847       4.194931      18.728046       0.483314       0.484368
16.666568      -2.576225       4.160128      18.729822       0.483593       0.485232
17.0169
