16.666568       5.303523       8.737718      -0.130959       0.574128       0.431716
16.666568       5.801266       8.923979      -0.290169       0.567503       0.433146
16.666568       6.290444       9.083802      -0.437282       0.566558       0.435271
16.666568       6.763195       9.219040      -0.573449       0.566076       0.436822
16.669130       7.227586       9.327001      -0.717095       0.566263       0.439823
16.666568       7.695503       9.404885      -0.869134       0.567091       0.442534
16.676302       8.154560       9.462850      -1.030412       0.567293       0.443848
16.666568       8.594988       9.505236      -1.195522       0.567575       0.446021
16.666568       8.995062       9.538585      -1.339561       0.567777       0.448243
16.666568       9.342249       9.558127      -1.442238       0.567788       0.449310
16.666568       9.651812       9.568355      -1.496760       0.567796       0.451195
16.666568       9.914633       9.568560      -1.511798       0.567412       0.452958
16.666568      10.137481       9.559337      -1.500472       0.567303       0.453766
16.673741      10.312334       9.542379      -1.465788       0.567183       0.454560
16.666568      10.446014       9.514162      -1.424290       0.566282       0.456129
16.666568      10.567471       9.477349      -1.378933       0.565602       0.456894
16.666568      10.686881       9.429398      -1.335154       0.551010       0.475549
16.666568      10.805772       9.373983      -1.304214       0.553228       0.474178
16.666568      10.923812       9.311172      -1.257168       0.555486       0.472871
16.666568      11.030012       9.244730      -1.180007       0.556460       0.472736
16.666568      11.119538       9.161102      -1.093853       0.556774       0.472854
16.671948      11.173676       9.082201      -1.028878       0.556010       0.473846
16.673484      11.193207       9.013593      -0.964440       0.556091       0.473746
16.666568      11.195410       8.951138      -0.895922       0.556720       0.474160
16.666568      11.178597       8.889005      -0.827232       0.556720       0.474160
16.666568      11.151991       8.831558      -0.766076       0.597710       0.502236
16.671435      11.118664       8.766686      -0.695949       0.598509       0.503289
16.666568      11.059004       8.694124      -0.633191       0.598787       0.504115
16.666568      10.961534       8.604454      -0.578693       0.598941       0.504379
16.666568      10.823278       8.499001      -0.540264       0.598866       0.503879
16.666568      10.656512       8.377550      -0.505960       0.598655       0.503599
16.666568      10.482883       8.254033      -0.472416       0.597919       0.502839
16.666568      10.320926       8.129020      -0.437385       0.597237       0.501858
16.666568      10.174485       8.014039      -0.417174       0.596793       0.501288
16.666568      10.021804       7.901381      -0.409027       0.596153       0.500141
16.666568       9.865355       7.801671      -0.414538       0.595683       0.499068
16.666568       9.701598       7.703342      -0.419694       0.596333       0.499189
16.666568       9.522727       7.591885      -0.422166       0.624833       0.507067
16.666568       9.293206       7.457163      -0.425882       0.624270       0.506805
16.666568       9.030456       7.320492      -0.460082       0.623220       0.505742
16.666568       8.760005       7.193560      -0.485943       0.622138       0.504219
16.666568       8.505435       7.068476      -0.454256       0.621163       0.502442
16.666568       8.275392       6.914639      -0.392009       0.620622       0.501561
16.666568       8.055730       6.739443      -0.339157       0.619630       0.499943
16.666568       7.827823       6.553444      -0.291222       0.618960       0.499161
16.666568       7.611090       6.368042      -0.237988       0.617703       0.497621
16.666568       7.414937       6.183427      -0.188033       0.616569       0.496092
16.666568       7.246473       6.014564      -0.134688       0.615346       0.494568
16.666568       7.078734       5.854182      -0.066236       0.614770       0.493734
16.666568       6.881074       5.690987       0.009510       0.613488       0.492322
16.666568       6.661145       5.510979       0.079204       0.612332       0.490859
16.666568       6.415757       5.315461       0.142580       0.612332       0.490859
16.666568       6.136597       5.103245       0.205031       0.610308       0.488802
16.666568       5.801418       4.875459       0.275228       0.606319       0.442350
16.666568       5.372958       4.616103       0.354745       0.606319       0.442350
16.666568       4.864955       4.335608       0.440320       0.589564       0.529133
16.666568       4.250087       4.029679       0.528796       0.725688       0.518726
16.666568       3.537978       3.717035       0.618141       0.773831       0.520409
16.666568       2.748035       3.384650       0.750645       0.773924       0.516336
16.666568       1.857614       3.019137       0.907226       0.790387       0.622975
16.666568       0.838116       2.628452       1.065579       0.789029       0.615169
16.666568      -0.279729       2.236654       1.250161       0.763108       0.457265
16.666568      -1.414269       1.839237       1.470719       0.757516       0.449287
16.666568      -2.519195       1.454267       1.704203       0.757516       0.449287
16.666568      -3.573869       1.087252       1.923265       0.777540       0.419920
16.666568      -4.526907       0.753280       2.113543       0.774106       0.417860
16.666568      -5.345483       0.449630       2.256280       0.776067       0.415002
16.666568      -6.016805       0.181868       2.343125       0.779815       0.409790
16.666568      -6.530011      -0.052617       2.375282       0.781470       0.405531
16.666568      -6.880936      -0.241010       2.376464       0.781344       0.404228
16.666568      -6.987494      -0.383513       2.358049       0.782367       0.400766
16.666568      -6.881654      -0.477445       2.297329       0.781755       0.398388
16.666568      -6.602607      -0.531372       2.216553       0.781627       0.397368
16.666568      -6.201681      -0.550029       2.139360       0.781515       0.395636
16.666568      -5.691356      -0.540179       2.040605       0.780634       0.394693
16.666568      -5.109971      -0.504507       1.917092       0.779860       0.394620
16.666568      -4.481985      -0.445893       1.767565       0.778968       0.394648
16.666568      -3.844813      -0.369979       1.614151       0.671808       0.397962
16.666568      -3.216281      -0.279335       1.460676       0.555854       0.386578
16.666568      -2.601799      -0.181742       1.309678       0.540279       0.393476
16.666568      -2.030760      -0.077956       1.143571       0.537535       0.396977
16.666568      -1.530951       0.021445       0.960019       0.536224       0.398367
16.666568      -1.111489       0.105144       0.787717       0.534317       0.401058
16.666568      -0.772359       0.188906       0.656193       0.533254       0.403202
16.666568      -0.514119       0.264003       0.560623       0.532823       0.404294
16.666568      -0.319406       0.319476       0.482066       0.532254       0.406230
16.666568      -0.178176       0.348798       0.405842       0.531806       0.407833
16.666568      -0.080142       0.349755       0.331363       0.531573       0.408585
16.666568      -0.042706       0.318581       0.267500       0.531234       0.409970
16.666568      -0.050910       0.248560       0.219728       0.530943       0.410932
16.666568      -0.086424       0.134047       0.166001       0.530774       0.411369
16.666568      -0.120320      -0.014089       0.094894       0.530533       0.412013
16.666568      -0.144719      -0.193827       0.000246       0.530302       0.412262
16.666568      -0.180608      -0.365654      -0.118115       0.529806       0.412671
16.671948      -0.236359      -0.527026      -0.224899       0.529222       0.412958
16.666568      -0.295560      -0.688218      -0.299872       0.528647       0.413152
16.673741      -0.330943      -0.854245      -0.346412       0.528361       0.413236
16.666568      -0.333909      -1.022330      -0.355038       0.527700       0.413355
16.666568      -0.312176      -1.190834      -0.332778       0.527044       0.413450
16.666568      -0.252403      -1.365050      -0.312606       0.526682       0.413509
16.666568      -0.139858      -1.557089      -0.311238       0.525814       0.413445
16.666568       0.014661      -1.761120      -0.333260       0.524773       0.413566
16.666568       0.181579      -1.961273      -0.388785       0.524252       0.413758
16.666568       0.379862      -2.140005      -0.448183       0.523232       0.414211
16.670155       0.601874      -2.312372      -0.483099       0.522297       0.414641
16.666568       0.836093      -2.479419      -0.522196       0.521814       0.414876
16.666568       1.070680      -2.641852      -0.574338       0.520810       0.415322
16.666568       1.290048      -2.785659      -0.612554       0.519844       0.415882
16.666568       1.488510      -2.913724      -0.630084       0.519408       0.416211
16.666568       1.673355      -3.019137      -0.636524       0.497122       0.431576
16.666568       1.842934      -3.116539      -0.649490       0.498700       0.433516
16.666568       1.977660      -3.194593      -0.669378       0.498252       0.434295
16.666568       2.075682      -3.258916      -0.704859       0.498060       0.436176
16.666568       2.160507      -3.299246      -0.753612       0.497960       0.437912
16.666568       2.246430      -3.320864      -0.805909       0.497084       0.437915
16.666568       2.336802      -3.328773      -0.861809       0.495886       0.437998
16.666568       2.433241      -3.326761      -0.920488       0.494868       0.438246
16.666568       2.522089      -3.313286      -0.964745       0.494385       0.438223
16.666568       2.597564      -3.298559      -1.009307       0.493657       0.438585
16.666568       2.669885      -3.278475      -1.052369       0.493369       0.438775
16.666568       2.744783      -3.257351      -1.104987       0.492750       0.439227
16.666568       2.837599      -3.213896      -1.155485       0.492655       0.439782
16.666568       2.934419      -3.159287      -1.166329       0.492659       0.440013
16.666568       3.035437      -3.109096      -1.130693       0.492248       0.440242
16.666568       3.133157      -3.083364      -1.096232       0.492061       0.440600
16.666568       3.226417      -3.069336      -1.085799       0.492034       0.440758
16.666568       3.318110      -3.063493      -1.081319       0.552667       0.440148
16.666568       3.406703      -3.044012      -1.069607       0.464640       0.769952
16.666568       3.484215      -3.018028      -1.042454       0.631138       0.625523
16.666568       3.544316      -2.980933      -0.986486       0.637145       0.627318
16.666568       3.590762      -2.955454      -0.914370       0.638404       0.627812
16.666568       3.629214      -2.933467      -0.842051       0.678998       0.458739
16.666568       3.646156      -2.927419      -0.788984       0.679074       0.458531
16.666568       3.659652      -2.915370      -0.793859       0.678574       0.459645
16.666568       3.682818      -2.881505      -0.857424       0.678551       0.459381
16.666568       3.712752      -2.815535      -0.905558       0.678925       0.458905
16.666568       3.746014      -2.739872      -0.919513       0.679409       0.459015
16.666568       3.778264      -2.668795      -0.928960       0.680025       0.459231
16.666568       3.801396      -2.610747      -0.942469       0.680425       0.459327
16.666568       3.830706      -2.566329      -0.965369       0.680425       0.459327
16.666568       3.856208      -2.537495      -1.009949       0.777930       0.491211
16.666568       3.874019      -2.506634      -1.074324       0.727507       0.526663
16.666568       3.890809      -2.465714      -1.141092       0.634028       0.585182
16.666568       3.903213      -2.416195      -1.133624       0.438459       0.669667
16.677839       3.915949      -2.402798      -1.046404       0.438459       0.669667
16.666568       3.931856      -2.422641      -0.963819       0.438459       0.669667
16.666568       3.966764      -2.472389      -0.940665       0.697847       0.585200
16.666568       4.011224      -2.510018      -0.939515       0.503477       0.681815
16.666568       4.057009      -2.531487      -0.926905       0.497946       0.669093
16.666568       4.089073      -2.538585      -0.905212       0.327143       0.500535
16.666568       4.106964      -2.537778      -0.867513       0.327143       0.500535
16.666568       4.116059      -2.523719      -0.819012       0.383847       0.453102
16.666568       4.123312      -2.514922      -0.775440       0.478804       0.478923
16.666568       4.119945      -2.506426      -0.753984       0.530571       0.599482
16.666568       4.100312      -2.502749      -0.747037       0.537030       0.452738
16.666568       4.073575      -2.493638      -0.747165       0.535437       0.454279
16.666568       4.049432      -2.481860      -0.753469       0.534935       0.454821
16.666568       4.028601      -2.453338      -0.754796       0.535309       0.455689
16.666568       4.012826      -2.416675      -0.750966       0.534465       0.455756
16.666568       3.991812      -2.368802      -0.748250       0.534115       0.455787
16.670411       3.968460      -2.321585      -0.757218       0.533485       0.455808
16.666568       3.947613      -2.259456      -0.770666       0.533108       0.455701
16.666568       3.928302      -2.187143      -0.779853       0.533049       0.455749
16.666568       3.914805      -2.106048      -0.762628       0.533004       0.455784
16.666568       3.905735      -2.040044      -0.740481       0.532977       0.455789
16.666568       3.902401      -1.989553      -0.718831       0.532971       0.455817
16.666568       3.892805      -1.954329      -0.696662       0.532973       0.455877
16.666568       3.879557      -1.909069      -0.661849       0.533047       0.455968
16.666568       3.877840      -1.861673      -0.614849       0.533094       0.456078
16.666568       3.878507      -1.815402      -0.563845       0.533209       0.456205
16.666568       3.877490      -1.774001      -0.523893       0.493847       0.456333
16.666568       3.865724      -1.731702      -0.496646       0.490218       0.455950
16.666568       3.842891      -1.686797      -0.472068       0.488830       0.457286
16.666568       3.830587      -1.638424      -0.448720       0.488133       0.458063
16.666568       3.829861      -1.598073      -0.423772       0.488326       0.457842
16.666568       3.832082      -1.570125      -0.403301       0.488443       0.457537
16.666568       3.830467      -1.556325      -0.404491       0.488273       0.457224
16.666568       3.806960      -1.540907      -0.427321       0.488350       0.456971
16.666568       3.775440      -1.523762      -0.443886       0.488510       0.456630
16.666568       3.748994      -1.509010      -0.443303       0.488605       0.456123
16.666568       3.731120      -1.503383      -0.455844       0.488606       0.455850
16.666568       3.719759      -1.490820      -0.493899       0.488589       0.455395
16.666568       3.703797      -1.468350      -0.530112       0.488687       0.454896
16.666568       3.693248      -1.445766      -0.548742       0.488704       0.454720
16.666568       3.672736      -1.434690      -0.563117       0.488760       0.454302
16.666568       3.656048      -1.431921      -0.572388       0.488935       0.453927
16.666568       3.655337      -1.438788      -0.588357       0.488983       0.453757
16.666568       3.674246      -1.445953      -0.608863       0.489081       0.453457
16.666568       3.709045      -1.462556      -0.617801       0.489143       0.453172
16.674765       3.747480      -1.483382      -0.621038       0.489186       0.453123
16.666568       3.777899      -1.510850      -0.613899       0.489202       0.452951
16.666568       3.792228      -1.534242      -0.601154       0.489263       0.452791
16.666568       3.807029      -1.555873      -0.586550       0.489289       0.452734
16.666568       3.824305      -1.566425      -0.563350       0.489277       0.452621
16.666568       3.830074      -1.578619      -0.531162       0.489312       0.452533
16.666568       3.820179      -1.592808      -0.504959       0.489339       0.452485
16.666568       3.809696      -1.614597      -0.497223       0.489342       0.452383
16.666568       3.803789      -1.631858      -0.492826       0.489314       0.452315
16.666568       3.791845      -1.639889      -0.486849       0.489295       0.452282
16.666568       3.786872      -1.633781      -0.474634       0.489254       0.452205
16.666568       3.772584      -1.617988      -0.457031       0.489240       0.452138
16.673484       3.751720      -1.587520      -0.437362       0.489221       0.452097
16.666568       3.735383      -1.554718      -0.433000       0.489229       0.451985
16.666568       3.720833      -1.502235      -0.428518       0.489281       0.451909
16.666568       3.718211      -1.450256      -0.398949       0.489305       0.451850
16.666568       3.730614      -1.405234      -0.353695       0.489393       0.451779
16.666568       3.753818      -1.386150      -0.319349       0.489533       0.451732
16.666568       3.758770      -1.379774      -0.318125       0.489574       0.451591
16.666568       3.748720      -1.377298      -0.335317       0.489665       0.451337
16.666568       3.748821      -1.380435      -0.337104       0.489718       0.451211
16.666568       3.760594      -1.399051      -0.320925       0.489835       0.451141
16.666568       3.787952      -1.432605      -0.306604       0.489925       0.450926
16.666568       3.814333      -1.478068      -0.291659       0.490029       0.450733
16.666568       3.836206      -1.531769      -0.270846       0.490029       0.450733
16.666568       3.858467      -1.601846      -0.247417       0.490860       0.450791
16.666568       3.884051      -1.679368      -0.223750       0.539100       0.451220
16.666568       3.914436      -1.770872      -0.210634       0.540267       0.451203
16.666568       3.937616      -1.856032      -0.203090       0.541039       0.451369
16.666568       3.954988      -1.942065      -0.204933       0.541091       0.451336
16.666568       3.967867      -2.018867      -0.218749       0.541031       0.451410
16.666568       3.982354      -2.095905      -0.234322       0.541019       0.452076
16.666568       3.994515      -2.166013      -0.241776       0.540635       0.452170
16.666568       4.005240      -2.234900      -0.246150       0.540425       0.452227
16.666568       4.014168      -2.301364      -0.246310       0.540308       0.452240
16.666568       4.023403      -2.368889      -0.250634       0.544335       0.452777
16.666568       4.025795      -2.438571      -0.247175       0.663947       0.481644
16.666568       4.018803      -2.522243      -0.251776       0.708442       0.488361
16.666568       4.011624      -2.617346      -0.244408       0.739643       0.486148
16.666568       4.007509      -2.738051      -0.232275       0.739643       0.486148
16.666568       4.003798      -2.874190      -0.201450       0.718239       0.647153
16.666568       4.001667      -3.035374      -0.160295       0.730722       0.486122
16.666568       4.001627      -3.220668      -0.092756       0.730345       0.485787
16.666568       4.003416      -3.456532      -0.008819       0.728173       0.486194
16.666568       4.017218      -3.767303       0.121073       0.727439       0.486235
16.666568       4.038120      -4.193495       0.299204       0.695792       0.650558
16.675790       4.073287      -4.733963       0.537733       0.698549       0.495885
16.666568       4.125692      -5.407271       0.836835       0.700498       0.492424
16.666568       4.192222      -6.190413       1.186218       0.699866       0.491880
16.666568       4.279864      -7.102894       1.565255       0.696372       0.491338
16.666568       4.388074      -8.114398       1.930693       0.695981       0.490985
16.666568       4.534810      -9.240376       2.253430       0.695981       0.490985
16.666568       4.716548     -10.465068       2.517826       0.781596       0.539679
16.666568       4.911959     -11.774929       2.723809       0.618471       0.616353
16.666568       5.109250     -13.135175       2.889275       0.657858       0.565254
16.666568       5.314516     -14.524824       3.019667       0.663593       0.567487
16.666568       5.553126     -15.917253       3.113087       0.737825       0.523188
16.666568       5.820403     -17.319893       3.158153       0.741117       0.516912
16.666568       6.108498     -18.712204       3.143134       0.741117       0.516912
16.666568       6.410668     -20.099569       3.074500       0.618914       0.445818
16.666568       6.730361     -21.475449       2.953555       0.621190       0.441004
16.666568       7.071595     -22.838400       2.762791       0.615185       0.437324
16.666568       7.456799     -24.213774       2.507947       0.456593       0.773721
16.666568       7.887492     -25.613110       2.171252       0.456593       0.773721
16.666568       8.370292     -27.059906       1.757331       0.761796       0.480324
16.666568       8.912814     -28.540421       1.295194       0.771999       0.479299
16.666568       9.478255     -30.047707       0.883674       0.774507       0.480186
16.666568      10.039214     -31.556984       0.538783       0.841401       0.487973
16.666568      10.567296     -33.098717       0.211160       0.842607       0.489731
16.666568      11.036898     -34.650570      -0.126943       0.842607       0.489731
16.666568      11.432089     -36.236149      -0.432039       0.838793       0.488992
16.666568      11.753401     -37.806965      -0.682256       0.838378       0.487266
16.666568      12.009260     -39.369724      -0.898311       0.839025       0.484915
16.666568      12.206038     -40.900269      -1.107681       0.839025       0.484915
16.666568      12.339303     -42.424423      -1.313486       0.841738       0.483145
16.666568      12.415298     -43.893089      -1.492248       0.815044       0.455458
16.666568      12.453193     -45.313683      -1.635022       0.819571       0.459311
16.666568      12.448215     -46.641747      -1.735087       0.787640       0.602474
16.666568      12.410942     -47.932507      -1.805621       0.787640       0.602474
16.666568      12.353482     -49.154797      -1.855937       0.815613       0.466168
16.666568      12.276747     -50.338726      -1.896393       0.751705       0.543830
16.666568      12.218087     -51.449066      -1.949698       0.819428       0.489241
16.666568      12.165620     -52.482536      -2.011812       0.737233       0.544070
16.666568      12.138718     -53.438488      -2.091042       0.732273       0.543520
16.666568      12.145108     -54.316189      -2.180101       0.728881       0.542927
16.666568      12.193694     -55.115154      -2.263619       0.724685       0.542306
16.666568      12.259828     -55.836613      -2.315730       0.719900       0.541957
16.666568      12.356565     -56.460625      -2.351956       0.718265       0.542336
16.666568      12.465807     -57.000469      -2.371614       0.679843       0.534345
16.666568      12.595942     -57.453175      -2.391266       0.600704       0.537571
16.666568      12.730355     -57.840115      -2.415915       0.568053       0.543525
16.666568      12.874216     -58.157959      -2.453688       0.560605       0.541361
16.666568      13.021081     -58.422516      -2.497462       0.557734       0.544355
16.666568      13.187812     -58.624264      -2.555529       0.556335       0.544524
16.666568      13.340572     -58.804001      -2.625966       0.555583       0.545046
16.666568      13.464602     -58.956902      -2.687713       0.554866       0.547684
16.666568      13.538340     -59.106628      -2.720916       0.553776       0.548855
16.666568      13.581471     -59.238503      -2.731349       0.552064       0.550651
16.666568      13.596351     -59.368694      -2.744994       0.551035       0.551363
16.666568      13.602969     -59.476475      -2.785000       0.550064       0.551957
16.673484      13.571694     -59.582180      -2.840709       0.549171       0.552914
16.666568      13.501579     -59.652409      -2.886867       0.547686       0.554184
16.666568      13.420959     -59.707672      -2.914121       0.546963       0.554620
16.666568      13.358561     -59.720856      -2.940870       0.545607       0.555327
16.666568      13.305388     -59.722580      -2.981717       0.545047       0.555706
16.666568      13.258327     -59.696377      -3.036769       0.544464       0.555959
16.666568      13.207424     -59.671047      -3.089649       0.543363       0.556441
16.666568      13.160442     -59.619221      -3.139246       0.542535       0.556775
16.666568      13.116481     -59.568375      -3.198281       0.542198       0.556864
16.666568      13.091561     -59.510578      -3.273683       0.541864       0.556836
16.666568      13.068408     -59.471115      -3.354956       0.541343       0.556797
16.666568      13.061448     -59.432487      -3.423745       0.541123       0.556720
16.666568      13.048079     -59.415886      -3.470006       0.540748       0.556707
16.666568      13.047221     -59.400028      -3.476057       0.540380       0.556841
16.666568      13.068623     -59.400757      -3.456822       0.540210       0.556761
16.666568      13.133788     -59.385551      -3.425209       0.539872       0.556756
16.666568      13.221209     -59.367168      -3.395507       0.539745       0.556713
16.666568      13.319465     -59.316875      -3.361092       0.539505       0.556662
16.671948      13.416186     -59.252335      -3.334044       0.539429       0.556653
16.666568      13.510799     -59.152699      -3.317730       0.539415       0.556363
16.666568      13.574126     -59.045094      -3.325494       0.539244       0.556397
16.666568      13.614019     -58.906090      -3.335294       0.538943       0.556180
16.666568      13.625414     -58.740395      -3.332644       0.538962       0.556382
16.666568      13.620727     -58.521866      -3.309392       0.539203       0.555861
16.666568      13.596210     -58.292805      -3.280904       0.531031       0.488748
16.666568      13.573064     -58.033489      -3.250219       0.535491       0.484358
16.666568      13.551005     -57.771427      -3.217593       0.534358       0.480057
16.666568      13.545595     -57.477421      -3.162867       0.538663       0.481129
16.666568      13.537823     -57.172218      -3.088552       0.542080       0.481247
16.666568      13.529686     -56.845741      -3.006530       0.543039       0.481843
16.666568      13.509112     -56.542763      -2.947399       0.545195       0.484170
16.676046      13.489607     -56.249542      -2.897830       0.472641       0.559960
16.670155      13.464605     -55.976612      -2.843322       0.624783       0.639042
16.666568      13.442510     -55.692055      -2.756457       0.599287       0.678691
16.666568      13.421074     -55.405785      -2.639620       0.599287       0.678691
16.666568      13.416451     -55.116116      -2.519882       0.599287       0.678691
16.666568      13.427498     -54.853134      -2.422997       0.599287       0.678691
16.666568      13.441639     -54.601627      -2.330623       0.599287       0.678691
16.676046      13.448937     -54.372833      -2.246675       0.599287       0.678691
16.666568      13.464758     -54.145340      -2.170329       0.548828       0.652050
16.666568      13.484097     -53.936668      -2.121239       0.548828       0.652050
16.666568      13.507292     -53.733463      -2.080190       0.438227       0.605168
16.666568      13.526998     -53.550041      -2.037361       0.433470       0.599161
16.673741      13.539659     -53.365734      -1.970456       0.405129       0.560101
16.666568      13.553081     -53.200352      -1.894661       0.405129       0.560101
16.666568      13.576112     -53.034088      -1.801375       0.402543       0.552876
16.666568      13.594643     -52.883457      -1.726596       0.398572       0.522380
16.675534      13.618264     -52.729931      -1.652009       0.402337       0.516594
16.666568      13.634305     -52.584492      -1.576424       0.404559       0.509453
16.666568      13.645840     -52.432541      -1.480757       0.528913       0.516370
16.666568      13.637092     -52.282639      -1.377584       0.529660       0.516551
16.666568      13.613802     -52.118706      -1.264367       0.530058       0.516515
16.666568      13.587232     -51.958347      -1.180494       0.530718       0.516187
16.666568      13.569261     -51.785492      -1.106001       0.531594       0.514016
16.666568      13.545623     -51.614193      -1.046733       0.532620       0.511087
16.666568      13.522867     -51.430626      -0.978827       0.533454       0.509806
16.666568      13.490572     -51.251160      -0.928021       0.534266       0.510026
16.666568      13.454940     -51.062115      -0.876602       0.534606       0.511530
16.666568      13.416180     -50.877796      -0.830800       0.534798       0.512805
16.666568      13.370831     -50.685966      -0.777409       0.535352       0.513024
16.666568      13.319024     -50.503365      -0.727143       0.535382       0.512931
16.666568      13.259030     -50.316002      -0.659468       0.535382       0.512931
16.666568      13.207511     -50.132767      -0.582528       0.369631       0.467730
16.666568      13.161163     -49.938030      -0.480534       0.359704       0.454914
16.666568      13.116940     -49.733295      -0.359228       0.356851       0.450304
16.666568      13.065674     -49.498947      -0.198821       0.352269       0.448950
16.666568      13.008499     -49.233471      -0.002427       0.353936       0.446033
16.666568      12.959720     -48.909340       0.260379       0.349922       0.444205
16.666568      12.915910     -48.523819       0.561264       0.351546       0.442627
16.666568      12.880962     -48.055401       0.905861       0.354014       0.439991
16.666568      12.856234     -47.502808       1.279554       0.355619       0.438944
16.666568      12.831182     -46.844223       1.709360       0.353958       0.438608
16.666568      12.785571     -46.091305       2.168522       0.353793       0.438277
16.666568      12.713106     -45.221691       2.653013       0.352673       0.438583
16.672716      12.583772     -44.258820       3.143207       0.352905       0.438200
16.666568      12.393407     -43.156906       3.666941       0.381193       0.431419
16.666568      12.138398     -41.945595       4.182167       0.429350       0.539780
16.666568      11.807138     -40.613632       4.694353       0.429350       0.539780
16.666568      11.408868     -39.183437       5.177866       0.437370       0.538723
16.666568      10.929829     -37.632324       5.673356       0.444304       0.536753
16.666568      10.378550     -36.029961       6.143830       0.447948       0.535614
16.666568       9.770467     -34.344040       6.580590       0.479632       0.518096
16.666568       9.142231     -32.635902       6.941255       0.488887       0.517239
16.666568       8.492044     -30.898256       7.258608       0.493871       0.516483
16.666568       7.792937     -29.134857       7.526807       0.530328       0.506498
16.666568       7.035503     -27.337950       7.767940       0.532120       0.506336
16.666568       6.239819     -25.512789       7.981843       0.463303       0.499069
16.666568       5.428661     -23.668964       8.184428       0.337777       0.390739
16.666568       4.603887     -21.803297       8.358576       0.323801       0.384310
16.666568       3.753879     -19.950516       8.491805       0.319821       0.381181
16.666568       2.883069     -18.110817       8.545465       0.319759       0.375843
16.674765       2.068422     -16.296911       8.514471       0.319399       0.469335
16.666568       1.378090     -14.511310       8.404142       0.326703       0.468891
16.666568       0.811923     -12.775197       8.214780       0.367624       0.472037
16.666568       0.397331     -11.090571       7.975838       0.375717       0.471065
16.666568       0.176610      -9.483426       7.747440       0.412325       0.463520
16.666568       0.131766      -8.006718       7.565370       0.423528       0.462287
16.666568       0.215926      -6.732505       7.435001       0.428231       0.461829
16.666568       0.347572      -5.632901       7.340076       0.436482       0.462243
16.668618       0.475908      -4.702712       7.285605       0.470092       0.463946
16.666568       0.609639      -3.873808       7.259008       0.473608       0.462722
16.666568       0.776547      -3.140771       7.234185       0.477225       0.463347
16.666568       0.977216      -2.493727       7.187432       0.480977       0.463707
16.666568       1.181741      -1.924691       7.145749       0.452588       0.445083
16.666568       1.350358      -1.416804       7.097078       0.453454       0.447346
16.666568       1.475157      -0.965909       7.066204       0.453582       0.448296
16.677071       1.538121      -0.555226       7.032239       0.454966       0.448236
16.666568       1.574522      -0.214447       7.009409       0.455641       0.447826
16.675790       1.585911       0.052340       6.975233       0.458582       0.448400
16.666568       1.572594       0.243217       6.955414       0.460972       0.448794
16.666568       1.523087       0.389505       6.927939       0.462166       0.449120
16.671948       1.452734       0.497187       6.903379       0.464291       0.449593
16.666568       1.377418       0.593090       6.861022       0.464694       0.448538
16.666568       1.312014       0.672109       6.820964       0.464912       0.448042
16.666568       1.263451       0.748589       6.785864       0.465212       0.447274
16.666568       1.216142       0.821692       6.775775       0.465471       0.446428
16.666568       1.177035       0.901644       6.794649       0.465572       0.446016
16.676046       1.153713       0.991769       6.821590       0.465266       0.445185
16.666568       1.151350       1.111692       6.847633       0.464677       0.444048
16.666568       1.173340       1.249447       6.882893       0.464451       0.443601
16.666568       1.210612       1.414335       6.928479       0.464093       0.442656
16.666568       1.264572       1.592245       6.981715       0.463932       0.441838
16.666568       1.358362       1.795447       7.000567       0.463864       0.441487
16.666568       1.489681       2.033716       6.996875       0.463820       0.440799
16.666568       1.634149       2.321004       6.976995       0.463916       0.440235
16.666568       1.755865       2.653176       6.951795       0.463973       0.439970
16.666568       1.841973       3.030478       6.922354       0.464238       0.439532
16.666568       1.884559       3.442379       6.889954       0.464676       0.439162
16.666568       1.905625       3.882836       6.845347       0.464956       0.438978
16.666568       1.903982       4.341337       6.796205       0.465663       0.438624
16.666568       1.871118       4.806891       6.752081       0.466453       0.438343
16.673997       1.798022       5.284386       6.729216       0.466963       0.438206
16.666568       1.684919       5.768041       6.719754       0.468081       0.437905
16.666568       1.546210       6.259499       6.718844       0.499236       0.431520
16.666568       1.396076       6.757845       6.713706       0.500378       0.431503
16.666568       1.238808       7.257469       6.696784       0.502149       0.429290
16.666568       1.113050       7.765906       6.654796       0.505921       0.427964
16.669898       1.075839       8.284994       6.573470       0.507544       0.427904
16.666568       1.161092       8.815198       6.436654       0.511566       0.426693
16.666568       1.376623       9.376985       6.241632       0.514768       0.426709
16.666568       1.722964       9.964720       5.951055       0.516036       0.426574
16.666568       2.168069      10.564395       5.575658       0.518919       0.426760
16.666568       2.647986      11.154028       5.183023       0.522127       0.427478
16.666568       3.128612      11.728745       4.820011       0.522127       0.427478
16.666568       3.573500      12.263395       4.516974       0.552635       0.438189
16.666568       3.952221      12.752478       4.275433       0.555089       0.440032
16.666568       4.256269      13.183296       4.101202       0.556458       0.441572
16.666568       4.468363      13.550113       4.005104       0.559345       0.443806
16.666568       4.564250      13.848016       3.973145       0.562308       0.445918
16.667849       4.536102      14.067167       3.990257       0.563941       0.447053
16.666568       4.377221      14.209525       4.041959       0.566364       0.448869
16.666568       4.147990      14.298163       4.140872       0.568374       0.450238
16.666568       3.980171      14.370763       4.226776       0.569261       0.450393
16.666568       3.983997      14.458373       4.210786       0.570800       0.450743
16.666568       4.199325      14.581656       4.055974       0.571519       0.450940
16.666568       4.540686      14.745914       3.822986       0.572909       0.451484
16.666568       4.871713      14.947811       3.582643       0.574167       0.452069
16.671948       5.141924      15.182813       3.377597       0.575453       0.452819
16.671179       5.319369      15.432780       3.215056       0.576110       0.453233
16.666568       5.403953      15.684316       3.086679       0.576800       0.453663
16.666568       5.401139      15.914047       2.984855       0.601325       0.470835
16.666568       5.320600      16.119150       2.940434       0.604037       0.470912
16.666568       5.210417      16.325495       2.985638       0.606330       0.470660
16.666568       5.100839      16.569370       3.127438       0.606911       0.470273
16.666568       5.003675      16.875450       3.332458       0.606911       0.470273
16.666568       4.933422      17.243486       3.591163       0.492802       0.461203
16.666568       4.917075      17.666445       3.839037       0.446526       0.462918
16.666568       4.972783      18.163258       4.074951       0.446526       0.462918
16.668874       5.077778      18.719982       4.271049       0.391228       0.473289
16.666568       5.208361      19.361233       4.425645       0.390949       0.475086
16.666568       5.367445      20.045750       4.511174       0.390271       0.475232
16.666568       5.577761      20.781008       4.525051       0.392771       0.476126
16.666568       5.814051      21.561991       4.486495       0.395389       0.476823
16.666568       6.075058      22.393288       4.416131       0.397405       0.477278
16.666568       6.342646      23.268822       4.312685       0.400945       0.478446
16.666568       6.633701      24.168093       4.180516       0.402578       0.478758
16.666568       6.952230      25.109026       4.027292       0.432919       0.489286
16.666568       7.300705      26.086176       3.860439       0.436944       0.489436
16.666568       7.642479      27.087273       3.672672       0.441787       0.490917
16.666568       7.980766      28.104063       3.474354       0.444421       0.491728
16.666568       8.304541      29.109013       3.276527       0.449882       0.493054
16.666568       8.611904      30.118830       3.074805       0.455114       0.494307
16.666568       8.901445      31.114466       2.872704       0.455114       0.494307
16.666568       9.165314      32.071789       2.678113       0.494223       0.504132
16.666568       9.398312      33.005985       2.500769       0.498341       0.504730
16.666568       9.592822      33.883305       2.345820       0.500611       0.505497
16.666568       9.746687      34.703800       2.215436       0.505342       0.506227
16.666568       9.880797      35.467159       2.123924       0.509189       0.506361
16.666568      10.011286      36.168777       2.086814       0.511106       0.506595
16.666568      10.154554      36.813946       2.099096       0.515195       0.506999
16.666568      10.270305      37.399380       2.163152       0.544756       0.510589
16.666568      10.355872      37.927265       2.261378       0.546357       0.511131
16.666568      10.399944      38.380711       2.381178       0.549252       0.512258
16.669386      10.422938      38.753708       2.506044       0.552270       0.512805
16.666568      10.438360      39.047928       2.626694       0.553761       0.512706
16.666568      10.445378      39.281364       2.747357       0.556559       0.512627
16.666568      10.429824      39.448833       2.868022       0.559066       0.512381
16.680144      10.386447      39.547215       2.974627       0.560084       0.512401
16.666568      10.328725      39.575298       3.053672       0.562699       0.512967
16.666568      10.287277      39.545383       3.108572       0.564628       0.513504
16.666568      10.262719      39.472633       3.142980       0.565400       0.513738
16.666568      10.231193      39.367683       3.155343       0.566498       0.514116
16.666568      10.183630      39.225540       3.152047       0.566939       0.514248
16.666568      10.139003      39.041924       3.143553       0.567609       0.514453
16.666568      10.142305      38.833599       3.110228       0.568026       0.514517
16.666568      10.228741      38.613628       3.026020       0.568064       0.514574
16.666568      10.364418      38.390083       2.900321       0.567917       0.514672
16.667593      10.512880      38.150887       2.737792       0.567659       0.514855
16.666568      10.645799      37.883297       2.563615       0.567267       0.515058
16.666568      10.759532      37.570671       2.384963       0.567005       0.515239
16.666568      10.846230      37.196022       2.213162       0.566409       0.515523
16.666568      10.907261      36.726570       2.029969       0.565641       0.515744
16.666568      10.926278      36.170536       1.849387       0.565641       0.515744
16.666568      10.880570      35.518452       1.688129       0.566105       0.515309
16.666568      10.770736      34.796322       1.580868       0.694138       0.558537
16.666568      10.614069      34.007305       1.533787       0.694138       0.558537
16.666568      10.420526      33.170132       1.524478       0.694138       0.558537
16.666568      10.204370      32.289379       1.534127       0.694138       0.558537
16.666568       9.960242      31.381847       1.557950       0.438794       0.763921
16.671691       9.692648      30.459215       1.589995       0.438794       0.763921
16.666568       9.414730      29.550035       1.622051       0.438794       0.763921
16.666568       9.136427      28.647041       1.635374       0.438794       0.763921
16.666568       8.870625      27.766886       1.637765       0.438794       0.763921
16.666568       8.604241      26.885271       1.625195       0.438794       0.763921
16.666568       8.387666      26.008541       1.601004       0.438794       0.763921
16.666568       8.288270      25.126719       1.549819       0.438794       0.763921
16.666568       8.326861      24.278339       1.479171       0.705090       0.572499
16.666568       8.497952      23.460087       1.393234       0.702179       0.566420
16.672972       8.808276      22.692585       1.284583       0.727098       0.549619
16.676814       9.210629      21.958406       1.167746       0.727098       0.549619
16.666568       9.628087      21.291021       1.071229       0.716021       0.523201
16.666568       9.999357      20.675257       1.002311       0.715915       0.519350
16.666568      10.294807      20.119631       0.957608       0.713335       0.515575
16.666568      10.493772      19.593859       0.925105       0.709645       0.513363
16.666568      10.590316      19.098558       0.904313       0.707991       0.511915
16.666568      10.572634      18.614841       0.891724       0.705675       0.509738
16.666568      10.461623      18.159876       0.895074       0.618960       0.501131
16.666568      10.280001      17.717693       0.918322       0.582319       0.474493
16.666568      10.058778      17.302818       0.948395       0.610631       0.489540
16.666568       9.822664      16.899006       0.977404       0.693795       0.486172
16.666568       9.620160      16.519436       0.971157       0.591524       0.479409
16.666568       9.441312      16.147512       0.916998       0.583583       0.510506
16.666568       9.279382      15.790947       0.834727       0.581663       0.509761
16.666568       9.131552      15.439030       0.753133       0.577734       0.508390
16.666568       8.994212      15.101282       0.688432       0.573465       0.507568
16.666568       8.881335      14.776243       0.625493       0.573465       0.507568
16.666568       8.786071      14.469874       0.564577       0.526150       0.506745
16.666568       8.693166      14.181011       0.513835       0.525301       0.506661
16.666568       8.594928      13.907746       0.475364       0.524722       0.506561
16.666568       8.510266      13.652531       0.449033       0.522239       0.506205
16.666568       8.455421      13.430667       0.421779       0.519514       0.505551
16.666568       8.439058      13.241095       0.419638       0.518276       0.505445
16.666568       8.432696      13.086090       0.436371       0.515489       0.504359
16.666568       8.435696      12.959346       0.453399       0.514208       0.503870
16.666568       8.445335      12.867605       0.455815       0.514208       0.503870
16.672972       8.472385      12.815361       0.440982       0.511713       0.503258
16.666568       8.518111      12.804742       0.410540       0.509791       0.502801
16.666568       8.572839      12.823569       0.366133       0.509054       0.502609
16.666568       8.621083      12.866786       0.315722       0.507510       0.502392
16.666568       8.660999      12.916079       0.248520       0.506887       0.502327
16.666568       8.690192      12.964617       0.175171       0.505642       0.502245
16.666568       8.724252      13.002910       0.095034       0.504597       0.502174
16.666568       8.749531      13.033680       0.019389       0.503647       0.502098
16.667337       8.755601      13.053024      -0.044153       0.503237       0.502102
16.666568       8.742510      13.059303      -0.086875       0.502981       0.502304
16.666568       8.723720      13.046474      -0.118455       0.502524       0.502372
16.666568       8.717631      13.018779      -0.138337       0.502486       0.502466
16.666568       8.737488      12.973922      -0.155365       0.502068       0.502438
16.666568       8.748769      12.923847      -0.169114       0.501959       0.502606
16.677071       8.748575      12.872826      -0.155313       0.501888       0.502680
16.666568       8.745346      12.822655      -0.117175       0.501812       0.502930
16.666568       8.766040      12.761425      -0.074197       0.501730       0.503118
16.666568       8.802847      12.697055      -0.044312       0.501748       0.503216
16.666568       8.850209      12.626936      -0.034020       0.501818       0.503384
16.666568       8.890523      12.561364      -0.025588       0.501861       0.503454
16.666568       8.919128      12.504484      -0.015024       0.501875       0.503646
16.666568       8.939778      12.456497       0.003734       0.501964       0.503884
16.677327       8.962396      12.412668       0.014915       0.502282       0.504245
16.666568       8.994092      12.373592       0.008474       0.502282       0.504245
16.666568       9.024167      12.342708      -0.007929       0.503374       0.505091
16.666568       9.041376      12.324765      -0.028185       0.503924       0.505742
16.666568       9.036727      12.323581      -0.039413       0.504226       0.506034
16.666568       9.013680      12.336943      -0.039771       0.504789       0.506627
16.671435       8.981873      12.350060      -0.038049       0.505344       0.507194
16.675278       8.966498      12.356694      -0.050352       0.505624       0.507458
16.666568       8.971718      12.347090      -0.089235       0.506140       0.507958
16.666568       8.973051      12.332806      -0.137653       0.506655       0.508413
16.666568       8.967114      12.311839      -0.181704       0.506921       0.508617
16.666568       8.951899      12.293698      -0.208909       0.507440       0.509032
16.666568       8.940961      12.272313      -0.224481       0.507965       0.509410
16.669898       8.942332      12.244357      -0.239687       0.508233       0.509581
16.666568       8.958208      12.210807      -0.251831       0.508766       0.509854
16.666568       8.982411      12.172208      -0.256861       0.509270       0.510127
16.666568       9.009795      12.128598      -0.261213       0.509515       0.510240
16.666568       9.038581      12.084158      -0.259047       0.510045       0.510454
16.666568       9.063437      12.047929      -0.248362       0.510606       0.510679
16.666568       9.085356      12.013124      -0.238287       0.510888       0.510781
16.666568       9.113530      11.976024      -0.240105       0.511427       0.510967
16.666568       9.144835      11.933515      -0.263582       0.511955       0.511119
16.674509       9.175740      11.884102      -0.307556       0.512237       0.511188
16.666568       9.199518      11.827070      -0.363528       0.512805       0.511298
16.666568       9.211556      11.766080      -0.415506       0.513089       0.511352
16.673997       9.218954      11.703879      -0.455245       0.513660       0.511430
16.666568       9.221031      11.640988      -0.492838       0.514225       0.511537
16.673741       9.228774      11.573244      -0.539386       0.514795       0.511612
16.666568       9.231059      11.500054      -0.588777       0.515081       0.511624
16.666568       9.214457      11.430423      -0.633250       0.515654       0.511658
16.674509       9.188391      11.361685      -0.681679       0.516217       0.511680
16.666568       9.171535      11.284129      -0.736508       0.516502       0.511685
16.666568       9.192568      11.194664      -0.790603       0.517054       0.511709
16.666568       9.204264      11.097795      -0.844214       0.546282       0.513336
16.666568       9.192224      10.997788      -0.894942       0.546480       0.513213
16.666568       9.163348      10.900466      -0.935848       0.546397       0.513397
16.667081       9.139030      10.794031      -0.973843       0.546197       0.513110
16.666568       9.127760      10.683532      -1.007410       0.544739       0.513362
16.666568       9.121796      10.566189      -1.043804       0.545282       0.513288
16.666568       9.111071      10.446307      -1.077956       0.545796       0.511635
16.666568       9.086597      10.319627      -1.106724       0.411510       0.558627
16.666568       9.045465      10.188064      -1.132294       0.498254       0.661818
16.666568       8.995882      10.052000      -1.157156       0.498254       0.661818
16.666568       8.960508       9.915414      -1.188749       0.498254       0.661818
16.666568       8.953174       9.778599      -1.226556       0.498254       0.661818
16.666568       8.951230       9.650038      -1.264764       0.498254       0.661818
16.666568       8.950578       9.522614      -1.310060       0.498254       0.661818
16.666568       8.945777       9.395195      -1.363980       0.506140       0.731864
16.666568       8.944519       9.266257      -1.422321       0.506428       0.719584
16.666568       8.944049       9.137894      -1.486288       0.669112       0.649129
16.666568       8.944257       9.006920      -1.554496       0.625855       0.583465
16.666568       8.943694       8.877534      -1.621220       0.621895       0.574582
16.666568       8.935484       8.744006      -1.691394       0.619859       0.567211
16.666568       8.922811       8.613193      -1.755378       0.416791       0.544618
16.666568       8.900096       8.478923      -1.816470       0.590406       0.488495
16.666568       8.878818       8.350548      -1.864801       0.589740       0.488151
16.666568       8.850109       8.220517      -1.907479       0.591448       0.484815
16.666568       8.815502       8.096426      -1.947611       0.591488       0.483064
16.666568       8.774740       7.977367      -1.976680       0.590248       0.483924
16.666568       8.733494       7.860900      -1.996760       0.588532       0.484589
16.666568       8.693640       7.747653      -2.025258       0.587272       0.485941
16.666568       8.662641       7.639802      -2.065993       0.586558       0.486234
16.666568       8.637346       7.540146      -2.113784       0.585725       0.486787
16.666568       8.603576       7.450194      -2.166276       0.585221       0.487272
16.666568       8.562543       7.367184      -2.219321       0.584490       0.488065
16.666568       8.518075       7.302296      -2.261772       0.583866       0.488619
16.679888       8.474762       7.245252      -2.295330       0.583502       0.488866
16.666825       8.435433       7.201061      -2.312279       0.582639       0.489161
16.666568       8.401707       7.160778      -2.323679       0.581743       0.489380
16.666568       8.355482       7.125788      -2.332064       0.581050       0.489632
16.666568       8.308790       7.091419      -2.334515       0.580678       0.489780
16.674765       8.261849       7.060238      -2.332385       0.580019       0.490014
16.671691       8.219714       7.031263      -2.324189       0.579730       0.490138
16.666568       8.192456       7.010648      -2.312618       0.579148       0.490301
16.666568       8.167092       6.991183      -2.308969       0.578610       0.490375
16.666568       8.142748       6.981222      -2.304641       0.578353       0.490435
16.666568       8.117279       6.972427      -2.305610       0.577885       0.490453
16.666568       8.093610       6.972394      -2.305151       0.577319       0.490449
16.666568       8.070787       6.974073      -2.303429       0.577062       0.490405
16.666568       8.053295       6.980861      -2.305554       0.576524       0.490318
16.666568       8.049298       6.981206      -2.312852       0.576076       0.490248
16.666568       8.049906       6.980803      -2.331124       0.575633       0.490196
16.666568       8.055861       6.975282      -2.359232       0.575434       0.490123
16.666568       8.069755       6.974531      -2.380776       0.575079       0.490011
16.666568       8.080180       6.967238      -2.402363       0.574887       0.489957
16.666568       8.087877       6.958225      -2.412677       0.574463       0.489891
16.667593       8.100035       6.946533      -2.421388       0.574079       0.489811
16.671691       8.117062       6.934309      -2.435900       0.573678       0.489673
16.666568       8.138879       6.911995      -2.466357       0.573464       0.489622
16.666568       8.155990       6.893843      -2.499573       0.573139       0.489548
16.675021       8.158587       6.877075      -2.530837       0.572789       0.489462
16.666568       8.146181       6.857165      -2.565225       0.572597       0.489403
16.666568       8.147950       6.825763      -2.600080       0.572210       0.489327
16.666568       8.154491       6.782878      -2.647221       0.572032       0.489283
16.666568       8.170621       6.744752      -2.693479       0.571637       0.489227
16.666568       8.176757       6.711783      -2.739556       0.571252       0.489198
16.666568       8.167784       6.675864      -2.779015       0.570892       0.489159
16.666568       8.160002       6.636005      -2.803366       0.570704       0.489145
16.666568       8.164466       6.591331      -2.824982       0.570374       0.489156
16.666568       8.195541       6.551407      -2.849239       0.570028       0.489136
16.666568       8.257936       6.522270      -2.886165       0.569839       0.489116
16.666568       8.322051       6.514004      -2.930753       0.569903       0.489158
16.666568       8.375072       6.520341      -2.970770       0.559849       0.650641
16.666568       8.420031       6.537598      -3.005968       0.819488       0.480559
16.666568       8.455081       6.555686      -3.050837       0.835941       0.472584
16.666568       8.478008       6.578255      -3.093965       0.844500       0.469605
16.666568       8.490649       6.600112      -3.120565       0.844500       0.469605
16.676302       8.504948       6.618144      -3.127334       0.786962       0.500769
16.666568       8.515255       6.626866      -3.129232       0.787035       0.501327
16.666568       8.517492       6.624910      -3.135813       0.786694       0.501772
16.666568       8.518507       6.616053      -3.143824       0.786702       0.501646
16.666568       8.514444       6.602236      -3.142940       0.785781       0.501999
16.666568       8.505569       6.576840      -3.141013       0.785500       0.502175
16.673228       8.495558       6.545111      -3.142541       0.784618       0.502449
16.666568       8.483268       6.508518      -3.143235       0.784254       0.502540
16.666568       8.491281       6.468914      -3.140661       0.783735       0.502827
16.666568       8.495701       6.420125      -3.146150       0.783291       0.503194
16.666568       8.500061       6.366445      -3.162906       0.783019       0.503441
16.666568       8.509218       6.308366      -3.194886       0.782777       0.503648
16.666568       8.514883       6.261698      -3.218677       0.782540       0.503797
16.666568       8.510935       6.217268      -3.228093       0.782334       0.503875
16.668362       8.508329       6.179264      -3.232765       0.782420       0.503783
16.666568       8.511242       6.130856      -3.264265       0.782437       0.503631
16.666568       8.515193       6.079548      -3.295617       0.782292       0.503564
16.666568       8.515276       6.021316      -3.331379       0.782310       0.503417
16.666568       8.512042       5.971448      -3.350216       0.782256       0.503188
16.666568       8.499912       5.923763      -3.361778       0.782058       0.503155
16.666568       8.495643       5.881058      -3.372412       0.781961       0.503109
16.666568       8.507888       5.837157      -3.388767       0.781854       0.503131
16.666568       8.525140       5.801950      -3.404078       0.780296       0.503573
16.666568       8.553236       5.774218      -3.410995       0.623828       0.505010
16.666568       8.588204       5.754403      -3.394862       0.545547       0.511070
16.669130       8.620178       5.726512      -3.372753       0.534145       0.514314
16.666568       8.615007       5.705905      -3.369461       0.534145       0.514314
16.666568       8.603193       5.693914      -3.382423       0.528334       0.517859
16.666568       8.616391       5.694415      -3.393267       0.527803       0.519438
16.666568       8.641159       5.696182      -3.402609       0.526926       0.519921
16.673228       8.667768       5.700248      -3.400372       0.526051       0.520659
16.666568       8.676104       5.702362      -3.395078       0.525296       0.521079
16.666568       8.677791       5.707083      -3.384422       0.524945       0.521322
16.672204       8.668851       5.711139      -3.377455       0.524197       0.521746
16.666568       8.672025       5.719244      -3.361125       0.523535       0.521928
16.666568       8.681785       5.723053      -3.350479       0.523118       0.522001
16.666568       8.692691       5.735463      -3.335840       0.523479       0.522384
16.666568       8.702134       5.747307      -3.334033       0.523406       0.522599
16.666568       8.707537       5.771625      -3.327584       0.523458       0.522802
16.666568       8.713881       5.797953      -3.313395       0.522110       0.650197
16.666568       8.720136       5.825209      -3.288906       0.522110       0.650197
16.666568       8.731586       5.845716      -3.272161       0.522110       0.650197
16.673997       8.747128       5.863080      -3.267443       0.522110       0.650197
16.666568       8.763540       5.887062      -3.259171       0.522110       0.650197
16.666568       8.770051       5.911872      -3.221262       0.522110       0.650197
16.666568       8.768397       5.921588      -3.198191       0.522110       0.650197
16.666568       8.773101       5.917120      -3.203751       0.522110       0.650197
16.666568       8.781010       5.899462      -3.229412       0.522110       0.650197
16.666568       8.788411       5.887775      -3.248647       0.590467       0.730668
16.666568       8.787202       5.884552      -3.257876       0.581104       0.723240
16.671691       8.776591       5.891418      -3.247008       0.548271       0.697149
16.666568       8.763490       5.893954      -3.227150       0.548271       0.697149
16.666568       8.747890       5.897155      -3.210086       0.514365       0.674211
16.666568       8.728761       5.896214      -3.203490       0.515795       0.666972
16.666825       8.708015       5.897873      -3.194188       0.515795       0.666972
16.666568       8.675404       5.900627      -3.188624       0.666229       0.594946
16.666568       8.649017       5.904020      -3.172834       0.597975       0.575444
16.666568       8.630018       5.904317      -3.176887       0.590890       0.567409
16.666568       8.615060       5.923680      -3.200178       0.566576       0.546653
16.678864       8.601326       5.951616      -3.220714       0.567781       0.544182
16.666568       8.593806       5.983888      -3.220757       0.572573       0.543593
16.666568       8.578833       6.012825      -3.215531       0.568731       0.542479
16.677839       8.563929       6.040763      -3.205661       0.568731       0.542479
16.666568       8.545938       6.063864      -3.199939       0.568950       0.537529
16.666568       8.539952       6.087810      -3.198761       0.426921       0.535152
16.666568       8.534631       6.105124      -3.210525       0.596570       0.527364
16.666568       8.534946       6.127548      -3.221530       0.594367       0.524092
16.666568       8.541845       6.146922      -3.233039       0.595853       0.523236
16.666568       8.547423       6.163418      -3.245267       0.596072       0.523068
16.666568       8.554653       6.175748      -3.259778       0.596740       0.522428
16.666568       8.570254       6.188279      -3.276310       0.596194       0.521135
16.666568       8.584755       6.194835      -3.294454       0.596642       0.520686
16.666568       8.595671       6.200754      -3.316857       0.595852       0.520990
16.666568       8.609530       6.203152      -3.340441       0.382977       0.492799
16.666568       8.614886       6.211394      -3.349501       0.380592       0.491595
16.666568       8.606581       6.214968      -3.354788       0.533211       0.628816
16.666568       8.596676       6.220860      -3.367018       0.533211       0.628816
16.666568       8.590989       6.222370      -3.387620       0.533238       0.623495
16.666568       8.581653       6.224034      -3.407197       0.527991       0.623172
16.666568       8.569510       6.227858      -3.420958       0.528983       0.621620
16.666568       8.553221       6.239942      -3.424478       0.528983       0.621620
16.666568       8.535366       6.258534      -3.419230       0.552645       0.621609
16.666568       8.516264       6.284182      -3.408341       0.503816       0.529454
16.666568       8.501886       6.315986      -3.398447       0.518796       0.494978
16.666568       8.494116       6.358567      -3.381727       0.515910       0.500122
16.666568       8.493237       6.404893      -3.368790       0.441614       0.461389
16.666568       8.499746       6.459837      -3.350604       0.505045       0.519995
16.666568       8.510993       6.517700      -3.335641       0.506812       0.511566
16.666568       8.526905       6.580965      -3.322937       0.506197       0.513650
16.666568       8.538431       6.640601      -3.337244       0.508985       0.509969
16.676046       8.556366       6.706092      -3.358698       0.508641       0.512242
16.666568       8.569599       6.773216      -3.377271       0.508029       0.513086
16.666568       8.569513       6.840015      -3.381074       0.508029       0.513086
16.666568       8.567625       6.887965      -3.373641       0.507853       0.513739
16.666568       8.553398       6.918324      -3.373112       0.508205       0.513769
16.666568       8.542655       6.929575      -3.385669       0.508116       0.513680
16.666568       8.539409       6.935184      -3.400306       0.508127       0.513708
16.666568       8.542204       6.931566      -3.409774       0.508210       0.513464
16.666568       8.536105       6.930781      -3.430789       0.508210       0.513464
16.674509       8.527558       6.938005      -3.450732       0.508345       0.513444
16.670411       8.516563       6.944581      -3.431502       0.467971       0.428917
16.666568       8.514962       6.939692      -3.397345       0.467971       0.428917
16.666568       8.511061       6.924970      -3.375403       0.532669       0.510187
16.666568       8.514768       6.899521      -3.364139       0.544307       0.510319
16.666568       8.521333       6.868327      -3.345947       0.543049       0.510020
16.666568       8.504587       6.834318      -3.341570       0.541604       0.509242
16.666568       8.479440       6.812250      -3.351952       0.542017       0.509224
16.666568       8.450413       6.794074      -3.361626       0.541630       0.509014
16.666568       8.421497       6.776846      -3.367509       0.541349       0.508608
16.666568       8.405704       6.755494      -3.377828       0.541017       0.508484
16.666568       8.393084       6.738871      -3.366739       0.540620       0.508440
16.667337       8.375327       6.718507      -3.341532       0.540376       0.508256
16.666568       8.353565       6.696999      -3.310710       0.540347       0.508148
16.666568       8.326515       6.676604      -3.279779       0.540159       0.508047
16.666568       8.301135       6.661325      -3.254551       0.540080       0.507964
16.666568       8.286740       6.651395      -3.231894       0.540322       0.508013
16.666568       8.282436       6.653148      -3.217280       0.540393       0.508013
16.666568       8.282101       6.661752      -3.201444       0.540869       0.507902
16.666568       8.284638       6.677269      -3.187558       0.540967       0.507703
16.666568       8.289778       6.691783      -3.189062       0.541014       0.507602
16.666568       8.299590       6.706024      -3.204792       0.541175       0.507462
16.666568       8.316145       6.722629      -3.225395       0.541277       0.507367
16.666568       8.333003       6.739285      -3.243433       0.541347       0.507305
16.666568       8.347278       6.752931      -3.257506       0.542074       0.507415
16.666568       8.359388       6.765299      -3.270781       0.542718       0.507496
16.666568       8.366999       6.771603      -3.284035       0.542933       0.507539
16.666568       8.367779       6.773199      -3.291577       0.543075       0.507509
16.666568       8.363808       6.767680      -3.299649       0.543139       0.507450
16.666568       8.363486       6.759475      -3.304600       0.543639       0.507487
16.669898       8.361794       6.742535      -3.316910       0.544147       0.507511
16.666568       8.354560       6.722287      -3.331729       0.544764       0.507586
16.666568       8.337654       6.697253      -3.338807       0.545086       0.507612
16.666568       8.314681       6.665066      -3.345199       0.589749       0.510802
16.666568       8.282207       6.622131      -3.360871       0.591579       0.511125
16.666568       8.230203       6.581221      -3.369677       0.626276       0.632991
16.666568       8.171136       6.541617      -3.368848       0.627223       0.632449
16.666568       8.104585       6.511882      -3.367252       0.627908       0.631980
16.666568       8.033166       6.488687      -3.384675       0.627908       0.631980
16.671691       7.958315       6.473214      -3.420070       0.627908       0.631980
16.666568       7.884691       6.464406      -3.463338       0.628663       0.632036
16.666568       7.813310       6.466739      -3.502499       0.553577       0.493260
16.666568       7.743145       6.481043      -3.539449       0.554647       0.492012
16.670155       7.689692       6.501177      -3.568854       0.554498       0.491497
16.666568       7.644741       6.525263      -3.593445       0.554603       0.491098
16.666568       7.608472       6.552747      -3.607394       0.554841       0.490552
16.666568       7.575090       6.575678      -3.624780       0.554990       0.490381
16.666568       7.552552       6.599418      -3.642855       0.555156       0.490252
16.666568       7.552209       6.622267      -3.659389       0.555311       0.490070
16.666568       7.559998       6.650978      -3.670480       0.555606       0.489950
16.666568       7.581017       6.675015      -3.673826       0.555726       0.489843
16.666568       7.605666       6.689368      -3.698251       0.555964       0.489711
16.666568       7.624603       6.694754      -3.738901       0.556147       0.489659
16.666568       7.637629       6.701914      -3.779607       0.556218       0.489656
16.666568       7.640622       6.709980      -3.810780       0.556387       0.489583
16.666568       7.645066       6.710914      -3.819057       0.556485       0.489550
16.672716       7.638163       6.691794      -3.826693       0.556628       0.489472
16.666568       7.615005       6.661278      -3.841038       0.556813       0.489345
16.666568       7.586011       6.617590      -3.860118       0.557022       0.489364
16.666568       7.561214       6.577367      -3.879636       0.557091       0.489402
16.666568       7.551079       6.534300      -3.894442       0.557149       0.489382
16.666568       7.529859       6.492593      -3.908134       0.557169       0.489391
16.666568       7.492657       6.451212      -3.920860       0.557194       0.489405
16.666568       7.463415       6.415320      -3.910841       0.557169       0.489498
16.666568       7.461617       6.378963      -3.917861       0.557129       0.489557
16.666568       7.472183       6.361748      -3.934154       0.557091       0.489622
16.666568       7.490797       6.358239      -3.943804       0.556983       0.489763
16.666568       7.514849       6.372952      -3.914578       0.556901       0.489898
16.666568       7.541642       6.377604      -3.876062       0.556829       0.489998
16.666568       7.576802       6.367300      -3.866431       0.556739       0.490142
16.666568       7.612285       6.345198      -3.876126       0.556694       0.490228
16.666568       7.652939       6.325369      -3.885338       0.556563       0.490398
16.666568       7.690989       6.304461      -3.882031       0.556438       0.490635
16.666568       7.722314       6.288902      -3.875369       0.556266       0.490811
16.666568       7.748596       6.278902      -3.865594       0.556191       0.490918
16.666568       7.773387       6.276809      -3.848580       0.556031       0.491142
16.666568       7.792282       6.278108      -3.835020       0.555936       0.491249
16.666568       7.808140       6.278631      -3.825277       0.555747       0.491451
16.666568       7.819533       6.276066      -3.822018       0.555571       0.491683
16.666568       7.826835       6.276830      -3.809800       0.555393       0.491861
16.666568       7.831676       6.275129      -3.796044       0.555318       0.491957
16.666568       7.832263       6.274979      -3.788755       0.555172       0.492097
16.666568       7.834736       6.269816      -3.793576       0.555077       0.492191
16.668105       7.832297       6.265735      -3.795772       0.555003       0.492275
16.666568       7.834103       6.259585      -3.796532       0.554858       0.492437
16.666568       7.842193       6.260418      -3.787052       0.554724       0.492622
16.666568       7.851687       6.265878      -3.773580       0.554655       0.492718
16.666568       7.860955       6.270811      -3.756351       0.554512       0.492868
16.666568       7.863108       6.273044      -3.745516       0.554392       0.493032
16.666568       7.871150       6.275209      -3.741947       0.554339       0.493120
16.666568       7.890025       6.274174      -3.739794       0.554201       0.493270
16.666568       7.916480       6.275981      -3.738163       0.554067       0.493397
16.666568       7.941643       6.272277      -3.735766       0.554004       0.493474
16.666568       7.960161       6.266560      -3.731797       0.553901       0.493598
16.666568       7.974412       6.255685      -3.723991       0.553783       0.493761
16.666568       7.976362       6.243545      -3.716522       0.553730       0.493842
16.666568       7.977810       6.226017      -3.726233       0.553680       0.493914
16.666568       7.970968       6.219360      -3.730148       0.553567       0.494072
16.666568       7.963009       6.214875      -3.718168       0.553511       0.494134
16.666568       7.948370       6.217177      -3.699807       0.553415       0.494272
16.666568       7.919637       6.213868      -3.700046       0.553327       0.494393
16.666568       7.881289       6.207710      -3.716339       0.553273       0.494437
16.666568       7.836412       6.198196      -3.731548       0.553181       0.494512
16.666568       7.793897       6.194217      -3.740473       0.553077       0.494577
16.666568       7.743501       6.197016      -3.750762       0.553025       0.494606
16.666568       7.690204       6.218237      -3.767983       0.552935       0.494670
16.668874       7.638453       6.260485      -3.782170       0.552842       0.494697
16.666568       7.607980       6.308269      -3.758992       0.552812       0.494711
16.666568       7.579002       6.339998      -3.697340       0.552770       0.494728
16.666568       7.543757       6.347101      -3.640639       0.552726       0.494723
16.666568       7.531091       6.340803      -3.635371       0.552677       0.494729
16.666568       7.537800       6.356998      -3.668678       0.552631       0.494727
16.666568       7.555882       6.395708      -3.706762       0.552572       0.494712
16.666568       7.567866       6.458280      -3.708636       0.490313       0.518207
16.666568       7.564169       6.517269      -3.692879       0.486833       0.575395
16.666568       7.557860       6.562022      -3.699031       0.562777       0.710213
16.666568       7.556493       6.598376      -3.723780       0.562777       0.710213
16.666568       7.557611       6.627328      -3.748580       0.562777       0.710213
16.666568       7.562050       6.646422      -3.776372       0.562777       0.710213
16.666568       7.563075       6.659601      -3.808948       0.562777       0.710213
16.666568       7.554460       6.667089      -3.842236       0.562777       0.710213
16.666568       7.535985       6.679198      -3.864262       0.562777       0.710213
16.666568       7.507986       6.683639      -3.884697       0.562777       0.710213
16.666568       7.472729       6.682682      -3.896359       0.562777       0.710213
16.666568       7.408372       6.680189      -3.908640       0.562777       0.710213
16.669130       7.387194       6.670874      -3.924275       0.562777       0.710213
16.666568       7.402509       6.660258      -3.936366       0.607592       0.687719
16.666568       7.431974       6.651782      -3.960167       0.601674       0.678521
16.668874       7.468000       6.648047      -4.000532       0.601674       0.678521
16.666568       7.496520       6.654154      -4.037081       0.601674       0.678521
16.666568       7.505096       6.667157      -4.066184       0.601674       0.678521
16.666568       7.499287       6.684271      -4.085863       0.625209       0.551359
16.666568       7.481446       6.702015      -4.105937       0.626708       0.546166
16.666568       7.459471       6.711553      -4.134674       0.691338       0.511412
16.666568       7.432194       6.716662      -4.167804       0.632161       0.514116
16.666568       7.390380       6.729223      -4.192450       0.704619       0.488739
16.669130       7.345370       6.746817      -4.207713       0.630714       0.516521
16.666568       7.304240       6.769881      -4.219513       0.630900       0.515449
16.666568       7.265211       6.798837      -4.227565       0.630830       0.514122
16.666568       7.235242       6.831970      -4.241082       0.631360       0.513633
16.666568       7.202302       6.865180      -4.263957       0.631838       0.512248
16.666568       7.175635       6.900599      -4.287706       0.630501       0.511564
16.666568       7.150859       6.934608      -4.311676       0.630501       0.511564
16.672716       7.119429       6.967518      -4.326069       0.630035       0.510999
16.666568       7.091779       7.000823      -4.333987       0.625611       0.509254
16.666568       7.073243       7.032027      -4.339550       0.500192       0.667450
16.666568       7.053722       7.057745      -4.344180       0.327325       0.613298
16.666568       7.038843       7.081004      -4.346493       0.461697       0.472868
16.666568       7.035909       7.097968      -4.345560       0.463308       0.472577
16.666568       7.033723       7.115985      -4.336840       0.461942       0.472376
16.666568       7.031899       7.129883      -4.323151       0.463643       0.473613
16.666568       7.022416       7.135734      -4.308509       0.462910       0.475153
16.666568       7.027288       7.132904      -4.295850       0.462910       0.475153
16.666568       7.014849       7.121389      -4.284167       0.463200       0.480171
16.666568       6.990579       7.101343      -4.283245       0.463200       0.480171
16.666568       6.982474       7.077171      -4.286485       0.463200       0.480171
16.666568       6.981915       7.050473      -4.296340       0.652304       0.637361
16.666568       6.976229       7.031409      -4.302387       0.652304       0.637361
16.666568       6.959841       7.016758      -4.306489       0.652304       0.637361
16.666568       6.946026       7.006615      -4.312665       0.652304       0.637361
16.666568       6.924634       6.994933      -4.324343       0.652304       0.637361
16.666568       6.901105       6.990571      -4.318909       0.652304       0.637361
16.666568       6.877085       6.993351      -4.307072       0.583921       0.655611
16.666568       6.844583       6.999675      -4.304906       0.448101       0.564863
16.666568       6.822428       7.008254      -4.310959       0.448101       0.564863
16.666568       6.803385       7.020773      -4.322890       0.540448       0.636690
16.666568       6.779302       7.038789      -4.330753       0.538613       0.631016
16.666568       6.759445       7.062751      -4.326081       0.538613       0.631016
16.666568       6.735545       7.091723      -4.308926       0.487166       0.526927
16.666568       6.722116       7.124008      -4.285518       0.486034       0.524232
16.666568       6.721358       7.152781      -4.267134       0.486589       0.524195
16.676558       6.720456       7.181450      -4.249740       0.487585       0.524330
16.666568       6.715110       7.202439      -4.237778       0.488079       0.523892
16.666568       6.704689       7.223179      -4.222468       0.488491       0.522160
16.666568       6.685465       7.244164      -4.204143       0.489218       0.521257
16.666568       6.672038       7.265760      -4.187909       0.489938       0.521267
16.666568       6.659825       7.284868      -4.181597       0.490202       0.521303
16.666568       6.639557       7.305776      -4.180650       0.490845       0.520766
16.666568       6.617979       7.318295      -4.171937       0.491417       0.520910
16.666568       6.602769       7.331644      -4.157279       0.491605       0.520865
16.666568       6.584477       7.337150      -4.145901       0.492072       0.521147
16.666568       6.566368       7.345067      -4.130926       0.492399       0.521230
16.666568       6.552062       7.351989      -4.117674       0.492654       0.521019
16.666568       6.540779       7.355093      -4.114139       0.492929       0.520977
16.666568       6.536214       7.352984      -4.122126       0.493210       0.521130
16.666568       6.530006       7.352664      -4.137318       0.493356       0.521149
16.666568       6.524071       7.351172      -4.154839       0.493604       0.520963
16.666568       6.514849       7.354908      -4.156157       0.493740       0.521042
16.666568       6.508838       7.358517      -4.142341       0.493871       0.520993
16.666568       6.503675       7.354917      -4.130750       0.494124       0.520739
16.666568       6.499323       7.348205      -4.124638       0.494427       0.520874
16.666568       6.495187       7.338832      -4.117039       0.494427       0.520874
16.666568       6.494597       7.329687      -4.102291       0.494707       0.521102
16.669386       6.482631       7.320769      -4.082445       0.494707       0.521102
16.666568       6.464270       7.302303      -4.072130       0.494976       0.521136
16.666568       6.442168       7.277142      -4.066443       0.495219       0.521142
16.666568       6.417758       7.250434      -4.073483       0.495424       0.520941
16.666568       6.392540       7.234209      -4.082677       0.495424       0.520941
16.666568       6.369973       7.234866      -4.093091       0.495566       0.520979
16.666568       6.346922       7.249872      -4.080127       0.495696       0.521021
16.677327       6.324762       7.263279      -4.075670       0.495921       0.520943
16.666568       6.307921       7.277430      -4.063695       0.496039       0.520945
16.666568       6.291659       7.283701      -4.045508       0.496137       0.520917
16.666568       6.273814       7.284654      -4.044163       0.496239       0.520910
16.674253       6.259483       7.287497      -4.047915       0.479998       0.484220
16.666568       6.250866       7.297569      -4.041662       0.489550       0.496264
16.666568       6.248022       7.303583      -4.034121       0.492028       0.500703
16.666568       6.241531       7.303287      -4.033960       0.494779       0.506272
16.666568       6.233481       7.296163      -4.042812       0.495736       0.508485
16.666568       6.222840       7.289689      -4.046694       0.495693       0.508491
16.666568       6.212482       7.280501      -4.055017       0.496161       0.508866
16.666568       6.199232       7.275690      -4.061420       0.496882       0.510060
16.666568       6.204140       7.264885      -4.076749       0.497086       0.510409
16.666568       6.217473       7.250801      -4.098685       0.497521       0.511435
16.666568       6.235912       7.230795      -4.128179       0.497693       0.512030
16.666568       6.264582       7.204786      -4.162084       0.497777       0.512439
16.666568       6.294788       7.173065      -4.192609       0.497908       0.512949
16.666568       6.323843       7.137158      -4.220248       0.497977       0.513279
16.666568       6.361807       7.093364      -4.240588       0.498012       0.513264
16.666568       6.392128       7.048179      -4.256784       0.497971       0.513433
16.666568       6.422986       7.000580      -4.281474       0.497901       0.513735
16.666568       6.442919       6.960932      -4.305228       0.497878       0.513848
16.666568       6.458169       6.926590      -4.318542       0.497692       0.513990
16.666568       6.474849       6.904552      -4.312877       0.497502       0.514027
16.666568       6.480073       6.883152      -4.303998       0.497282       0.513848
16.666568       6.486578       6.867231      -4.306335       0.497240       0.513731
16.666568       6.486238       6.849015      -4.328464       0.497098       0.513839
16.666568       6.494990       6.837633      -4.340024       0.496981       0.513875
16.666568       6.505963       6.828021      -4.339332       0.496746       0.513829
16.666568       6.511466       6.824656      -4.314314       0.496642       0.514109
16.666568       6.511763       6.819582      -4.272262       0.496549       0.514000
16.666568       6.509437       6.811145      -4.236982       0.496284       0.513783
16.666568       6.513700       6.803052      -4.219257       0.496138       0.513726
16.666568       6.518371       6.806603      -4.211319       0.496107       0.513882
16.666568       6.523799       6.818824      -4.212417       0.496075       0.513960
16.666568       6.521437       6.840373      -4.216877       0.496018       0.513911
16.666568       6.509345       6.865692      -4.221088       0.496018       0.513911
16.666568       6.498209       6.898155      -4.227057       0.495909       0.513850
16.666568       6.487940       6.933866      -4.236520       0.495824       0.513757
16.666568       6.479233       6.969272      -4.244679       0.495824       0.513757
16.666568       6.466254       6.997041      -4.251326       0.496491       0.513429
16.666568       6.455316       7.020340      -4.255146       0.543785       0.496069
16.666568       6.447241       7.038024      -4.257063       0.547514       0.494508
16.666568       6.442025       7.053158      -4.262614       0.549978       0.492498
16.666568       6.435585       7.062260      -4.274638       0.551040       0.491840
16.666568       6.434615       7.073658      -4.282939       0.551412       0.491545
16.666568       6.435856       7.077690      -4.298275       0.551755       0.491134
16.666568       6.431274       7.087923      -4.317051       0.551067       0.491560
16.666568       6.434011       7.098138      -4.338891       0.551067       0.491560
17.0171
