0.03336666666666667,-0.9984561648849859,0.0260257987296079,-0.049070812135643065
0.23336666666666667,-0.9988401393236727,0.02150967016273835,-0.043077954516858655
0.4333666666666667,-0.9788617436581406,0.03180977922042983,0.20203421677649733
0.6333666666666667,-0.9773489982402899,0.01121382896249998,0.21133666430296064
0.8333666666666667,-0.9751237582939105,-0.011410390730749634,0.2213672491452395
1.0333666666666668,-0.9595811762364752,0.011228587020372783,0.28120790359829617
1.233366666666667,-0.9441337732563259,0.038667580492851746,0.32728616899527213
1.433366666666667,-0.9284371303055375,0.055706028912291664,0.3672891686571249
1.6333666666666669,-0.9321989226353136,-0.20261168503592836,0.29992277960245406
1.8333666666666668,-0.9396558194277691,-0.18571692163326997,0.28732588820812804
2.0333666666666668,-0.988815172295133,0.1486894798313326,0.011661630522084333
2.233366666666667,-0.9810597448428653,0.19370258630794807,-0.0010416844360309923
2.433366666666667,-0.9818701838882051,0.18910332496663387,0.013071896492305668
2.633366666666667,-0.9409067964640037,0.2559281716370084,0.2217998451991898
2.833366666666667,-0.9206167243550727,0.3229703230095261,0.21944251477974544
3.0333666666666668,-0.9741725701173465,0.030295786061728575,0.2237631984439477
3.233366666666667,-0.9696538800552519,-0.02241609717832311,0.24345199009473648
3.433366666666667,-0.9732407532131198,0.007342900712624072,0.2296704554231656
3.633366666666667,-0.9753555050325436,0.01778883732699834,0.21992088593233977
3.833366666666667,-0.9769158507166894,0.01696489174011432,0.21294979001335732
4.033366666666667,-0.9638368429651751,-0.06544150056267696,0.2583330217897615
4.233366666666667,-0.961569499171719,-0.08935380449648574,0.2596150917890824
4.433366666666667,-0.992764299711513,0.10698653498541433,0.05452454997634692
4.633366666666667,-0.9923947183020033,0.12046617674731382,0.02531053824343103
4.8333666666666675,-0.866351130910163,0.4994353802710223,-0.0001374926198635974
5.033366666666667,-0.6900397198149538,0.7236536373570859,-0.013061325260449147
5.233366666666667,-0.44878915701550715,0.8935753348727556,-0.010555257095555312
5.433366666666667,-0.13077829779058087,0.990854785675753,0.0332239451368371
5.633366666666667,0.20613763067326857,0.9723089600785282,0.110102513011382
5.8333666666666675,-0.2494824952689777,0.9526797311358096,0.17366581251750812
6.033366666666667,0.5153163532248859,0.844948802337026,0.14321514420001052
6.233366666666667,0.7841032141372128,0.5591438544697984,0.26933306441718086
6.433366666666667,0.8569993995278639,0.42189252716583,0.29590323541744296
6.633366666666667,0.9209527675341387,0.188088305420001,0.34127523985112584
6.8333666666666675,0.9308523271263223,-0.05919277061452422,0.3605692180296138
7.033366666666667,0.9292097917556738,-0.1314552095524428,0.345381949132986
7.233366666666667,0.9381368200946942,-0.2083872378814431,0.2765394472236435
7.433366666666667,0.9317209728691962,-0.14814125164038416,0.33158739161508954
7.633366666666667,0.9286755457153163,-0.15956860637364864,0.3348127695449079
7.8333666666666675,0.9317090502816671,-0.1526068992841411,0.32958971451505303
8.033366666666666,0.9342873440971861,-0.13422222820995405,0.3302901029612924
8.233366666666667,0.9318201389177901,-0.12840061064147118,0.33944736247926305
8.433366666666666,0.9234863869890779,-0.118310371543271,0.3649322526595216
8.633366666666666,0.9134760250385593,-0.13861228971738687,0.3825548128295559
8.833366666666667,0.8983680178562368,-0.13624037263558658,0.4175804896749523
9.033366666666666,0.893415438367032,-0.15034277731798867,0.42332718291619054
9.233366666666667,0.9058698594258586,-0.14638059769348646,0.39745756805308563
9.433366666666666,0.9172922669679529,-0.13328565877987106,0.3752463592420444
9.633366666666667,0.9270127431760274,-0.11010422808708246,0.3585030445430057
9.833366666666667,0.9356876685544024,-0.11042690401977516,0.3351036940766761
10.033366666666666,0.9372771102724607,-0.2116605861412468,0.27696825600355246
10.233366666666667,0.7565177692592095,-0.6044792739468796,0.24957097620461188
10.433366666666666,0.7110281883381613,-0.6671180025126642,0.22224420377608362
10.633366666666667,0.9328317323048253,-0.018107529423639662,0.3598570224177242
10.833366666666667,0.9279979987686886,0.046553043191209155,0.36966542771937294
11.033366666666666,0.9351753213889924,0.011171798560966995,0.35400891116172156
11.233366666666667,0.9319405556358406,0.024429276320803772,0.3617872457945457
11.433366666666666,0.9309421653160933,0.029124729956188415,0.3640033446845827
11.633366666666667,0.9332745510777422,-0.007006964616414047,0.35909541177450793
11.833366666666667,0.9308175940356521,0.009864316485878055,0.3653509297838822
12.033366666666666,0.9314261634762732,-0.015634804044435707,0.3635943548714185
12.233366666666667,0.9339052357474843,-0.08557103534788145,0.3471290949386519
12.433366666666666,0.9317396783475532,-0.09164655192475225,0.3513717138773437
12.633366666666667,0.9271233858459111,-0.08300240339183658,0.36544880414196595
12.833366666666667,0.9237619280830085,-0.06975729100603754,0.37656051382993105
13.033366666666666,0.9248145407837556,-0.05498207202447049,0.3764240121336944
13.233366666666667,0.9262807776042712,-0.03946816081290216,0.3747615045904178
13.433366666666666,0.9261228526556813,-0.031145510370858696,0.3759340620010944
13.633366666666667,0.9265441672099687,-0.030631762598601862,0.37493679644613176
13.833366666666667,0.9289754784372068,-0.019244662613665406,0.36964064092473564
14.033366666666666,0.9304934848293658,-0.010955272943741205,0.3661445843991563
14.233366666666667,0.9315410876305772,-0.0127891805983345,0.363411115564267
14.433366666666666,0.932057481763095,-0.012732810696093203,0.36208662806187086
14.633366666666667,0.933453997009181,-0.011912177709766745,0.35849928241182744
14.833366666666667,0.9352405484445733,-0.004582626795369713,0.3539832143997063
15.033366666666666,0.9367071538334975,-0.007633749435095346,0.35003061841317695
15.233366666666667,0.9390183959387983,-0.003662304146756153,0.3438474074598546
15.433366666666666,0.8486987243207602,0.5122316155400543,0.1316405992752256
15.633366666666667,0.5951428040758269,0.8031340555474131,0.027941574342299373
15.833366666666667,0.44416338430621477,0.8915628276507233,0.08851334584737156
16.033366666666666,0.2740158721231656,0.9572449181067247,0.09272253546701013
16.233366666666665,-0.08748914585792777,0.9422784148908036,0.3231981407556752
16.433366666666668,0.38225217428516944,0.8922129726667016,0.24049799720477522
16.633366666666667,0.35806441323572835,0.898040172965359,0.2555654978953569
16.833366666666667,0.3480593025230413,0.8975523054179577,0.2706558349012323
17.033366666666666,0.36783551804126124,0.8702597210827246,0.32763554374996495
17.233366666666665,0.4005094092854186,0.8612860881292425,0.31269551878604124
17.433366666666668,0.3858274072871065,0.8649590054113849,0.3209098483123529
17.633366666666667,0.3794412057388537,0.8719128846445057,0.3095033004320658
17.833366666666667,-0.08189698191898875,0.9095822420234428,0.4073733292057396
18.033366666666666,-0.07314216509004534,0.8995246282382461,0.43070368802552184
18.233366666666665,-0.12653356386009262,0.9081802485817407,0.3989961068768365
18.433366666666668,-0.07895843236321215,0.9320651380503825,0.3535818779149537
18.633366666666667,-0.3835424846983713,0.8767114534758358,0.2902967271184559
18.833366666666667,-0.9782088075449814,-0.0696878556705645,0.19557896516104248
19.033366666666666,-0.9523066868086631,-0.25355629896836845,0.1697680108647383
19.23336666666667,-0.7436809825153466,0.064955538893897,0.6653716061059505
19.433366666666668,-0.7089525425815544,0.06676468904932092,0.7020888609451779
19.633366666666667,-0.48862103456250966,-0.6777655805801023,0.5494390797567824
19.833366666666667,-0.25107672482393106,-0.966642851236145,-0.05061695768953321
20.033366666666666,-0.14398298601598403,-0.9881833864378495,-0.052559437840832994
20.23336666666667,0.05728274719646281,-0.9965780011055433,0.05959005442274242
20.433366666666668,-0.5194407142314259,-0.8393861642919245,0.16003815668157562
20.633366666666667,-0.8253010387351204,-0.5335801159290039,0.1848525232392638
20.833366666666667,-0.6393313540643557,0.696219198653388,0.3263958442392798
21.033366666666666,0.004624172778216196,0.9579792093862564,0.2868003685663608
21.23336666666667,0.14403755522043277,0.8994916755445882,0.41251413104536194
21.433366666666668,0.14114126906706131,0.9077300976125152,0.3951015211999479
21.633366666666667,0.18621345243014242,0.8950679978916289,0.40518863419932966
21.833366666666667,0.10198437081575712,0.9066062976681285,0.40946820284095675
22.033366666666666,-0.006737696741799082,0.9096482249746214,0.41532482497815676
22.23336666666667,-0.0941764275527438,0.9149098083192975,0.39251858954009966
22.433366666666668,-0.20866508925461058,0.9173315970689078,0.33905990849018575
22.633366666666667,-0.2821199086927989,0.9256329402021186,0.2522142286468944
22.833366666666667,-0.37892285009722926,0.8726486836196012,0.3080612741828643
23.033366666666666,-0.45332340162560764,0.8420304625831176,0.2923740645485656
23.23336666666667,-0.9710996162065861,-0.06281991255136851,0.23025897157431127
23.433366666666668,-0.970491917234599,-0.03373589894752006,0.23876207342145975
23.633366666666667,-0.9681792660159173,0.0021205983835203145,0.2502487001352363
23.833366666666667,-0.9713257638094293,-0.003666598127410568,0.23772424491036048
24.033366666666666,-0.9733738712322042,0.009181878771334554,0.2290392977300212
24.23336666666667,-0.9746272579032532,0.00784912522948043,0.2236964447306167
24.433366666666668,-0.973968110768331,0.014225534306199633,0.2262382668340433
24.633366666666667,-0.9369552532625489,0.25951567152881855,0.23402236990223718
24.833366666666667,-0.9330788525039398,0.27731669063003156,0.22903997054649244
25.033366666666666,-0.9309710519661178,0.26974749401737386,0.24602680722321074
25.23336666666667,-0.9359488050022813,0.2614254077696998,0.23591649070645368
25.433366666666668,-0.9256908841821111,0.3044907014186334,0.22445890423801532
25.633366666666667,-0.9181625582607709,0.33155264553304703,0.21691094911985156
25.833366666666667,-0.9087416264828984,0.3505531115233908,0.2264976209554661
26.033366666666666,-0.984490292449933,0.046858424120464454,0.16906552623403773
26.23336666666667,-0.983777098444462,0.1624267482981147,-0.07615886037419828
26.433366666666668,-0.8102519197479436,0.12899306034316602,-0.5717102560983807
26.633366666666667,-0.6028555479942852,0.04267424232094181,-0.7967082887072554
26.833366666666667,-0.2907213424364763,0.23695263448981524,-0.927002993555182
27.033366666666666,-0.21200961689976458,0.11801968202325738,-0.9701150844086202
27.23336666666667,-0.08053185890480183,0.053047955717765244,-0.9953394064817807
27.433366666666668,0.011086156604800564,0.007181567749588685,-0.999912757302552
27.633366666666667,0.03420826357510037,0.032499381535400135,-0.9988861721452514
27.833366666666667,0.050452427012305255,0.1202988354175968,-0.9914548617086598
28.033366666666666,-0.17229034049172723,0.3494470999268223,-0.9209792413111049
28.23336666666667,-0.8128556366288265,0.5169747651825796,-0.26833338622907543
28.433366666666668,-0.9991168930646154,0.04151360993357792,0.00648491967512432
28.633366666666667,-0.954248878263657,0.11753633336667092,0.2749441555503074
28.833366666666667,-0.9585929743507402,0.07413327939961575,0.27496139076397585
29.033366666666666,-0.9651145440355202,0.10781939451530599,0.2385977683413289
29.23336666666667,-0.9629237263441431,0.05003225679737945,0.2650937014024874
29.433366666666668,-0.8904785701227846,0.33263901618059927,0.3104822073267391
29.633366666666667,-0.877386512726835,0.36132195619098817,0.3156570152227907
29.833366666666667,-0.893836952701393,0.32475179922306546,0.30917918896146523
30.033366666666666,-0.9713509007979327,0.050364273669446846,0.23225173294680387
30.23336666666667,-0.9735881763358791,0.03865133658555532,0.2250158596168884
30.433366666666668,-0.9357389063665522,-0.15662077396505364,0.316010493931003
30.633366666666667,-0.9094871385040637,-0.19987229645507892,0.3645328654668367
30.833366666666667,-0.9447019475360854,-0.17342976963400678,0.278316987131981
31.033366666666666,-0.9317507640457037,-0.13904382074085372,0.33542112279049047
31.23336666666667,-0.9164090287734759,0.2989797089224354,0.26609326491873286
31.433366666666668,-0.9128665059476331,0.3305305824096061,0.2396336295492073
31.633366666666667,-0.9077051164796348,0.35466896902015593,0.22423501941238513
31.833366666666667,-0.9181830751616715,0.31189550246918984,0.24425608697870413
32.033366666666666,-0.9300280665462503,0.28222529323190054,0.23536499165426322
32.23336666666667,-0.9244943619688899,0.29013189404883677,0.24725221686239754
32.433366666666664,-0.9748449716576852,0.08839567614305141,0.2046056833837703
32.63336666666667,-0.9780598840723631,0.053473865768800775,0.20134400623831802
32.83336666666667,-0.9644125788860315,-0.06435653592963056,0.2564500223621216
33.033366666666666,-0.9684241528301377,-0.07258649872488998,0.2385075688905739
33.23336666666667,-0.9720402847630867,-0.08326023177317941,0.2195573241838549
33.433366666666664,-0.9808921146989777,-0.07042237644067874,0.18135972049442178
33.63336666666667,-0.9928815199321811,-0.036461520653271656,0.11338802797832193
33.83336666666667,-0.997808657060235,0.0016994653015643946,0.06614375037249495
34.00063333333333,-0.9969427513604869,0.02122493041810934,0.07519742574403172
