0.016683325004164584,-0.9993861406969786,-0.024254898570355513,0.02527927368696776
0.2166833250041646,-0.9999349619079485,-0.009981838676481518,0.0055167790228362705
0.4166833250041646,-0.9995783382181205,0.009902708910380276,-0.027296192432965695
0.6166833250041647,-0.9369388339654714,-0.3396113889685672,-0.08252106331273237
0.8166833250041646,-0.9145347710468646,-0.306462900074254,-0.2640201572311036
1.0166833250041645,-0.6939840852318153,-0.7075767919096254,-0.13312089616526335
1.2166833250041647,-0.6818984177310026,-0.7188914148571977,-0.13494325303834864
1.4166833250041648,-0.5311862321664996,-0.842118474045741,-0.09315397161490196
1.6166833250041646,-0.613213514171655,-0.7248724419039895,-0.3138934994634283
1.8166833250041647,-0.6181919754243972,-0.7008680071316363,-0.3558408606388672
2.0166833250041645,-0.6426715780665546,-0.6777770872374576,-0.3571994719499906
2.2166833250041647,-0.528449466461662,-0.7999163983982382,-0.2843851560295924
2.416683325004165,-0.5450179416270067,-0.788525897496282,-0.28492516961887393
2.6166833250041646,-0.707027882242926,-0.6573266931405606,-0.26083173161250656
2.8166833250041647,-0.8990043835453576,-0.43528952171543345,0.04810561974427353
3.0166833250041645,-0.9079128624362676,-0.4121510598255733,0.07632652296180874
3.2166833250041647,-0.9079486469730331,-0.4112716964580154,0.08052854247026245
3.416683325004165,-0.6792370234745472,-0.6856619199334096,-0.2617342115480289
3.6166833250041646,-0.6709088298674619,-0.6945938209669829,-0.25965509022616895
3.8166833250041647,-0.6165604334300248,-0.7354866809216235,-0.28091381973031204
4.0166833250041645,-0.6314560408659079,-0.7224096140117173,-0.28175808424496845
4.216683325004165,-0.6426174756281658,-0.7124423500379966,-0.2819018940866143
4.416683325004165,-0.47847347974605425,-0.8314894750461844,-0.28229130710513006
4.616683325004165,-0.10356570889026007,-0.9681600677117462,-0.22790398686825306
4.816683325004165,0.0737377932745662,-0.9813314735142886,-0.17762679114726124
5.0166833250041645,0.5888396770030271,-0.8054720478167959,-0.066952333587319
5.216683325004165,0.5353072853207963,-0.8417598964364619,-0.06990269689902433
5.416683325004165,0.5939035653080784,-0.8018139537177214,0.0661281992640698
5.616683325004165,-0.3717723196655026,-0.7689741755823144,0.5200615921388839
5.816683325004165,-0.7594040631535802,-0.6430623726457427,0.0988749399648962
6.0166833250041645,-0.9861574182290265,-0.14587690101671671,-0.07882560638282882
6.216683325004165,-0.9825168879868158,-0.13720263999887294,-0.12584117131544537
6.416683325004165,-0.9037411112322508,-0.37287492685977475,-0.2102767052909436
6.616683325004165,-0.7462149330418592,-0.6129346338107539,-0.2597583653717641
6.816683325004165,-0.9388644553670028,-0.2583529413529155,-0.22756821426270912
7.0166833250041645,-0.9389944272788951,0.3289369706845286,-0.1004486677665036
7.216683325004165,-0.9383594924537108,0.336124536604611,-0.08063348444877112
7.416683325004165,-0.9568331603852811,0.2879439081974723,-0.03947922135859511
7.616683325004165,-0.9365135118087122,0.3492450039174226,-0.031150753416776294
7.816683325004165,-0.5362737650111609,0.8356423144352868,-0.11879550196026684
8.016683325004164,-0.574616605115392,0.807609453796866,-0.13259987655948072
8.216683325004166,-0.9702022269667893,0.05315343841957681,-0.2363944812656574
8.416683325004165,-0.8907074964854533,-0.3010880430577492,-0.3405673883863096
8.616683325004164,-0.9263872105594747,-0.21441588586198393,-0.30956835109851927
8.816683325004165,-0.9827492680157158,-0.05911785776067144,0.17523970756755844
9.016683325004164,-0.8798022259103148,0.475261174243961,0.008652140747023893
9.216683325004166,-0.41421429746616417,0.9101787238099949,-0.0010984071291128107
9.416683325004165,-0.051779825594454654,0.9948846408140496,-0.08673754166281007
9.616683325004166,0.588834133794886,0.8008688385048172,-0.10901131312836895
9.816683325004165,0.725286445986802,0.6834124992863628,-0.08310792433336844
10.016683325004164,0.9302489333131416,0.3617226225672585,-0.061592746267940965
10.216683325004166,0.9928990725979978,-0.1041035118203147,0.057566400449511036
10.416683325004165,0.9328240428956575,-0.35862340474157284,-0.035050799810601045
10.616683325004166,0.974988338137876,-0.21020637813290927,-0.07218738870043363
10.816683325004165,0.49825888846634836,0.8277886928162828,-0.2578836173737849
11.016683325004164,0.12345499821725436,0.922983180884812,-0.3645009070207268
11.216683325004166,-0.2264023941622273,0.907476274396733,-0.3538767685574131
11.416683325004165,-0.7555807400260645,0.6252568157813062,-0.19532449826042364
11.616683325004166,-0.9422151971489524,0.3057988829559157,-0.13681215386242004
11.816683325004165,-0.9235694393527357,0.3564925090376442,-0.14118279531769562
12.016683325004164,-0.9949911327157297,0.009967238635903389,-0.09946506909988183
12.216683325004166,-0.9926469344096454,-0.004473766147608388,-0.1209630068392413
12.416683325004165,-0.9182570314830455,-0.17431477211726956,-0.3555536307698878
12.616683325004166,-0.9275024187425682,-0.1110635298945008,-0.3569371871268932
12.816683325004165,-0.9028259451000052,0.09393935799710057,-0.41961972054870705
13.016683325004164,-0.7246419582117208,0.6024439291536305,-0.33459728723499516
13.216683325004166,-0.7826354890062222,0.5347426934246037,-0.3186407745047581
13.416683325004165,-0.7249268537189111,0.6876179637253177,-0.040774903058724214
13.616683325004166,-0.7829984909081915,0.6219565627957242,-0.009132208430795173
13.816683325004165,-0.8328335126744912,0.553505735558256,0.004443069927712912
14.016683325004164,-0.382030456806661,0.9157062637744411,-0.12463855164574093
14.216683325004166,-0.25158828977452546,0.959382602179414,-0.1276258401883637
14.416683325004165,-0.2929623953587695,0.9467284107157805,-0.13370995194533838
14.616683325004166,-0.5375277335924695,0.8321638227923817,-0.13626190830350549
14.816683325004165,-0.9938381625319656,0.11051056916191748,-0.008551070026361579
15.016683325004164,-0.9821830100115978,0.17656787232023735,-0.06434532857062761
15.216683325004166,-0.9916836217747491,0.10918501076575363,-0.0681338955865488
15.416683325004165,-0.99872900382115,0.04516595594749669,-0.02236992064720537
15.616683325004166,-0.9997618162575322,0.017166807264255637,-0.013476330427530958
15.816683325004165,-0.953619561651018,-0.06209186864911263,-0.2945408825344652
16.016683325004166,-0.951612512145425,-0.05053714116767119,-0.3031165190003222
16.216683325004166,-0.9629421134861282,0.23523109155481522,-0.13194248610966505
16.41668332500417,-0.9404336410394494,0.31531133545628615,-0.12713507987198938
16.616683325004168,-0.9237638724853021,0.3606079234734076,-0.12892724079555695
16.816683325004167,-0.966668898788941,0.05706452383629471,-0.24958942332060802
17.016683325004166,-0.9209714506768155,0.1919418873908675,-0.3390721146055418
17.216683325004166,-0.9000632937390316,0.2633356747250576,-0.34718927068782585
17.41668332500417,-0.775548706482425,0.5223571889905161,-0.3544956572136872
17.616683325004168,-0.7248849801304327,0.5808671331224087,-0.37031761940185454
17.816683325004167,-0.861294236031736,0.4234092815310977,-0.2808857762362265
18.016683325004166,-0.856026686394975,0.44168448703466434,-0.26857610856620273
18.216683325004166,-0.8480687659116173,0.46292609442009225,-0.257834829668349
18.41668332500417,-0.9769071229750773,0.2136153123243135,0.004579456424468749
18.616683325004168,-0.9748586410647547,0.2215469856278432,0.023823582866485997
18.816683325004167,-0.9697066091108502,0.2402057720396898,0.04438782857443537
19.016683325004166,-0.9638847729343302,0.26093736177447346,0.05327135942992734
19.21668332500417,-0.777200508861842,0.6007136634298252,-0.18735651468153466
19.41668332500417,-0.6411273225577846,0.6605733481284467,-0.3906387180148185
19.616683325004168,-0.6328761735140651,0.6623185381448519,-0.40100112596832094
19.816683325004167,-0.6321790481087103,0.6650090537030645,-0.3976337631858238
20.016683325004166,-0.7189115061329439,0.5819154159177595,-0.3801850800161979
20.21668332500417,-0.7046128561979402,0.5990657443388389,-0.3803169163215515
20.41668332500417,-0.6735370728986306,0.6547858457464394,-0.3429333865946345
20.616683325004168,-0.31155522543714065,0.9176104118768955,-0.24682883445401382
20.816683325004167,-0.2347282595482431,0.9386802089163491,-0.252551201854618
21.016683325004166,-0.25907079420092044,0.9304245920600258,-0.25921497271962995
21.21668332500417,-0.8408143768364065,0.5105850455895617,-0.1798168371580107
21.41668332500417,-0.9201674125285331,0.3626212695441857,-0.14764060347582902
21.616683325004168,-0.9405084238372263,-0.2700953617585718,-0.2061368483501248
21.816683325004167,-0.9552802251898709,-0.25014910209035507,-0.15768677206595122
22.016683325004166,-0.5153283144365226,-0.8390380459047261,-0.1745046872275676
22.21668332500417,-0.009344118460407835,-0.9977455905133014,-0.06645618151430019
