0.0,0.9987737020274488,-0.039996892674536814,-0.029177743483117375
0.2,0.9980409424668536,-0.049652593300655044,-0.03806438149233754
0.4,0.9970476383677489,-0.0618772941826932,-0.04546655133087616
0.6000000000000001,0.9956410556993526,-0.08059781016776604,-0.04693486126579467
0.8,0.9939073582417883,-0.09684426500658024,-0.05262462891237124
1.0,0.9898017267947243,-0.12779919165305417,-0.0629278018606046
1.2000000000000002,0.9869380291264328,-0.14456039977151192,-0.07110286549734328
1.4000000000000001,0.9873052546828622,-0.13717713700022213,-0.08006726647032801
1.6,0.9885610700543526,-0.1268991394759739,-0.08150839940307195
1.8,0.9921863598099215,-0.0915997807001041,-0.08470954835689959
2.0,0.9933855955832376,-0.07801319689124209,-0.08425556123215117
2.2,0.9929919469165007,-0.08048037395430989,-0.08654422434311673
2.4000000000000004,0.9924902751167235,-0.0825407122496543,-0.09027781909223621
2.6,0.9923459814164088,-0.08508770019058029,-0.08949601355916349
2.8000000000000003,0.9926246477404559,-0.08289640473863684,-0.08845617434382083
3.0,0.9927361609857065,-0.08055115443206792,-0.08936680698683837
3.2,0.9930733592980087,-0.07195277447032684,-0.09288757343472197
3.4000000000000004,0.9932204524117638,-0.06940714373436448,-0.0932511732344892
3.6,0.9935842908337369,-0.058462663781936264,-0.09681102185154823
3.8000000000000003,0.9922853270410595,0.051352572183319095,-0.1128394570581317
4.0,0.942014466827604,0.3096041263354846,-0.12943735644529544
4.2,0.8591063448172134,0.48972781866356163,-0.1486706155292189
4.4,0.7991363185816058,0.5791559940939613,-0.16111945515323162
4.6000000000000005,0.7726268652559793,0.6111354571204596,-0.17193365038550726
4.800000000000001,0.7592128195069099,0.6273180021022987,-0.17340132333620895
5.0,0.7493075029068968,0.6381690869130656,-0.1768572378953569
5.2,0.7472743717853914,0.641148295259819,-0.17467076675327503
5.4,0.7650192697239854,0.6217355072842733,-0.16790019634576941
5.6000000000000005,0.8304034879138187,0.5314555384934292,-0.16728735118120477
5.800000000000001,0.9190549812514158,0.3587353566987094,-0.16323873710369577
6.0,0.9806940416288986,0.11740961559552,-0.1563783197226796
6.2,0.9865487680337107,-0.07941348347013359,-0.14288116367914447
6.4,0.9641560425644818,-0.22475950613492118,-0.14101875757637217
6.6000000000000005,0.9181371652575646,-0.3719776096853625,-0.1365899105555311
6.800000000000001,0.8646017992262311,-0.4842757994838857,-0.1339428191767162
7.0,0.8115610729218989,-0.5692033695681392,-0.13181862156058477
7.2,0.7477249332556375,-0.6503691729130389,-0.13389310330357623
7.4,0.6830268377498225,-0.7189364529884568,-0.12885928557094672
7.6000000000000005,0.6213916639073818,-0.7726024996145168,-0.13022203199081184
7.800000000000001,0.5656960137443579,-0.8105301371681197,-0.15175281472174706
8.0,0.4899961710171619,-0.85186838507458,-0.1849973159236307
8.200000000000001,0.43263339324018873,-0.8779687818451546,-0.20493697850513812
8.4,0.3673563421572066,-0.9092561340495814,-0.19571050194122727
8.6,0.2871859971347208,-0.94097287166878,-0.17914870312995784
8.8,0.2002655841341529,-0.966663404789273,-0.1595479791555399
9.0,0.10362564087314524,-0.9840818183329509,-0.14437694199609116
9.200000000000001,-0.0494938604750943,-0.9881115801078227,-0.1455536431426356
9.4,-0.1819837494291915,-0.9724460380273627,-0.14570730272906182
9.600000000000001,-0.29090673341700607,-0.9438239226162055,-0.15674717078788322
9.8,-0.4133962472720135,-0.8907144913161718,-0.18902708192423137
10.0,-0.5502436034396956,-0.7926823433762297,-0.2624627199685097
10.200000000000001,-0.6047371898576379,-0.707623056730383,-0.3654620921335568
10.4,-0.6390453844962231,-0.648264081654522,-0.413974246772301
10.600000000000001,-0.7207829401344626,-0.5803090435494699,-0.3790954591996839
10.8,-0.8545775960652384,-0.4242852437469402,-0.2994647963316521
11.0,-0.9252561040917404,-0.2852050750664542,-0.25011838596415364
11.200000000000001,-0.9591547427255824,-0.15992326083359484,-0.2333382312253425
11.4,-0.9723314789678182,-0.01960164524724717,-0.232781594014339
11.600000000000001,-0.9580710820290674,0.1338774277294256,-0.25333108005968247
11.8,-0.9427540026927825,0.21232597752011506,-0.25716253552347956
12.0,-0.9317674976745001,0.23649474864543846,-0.2754624550470207
12.200000000000001,-0.9364819764682948,0.22779862475572368,-0.2666632601417703
12.4,-0.9626653688810142,0.12511823539522565,-0.24004336010139013
12.600000000000001,-0.9735702847418091,-0.08545576909763468,-0.21179757363030566
12.8,-0.9197608632347204,-0.35105592902352406,-0.17549840215555482
13.0,-0.8014733714065047,-0.580622611594777,-0.14324041968366194
13.200000000000001,-0.6211974845136028,-0.7712460479608176,-0.13890003145713462
13.4,-0.4883751067785892,-0.8589676487806631,-0.15383215992509766
13.600000000000001,-0.44761968726564083,-0.8798174184485273,-0.15986846395327386
13.8,-0.4180525469874932,-0.8925421675678353,-0.1691169626932215
14.0,-0.41176667196028316,-0.8952527438258163,-0.17020790973130528
14.200000000000001,-0.4228634366403258,-0.8892585658034665,-0.1743723518734975
14.4,-0.44557282853707336,-0.8764946754670483,-0.18226886280268859
14.600000000000001,-0.5128810123835853,-0.8342598756958304,-0.20239448347315667
14.8,-0.5967394217473914,-0.7711887377740646,-0.221743079402794
15.0,-0.6961022830769662,-0.6773268703594802,-0.2380544521408232
15.200000000000001,-0.8270342285588419,-0.5092102155093798,-0.23815822726282718
15.4,-0.932604141030831,-0.2841830838350635,-0.2224623361248795
15.600000000000001,-0.9687297471978628,-0.1024055213230316,-0.2259995267617249
15.8,-0.9718035072425926,0.07530991625018052,-0.22344207263939123
16.0,-0.950482115720934,0.2154456427270169,-0.22397973730808748
16.2,-0.9057089288824921,0.35526131548167295,-0.23125901899117415
16.400000000000002,-0.8432828763494791,0.4832251686192116,-0.2353028407577862
16.6,-0.7793251941045385,0.5808763055961003,-0.2350211893233236
16.8,-0.7147768409951951,0.6562028981221532,-0.24185083020948428
17.0,-0.6618591468136044,0.7064191362615037,-0.25082757763595115
17.2,-0.6260142260971808,0.7380552663152813,-0.25175506467244535
17.400000000000002,-0.6486587189257724,0.726233266955714,-0.22765567932385677
17.6,-0.7300439360819699,0.6552831872892981,-0.19400978286139026
17.8,-0.8182165270932853,0.5448822530841441,-0.1833713310889958
18.0,-0.872600774834169,0.45755520905334385,-0.17091260464623123
18.2,-0.9137983488166186,0.3831450075623942,-0.13480534440456968
18.400000000000002,-0.9400391049737448,0.3169382678990772,-0.1260024422830522
18.6,-0.943773776874364,0.3046280423194338,-0.12842435094999738
18.8,-0.9343938041328866,0.3326311538163883,-0.1275332674593195
19.0,-0.9297988183654095,0.3464566669110216,-0.1242655838082051
19.200000000000003,-0.9206368672663146,0.3660628563388826,-0.13574145954381422
19.400000000000002,-0.8870388517662318,0.4336214634007054,-0.15853864492758968
19.6,-0.8469473218562449,0.49390190580847665,-0.19682769479747914
19.8,-0.8237616514598424,0.5235525474015208,-0.21750740606593522
