0.03333332638888889,-0.998220951556948,-0.019835324017580768,0.056227144635480904
0.2333333263888889,-0.9929019871146696,0.05809438376828996,0.10378191826288209
0.4333333263888889,-0.9441381575992953,0.1580934103259444,-0.28915326900542004
0.633333326388889,-0.8485138424848,-0.06492701092504967,-0.5251749635731112
0.8333333263888889,-0.8585317568361212,-0.12606203276532196,-0.4970227222159557
1.0333333263888889,-0.6866017562044415,-0.3262749944925825,-0.6497096708113879
1.233333326388889,-0.5592796408957869,-0.054134857132373496,-0.8272095868174748
1.433333326388889,-0.43355954105336614,0.12249998738179306,-0.8927596974847462
1.633333326388889,-0.2988577862328061,0.1378247250339465,-0.9442925228854371
1.833333326388889,-0.054233791439140325,-0.00905887599788732,-0.9984871719916039
2.033333326388889,0.05337619971233915,-0.006464989832264678,-0.9985535464914925
2.2333333263888893,0.1661749578488992,0.10289256770667493,-0.9807135172386705
2.4333333263888894,0.2257962423360269,0.10255440179729514,-0.9687614007684914
2.633333326388889,0.2696990000901277,0.0664850496666884,-0.9606467548069912
2.8333333263888894,0.14886942898429692,0.05521974649838407,-0.9873138673747792
3.033333326388889,0.025597747799479674,0.017541621234339982,-0.9995184074503407
3.2333333263888893,0.2558600448543985,0.15861708270169142,-0.9536122160093746
3.4333333263888894,0.2852438285837116,0.16897168797398923,-0.9434429113190301
3.633333326388889,0.11754001111911161,0.06542616201936143,-0.9909105727105425
3.8333333263888894,-0.02754043505293337,0.007156154443914453,-0.9995950749631924
4.033333326388889,0.08010390572184604,-0.017749865985897527,-0.9966284696643921
4.233333326388889,0.08940877064952536,0.0033993795299928214,-0.9959892147758189
4.433333326388889,0.35494740902826427,0.0724989066918987,-0.9320709443774129
4.63333332638889,0.5048196112973042,0.29060407958723117,-0.812838501165451
4.83333332638889,0.5373667503936739,0.5895286334325499,-0.6030696194756402
5.033333326388889,0.8673739130334457,0.37924865039904965,-0.3222312153711185
5.233333326388889,0.896033518500865,0.32543354028959937,-0.30202143065937875
5.433333326388889,0.7935586897496559,0.34583893515356345,-0.5006596017801497
5.63333332638889,0.41748772385863525,0.04756150914449969,-0.9074369968627208
5.83333332638889,0.21576808196956435,-0.005823832027873193,-0.9764272721425221
6.033333326388889,0.17129113002198176,-0.02550510723867196,-0.9848902671265143
6.233333326388889,0.1604901126491975,-0.04519497358103952,-0.9860021998478791
6.433333326388889,0.17969107268385184,-0.03301287637615523,-0.9831689927937617
6.63333332638889,0.3424097296040162,-0.11370455702710686,-0.9326450829676712
6.83333332638889,0.3615504067249339,-0.13857235689958983,-0.9219972913736396
7.033333326388889,0.2720292037495223,-0.03590497400620179,-0.9616189188805591
7.233333326388889,0.2735533458095881,-0.040508573232297194,-0.9610034456187263
7.433333326388889,0.34815986876972993,-0.14230376904392156,-0.9265712833312604
7.63333332638889,0.4402269831344064,-0.17027582439180927,-0.8815930733326282
7.83333332638889,0.4024996568280097,0.6234943921338966,-0.6702602250103438
8.033333326388888,0.3752364588257504,0.6333258845218859,-0.676827839234234
8.23333332638889,0.02406381757597814,0.7186724324139508,-0.6949322755289795
8.433333326388889,0.007412572679816931,0.7197508064194632,-0.694192934582886
8.633333326388888,0.05943514168086311,0.6350764514314343,-0.7701593112925617
8.833333326388889,0.11093528425610627,0.8010086104733075,-0.5882844283632181
9.033333326388888,0.12370563742783353,0.8089921510213722,-0.5746552138929805
9.23333332638889,0.08328355057850861,0.6332185461031883,-0.7694791245212583
9.433333326388889,0.21205628837000232,0.7460257189646037,-0.6312509463011402
9.63333332638889,0.20979506931464842,0.7575056734235512,-0.6181999544018054
9.833333326388889,0.15939427425839336,0.8348421293735191,-0.5269080416512241
10.033333326388888,0.14216540796742339,0.8481119472433997,-0.5103872272309189
10.23333332638889,0.3810339729027038,0.6595512798538111,-0.6479237769500218
10.433333326388889,0.2860951161287504,0.4531579912833205,-0.8442733085105457
10.63333332638889,0.3830289923387412,0.47891954748776844,-0.7898891428941658
10.833333326388889,0.3648401588162175,0.3976321312882705,-0.841890935146653
11.033333326388888,0.34917751138447717,0.3879915540367582,-0.8529581581411159
11.23333332638889,0.002851711383913276,0.3446404363917778,-0.9387304391282237
11.433333326388889,-0.1277407901353027,0.2442311251179257,-0.9612665853233642
11.63333332638889,0.08932389474452926,0.15758802923566037,-0.9834567885114672
11.833333326388889,0.0968326920997251,0.11965358146957507,-0.9880822082105432
12.033333326388888,-0.4219754249526045,-0.2077062604590065,-0.8824935411107576
12.23333332638889,-0.3980579959963779,-0.29741921809482413,-0.8678085275746095
12.433333326388889,-0.31587229672336736,-0.22593332612461492,-0.9215089930700475
12.63333332638889,-0.2979884336176357,-0.25696176865203546,-0.9193332055796344
12.833333326388889,-0.265899659401682,-0.24433455323493458,-0.9325223843026798
13.033333326388888,-0.29601158970424624,-0.24276657032517027,-0.9238189926026198
13.23333332638889,-0.30288968158237256,-0.26294419476118264,-0.916033946550193
13.433333326388889,-0.32272618055744834,-0.27454230325341866,-0.9058003842498134
13.63333332638889,-0.3354454985973935,-0.2771252607971516,-0.9003765363995538
13.833333326388889,-0.3288653564047308,-0.20277698287774587,-0.9223497560967793
14.033333326388888,-0.3516572602825817,-0.1893249961630361,-0.9167841715029852
14.23333332638889,-0.3537165814199005,-0.17805267561151347,-0.9182493260200087
14.433333326388889,-0.37611267218203226,-0.18816509312283822,-0.9072668601652797
14.63333332638889,-0.4064948350065221,-0.22218031514035094,-0.8862267524043467
14.833333326388889,-0.41389376701479835,-0.241836206901999,-0.8776144931902352
15.033333326388888,-0.5708764312522678,-0.2805954235556767,-0.7715998370400848
15.23333332638889,-0.9212528446422555,-0.37857248162548873,-0.08930885955195932
15.433333326388889,-0.8416916931441268,-0.39299003553535333,0.37028897588517945
15.63333332638889,-0.7156096416299145,-0.3696180970072015,0.5926932622960044
15.833333326388889,-0.7473991683608794,-0.14572925692488486,0.6481955467369294
16.033333326388888,-0.74161980858668,-0.1796179902409049,0.6463261073898179
16.233333326388887,-0.2726089059806423,-0.9089769665848405,0.31534942301875124
16.43333332638889,-0.052881730789716364,-0.9790303677078186,0.1967309372075933
16.63333332638889,0.5573691000411947,-0.7424190623774622,0.3716902233551999
16.83333332638889,0.6704670401251973,-0.5407553017738829,0.5079937516438504
17.033333326388888,0.6876385702437305,-0.6082114409588704,0.39652495482616573
17.233333326388887,0.6201307721079437,-0.6974499027922039,0.3591677304268171
17.43333332638889,-0.3158728313591562,-0.9478054104392318,-0.04346559963084988
17.63333332638889,-0.6441358464820531,-0.7193680963811527,-0.2599972176501238
17.83333332638889,-0.735993003747591,-0.6562610047900889,-0.16624016369849157
18.033333326388888,-0.8042473041623623,-0.04234161491325483,-0.5927844982741284
18.233333326388887,-0.6375615716295541,-0.04696340560825746,-0.76896663186053
18.43333332638889,-0.42705734302982035,0.05443618313669286,-0.9025844712434503
18.63333332638889,-0.525779995755184,0.24316193861928886,-0.8151243265113537
18.83333332638889,-0.48501850045091116,0.22992249263431536,-0.8437373415946294
19.033333326388888,-0.4622250360555388,0.21403217554357978,-0.8605453177349458
19.23333332638889,-0.4035436265376307,0.10613285810867891,-0.9087839995898591
19.43333332638889,-0.38589397157057054,0.07889885791130927,-0.9191631046369207
19.63333332638889,-0.36726650946717443,0.06763110823521065,-0.9276536768765998
19.83333332638889,-0.37135611727678125,0.06949245625015363,-0.9258862957650003
20.033333326388888,-0.3591010650873271,0.0767970103431936,-0.930133670100967
20.23333332638889,-0.36716192233324907,0.0914410119430446,-0.925651480916757
20.43333332638889,-0.37061714071161395,0.09445447254763902,-0.9239703932629526
20.63333332638889,-0.43504858831427107,0.1360232347809507,-0.8900732584487001
20.83333332638889,-0.7246030983832714,0.47358852491658465,-0.5006638182260591
21.033333326388888,-0.29988559356360084,0.7017636742214682,0.6462169730950991
21.23333332638889,-0.049525074208665615,0.5916741161146868,0.8046545888420262
21.43333332638889,-0.01868695436431536,0.5517998481783573,0.8337671889004317
21.63333332638889,0.029485347929501526,0.5002906493449947,0.865355349226802
21.83333332638889,0.20337587188778322,0.8347958354510316,0.511619162900979
22.033333326388888,0.2937410692116016,0.9238002368017868,0.24557953241951386
22.23333332638889,0.5554258011953779,0.831479186495123,-0.012022553467574
22.43333332638889,0.7845652042909065,0.5808085801196522,-0.21706872984232756
22.63333332638889,0.8495646880057147,0.48730724299165407,-0.20191951817896583
22.83333332638889,0.8217957802126616,0.2872825852983525,-0.4920573257344692
23.033333326388888,0.7401746925092546,0.28293832551054277,-0.6099896134575745
23.23333332638889,0.5140744038977223,0.39862325445697994,-0.7594912825459733
23.43333332638889,0.42724307011571355,0.379541163544156,-0.8206167584284686
23.63333332638889,0.35416741249693856,0.4009498498563688,-0.8448696123221494
23.83333332638889,0.21026466390764784,0.16493202726346692,-0.9636317748468902
24.033333326388888,0.15225429410927924,0.1197896387671147,-0.9810550812106981
24.23333332638889,0.14985214884802764,0.08201770946475083,-0.9853006793967944
24.43333332638889,0.1602900279015238,0.10582428239678927,-0.9813808273094259
24.63333332638889,0.16286988436782104,0.17833372240285278,-0.9703970755417369
24.83333332638889,0.17062831927810473,0.16905114673984092,-0.970725340375059
25.033333326388888,0.13703101239857926,0.347305770833224,-0.9276859399532589
25.23333332638889,-0.1512994962549618,0.8162103080870056,-0.5575923200740044
25.43333332638889,-0.20335802990876256,0.7097842390051715,-0.6744270499701774
25.63333332638889,-0.20868824172823475,0.7100988927460076,-0.6724647056056342
25.83333332638889,-0.18928922487622857,0.6690318243983121,-0.7187252655138973
26.033333326388888,-0.4694362871831025,0.45492929435130447,-0.756748907773753
26.23333332638889,-0.6339880806107951,0.17460659636521123,-0.7533735130393133
26.43333332638889,-0.6922013079872222,-0.2544348838998768,-0.6753667441291696
26.63333332638889,-0.4387684485701586,-0.05795679026075185,-0.8967292004847432
26.83333332638889,-0.40608189053915206,-0.08349429312983862,-0.9100143961448615
27.033333326388888,-0.24151803393415694,-0.4244154876459878,-0.8726628977622447
27.23333332638889,-0.16929304878484616,-0.4673991343119647,-0.8676853766645821
27.43333332638889,-0.22790247544747927,-0.39602147832428963,-0.8895096685201099
27.63333332638889,-0.23439438501870186,-0.39124702228487235,-0.8899354132884729
27.83333332638889,-0.4119287843174148,-0.12715783030573638,-0.9023001511928913
28.033333326388888,-0.4303710171084817,-0.07193246504840993,-0.8997813668358945
28.23333332638889,-0.4358134491868518,-0.09522587624193321,-0.8949852903829286
28.43333332638889,-0.4324279260804716,-0.08877421295924344,-0.8972877062900223
28.63333332638889,-0.42771195417283037,-0.09394334074002861,-0.8990200959868815
28.83333332638889,-0.4191928795508373,-0.1004431545467928,-0.9023239453979743
29.033333326388888,-0.41898684658214436,-0.09742171928050403,-0.9027508133497205
29.23333332638889,-0.41975328118188787,-0.1075273017580046,-0.9012463937867837
29.43333332638889,-0.3790023739029834,-0.2124482681492819,-0.9006791514941785
29.63333332638889,-0.37797717364188815,-0.21941552464945388,-0.8994387604214612
29.83333332638889,-0.3716585595523081,-0.23782072010447097,-0.8973913417236062
30.033333326388888,-0.23899385379782553,-0.4945715937892221,-0.8356320221626574
30.23333332638889,-0.2560293958498181,-0.49751160907608183,-0.8288130955138833
30.43333332638889,-0.5249338865797777,0.0885569486787769,-0.8465235268797638
30.63333332638889,-0.577301309056248,0.2911597337279394,-0.762855954959662
30.83333332638889,-0.13134912466177345,0.6776099290767101,-0.7235967049864465
31.033333326388888,0.2606269128830889,0.7006860221747381,-0.6641631656528186
31.23333332638889,0.33968410858752496,0.6859940179872622,-0.643449231609449
31.43333332638889,0.5164974186378455,0.47812421943666544,-0.7103714854416115
31.63333332638889,0.7564205853376962,0.3265509059282913,-0.566738391071921
31.83333332638889,0.7144832832592058,0.17664578519364227,-0.6769858968371993
32.03333332638889,0.721158944363038,0.19002902775725872,-0.6661972272344128
32.233333326388895,0.6971395152263632,0.12681185358775074,-0.7056311005756413
32.43333332638889,0.3050530443238494,0.00911903522900645,-0.9522917007646577
32.63333332638889,0.2098778853472771,-0.018297920735375384,-0.9775563714379428
32.833333326388896,0.13021186740840626,-0.02909053695028828,-0.9910593373991083
33.03333332638889,0.13370209269517438,0.100065613225383,-0.985956704657339
33.233333326388895,0.13888428003475226,0.09565055582732576,-0.985678511447395
33.43333332638889,0.1633882505078106,0.0030030245378198134,-0.9865572773233303
33.63333332638889,0.21745278182429256,0.17897476392676487,-0.9595219234359554
33.833333326388896,0.32591636348355946,0.09608181464252953,-0.9405034869199856
34.03333332638889,0.3133741355181508,0.0914669516746838,-0.9452144983756824
34.233333326388895,0.10978060600415501,0.03636019276023034,-0.9932905692332932
34.43333332638889,0.04138777524946766,0.033000909661745154,-0.9985980132272431
34.63333332638889,0.027163099880945955,0.04735022811035891,-0.9985089493353353
34.833333326388896,0.04406625955122084,0.05777929480657752,-0.9973563645261503
35.03333332638889,0.1268378504351668,0.08238740650353142,-0.9884960672388172
35.233333326388895,0.17121891233196862,0.04762924199560555,-0.9840810634123499
35.43333332638889,0.1651469412651047,0.05694319920537968,-0.9846237656359088
35.63333332638889,0.1653307188655249,0.0823852200115546,-0.982791142065829
35.833333326388896,0.18185724279416246,0.10548582898367742,-0.9776505935797981
36.03333332638889,0.19708589766116483,0.11596835084553533,-0.9735032052054373
36.233333326388895,0.19461404198964688,0.12477113282458843,-0.9729118865930877
36.43333332638889,0.18519696405159655,0.11475682668970476,-0.9759779481290454
36.63333332638889,0.1626261779403366,0.10331244492863986,-0.9812641158074541
36.833333326388896,0.15085558066613908,0.1134837649491915,-0.9820203810893332
37.03333332638889,0.10500345271394079,0.11395735797510889,-0.9879210471902522
37.233333326388895,0.050985862888387884,0.09952406931257782,-0.9937280319146643
37.43333332638889,0.06777450483215756,0.14458965422419837,-0.9871678927042161
37.63333332638889,0.2575232645989484,0.1069800757319388,-0.9603317299697476
37.833333326388896,0.10392115166463918,0.044413553273159254,-0.9935933929542544
38.03333332638889,0.09115392669404596,0.07679531443417872,-0.9928713115652061
38.233333326388895,0.20291045247744036,0.18991928191670462,-0.960602943276588
38.4333333263889,0.054197545924275115,0.06260814553961067,-0.9965655252555534
38.63333332638889,0.0486017338302382,0.07113179286579722,-0.996282158583798
38.833333326388896,0.1256845872989748,0.1346567060176022,-0.982889086336793
39.03333332638889,0.22460933300396363,0.20935228566419906,-0.9516944194512701
39.233333326388895,0.2369039148481879,0.23350690519187567,-0.9430541131649416
39.4333333263889,0.10103712874891582,0.109397572015424,-0.9888496699960543
39.63333332638889,0.027584784834939195,0.1261669243258177,-0.9916254266867978
39.833333326388896,-0.008259381861580792,0.12287154471386055,-0.9923882134078853
40.03333332638889,-0.042417411690406304,0.10828449145826975,-0.9932145951883261
40.233333326388895,-0.010179154549109577,0.101219768794903,-0.9948120140095679
40.4333333263889,0.10696412535450234,0.2374171147540993,-0.9655007972596321
40.63333332638889,0.1073409843107562,0.2788983814309244,-0.9543026804543773
40.833333326388896,0.02463566544086191,0.16491703099761285,-0.985999724581715
41.03333332638889,0.031425530324494313,0.1854387915086887,-0.9821531910285796
41.233333326388895,-0.08438446302002117,0.12332268106627327,-0.9887723594111284
41.4333333263889,0.0006669856561563117,0.20709820496388,-0.9783199316332432
41.63333332638889,0.002214082667316774,0.17647374710954974,-0.9843028570613096
41.833333326388896,-0.23294851444377157,0.0011310563598383907,-0.9724884114116484
42.03333332638889,-0.20962371149820805,0.00020699950600008482,-0.9777821110702121
42.233333326388895,-0.027469276516081092,0.1866580947311479,-0.9820408313909461
42.4333333263889,0.05475021100446985,0.25584383035877645,-0.9651664876394727
42.63333332638889,0.04693436072885844,0.2563485136710618,-0.9654442528295516
42.833333326388896,-0.08948353887053088,0.15740402552334093,-0.9834717428682198
43.03333332638889,-0.15764173358395397,0.24873943737485227,-0.9556556786453413
43.233333326388895,-0.21359354907283185,0.25032784015076315,-0.9443059717273454
43.4333333263889,-0.42860038067859296,0.15438041511380504,-0.8902069428573641
43.63333332638889,-0.46750707279049974,0.15991218319585102,-0.8694051015242521
43.833333326388896,0.2717255441636163,0.5958437370678115,-0.7557350525455675
44.03333332638889,-0.5819382964989774,0.39938722250736397,-0.708405015203677
44.233333326388895,-0.5985710167522946,0.36873611628705466,-0.7111585016363539
44.4333333263889,-0.7010710089327531,0.29857576047209655,-0.6475738997925419
44.63333332638889,-0.719855414553852,0.30371966109808246,-0.6241494609466294
44.833333326388896,-0.7952467043948148,0.32776915295316855,-0.5100490775617077
45.03333332638889,-0.8883929085871147,0.3121048439368796,-0.33667284767747774
45.233333326388895,-0.9000626044494698,0.31371964748689446,-0.30243559785900825
45.4333333263889,-0.9478781132148109,0.315854858075967,0.04198560608280924
45.63333332638889,-0.9198542082534038,0.3703273803598679,0.1293285232046726
45.833333326388896,-0.9150847595912638,0.3049943714400206,0.2638149278447038
46.03333332638889,-0.9206523797612163,0.15343183282388842,0.3589677817246439
46.233333326388895,-0.8667900517851663,0.23482848646266838,0.4399211157377208
46.4333333263889,-0.83308460456765,0.08465642991945573,0.5466290611609068
46.63333332638889,-0.9340180282241702,0.05842537912129357,0.3524156608704641
46.833333326388896,-0.8390315793891536,0.26101309413074747,0.47738681745523254
47.03333332638889,-0.8104371934192056,0.3005170703219053,0.5028727930281573
47.233333326388895,-0.8300036307876284,0.30780466941815326,0.4651346669124287
47.4333333263889,-0.9636230649722668,0.17917476507775507,0.19831034318155472
47.63333332638889,-0.962490713500341,0.19591998358541182,0.1876885357646995
47.833333326388896,-0.9923623959364495,0.12082915581159552,0.02484331373078862
48.03333332638889,-0.9920640952750188,0.10686916972597828,-0.06624055727602791
48.233333326388895,-0.9884418440049938,0.14157989629920706,-0.054201973985398215
48.4333333263889,-0.9903788454497656,0.13645512139054786,-0.023016131992153424
48.63333332638889,-0.9992682379145362,0.03777655324182794,0.005993389720775766
48.833333326388896,-0.8239985885148766,0.382646013909116,0.4178616447640957
49.03333332638889,-0.7710515019526643,0.3958209577349959,0.49880392014727737
49.233333326388895,-0.7438943098655676,0.40829158619469885,0.5290739422729567
49.4333333263889,-0.7368127038185128,0.40025651200112705,0.5448869278046077
49.63333332638889,-0.7508854776449829,0.4198775694239556,0.5097782127126439
49.833333326388896,-0.9999502895380529,-0.009369827347015823,0.0034095143718348682
50.03333332638889,-0.9940201638448158,-0.10229805359631705,-0.038197147803600735
50.233333326388895,-0.9952899285735588,-0.09660864780382733,-0.008045324701736427
50.4333333263889,-0.9545618942025352,-0.2979634600291876,0.00541909807099934
50.63333332638889,-0.9991965276752546,0.005118875215692982,0.039750423874969125
50.833333326388896,-0.997886449178156,-0.022989041928125016,0.06077942495482051
51.03333332638889,-0.9957179891686022,-0.07059912507639014,0.05967788186995117
51.233333326388895,-0.7924247953233094,-0.368331625809625,0.48620443970129473
51.4333333263889,-0.6072829560093059,-0.4966920678978087,0.6200841886615055
51.63333332638889,-0.42740612557960733,-0.6208370844280967,0.6571798219786191
51.833333326388896,-0.20162868689908134,-0.8248709594088481,0.5281418113947033
52.03333332638889,-0.051707582751266246,-0.9044037882000956,0.4235328957416857
52.233333326388895,-0.06879536131898162,-0.8931197606093358,0.4445270424508659
52.4333333263889,0.2635481353562748,-0.8475565184202478,0.4606412144322076
52.63333332638889,0.47447674391778805,-0.8196194491039591,0.32108531285578373
52.833333326388896,0.6018052204525286,-0.752680351688905,0.26702577556773427
53.03333332638889,0.31574751982071975,-0.4563430368267967,0.8318981527006545
53.233333326388895,0.3273313142504638,-0.528425097117677,0.783339726713281
