0.03336666666666667,-0.9877849515291773,-0.04695162246867753,0.14858140758540506
0.23336666666666667,-0.9893040971812013,-0.03759433935254134,0.14093994802445012
0.4333666666666667,-0.9900812832350497,-0.027254999390913054,0.13782676661606277
0.6333666666666667,-0.9876722395726842,-0.025837600299675852,0.15438900734259658
0.8333666666666667,-0.9749067380956375,0.0669998747124458,0.21229194239122834
1.0333666666666668,-0.972269169296494,0.06321964527511645,0.22515758678488698
1.233366666666667,-0.9749949437116695,-0.03437718286078283,0.21955197342596217
1.433366666666667,-0.9756395682437217,-0.089426034032431,0.2003257779578935
1.6333666666666669,-0.9683032718999699,-0.1513746793473518,0.19868185644466782
1.8333666666666668,-0.9511862168490262,-0.22916683369604615,0.20670593414357016
2.0333666666666668,-0.9330845380356613,-0.2956480382813792,0.2048059626552632
2.233366666666667,-0.927209287621167,-0.2929664852706674,0.23335289896892245
2.433366666666667,-0.9229993717535692,-0.23541165341937367,0.3043903959997324
2.633366666666667,-0.9246586947313155,-0.19478376954405455,0.3272087733848064
2.833366666666667,-0.8981532338784282,-0.19923276057431077,0.3919528997056418
3.0333666666666668,-0.904271714166279,-0.2088004158998045,0.3724178476910685
3.233366666666667,-0.9176040893418829,-0.1898658675395414,0.3492186815829174
3.433366666666667,-0.932043812849014,-0.17506796955308548,0.3172468076536507
3.633366666666667,-0.9458107200038963,-0.14878748161222796,0.2886249594910367
3.833366666666667,-0.9489491478301773,-0.14540170474267305,0.27991759339188577
4.033366666666667,-0.9462316065668335,-0.15925173630245126,0.2815752674128243
4.233366666666667,-0.9196998492282414,-0.1449549292793932,0.36488389359789
4.433366666666667,-0.8883929358416317,-0.10075400079178347,0.4478913069832191
4.633366666666667,-0.8931451322017395,-0.09578379559823406,0.4394510636295389
4.8333666666666675,-0.9022633933508546,-0.10979722128277442,0.4169716287921545
5.033366666666667,-0.9056772755611284,-0.11695840678447311,0.4075161390848339
5.233366666666667,-0.9153878818664014,-0.08803479567714152,0.3928293528775908
5.433366666666667,-0.9326495209821363,0.033353446604695025,0.35923866525108356
5.633366666666667,-0.9370720304852067,0.10972460330553627,0.33144610589321255
5.8333666666666675,-0.934582438693959,0.11725476960856948,0.3358675100227675
6.033366666666667,-0.9134620491904402,0.11295908450399839,0.39093136215558394
6.233366666666667,-0.9128362826473245,0.11686354913647286,0.3912452325151591
6.433366666666667,-0.9286572128550326,0.09186985908666429,0.35938240079853595
6.633366666666667,-0.9403549273528082,0.046559158723203826,0.33699385060009984
6.8333666666666675,-0.9483941409825235,0.03896830674300592,0.31469036276887224
7.033366666666667,-0.9517221946532439,0.04548081266668874,0.30357265997383687
7.233366666666667,-0.9514150461002016,0.04727640072956429,0.3042603358773684
7.433366666666667,-0.9507662436756428,0.04404804201554768,0.30676264420803456
7.633366666666667,-0.9496745073451456,0.04546629434141441,0.3099211934954027
7.8333666666666675,-0.9547688293772595,0.05863576487631546,0.291510427818538
8.033366666666666,-0.9549807350690922,0.08194486831957266,0.2851259970661808
8.233366666666667,-0.9538513912167286,0.07880774057865161,0.28975310783285785
8.433366666666666,-0.9518474463217258,0.06594956787545367,0.2993945447529905
8.633366666666666,-0.9412016142546318,0.0625415602080619,0.33200613634572607
8.833366666666667,-0.9080112497096736,0.1064243441723431,0.40520294837052223
9.033366666666666,-0.897034005452741,0.1335452422702883,0.4213023395714554
9.233366666666667,-0.9082420945704363,0.1176111107936272,0.401576797472409
9.433366666666666,-0.9177407599649073,0.08658314712762556,0.38762772879724455
9.633366666666667,-0.9246144377555069,0.07892097006014547,0.37263872850098834
9.833366666666667,-0.9284806312180833,0.08852826949355486,0.360675010159209
10.033366666666666,-0.9300189419574361,0.0945500654152415,0.3551408913802303
10.233366666666667,-0.9248674436554887,0.10376418144754951,0.36585954451767555
10.433366666666666,-0.9243568924151819,0.10795452478125546,0.3659373662579446
10.633366666666667,-0.9341907294622265,0.10661166127460842,0.3404726636120758
10.833366666666667,-0.9428778727210021,0.10599386217786536,0.3158268802900366
11.033366666666666,-0.952174416933942,0.10296788658974207,0.2876829749355178
11.233366666666667,-0.9552311103416512,0.11302964567836707,0.27341877227666483
11.433366666666666,-0.9546256861296087,0.1266384657376196,0.26954127397709543
11.633366666666667,-0.9520696544752747,0.12043002347498591,0.2811760702356179
11.833366666666667,-0.954114039548568,0.09928671324222521,0.2825040674218158
12.033366666666666,-0.9556785741717398,0.09629866349658656,0.2782175951981498
12.233366666666667,-0.9378529041118229,0.101986871849247,0.3317086194530146
12.433366666666666,-0.9348734591660368,0.10993846240650607,0.33752799858770477
12.633366666666667,-0.9404295650536807,0.10156140771672507,0.3244649651896831
12.833366666666667,-0.9430885275968278,0.09622987546540783,0.31831405904100346
13.033366666666666,-0.9460331395162271,0.0909627583807226,0.31104191924054375
13.233366666666667,-0.9441245669235017,0.0884681422300873,0.31749360614328614
13.433366666666666,-0.9397370505780721,0.081431106805109,0.33205910711094927
13.633366666666667,-0.9410521880186952,0.07983193382055757,0.328706011152362
13.833366666666667,-0.9433396148568252,0.07448544334232693,0.323360928022965
14.033366666666666,-0.9457401253034904,0.07630425565578446,0.31583742013851884
14.233366666666667,-0.9476705283668518,0.07418479398720867,0.3105111688908585
14.433366666666666,-0.9477164441185447,0.08575728790520509,0.30737473728080716
14.633366666666667,-0.9439704620877118,0.1406450604097247,0.29856110545122344
14.833366666666667,-0.9394079428579665,0.18939554402944103,0.28573072077947126
15.033366666666666,-0.9324015593792542,0.23103227943693233,0.27794139296857273
15.233366666666667,-0.9173954073126458,0.28191293146801444,0.28091060092630155
15.433366666666666,-0.9139321843903444,0.29894427805748885,0.2745182707073992
15.633366666666667,-0.9211396234713138,0.28987932014719225,0.25975329415067766
15.833366666666667,-0.9278295555887505,0.2789392062144167,0.2476393244467704
16.033366666666666,-0.9319164460122091,0.27561675728182533,0.2357268350388309
16.233366666666665,-0.9331776795569975,0.27996779654022785,0.22538289925597255
16.433366666666668,-0.9274216848543755,0.3048257281670925,0.21672631106830056
16.633366666666667,-0.9210385949049344,0.31980976303156516,0.22228275273902456
16.833366666666667,-0.9258976624336899,0.30384789527042044,0.2244771151800661
17.033366666666666,-0.9380350287887731,0.27329688327452406,0.21307064170757364
17.233366666666665,-0.9447520066413372,0.25288500714556955,0.20854932056506922
17.433366666666668,-0.9473019721670903,0.24315417682667528,0.20855459673688223
17.633366666666667,-0.9462159547004716,0.24642504701803608,0.2096427038378248
17.833366666666667,-0.9478311301430793,0.2266554540254816,0.22415051615420448
18.033366666666666,-0.9508802970981549,0.20527965051208166,0.23170439287195793
18.233366666666665,-0.9508888280823435,0.1917142219508727,0.2430145957138362
18.433366666666668,-0.9489829300139418,0.181937283778616,0.257546545916294
18.633366666666667,-0.9322034813192444,0.18608360511193853,0.3104344718693871
18.833366666666667,-0.9199434761229691,0.18437665202518047,0.34599024686654645
19.033366666666666,-0.9213519740035487,0.17156750669099718,0.3488196248028466
19.23336666666667,-0.938638118936505,0.1420693094795431,0.3142845732506536
19.433366666666668,-0.9515492570229223,0.12907770630622614,0.2790930977180351
19.633366666666667,-0.9562811590522011,0.15013039749955026,0.2509725255648641
19.833366666666667,-0.9671424119200986,0.09162343758449545,0.237151219163162
20.033366666666666,-0.9672724275716664,-0.0803163866998092,0.24069343341084748
20.23336666666667,-0.9655356638966243,-0.07968770795676011,0.24777157008886927
20.433366666666668,-0.9652734295653389,-0.03788278652469073,0.25848036803651736
20.633366666666667,-0.9698755140191351,0.03046771151272125,0.24168824104886968
20.833366666666667,-0.96567110407131,0.14357643183342408,0.21648354899086386
21.033366666666666,-0.9382032174026658,0.2721460171212008,0.21380193689570137
21.23336666666667,-0.8924999050449227,0.3908964195538017,0.22504201535451665
21.433366666666668,-0.8525201200059374,0.4754766563131372,0.2170976607113516
21.633366666666667,-0.8376800245319856,0.498442752422582,0.2232644151169028
21.833366666666667,-0.8780733825197584,0.43869144664107507,0.19114640868787228
22.033366666666666,-0.8723666560739288,0.45250630041402246,0.18497152606821932
22.23336666666667,-0.8814381966846822,0.4389864695742717,0.1742342818046237
22.433366666666668,-0.8467259216363467,0.4988192143043636,0.1850259578271571
22.633366666666667,-0.7052395922557168,0.6784784724393764,0.20567955647395028
22.833366666666667,-0.477681922899885,0.848873333782927,0.22634938419825218
23.033366666666666,-0.08749798491662447,0.9735515497148266,0.21104853158311662
23.23336666666667,0.16913629025549637,0.969368609448672,0.17809383575564128
23.433366666666668,-0.034635120904221994,0.987514161008928,0.15367560055774426
23.633366666666667,-0.6633510848619808,0.7259463193549179,0.18156893904928081
23.833366666666667,-0.9145979624064589,0.3728534788884731,0.15649552850709958
24.033366666666666,-0.9452407788147652,0.2685593756386819,0.18546086331681325
24.23336666666667,-0.9196865592572249,0.24689541483610689,0.3053183369116798
24.433366666666668,-0.9063554569197119,0.22131266349254394,0.35991733869000564
24.633366666666667,-0.8941146144115242,0.26075212537445824,0.3640980436756475
24.833366666666667,-0.7699192657130667,0.5341641045095661,0.3491318285939364
25.033366666666666,-0.6641404880972157,0.6889926721955516,0.2901835793611097
25.23336666666667,-0.63356116320109,0.7388196618023136,0.22966445048722056
25.433366666666668,-0.5973099604737908,0.7872575886637412,0.15312184759253164
25.633366666666667,-0.6249329211150846,0.7669938250090101,0.14553115303815783
25.833366666666667,-0.6313078660889666,0.7581990649764064,0.16304771106365895
26.033366666666666,-0.6207380364899584,0.7657779177845492,0.1681323011445198
26.23336666666667,-0.6422935545660137,0.7533702852239457,0.1410397217259953
26.433366666666668,-0.6189700508690824,0.7755065689127435,0.12436091709339402
26.633366666666667,-0.5227706489323811,0.8453119367098748,0.11026594338515232
26.833366666666667,-0.1586685514144155,0.9831217563436537,0.09108184778440256
27.033366666666666,-0.1602150305089034,0.9848050316024289,0.06700890783746893
27.23336666666667,-0.18055040930059502,0.981930841768584,0.05668660939787744
27.433366666666668,-0.141712475224462,0.9884452055610675,0.05379265720426635
27.633366666666667,-0.16041871204191277,0.9846561392664656,0.06868860336091479
27.833366666666667,0.045374089636776194,0.9976387244223579,0.05155741966550621
28.033366666666666,0.06373586290094096,0.996776427748785,0.04872876834728834
28.23336666666667,0.06017553458621083,0.9971666300166474,0.04513997140569501
28.433366666666668,0.003213714082508534,0.998781499168086,0.04924620758338578
28.633366666666667,-0.03139519342355923,0.9985546154965219,0.043623636947085355
28.833366666666667,-0.12086070455104575,0.9900738360351874,0.07173903605425486
29.033366666666666,-0.3322523328467713,0.9391409364101524,0.08730801152552273
29.23336666666667,-0.38235438582340336,0.9195445262055751,0.09079090244607618
29.433366666666668,-0.41332165278800387,0.9009092220431062,0.13239254123355373
29.633366666666667,-0.4767341025102094,0.8619083824933889,0.172738344589196
29.833366666666667,-0.5333427099423023,0.8263581076229611,0.18077010736623303
30.033366666666666,-0.5675022474227043,0.8041242487086745,0.17698980707625436
30.23336666666667,-0.5913925021990618,0.7860687094509471,0.17986353817507178
30.433366666666668,-0.5984350388916839,0.7804075334271569,0.18121695835889776
30.633366666666667,-0.5944930637434289,0.7852269621104598,0.1731953092197644
30.833366666666667,-0.5819290677436355,0.7958036770962684,0.167496470515296
31.033366666666666,-0.5712593745726947,0.8030028010600511,0.1698506062765917
31.23336666666667,-0.5608563224600804,0.8075439516859491,0.1825183597668893
31.433366666666668,-0.5613393973797824,0.8031305278954586,0.19969836281668657
31.633366666666667,-0.5641550890094746,0.7960582349558287,0.21913539673845978
31.833366666666667,-0.5598033884318263,0.7988473559687641,0.2201432900679937
32.033366666666666,-0.5555917328286528,0.8007794669250646,0.22376342811921698
32.23336666666667,-0.5637767584527527,0.795464027142126,0.222244793305349
32.433366666666664,-0.5702108312754379,0.7912530781799202,0.22085781436701607
32.63336666666667,-0.6287336518057391,0.7342017306558898,0.2562065842028953
32.83336666666667,-0.8330554557272407,0.4395583328870017,0.3358676520188861
33.033366666666666,-0.9236730592838772,0.0018071070055442578,0.38317726174374356
33.23336666666667,-0.8729892717258485,-0.28696002901437073,0.3943902549501503
33.433366666666664,-0.8180848354162331,-0.4484160181460837,0.36008370795136785
33.63336666666667,-0.8157767002730749,-0.49546732596981824,0.2983630409214446
33.83336666666667,-0.8323437911690617,-0.5053156435436045,0.22772771832261998
34.033366666666666,-0.8591869040188004,-0.4794054621632699,0.1787967192389458
34.23336666666667,-0.8805231751416693,-0.45144854204196766,0.1444754371047732
34.433366666666664,-0.8999292538555714,-0.41643362453781324,0.12926861339572726
34.63336666666667,-0.9074370034643063,-0.4022086112399701,0.12159900405897886
34.83336666666667,-0.9080282849639767,-0.4029180510609691,0.11463715730342228
35.033366666666666,-0.9112067320905939,-0.39563139953816195,0.11479584962992373
35.23336666666667,-0.9098120382344442,-0.39747655003715743,0.11939198990822264
35.433366666666664,-0.9113054798490845,-0.39299482617510184,0.12279001993904637
35.63336666666667,-0.9175086256108715,-0.3789468570728911,0.12073608178265216
35.83336666666667,-0.919697410061874,-0.37214149072478536,0.125169424407942
36.033366666666666,-0.9125003516407011,-0.37910475100913676,0.15369676645231564
36.23336666666667,-0.8891109734935512,-0.4147390401231144,0.19357997161666096
36.433366666666664,-0.857851679038713,-0.47092506743009754,0.20571844262588618
36.63336666666667,-0.8395873296010605,-0.5010007297229824,0.2099794865942844
36.83336666666667,-0.8248219354416189,-0.5234390649480998,0.21372954896457622
37.033366666666666,-0.8129297519547186,-0.5416894850680813,0.21381702493842036
37.23336666666667,-0.7827435573768555,-0.5828427788642914,0.21818986802960305
37.433366666666664,-0.7588334210616619,-0.6123291997921874,0.22186660443093859
37.63336666666667,-0.7502786910227811,-0.6219086206820007,0.22430237029187594
37.83336666666667,-0.75263345165462,-0.6149639837317169,0.23529170440810118
38.033366666666666,-0.7595809386975193,-0.6014237208861889,0.24764148586779133
38.23336666666667,-0.7858671441083347,-0.5647741028191751,0.25187902770140524
38.43336666666667,-0.818941215114566,-0.5210001536430199,0.24061198243360116
38.63336666666667,-0.8450284869350084,-0.4771668703045839,0.24132682020873444
38.83336666666667,-0.8589201502047761,-0.44263112999134135,0.2575536028379205
39.033366666666666,-0.9036279673642849,-0.3520771106406028,0.24392253844213715
39.23336666666667,-0.9394478232902732,-0.2627545392657263,0.21999508951434352
39.43336666666667,-0.9421728017789565,-0.26783360573961645,0.20143378868627607
39.63336666666667,-0.9338222615177801,-0.2828914512178284,0.21897125546904586
39.83336666666667,-0.912103915525968,-0.3288852294751627,0.24474671216436725
40.033366666666666,-0.8815076854186437,-0.38934050275256016,0.26712950691424847
40.23336666666667,-0.8688374617835696,-0.40849880897491364,0.27973235077044956
40.43336666666667,-0.886817103111112,-0.38043090458530077,0.2623504382806036
40.63336666666667,-0.9352712378929124,-0.281636259830008,0.21435654578114363
