0.016683201,-0.9862632995672611,-0.0884730152940404,0.13948917338445754
0.21668320100000002,-0.9806243253212954,-0.12512193261165874,0.15073299097303872
0.416683201,-0.9758519906071967,-0.1547285025026138,0.15418165565744119
0.6166832010000001,-0.9654684145868697,-0.22216674560968314,0.13606130081811968
0.816683201,-0.9421023241859139,-0.3192069808298331,0.10271374860748551
1.016683201,-0.8248385714695159,-0.564824700612525,-0.024786863337264948
1.2166832010000002,-0.7227200180766964,-0.685820108862453,-0.08559529047273844
1.4166832010000001,-0.7116700327957546,-0.6956908940495422,-0.09767263873285387
1.616683201,-0.720540284125559,-0.6862803473443428,-0.09920173285375185
1.816683201,-0.7382759121521549,-0.6687277505628798,-0.0880447225165402
2.016683201,-0.7663613425462806,-0.6383164969567486,-0.07240402173586304
2.2166832010000004,-0.8321837114054618,-0.5501702254967865,-0.06915918918152415
2.4166832010000006,-0.9086228515398523,-0.4146397452502934,-0.04978348439351901
2.6166832010000003,-0.9324125546691446,-0.3598460726956808,-0.03343100149344321
2.8166832010000005,-0.8736491934362149,-0.4859689424891745,-0.02390133352357071
3.016683201,-0.8275309311078298,-0.5609966104654968,-0.02180277748434848
3.2166832010000004,-0.8357234679501797,-0.5489098458817786,-0.01625626683364916
3.4166832010000006,-0.8474211101160285,-0.5306902529989043,-0.01566261477778332
3.6166832010000003,-0.8947981704235451,-0.4461617712049588,-0.016610482290727677
3.8166832010000005,-0.9935170356169647,-0.10909583640557599,-0.03196870998096741
4.016683201,-0.9143378666167258,0.399783628903903,-0.06449275719955343
4.216683201,-0.7834432168381337,0.618754019513841,-0.05796714005177664
4.416683201000001,-0.7674234119858605,0.639047108650666,-0.05176967897528888
4.616683201000001,-0.771480492373355,0.63475755702147,-0.043596945896488645
4.816683201000001,-0.757262322997839,0.6519906621536306,-0.038235463020439314
5.016683201,-0.7237418281200487,0.6900479835154939,-0.00561664273837899
5.216683201,-0.513505230123384,0.8472619001570983,0.135866298904894
5.416683201000001,-0.513828803110022,0.8454211056603215,0.14575018078411467
5.616683201000001,-0.5125258255916114,0.8452642771782426,0.15114754324163077
5.816683201000001,-0.5037932576633635,0.8474157804747667,0.16756744473577917
6.016683201,-0.3583357952963349,0.9054604408026631,0.2274573541365283
6.216683201,-0.34567976785528626,0.9144004724843183,0.21065914178114983
6.416683201000001,-0.3526582752015176,0.9139993095430706,0.2005926296918226
6.616683201000001,-0.359460979986003,0.9125390811632121,0.195090310413672
6.816683201000001,-0.3641615802264541,0.9125410547656596,0.18615898273827597
7.016683201,-0.3738998124298578,0.9100711639368729,0.17879990725809397
7.216683201,-0.3804121375840215,0.9095925794635653,0.16711656100929387
7.416683201000001,-0.3880142554373424,0.9078986590126129,0.15863468265327352
7.616683201000001,-0.3958520939087135,0.9056644858303977,0.1518978566460003
7.816683201000001,-0.40262174375600734,0.9033756597744638,0.14767582328168824
8.016683201,-0.40877411035564676,0.9015684799751673,0.14169686876644538
8.216683201,-0.4177527307956349,0.8977777821146212,0.13956256609184908
8.416683201,-0.42908035210967077,0.8928993465706018,0.13645808267462267
8.616683200999999,-0.4896121494327799,0.8590400535513693,0.14943269228075196
8.816683201,-0.5286942093356832,0.8229077484515135,0.208099184413051
9.016683201,-0.5258460493870063,0.8249845674708716,0.20709030826906785
9.216683201,-0.5155249984790595,0.8302703510901301,0.21186108666727407
9.416683201,-0.43480802685187375,0.8661300120460436,0.24649702233150997
9.616683201,-0.21042628743701447,0.9502799027726154,0.2295405932334048
9.816683201,-0.16247884162766008,0.9644693810567093,0.2083253201783725
10.016683201,-0.15865270441663581,0.9645916288130572,0.21069482434331643
10.216683201,-0.156245474060131,0.9667635878567242,0.2023746946387282
10.416683201,-0.16159449792765085,0.9668846978563321,0.19753784268028132
10.616683201,-0.16608537349314212,0.9680548392589339,0.18784428897095257
10.816683201,-0.17179437482568555,0.9671674320208412,0.18728014100929943
11.016683201,-0.18170265125264157,0.9653784098641638,0.18715948358525678
11.216683201,-0.22647817306269102,0.9496446757691702,0.21652396382260686
11.416683201,-0.3508358874838673,0.9029463959543046,0.24819747397292233
11.616683201,-0.48398082164786616,0.8494699908146084,0.21015065782073156
11.816683201,-0.6392964422665272,0.7509099511300953,0.16563304078341143
12.016683201,-0.888509585100345,0.4472479231616436,0.10256711174840245
12.216683201,-0.994666074014389,-0.004630731473002921,0.10304347398465928
12.416683201,-0.9618572831888091,-0.25956808634087214,0.08634219901057286
12.616683201,-0.8813206055763592,-0.46911421500785333,0.05662016835090924
12.816683201,-0.8084195075983285,-0.5880880487270802,0.024705195381779864
13.016683201,-0.7958993522056984,-0.6053370664396326,0.01054785062510421
13.216683201,-0.7954338217109502,-0.6059377094272904,0.011159192279070196
13.416683201,-0.7934607338500511,-0.6085621391311865,0.008496272960109562
13.616683201,-0.7950650196869906,-0.6065206074120207,0.0020897977602130214
13.816683201,-0.8096966032537992,-0.58586494982935,-0.033965736275148734
14.016683201,-0.8157829581414675,-0.5772968644730377,-0.03502135742023545
14.216683201,-0.824760274640155,-0.5653840560298659,-0.010552656666137897
14.416683201,-0.8097416008348275,-0.5631974178487493,0.16470339524719274
14.616683201,-0.8340870345268897,-0.5167832633715707,0.19296081864764605
14.816683201,-0.7774388653291677,-0.6137346870475523,0.13754470033534236
15.016683201,-0.7074344469884157,-0.7026937563616129,0.07588140737097838
15.216683201,-0.6916556948349699,-0.7206759618208883,0.04731340038395599
15.416683201,-0.7048774662322108,-0.7086924109896906,0.030047033192611886
15.616683201,-0.7148970138154739,-0.699000045975757,0.017921924104520797
15.816683201,-0.7203904822120989,-0.6935685451283315,0.00047575917140189194
16.016683201,-0.7323965486653989,-0.6808343126150891,-0.0077417226088039364
16.216683201,-0.93996405318961,-0.3393425226884702,-0.036252324157022175
16.416683201,-0.910949964112949,0.40689191205875386,-0.06789060895137479
16.616683201,-0.7796031149776901,0.6241169289077503,-0.05193305467465788
16.816683201,-0.7778219184583455,0.6271681671444498,-0.0406589877696247
17.016683201,-0.7825452970543668,0.6213227154842119,-0.03976105231778783
17.216683201,-0.775903140415348,0.6297779483961631,-0.036797451100858296
17.416683201,-0.7754857802660253,0.6304049419798768,-0.03480536930622047
17.616683201,-0.7764831423065077,0.6292575312749308,-0.033299985699570676
17.816683201,-0.7810284253433039,0.6236454471666427,-0.03257230470933826
18.016683201,-0.7904027435314509,0.6118957486369255,-0.02910491054809864
18.216683201,-0.793243445966194,0.6085077817609336,-0.021979876434285478
18.416683201,-0.7931424984993605,0.608796661921772,-0.017076343493272323
18.616683201,-0.7962255608227965,0.6048373355892079,-0.014023329482375347
18.816683201,-0.799046690885613,0.6010615657375611,-0.015791769307569953
19.016683201,-0.8018044680965568,0.5973234184014945,-0.017729319489230625
19.216683201000002,-0.803750540319514,0.5947991900722448,-0.014106467505762376
19.416683201,-0.8034859303068986,0.5952321993353344,-0.010439764043241827
19.616683201,-0.8015679384068717,0.5977936007538704,-0.011473927657082612
19.816683201,-0.8010961418477304,0.5984071595265334,-0.012403344067915188
20.016683201,-0.8002831352791875,0.5994885296410329,-0.012665157580786778
20.216683201000002,-0.8014591400821963,0.5978996846910086,-0.013387076794403189
20.416683201,-0.8034572960931076,0.5951963774907215,-0.014058647754156633
20.616683201,-0.8052008445847495,0.5928895189910656,-0.011559331751845049
20.816683201,-0.8062725520448801,0.5913905922233301,-0.013481070015967104
21.016683201,-0.8078472012486473,0.5891138850010348,-0.018103312782883265
21.216683201000002,-0.8077565931901284,0.5891430863612717,-0.02096926204216559
21.416683201,-0.8080843540687541,0.5886126648782414,-0.02312590439788186
21.616683201,-0.8069596404013331,0.5902110742285254,-0.02161079872104559
21.816683201,-0.8055925834148296,0.5920949432156543,-0.021075288028205432
22.016683201,-0.80656717621509,0.5906671470839496,-0.02370045586320768
22.216683201000002,-0.8070586396626829,0.5898384670641241,-0.02733011008510971
22.416683201,-0.8083890900952186,0.5879042902795454,-0.02959095277155466
22.616683201,-0.8113391212494135,0.5835792581304702,-0.034118613836433234
22.816683201,-0.8140784149563965,0.5794590133699447,-0.03877610251703914
23.016683201,-0.8142355918185229,0.5790008661840355,-0.042171056117639716
23.216683201000002,-0.8155145918778708,0.5767416694531333,-0.04801038586267137
23.416683201,-0.8158792410455779,0.5759384474060993,-0.05134168706172192
23.616683201,-0.8163563730440733,0.5747493351763118,-0.05679325580308154
23.816683201,-0.8194625493476311,0.5697091989011697,-0.06255045087023162
24.016683201,-0.8221684862799662,0.5658250933881585,-0.06229722193157132
24.216683201000002,-0.8243567074526363,0.5625234072830453,-0.0632727045140503
24.416683201,-0.8271767412375316,0.5583151373780764,-0.06374045913042166
24.616683201,-0.8288173884566179,0.5555052486087755,-0.06690033901300317
24.816683201,-0.8306740770772947,0.552780897653547,-0.06643686372131102
25.016683201,-0.8347779729551065,0.546123937934103,-0.06995984765786567
25.216683201000002,-0.8430133339737103,0.5330868406652689,-0.07174217066727165
25.416683201,-0.8476708592376502,0.5255451595668896,-0.07250103209690632
25.616683201,-0.8543854583756955,0.5141879301929211,-0.07507503553160869
25.816683201,-0.8539495303162468,0.5148345185064939,-0.07560170783023651
26.00990467499977,-0.8532614746544003,0.5160056223727675,-0.07538603020646985
