0.01666656,-0.970713043269422,-0.17971243487364236,0.15943534231281467
0.21666656,-0.9526663434300853,-0.24527455277246626,0.1796308210130381
0.41666656,-0.9360823111880263,-0.30925333669399013,0.1676671715766591
0.6166665600000001,-0.9371454926213285,-0.3131643177171702,0.15390398230152116
0.81666656,-0.9774937382689466,-0.17189776712191818,0.12229942478809637
1.01666656,-0.9923820480425882,-0.06937268772113603,0.10181012189926593
1.2166665600000002,-0.9961431640769001,-0.023445551967313967,0.0845523669438672
1.4166665600000001,-0.9976653533383533,-0.003948792014424327,0.06817807411393809
1.61666656,-0.9965190586135653,0.04986186840431968,0.06680987875429949
1.81666656,-0.9948697877005253,0.06932350897825135,0.0736773820358314
2.01666656,-0.9950877930873936,0.07011983602840974,0.06988199084034266
2.21666656,-0.9867448416213629,0.13258428334494307,0.09357363594271544
2.4166665600000004,-0.9763980712680707,0.1946768400512288,0.093529323592446
2.61666656,-0.9448559118504123,0.3097251266890483,0.10638445252375563
2.8166665600000003,-0.8096012625260214,0.5725527573830367,0.12934116022888498
3.01666656,-0.716313896232635,0.6841891620039048,0.13703865389158099
3.21666656,-0.6911456685312913,0.7059994437063937,0.15453947831119866
3.4166665600000004,-0.6927934017913094,0.704039831272045,0.15609362067956636
3.61666656,-0.7144176314254405,0.6811414503818191,0.16016795085227134
3.8166665600000003,-0.7336982774409887,0.6593498176992462,0.16414827315600114
4.01666656,-0.7284185871246638,0.6664317420562794,0.15898143008270388
4.21666656,-0.7981775333976215,0.5875228134791847,0.13315242701803273
4.41666656,-0.9213769726232475,0.381855256140865,0.07246404403022104
4.6166665600000005,-0.9593693700334603,0.2736890092048133,0.06859109331457913
4.816666560000001,-0.9609217760063788,0.26955413565870023,0.06300720868312225
5.01666656,-0.9637099513147256,0.2586673197392124,0.06598747938739183
5.21666656,-0.9726112716158815,0.2190925128942698,0.07762593071527402
5.41666656,-0.9881431385451502,0.1294694203525888,0.08252761319525147
5.6166665600000005,-0.9907296529135128,0.11151051204478513,0.07758969352549724
5.816666560000001,-0.9882602048369324,0.13448522935532053,0.07249476271366984
6.01666656,-0.9872662436696913,0.14340135232937049,0.06885794260973442
6.21666656,-0.9850694111804723,0.15736005048768162,0.06982885984370595
6.41666656,-0.9826151192491678,0.17226396033724084,0.0692290068675931
6.6166665600000005,-0.9825281862907433,0.1721252507436321,0.07079026204686867
6.816666560000001,-0.9820704664919776,0.1752437970027905,0.06947812933775849
7.01666656,-0.9819351677942985,0.17584722218525287,0.06986473143520111
7.21666656,-0.9815249165445371,0.17952552095395383,0.06617722817140996
7.41666656,-0.9824022444865605,0.17643267494122786,0.061297155242731716
7.6166665600000005,-0.9828585664459004,0.17552571943249054,0.05638936230900701
7.816666560000001,-0.9834783276079161,0.17036008708968026,0.061219440150437746
8.01666656,-0.9832726726880088,0.17070556169177228,0.06351741770944802
8.216666560000002,-0.9829579728038117,0.17274079911420598,0.0628827482128941
8.416666560000001,-0.983065220641995,0.17337238000412064,0.05936994033863022
8.61666656,-0.9828346952829202,0.17594718237761867,0.05548468943327121
8.816666560000002,-0.9826675575982529,0.17733220861436816,0.0540162848762717
9.01666656,-0.9820692813935469,0.18093532444807062,0.05293708444969613
9.216666560000002,-0.9821762895602639,0.1802554296955188,0.05327021955010651
9.416666560000001,-0.9818897027094879,0.18217461787310169,0.05200980980414148
9.616666560000002,-0.9818496082432976,0.18255302495355596,0.051436756048474266
9.816666560000002,-0.9817792199640114,0.18411560147177505,0.047021362608331264
10.01666656,-0.9816185774840823,0.18559376514715187,0.04449632205733916
10.216666560000002,-0.9808874236775961,0.1900238919322877,0.04184235373439989
10.416666560000001,-0.9804414046063228,0.19265775034773552,0.040219937400881374
10.616666560000002,-0.981181211741371,0.18907983332484207,0.039143918500639606
10.816666560000002,-0.9820948416701708,0.18413975689456472,0.039777781432001384
11.01666656,-0.9830045290033251,0.17886213476935178,0.04135737787506906
11.216666560000002,-0.982796767635207,0.18034231736621942,0.039839202963549016
11.416666560000001,-0.9825481598889383,0.18149264717126243,0.040737360268300424
11.616666560000002,-0.9823695957419747,0.18243543049105027,0.040832475595960954
11.816666560000002,-0.983409358314875,0.1767797314438653,0.04068120609520838
12.01666656,-0.998485563909656,0.0545955922590142,0.006774951653242519
12.216666560000002,-0.9328872270964415,-0.35044988405788907,-0.08310415323029637
12.416666560000001,-0.7274076682703146,-0.6732488439658386,-0.1327180403720832
12.616666560000002,-0.5258080280131412,-0.8386036554142513,-0.1423721419477405
12.816666560000002,-0.4935268014354195,-0.8586511113784792,-0.13838195400205403
13.01666656,-0.5202534143178764,-0.8415673514110121,-0.1452610681829311
13.216666560000002,-0.5405843003312828,-0.8294074834118592,-0.14089656026938405
13.416666560000001,-0.5354592551036457,-0.832764779526831,-0.14066345688727144
13.616666560000002,-0.6353658715387864,-0.7592087564680962,-0.14111085495427264
13.816666560000002,-0.9219783463648019,-0.36095852546153157,-0.1402314933638763
14.01666656,-0.9678807559740595,0.23872073568864866,-0.07886223790480147
14.216666560000002,-0.8854829725646973,0.4616021169999746,-0.053323455243720105
14.416666560000001,-0.8508817179007047,0.524553203292448,-0.029055792158835442
14.616666560000002,-0.8521879598690123,0.5210608185189073,-0.04765820452657565
14.816666560000002,-0.9632159990973559,0.2566310609796028,-0.07972099863502485
15.01666656,-0.9924650225551974,0.013865721285613655,-0.12174120410830916
15.216666560000002,-0.9545894055566465,-0.2549569414707136,-0.15412989585056802
15.416666560000001,-0.8285611791174116,-0.5335787873347098,-0.1696468395402218
15.616666560000002,-0.680537679029497,-0.7091827952663733,-0.18419617346546205
15.816666560000002,-0.5679326284116875,-0.7965620204086215,-0.207223254553941
16.01666656,-0.5078660019449859,-0.8341375120111366,-0.21514352215274046
16.21666656,-0.5135534379793922,-0.8322747829116935,-0.20876195072100573
16.416666560000003,-0.4333131489061314,-0.8773645686394478,-0.20608524615112245
16.616666560000002,-0.4169873611012162,-0.8887438707847041,-0.19040974981461797
16.81666656,-0.42842089893106733,-0.8881234885327661,-0.1664097427300641
17.01666656,-0.46207515382821135,-0.8691035094507578,-0.1764812796729774
17.21666656,-0.5070160076088134,-0.842409821184264,-0.1824293320733164
17.416666560000003,-0.6293669465621432,-0.7420422904963041,-0.23080399842733043
17.616666560000002,-0.7937909804241892,-0.5633347760075503,-0.229237452301599
17.81666656,-0.8250621745129594,-0.5115584090320527,-0.2399591680610307
18.01666656,-0.8409443055680348,-0.4852787918296914,-0.2394100439267556
18.21666656,-0.8663598030044398,-0.4385426828996956,-0.2389581700073156
18.416666560000003,-0.9105286635269183,-0.35195895343987854,-0.21693881162528258
18.616666560000002,-0.9249786716760753,-0.3164579700876425,-0.21040154493817786
18.81666656,-0.8845966656702533,-0.4115905346288424,-0.21927601530722307
19.01666656,-0.853850691372016,-0.467718576473367,-0.22842576488929112
19.216666560000004,-0.8856664581179432,-0.40182044192430566,-0.23266984638447094
19.416666560000003,-0.904309630447427,-0.3585202780795945,-0.231705205996258
19.616666560000002,-0.9241190070812322,-0.31280314916394075,-0.21944988180520672
19.81666656,-0.9416959912598026,-0.2616519040032276,-0.2115347280630402
20.01666656,-0.9625764100628822,-0.17858880529445215,-0.20384477774511411
20.216666560000004,-0.9759017151202709,-0.07596550707703596,-0.20456071020565705
20.416666560000003,-0.9778669891373928,0.014495531850524853,-0.20872477359369943
20.616666560000002,-0.9774030084339431,0.05291186979043967,-0.20465505891513344
20.81666656,-0.978623959526709,0.07113775251476893,-0.19296260261359757
21.01666656,-0.976973749263349,0.11108107343052404,-0.18216280733409215
21.216666560000004,-0.9681323452133663,0.18210535021724106,-0.17192266742324433
21.416666560000003,-0.9397195138380863,0.3038839723028977,-0.156785734967574
21.616666560000002,-0.8555963573228915,0.5034858512603815,-0.12023672864980837
21.81666656,-0.7653115453724382,0.6367459411088816,-0.09408955840588835
22.01666656,-0.6923441840664406,0.7156949166063843,-0.09187119860519298
22.216666560000004,-0.6255159755862841,0.7794143643415956,-0.03525638870227472
22.416666560000003,-0.5615699459885133,0.8267908421978741,0.03249767715065949
22.616666560000002,-0.5076975657991358,0.8588704000833699,0.06771128076077933
22.81666656,-0.475942151022053,0.8751423035720033,0.08720675076615032
23.01666656,-0.46426962038904657,0.8811116482096093,0.08997768041662846
23.216666560000004,-0.47858404741892113,0.8729723870918263,0.09421529032658266
23.416666560000003,-0.4943742399239419,0.8644430279386267,0.09128177445648047
23.616666560000002,-0.47153426720179314,0.8788150472255696,0.07307220829007778
23.81666656,-0.46593272961113286,0.8829738613685423,0.05713012880298449
24.01666656,-0.4777723698361205,0.8775341591577633,0.040833345839588746
24.216666560000004,-0.4974330479879281,0.8674992662628441,-0.00232073326057807
24.416666560000003,-0.496863828788519,0.8674460265038665,-0.025762894718311866
24.616666560000002,-0.5463521427441133,0.8373602068195548,-0.018089227568595073
24.81666656,-0.7965256052125894,0.6033739383792431,-0.0385597033888922
25.01666656,-0.8611559661907117,0.5075204197872869,-0.028869107936996482
