0.016666551,-0.9620611261079821,0.24658838244632736,0.11675855118296637
0.216666551,-0.9458344536516141,0.29969671606917775,0.12481612340920939
0.41666655100000005,-0.9295495928826578,0.3431618558131434,0.1348239410734061
0.6166665510000001,-0.9048428601429229,0.40316369918939043,0.13681531385156287
0.8166665510000001,-0.8435536474992302,0.5180821353952958,0.14145014943433212
1.016666551,-0.7549385384623535,0.6422174731584726,0.1327573738602593
1.216666551,-0.6316756508028328,0.7657563357473324,0.12084331361576105
1.416666551,-0.5164345484784495,0.8488297118283263,0.11306404138938572
1.616666551,-0.33790975838324283,0.933780538855742,0.1177747869607879
1.816666551,-0.19477733486191667,0.9716881394086573,0.13373088482706788
2.016666551,-0.08022981178750238,0.9862915385377025,0.14419493163587258
2.2166665510000003,-0.024496185416043537,0.9899781875159559,0.13907956407282
2.4166665510000005,-0.044128574313562874,0.9897014806702837,0.1361750641200527
2.6166665510000002,-0.09577931830818953,0.9887717413146718,0.1147029457423411
2.8166665510000004,-0.1926478264102499,0.9756645138617096,0.104716624135811
3.016666551,-0.33616263880071096,0.9372638766145318,0.09236398577390885
3.2166665510000003,-0.5046456388310171,0.8581747496203291,0.09417472231400419
3.4166665510000005,-0.6547802052082389,0.749380002095921,0.09845047143703411
3.6166665510000002,-0.7774351490480335,0.6217383343687036,0.09505804858659901
3.8166665510000004,-0.8788501684522175,0.4694408785824166,0.08513308949684432
4.016666551,-0.9584943518218793,0.27613914143671625,0.07096303327894397
4.216666551,-0.994298806657987,0.08843450277504583,0.05957534555026937
4.4166665510000005,-0.9990153921894709,-0.006602995626290568,0.043870794582242925
4.616666551000001,-0.9985797632988173,-0.03417938770787577,0.040868395931239865
4.816666551000001,-0.9984328309206756,-0.030811832572233216,0.046717374854187886
5.016666551,-0.998418542494541,-0.002118843324516235,0.05617761570272352
5.216666551,-0.9979811972954822,0.03507566115865947,0.052945517647472996
5.4166665510000005,-0.9972503186737979,0.06086406638269632,0.042277267276535024
5.616666551000001,-0.9963075833694548,0.07123775150582363,0.04792058097426816
5.816666551000001,-0.9965689120145114,0.06964202265993044,0.0447257452262915
6.016666551,-0.996597205627507,0.07209253608296852,0.03995842810435225
6.216666551,-0.9965585828095358,0.07497292266135289,0.0353560729757187
6.4166665510000005,-0.9965955893264125,0.07422927105326733,0.035878219772469064
6.616666551000001,-0.9963867387075317,0.07690847524540419,0.0360354459275341
6.816666551000001,-0.9961485228584647,0.07941293374880842,0.03717131098450278
7.016666551,-0.9964023699305586,0.07770299731695121,0.033831367172020885
7.216666551,-0.9966484089985201,0.0758530735767841,0.030631031155899418
7.4166665510000005,-0.9971307059742864,0.07109363408835583,0.02600096912294758
7.616666551000001,-0.996963063510467,0.07284175711555498,0.027545025252184677
7.816666551000001,-0.9969501656140488,0.07257604978620996,0.028689445438179716
8.016666551,-0.9969704174334459,0.0724622815781452,0.028270205359532175
8.216666551000001,-0.9968576400226143,0.07405880923109366,0.028109398851925798
8.416666551,-0.9968779673283574,0.07415997079787962,0.02710381867081648
8.616666551,-0.9969577559559516,0.07360745191888826,0.02563544150745642
8.816666551,-0.9968914423771237,0.07477749413412373,0.024814884369646968
9.016666551,-0.9968474205015749,0.07546188832019346,0.02450966443073022
9.216666551000001,-0.9969057010729685,0.07536291051735097,0.02234848734403909
9.416666551,-0.9967845382348661,0.0776382291658299,0.01982144565611731
9.616666551000002,-0.996727844086952,0.07892919122325838,0.017429503567760074
9.816666551,-0.9967093373134122,0.07965194115115648,0.01503546418011266
10.016666551,-0.9967603710177696,0.07879719557125459,0.01611721870000304
10.216666551000001,-0.996624052272617,0.0801918823941424,0.017600012210017394
10.416666551,-0.996823106925943,0.07804016466628394,0.01591936548263442
10.616666551000002,-0.997157066060448,0.07447670678707882,0.011445774411148515
10.816666551,-0.9972850630204693,0.07293620464145872,0.01013968090019934
11.016666551,-0.9971801284528232,0.07433248439650894,0.010318584314409697
11.216666551000001,-0.9970220850951225,0.0764916208593225,0.009797641087974396
11.416666551,-0.9968875363458133,0.07841264245532527,0.008166846487375425
11.616666551000002,-0.9968562004144628,0.07895337437283242,0.006639304962451539
11.816666551,-0.9967134907770844,0.08087987899356955,0.004545599734337014
12.016666551,-0.9966710660474912,0.08149081415435952,0.0024562801585556113
12.216666551000001,-0.996700771610444,0.08116380113638211,-9.620935343435573e-05
12.416666551,-0.9967044420836895,0.08110800790048238,-0.0013214329558485362
12.616666551000002,-0.9964998212632901,0.08357010679438172,-0.002035552162752583
12.816666551,-0.9963472286836675,0.08535637229414222,-0.0025474699526764513
13.016666551,-0.9962524983808583,0.08646079467363117,-0.002343171846558913
13.216666551000001,-0.9959759399597219,0.08960844419081031,-0.0015012498295851715
13.416666551,-0.994319113441219,0.10637097839648581,-0.0038360918188669493
13.616666551000002,-0.9870739526550076,0.15990502532197592,-0.010742200277325385
13.816666551,-0.9672144434801511,0.2535279618313098,-0.014825413756247715
14.016666551,-0.933230641722345,0.35911721945025804,-0.010742068926214878
14.216666551000001,-0.8846745682566117,0.46618711610238395,-0.004525600525932022
14.416666551,-0.8277307183517468,0.5611225776767347,-0.0018195379407869923
14.616666551000002,-0.769300057038655,0.6388777437201212,0.0035567990397355337
14.816666551,-0.7236439924211499,0.6901448066637299,0.006286339782553788
15.016666551,-0.7052907257311181,0.7088825715560828,0.007105768199704001
15.216666551000001,-0.7070074030776776,0.7071769107898711,0.006430306295445523
15.416666551,-0.7300701149872099,0.6833722158992648,-0.00020430244942431567
15.616666551000002,-0.7906471850755101,0.6122545119021099,-0.004630484605420028
15.816666551,-0.883765555444643,0.46767529789597084,-0.015435632398355006
16.016666551,-0.9602666686306838,0.2788351907897526,-0.011783950703015997
16.216666551,-0.9972495825794533,0.07411659593516665,-1.587730407616644e-05
16.416666551000002,-0.9922895830901595,-0.1235623983321099,0.009680754576698421
16.616666551,-0.9544551032072728,-0.29834252637925834,0.0026819610802366997
16.816666551,-0.8976461483001442,-0.44063403472225265,0.00854633759598935
17.016666551,-0.8221188306423646,-0.569213336469155,0.01080767731218772
17.216666551,-0.7321584609898012,-0.6810999613071712,0.006843296604389117
17.416666551000002,-0.6413987929961215,-0.7671815144972344,0.006333415890971857
17.616666551,-0.5575945449705288,-0.8300879228482834,0.006508744927506004
17.816666551,-0.4734221637318839,-0.8808059950285653,0.007228693461503209
18.016666551,-0.3963258198876046,-0.9181059224309319,0.0027128744285975824
18.216666551,-0.3550049243281996,-0.9348603807984206,-0.0027517478375608233
18.416666551000002,-0.33318232478832477,-0.9428476074424266,-0.00528465597171291
18.616666551,-0.34349035994798116,-0.939133407147707,-0.006543409046181412
18.816666551,-0.38094486551299567,-0.9245325732750399,-0.010978633463187105
19.016666551,-0.4555969565122017,-0.8900404788380879,-0.016104634317066793
19.216666551000003,-0.5421227782932103,-0.8401568843167647,-0.015469421152624733
19.416666551000002,-0.6446535032529004,-0.7643407812880989,-0.01431889673338131
19.616666551,-0.7492529368944901,-0.6622383138159748,-0.0077751057327544474
19.816666551,-0.8387850999918125,-0.544418507167503,0.0069314562130177605
20.016666551,-0.906459238238879,-0.4220848368870398,0.013268002164331693
20.216666551000003,-0.9429888547180537,-0.33269838447567907,0.009154498610372305
20.416666551000002,-0.9668583577075244,-0.255244704092696,0.005920909029993994
20.616666551,-0.9848913513544972,-0.17316480972122492,0.0017247322472207932
20.816666551,-0.9944655082242853,-0.10506328916544752,0.00024129225344945312
21.016666551,-0.9983699370988031,-0.05704738000524369,0.0017507518014160497
21.216666551000003,-0.9998581735154713,-0.016711459969687866,0.0020880517203000788
21.416666551000002,-0.9999679164830232,0.007689782683963489,0.0022434898875005006
21.616666551,-0.9999684631175112,0.007923931908734099,0.0005329854673879994
21.816666551,-0.999949120709001,0.009813197385678856,-0.0023360544440751206
22.016666551,-0.9994854713861844,0.03047620878278865,-0.009999659302438402
22.216666551000003,-0.9953299123058706,0.09595628519858503,-0.01052411516832895
22.416666551000002,-0.98293832134898,0.18312873676875102,-0.017208201333404883
22.616666551,-0.9517002310276774,0.306027889474694,-0.024770973447371225
22.816666551,-0.9010195166929635,0.43335162480033906,-0.019240577467533878
23.016666551,-0.8457439783871663,0.5334698550378423,-0.01127105974393237
23.216666551000003,-0.8090138132636373,0.587748191845884,-0.006979464916694251
23.416666551000002,-0.7832287488893127,0.621697997219717,-0.0066578649937459496
23.616666551,-0.7426112359766467,0.6696730825026767,-0.008155658931114073
23.816666551,-0.6963150733566973,0.7176985411337153,-0.007356811183831923
24.016666551,-0.6612217508765376,0.7500642761604291,-0.01376146052196375
24.216666551000003,-0.6026348091670487,0.7978894056304199,-0.014275264023144895
24.416666551000002,-0.5221051153509874,0.8525344175222408,-0.024316978931315767
24.616666551,-0.41963417185025087,0.9071890770906128,-0.0302512846510112
24.816666551,-0.3012112476264046,0.9528570596527978,-0.03654050045045751
25.016666551,-0.19016826961775718,0.981270484613147,-0.03072889938914111
