0.016683163,0.02086115458772412,0.0,-0.9748174614594762,-0.22202641523694788
0.05004982966666667,0.016646791720473845,8.271806125530277e-25,-0.9810685584904616,-0.1929439500654611
0.08341649633333334,0.013639099947606374,-1.6543612251060553e-24,-0.9890881354976824,-0.14669231462601443
0.11678316300000001,0.011620424284839736,-9.098986738083304e-24,-0.9963004028740685,-0.08514970917395517
0.15014982966666668,0.011034391560388502,2.223047896236262e-24,-0.9996889447557946,-0.02236640194439054
0.18351649633333333,0.011792976918410318,-2.0679515313825692e-24,-0.9994241445310831,0.031816741249137234
0.21688316300000002,0.013437295523959109,1.4889251025954498e-23,-0.9954603334906545,0.09422400721512818
0.2502498296666667,0.015744956792288666,-3.970466940254533e-23,-0.9864660746009613,0.16320778166797104
0.28361649633333336,0.019087238045707805,1.3234889800848443e-23,-0.9766843393400375,0.21383025658615576
0.316983163,0.02331994220309688,-5.293955920339377e-23,-0.9669011288784268,0.2540834258059111
0.35034982966666667,0.02708979377525033,1.7205356741102976e-22,-0.9539216417612382,0.29883046105234706
0.3837164963333334,0.030705205060506065,-3.441071348220595e-22,-0.9409166145676634,0.3372434058847108
0.41708316300000003,0.03492568902588742,1.0587911840678754e-22,-0.932193422327688,0.360271591462691
0.4504498296666667,0.03949101714383664,-4.499862532288471e-22,-0.925739813649891,0.37609341524202516
0.4838164963333334,0.04363310868989242,-1.5881867761018131e-22,-0.9192776131584436,0.39118387207523125
0.5171831630000001,0.04731060315155362,-3.1763735522036263e-22,-0.911342575301628,0.40892104038803484
0.5505498296666667,0.05073843996855431,-1.4293680984916318e-21,-0.9040515127882541,0.42440131118415103
0.5839164963333334,0.05400182455238683,-1.5087774372967225e-21,-0.8981026536883701,0.4364578174152926
0.617283163,0.056792270411389865,-3.970466940254533e-22,-0.8914684527141565,0.44950932786422493
0.6506498296666667,0.05919611787958252,1.0852609636695723e-21,-0.884780007993937,0.46223387703870833
0.6840164963333333,0.06157269210201545,9.26442286059391e-22,-0.8796492081234061,0.4716206889388708
0.717383163,0.06389463501168972,-5.293955920339377e-23,-0.8754875383736133,0.47899796008880274
0.7507498296666668,0.06650762490976439,8.470329472543003e-22,-0.8737467459344772,0.4818125774590927
0.7841164963333334,0.06979766983240052,8.470329472543003e-22,-0.876770334246686,0.4758172614259824
0.8174831630000001,0.07378873529386852,-2.6999175193730823e-21,-0.8845649371465778,0.46054326019886815
0.8508498296666667,0.07934372683916935,1.4823076576950256e-21,-0.8979324099595134,0.4329225798633879
0.8842164963333334,0.08938693106590581,0.0,-0.9191045052290193,0.3837406481236237
0.917583163,0.10494507290608664,4.7704895589362195e-18,-0.9401334855926162,0.324246142521718
0.9509498296666667,0.11962754968498315,4.553649124439119e-18,-0.9514603157014239,0.28357100874686386
0.9843164963333335,0.1303781275080881,2.168404344971009e-18,-0.9568866212328216,0.25955642541289464
1.017683163,0.13912820649926588,1.0842021724855044e-18,-0.9613933194873245,0.2374157269463016
1.0510498296666666,0.14640512948186832,-4.662069341687669e-18,-0.9655267537750608,0.2152292401278008
1.0844164963333334,0.15148884083097364,-2.8731357570865868e-18,-0.9684608263521631,0.197825071527785
1.1177831630000001,0.15422937609489584,4.336808689942018e-19,-0.9706157976228845,0.1847113232973853
1.1511498296666667,0.1549036796008725,-8.021084373143004e-18,-0.9722769259806278,0.17516400672447247
1.1845164963333334,0.1542134387303122,-1.0706496453294356e-18,-0.9734022813377807,0.16942908251352862
1.217883163,0.15298834563827646,4.851804721872632e-18,-0.9742761067105584,0.16547094606540444
1.2512498296666668,0.15138882073463483,5.421010862427522e-19,-0.9749821922033137,0.16276102064990047
1.2846164963333333,0.14977086787718263,8.592302216947623e-18,-0.9756046647186456,0.16051238367968587
1.317983163,0.1487514155023654,5.421010862427522e-20,-0.9761968342652153,0.1578377558020091
1.3513498296666666,0.14855684131080907,3.634618376668203e-18,-0.9765895446803219,0.15557546760603508
1.3847164963333334,0.1487867690685182,2.673235981534572e-18,-0.9769202989491865,0.15326195500248374
1.4180831630000001,0.1491113119866091,5.373577017381281e-18,-0.9770575954328302,0.15206666907855942
1.4514498296666667,0.14946485837554913,8.504210790433175e-19,-0.9769470836293552,0.15242917010492152
1.4848164963333335,0.1496226038853821,1.5077186461126546e-19,-0.9767540177337268,0.15350786705436448
1.518183163,0.1495093095025977,-3.4897757426877174e-19,-0.9765487191689456,0.15491793137512622
1.5515498296666668,0.14926591981594683,-3.0662592690605672e-18,-0.9764584762243114,0.15571939311208255
1.5849164963333333,0.1487627410678425,-5.5768649247223134e-18,-0.9766160622834457,0.15521183511562217
1.618283163,0.14798859745122453,-3.564314642046096e-18,-0.9771295178046687,0.15269996875977118
1.6516498296666668,0.14700715849931734,4.526544070126981e-18,-0.9782681887164664,0.14621985602291024
1.6850164963333334,0.14601909334010205,1.1519648082658485e-18,-0.9802928885564852,0.13305742003254545
1.7183831630000002,0.14524169675164114,-5.149960319306146e-19,-0.9829652669140883,0.11262385877432754
1.7517498296666667,0.1447687886196408,-2.2836008257975937e-18,-0.9857874380192514,0.08523570193904877
1.7851164963333335,0.1444524120176683,-6.030874584450618e-19,-0.9881721395126766,0.051471578110807895
1.818483163,0.1444122088177116,-3.571302663860944e-19,-0.9894692663822924,0.009781862260210904
1.8518498296666668,0.1450820582777763,5.590417451878382e-20,-0.9883381636772577,-0.0462479251961652
1.8852164963333335,0.14688616022981416,-3.1712913545201005e-18,-0.98262934833778,-0.11341966195599058
1.918583163,0.14969835027546513,1.2468324983583301e-18,-0.9716715579974885,-0.18287916038613453
1.9519498296666669,0.15320588859363904,-7.589415207398531e-18,-0.9555860791698394,-0.2517602053483573
1.9853164963333334,0.1574700574585411,-6.288372600415926e-18,-0.9351281119366335,-0.317393439235645
2.0186831630000004,0.1622226791930132,-3.469446951953614e-18,-0.9126875504678911,-0.3750803081692795
2.052049829666667,0.16708980380166208,3.686287386450715e-18,-0.8900719027934395,-0.4240907984420176
2.0854164963333335,0.17188615052240575,-6.071532165918825e-18,-0.868484963668704,-0.46496130929353563
2.1187831630000002,0.17627529216740787,-2.6020852139652106e-18,-0.8493078086909989,-0.49759749543962617
2.152149829666667,0.1801045290859355,6.938893903907228e-18,-0.8333844652659055,-0.5225253024076388
2.185516496333334,0.1832444041991187,-8.673617379884035e-18,-0.8211886185272926,-0.5404356956483786
2.2188831630000005,0.18575194350656726,4.553649124439119e-18,-0.8121564112555576,-0.553080626256269
2.252249829666667,0.18778370010098935,1.441988889405721e-17,-0.805795329181447,-0.5616325929339795
2.2856164963333336,0.18944989310134827,1.22514845490862e-17,-0.8017323006047754,-0.5668633487630526
2.3189831630000004,0.19076593926903604,-8.131516293641283e-18,-0.7991111190587541,-0.5701138270656733
2.352349829666667,0.19152857607591176,-2.927345865710862e-18,-0.7972624567292764,-0.5724415949564922
2.3857164963333335,0.191670631383105,5.963111948670274e-19,-0.7960205931240133,-0.5741198345186272
2.4190831630000003,0.1915816120348732,4.315209349787033e-18,-0.795356121093037,-0.5750696710573053
2.452449829666667,0.1914976353926166,9.690056916589196e-19,-0.7948653275721559,-0.5757757954817534
2.485816496333334,0.19149011540507502,1.4772254600114998e-18,-0.7937132000423892,-0.5773654750507874
2.5191831630000006,0.1915325449685597,7.318364664277155e-19,-0.7919663048104993,-0.5797453374221047
2.552549829666667,0.19191795502474124,-4.87890977618477e-19,-0.790096530288519,-0.5821640416284439
2.5859164963333336,0.19275986020095728,9.215718466126788e-18,-0.7881468277436714,-0.584523920992884
2.6192831630000004,0.19392879760369172,-3.0899761915836876e-18,-0.7858671484791576,-0.5872005163495893
2.652649829666667,0.19556298948377585,2.168404344971009e-18,-0.7821617787196111,-0.5915894429875693
2.6860164963333335,0.1978566175864423,-1.951563910473908e-18,-0.7756562198433407,-0.5993414615188837
2.7193831630000003,0.2008639785959669,-1.474514954580286e-17,-0.7659700310429052,-0.6106910623602821
2.752749829666667,0.20549364757245353,-1.0842021724855044e-17,-0.7518138493462205,-0.6265367481150541
2.786116496333334,0.21248044129707316,8.673617379884035e-19,-0.7297388176180727,-0.6498717720655195
2.8194831630000006,0.22153407820216234,-8.673617379884035e-19,-0.7002320092235039,-0.6786735485149932
2.852849829666667,0.23288566609182904,4.336808689942018e-18,-0.6662829837202193,-0.7084004885189218
2.8862164963333337,0.24662473241735244,-2.6020852139652106e-18,-0.6284392194802468,-0.7377264999843286
2.9195831630000004,0.26157568038282586,-6.071532165918825e-18,-0.5904759953847161,-0.7634895299260435
2.952949829666667,0.2775045318817019,1.214306433183765e-17,-0.5539142587698529,-0.7849651130569831
2.986316496333334,0.2949413889350108,1.3877787807814457e-17,-0.518265222539381,-0.8027519767644876
3.0196831630000003,0.313349101728367,-1.734723475976807e-18,-0.48315350923584177,-0.8175420643362131
3.053049829666667,0.33277676603335526,5.204170427930421e-18,-0.4490991840545449,-0.8291981348688162
3.086416496333334,0.3541727810147867,-1.0408340855860843e-17,-0.4169238679986562,-0.8370998324461013
3.1197831630000006,0.37649342165334854,-6.938893903907228e-18,-0.38957168165544154,-0.8405275773607342
3.153149829666667,0.39791922297027177,1.734723475976807e-18,-0.36912938131901385,-0.8398832013070492
3.1865164963333337,0.417357656332938,-2.862293735361732e-17,-0.35335998827645937,-0.8372271527999661
3.2198831630000004,0.4337389274581322,1.8214596497756474e-17,-0.3398103750626817,-0.8345055133474126
3.253249829666667,0.4466088560967414,1.5178830414797062e-17,-0.32782781966610225,-0.8325079280757209
3.286616496333334,0.4563260873028405,1.0842021724855044e-17,-0.3177407749148699,-0.8311481829393471
3.3199831630000003,0.4638780136922029,1.1709383462843448e-17,-0.3093324261988829,-0.8301389272374169
3.353349829666667,0.47046088511691225,1.3010426069826053e-18,-0.30274256393317456,-0.8288627724528225
3.386716496333334,0.47689285046798946,1.4094628242311558e-17,-0.29732494822351846,-0.8271463500109263
3.4200831630000006,0.48335832213792373,-8.239936510889834e-18,-0.29266245011652625,-0.8250535877819105
3.453449829666667,0.4896926141203239,-1.3444106938820255e-17,-0.2881981612749603,-0.8228869688564375
3.4868164963333337,0.4955373001380527,2.211772431870429e-17,-0.28330943557106253,-0.8210837642337692
3.5201831630000004,0.5009605138147756,-2.0166160408230382e-17,-0.27798785760360534,-0.8196104651743985
3.553549829666667,0.506014344162962,1.929879867024198e-17,-0.2723296044805483,-0.8184045882232062
3.586916496333334,0.5107611122191869,1.8865117801247777e-17,-0.2663821451764399,-0.8174127714782888
3.6202831630000003,0.5156326506524246,-2.8189256484623115e-18,-0.26136636135199753,-0.8159721776719913
3.653649829666667,0.5208271164847671,-2.6020852139652106e-18,-0.2573566424886413,-0.8139451291709635
3.687016496333334,0.5262843119879315,-1.2576745200831851e-17,-0.2530237916198309,-0.8117904802531957
3.7203831630000006,0.5321276103536472,-1.1709383462843448e-17,-0.24812517120192962,-0.8094900281753508
3.7537498296666674,0.5383083997118274,-1.0625181290357943e-17,-0.2429344536569142,-0.8069739264846839
3.7871164963333337,0.5448287898988675,-2.47198095326695e-17,-0.23722529184414842,-0.8042920804078542
3.8204831630000005,0.5515633100870347,-8.673617379884035e-18,-0.23074753397817224,-0.8015818676397477
3.8538498296666672,0.5586944109024792,-2.2551405187698492e-17,-0.22342401690157263,-0.7987128795117165
3.887216496333334,0.5664857188296258,4.336808689942018e-19,-0.21532398195146255,-0.7954429666284369
3.9205831630000003,0.5747791388987964,-1.3010426069826053e-17,-0.20698492453258352,-0.7916982900720444
3.953949829666667,0.5833552267135051,-6.071532165918825e-18,-0.19823980948001946,-0.7876532596284742
3.987316496333334,0.5922524052163074,-4.336808689942018e-18,-0.18912266658170335,-0.7832430692323584
4.020683163,0.6012289945787098,4.336808689942018e-19,-0.17976696361501343,-0.7785933051796119
4.054049829666667,0.6101892219533425,-8.239936510889834e-18,-0.1702306827995718,-0.7737510116604476
4.087416496333334,0.619012951639392,-8.673617379884035e-19,-0.16077799585884855,-0.7687479442250887
4.1207831630000005,0.6274727906320637,0.0,-0.15151584415897762,-0.7637544408939321
4.154149829666666,0.6357370818894442,-1.5612511283791264e-17,-0.14276705605490111,-0.7585881164479911
4.187516496333333,0.6439545909465947,-9.540979117872439e-18,-0.13459581243750532,-0.7531310988620056
4.220883163,0.6521015270038885,9.974659986866641e-18,-0.12683332463470756,-0.747446925367483
4.254249829666667,0.660299254640669,1.3010426069826053e-18,-0.12014410285995193,-0.7413300809146722
4.287616496333333,0.6685421664742516,6.938893903907228e-18,-0.11465549130547648,-0.7347826140835219
4.320983163,0.6768046741650888,1.734723475976807e-18,-0.11008733704615074,-0.7278847513517338
4.354349829666667,0.6850294984953609,-5.854691731421724e-18,-0.10638113008588758,-0.7207063489056023
4.387716496333334,0.692840481899497,-3.0357660829594124e-18,-0.10361653314901077,-0.7136075116613143
4.4210831630000005,0.6996123482373845,1.951563910473908e-18,-0.10180094471935401,-0.7072334337741815
4.454449829666666,0.7053677809603498,5.7462715141731735e-18,-0.10119397303838454,-0.7015811238935797
4.487816496333333,0.7110505266561697,-1.1641620827063104e-17,-0.10186890020109307,-0.6957225565653334
4.521183163,0.7170223217895543,-2.9815559743351372e-18,-0.10376841039605812,-0.689283038424269
4.554549829666667,0.7231948444969881,9.75781955236954e-18,-0.10552953828934729,-0.6825340529537076
4.587916496333333,0.7293117202089878,6.423897871976614e-18,-0.10701282779493759,-0.6757608078700171
4.621283163,0.7350406093969835,7.535205098774256e-18,-0.10843099233496188,-0.6692966625036815
4.654649829666667,0.7402648974524563,-1.0242322398199e-17,-0.10940717373861648,-0.6633535648010288
4.688016496333334,0.7449780289406591,-6.3358064454621665e-18,-0.11005289513311398,-0.6579483997005467
4.7213831630000005,0.7490518485513017,-1.3999760552219076e-17,-0.11044428284381741,-0.653240681961092
4.754749829666666,0.7526206511125674,1.5754812818929986e-18,-0.11075221785720758,-0.6490732637835307
4.788116496333333,0.7561361882823282,-5.692061405548898e-18,-0.11154913373003914,-0.6448370767364026
4.821483163,0.7598625764510111,4.4994390158148434e-18,-0.11336258599217094,-0.6401232607915441
4.854849829666667,0.7637911712707248,4.336808689942018e-19,-0.11698732754102326,-0.6347731972001527
4.888216496333333,0.7675415660867535,-1.1058862159352145e-17,-0.122574774180149,-0.6291703815849721
4.921583163,0.7707043960778939,8.673617379884035e-19,-0.12948600269382818,-0.6238975147991718
4.954949829666667,0.7731202125753991,-3.469446951953614e-18,-0.13655430504929986,-0.6193852263978151
4.988316496333334,0.7749268075588601,-7.15573433840433e-18,-0.14274961521171475,-0.6157198959620687
5.0216831630000005,0.776254658243404,1.5178830414797062e-18,-0.14859375213917367,-0.6126570022293206
5.055049829666666,0.7770005698322987,5.421010862427522e-18,-0.1544461831675165,-0.6102593637014257
5.088416496333333,0.7774914917704397,3.469446951953614e-18,-0.16066921790368688,-0.6080233405411292
5.121783163,0.7780454766190684,-9.75781955236954e-18,-0.16735291012271888,-0.6055065976404087
5.155149829666667,0.7787905614271954,-1.8214596497756474e-17,-0.17382934082513735,-0.6027176965215241
5.1885164963333334,0.7797072992799423,-3.2526065174565133e-18,-0.17946137239799065,-0.5998751063901621
5.221883163,0.7807382751929964,-8.348356728138384e-18,-0.18380625981437734,-0.5972126961993645
5.255249829666667,0.7817219785345912,3.144186300207963e-18,-0.18739243269146227,-0.5948065437147945
5.288616496333334,0.7824231922983589,6.7220534694101275e-18,-0.19135054232178472,-0.5926203827972879
5.3219831630000005,0.782666830703054,-6.5052130349130266e-18,-0.19603990672527016,-0.5907630549453686
5.355349829666666,0.7823818709782789,-8.239936510889834e-18,-0.20165235629880723,-0.5892494676821243
5.388716496333333,0.7817126651723473,9.324138683375338e-18,-0.20759927567632686,-0.5880712965685455
5.422083163,0.7807872120801493,1.7780915628762273e-17,-0.21403778195287232,-0.5869916160805045
5.455449829666667,0.7794452219595124,9.107298248878237e-18,-0.22279184971341576,-0.5855159585064794
5.4888164963333335,0.7773112135578931,1.734723475976807e-18,-0.2354291541962049,-0.5834041400535438
5.522183163,0.7737140978818915,1.734723475976807e-18,-0.25295936546449754,-0.5808425381827762
5.555549829666667,0.7680419959192393,8.673617379884035e-18,-0.2757656057503191,-0.5779834108255626
5.588916496333334,0.761262209699588,0.0,-0.300985283728168,-0.5743585178809268
5.6222831630000005,0.7540804779696765,1.1275702593849246e-17,-0.3273756473067911,-0.5693749364834072
5.655649829666667,0.7464142245799397,1.9081958235744878e-17,-0.35583070691492136,-0.5623613725720807
5.689016496333333,0.738391879268396,-6.938893903907228e-18,-0.3862705848368263,-0.5527860959903957
5.722383163,0.7305450859246182,1.3877787807814457e-17,-0.41731613017194835,-0.5405100599708592
5.755749829666667,0.7228446255195847,-2.2551405187698492e-17,-0.4476755296560821,-0.5263860441772727
5.7891164963333335,0.7151745736069485,-9.540979117872439e-18,-0.4762058631561321,-0.5116183198067118
5.822483163,0.7071611764769249,3.469446951953614e-18,-0.5032613661605435,-0.49663977671345955
5.855849829666667,0.6983424355124616,-2.7755575615628914e-17,-0.5293557916977055,-0.4817678782968194
5.889216496333334,0.688935761582211,8.673617379884035e-19,-0.553824251299652,-0.46759620944306085
5.9225831630000005,0.6794611076687916,-5.2909066017292616e-17,-0.5753436045142506,-0.45531564865491747
5.955949829666667,0.6701932541119583,8.673617379884035e-19,-0.5936515344760613,-0.44544231698059605
5.989316496333333,0.6613550103383041,-4.7704895589362195e-17,-0.6086561741403964,-0.43834599573989186
6.022683163,0.653531492301137,-1.3010426069826053e-17,-0.6207678066732584,-0.4330634119487828
6.056049829666667,0.6469564315890588,2.905661822261152e-17,-0.6309828126308187,-0.42814491213846395
6.0894164963333335,0.6417951040480713,2.1250362580715887e-17,-0.6396685140738694,-0.42299318732392555
6.122783163,0.6374381886000526,-5.637851296924623e-18,-0.6471900061416718,-0.4181120085152145
6.156149829666667,0.6329416933970424,2.1033522146218786e-17,-0.6546902023748188,-0.4132378875104548
6.189516496333334,0.6277732733627864,-9.75781955236954e-18,-0.6635459975175614,-0.4069489236130213
6.2228831630000006,0.6224835329749504,1.713039432527097e-17,-0.6731102134091713,-0.3992954943137772
6.256249829666667,0.6173369005668112,-1.734723475976807e-17,-0.6825147800507045,-0.39123998544486926
6.289616496333333,0.6117155428415832,-6.7220534694101275e-18,-0.6920681858483998,-0.3832045417039471
6.322983163,0.6052537689650238,4.466912950640278e-17,-0.7017422482606186,-0.3758000693982987
6.356349829666667,0.5973733522742237,2.0816681711721685e-17,-0.7118116552910879,-0.36941744055257825
6.3897164963333335,0.587163827316127,1.3010426069826053e-18,-0.7232815923429167,-0.36345890836430533
6.423083163,0.5747485300356779,1.951563910473908e-17,-0.7359824034052429,-0.35776253171575956
6.456449829666667,0.5610872569562686,1.0842021724855044e-17,-0.7484909368767696,-0.35347193310732045
6.489816496333334,0.5463672479087254,1.5178830414797062e-17,-0.7609874222681461,-0.34982992090775766
6.523183163000001,0.5305287061678682,-1.2576745200831851e-17,-0.7740026576798988,-0.34562867044893913
6.556549829666667,0.5142219409088988,9.974659986866641e-18,-0.7871385944426339,-0.3405710331586637
6.589916496333333,0.4985104715443724,-3.469446951953614e-18,-0.8000192252082,-0.33385108814841225
6.623283163,0.4840151987574843,-1.951563910473908e-17,-0.8123782592394708,-0.3252243091879821
6.656649829666667,0.4706612188064091,-1.0408340855860843e-17,-0.8237015176352095,-0.31621800542840445
6.6900164963333335,0.45832464398888456,-1.691355389077387e-17,-0.8342659304186069,-0.3064944992250901
6.723383163,0.4473910321808529,-2.992397996059992e-17,-0.8445141500879514,-0.29434183295171623
6.756749829666667,0.4376728514600694,1.7997756063259374e-17,-0.8546788095107631,-0.27922501261183036
6.790116496333334,0.4295616582019906,1.2576745200831851e-17,-0.864211777261238,-0.2619442418640438
6.823483163000001,0.42284614050703284,4.9873299934333204e-18,-0.8727699944467284,-0.2438722580609861
6.856849829666667,0.4167724146769793,8.673617379884035e-18,-0.8805798467661905,-0.22556570624443908
6.890216496333333,0.4111240453483181,-2.0925101928970236e-17,-0.8879961832079079,-0.20600921810594233
6.923583163,0.40561119374661536,6.7220534694101275e-18,-0.8950799781073074,-0.18523334553710236
6.956949829666667,0.4000245287225425,3.7947076036992655e-18,-0.9019303263230063,-0.1627945419207388
6.9903164963333335,0.3942011041580776,-4.553649124439119e-18,-0.9084921587729045,-0.13873531247919693
7.023683163,0.38779219393311815,-4.9873299934333204e-18,-0.9148678364834593,-0.11240131713024268
7.057049829666667,0.38061228433049726,-5.204170427930421e-18,-0.9210920417407357,-0.08199841253709518
7.090416496333334,0.37267093802243983,5.421010862427522e-19,-0.9268262395234518,-0.045929224729924514
7.123783163000001,0.36449751178710793,-2.927345865710862e-18,-0.9311982271556009,-0.0033801839111333443
7.157149829666667,0.3564677741644692,4.2012834183813297e-19,-0.9330345359748105,0.04875736519233821
7.190516496333333,0.34882778764968236,5.827586677109586e-18,-0.9303675128904716,0.11285151980113714
7.223883163,0.34251706088722667,-6.3019251275719945e-18,-0.9207411938086888,0.1868628294362648
7.257249829666667,0.3388543043235052,8.944667923005412e-18,-0.9035858706061863,0.2621265627178858
7.2906164963333335,0.338046221412001,1.5178830414797062e-17,-0.8808914457263058,0.3312929414208629
7.323983163,0.33920750696126295,2.6237692574149207e-17,-0.8545524533808129,0.39329171316207306
7.357349829666667,0.34172681634753005,8.673617379884035e-18,-0.8247117545895657,0.4506365551425912
7.390716496333334,0.3456668326651255,-2.1250362580715887e-17,-0.790670902038181,0.5053256034136695
7.424083163000001,0.3513526742143401,-1.474514954580286e-17,-0.7551034870308789,0.5535070209096167
7.457449829666667,0.3583477413766475,-1.214306433183765e-17,-0.7208646550199933,0.5932461929023745
7.490816496333334,0.36556057066919245,-3.642919299551295e-17,-0.6853900974653214,0.6297665309211753
7.524183163,0.37316471399778045,9.540979117872439e-18,-0.6465805609199704,0.6653432756610468
7.557549829666667,0.3818676790407423,-1.8214596497756474e-17,-0.6039588835040539,0.6995789753420074
7.5909164963333335,0.392502188483032,-5.204170427930421e-18,-0.5568725767333391,0.7320074899332668
7.624283163,0.40528629365596747,-1.5612511283791264e-17,-0.5081050239500872,0.7599817792626942
7.657649829666667,0.42058618310651585,-1.5612511283791264e-17,-0.4622974792695493,0.7806332706469238
7.691016496333334,0.43824196366188795,5.204170427930421e-18,-0.4257836574161554,0.7916137052648183
7.724383163000001,0.45673464284538007,4.336808689942018e-18,-0.403354723167213,0.7929050594639967
7.757749829666667,0.47477126282771587,-2.42861286636753e-17,-0.3927844180722096,0.7875992946369693
7.791116496333334,0.49152971989374794,-1.0408340855860843e-17,-0.38947028476182627,0.7789168323696156
7.824483163,0.5066416910161882,1.6479873021779667e-17,-0.3898512681811198,0.7689799643825774
7.857849829666667,0.5202608569858961,-3.903127820947816e-18,-0.3902167032383228,0.7596443675840135
7.8912164963333336,0.5325226284597655,-2.168404344971009e-18,-0.38527172790659875,0.7536480251776463
7.924583163,0.542746200304648,-5.204170427930421e-18,-0.3732868288290263,0.7523852108312842
7.957949829666667,0.5504864970339922,-1.9949319973733282e-17,-0.35649200525545605,0.754902686955205
7.991316496333334,0.5561342772182152,-7.806255641895632e-18,-0.33769178573761294,0.7593937868776091
8.024683163,0.5599650328966967,-1.6479873021779667e-17,-0.31610467496434325,0.7658439765374461
8.058049829666666,0.5625523153553986,-9.540979117872439e-18,-0.29027524774948055,0.7741286540571004
8.091416496333334,0.5644912308391734,-5.204170427930421e-18,-0.2597973107424196,0.7834889965000669
8.124783163,0.5660321082314692,0.0,-0.22552359948937692,0.7929355323886006
8.158149829666668,0.5675321716833948,3.469446951953614e-18,-0.19031597195018077,0.8010537216223316
8.191516496333334,0.5692875005615835,5.204170427930421e-18,-0.1556400291107488,0.8072719015565639
8.224883163000001,0.5716823618532756,6.938893903907228e-18,-0.12321038731469636,0.8111710532333012
8.258249829666667,0.5748034945570643,-1.734723475976807e-18,-0.0942958050361604,0.8128402326395816
8.291616496333333,0.5776755371692829,8.673617379884035e-19,-0.06847418904645429,0.8133893650587098
8.324983163,0.580159238985572,3.469446951953614e-18,-0.04465348966470177,0.8132781340233157
8.358349829666667,0.5825300483204332,0.0,-0.022253342483044048,0.8125044809427983
8.391716496333334,0.5844337603154316,0.0,-0.0007964137461261866,0.8114410302225971
8.425083163,0.5858708611057261,-8.673617379884035e-19,0.019228524762324943,0.8101762758453864
8.458449829666668,0.5870419159173346,8.673617379884035e-19,0.03707634888451573,0.8087070750954877
8.491816496333334,0.5883503472699229,2.6020852139652106e-18,0.053317063939716,0.8068464287336281
8.525183163000001,0.5903609043984773,-8.673617379884035e-19,0.0689090160686554,0.8041924832167121
8.558549829666667,0.5940578581750046,-1.3010426069826053e-18,0.08390740253735683,0.8000342548541033
8.591916496333333,0.6002446168219011,4.336808689942018e-18,0.09748664375457397,0.7938531062267112
8.625283163,0.6087359367191493,8.673617379884035e-18,0.10894623692146749,0.785857033312874
8.658649829666667,0.6183469497159522,0.0,0.11672905910186901,0.7771881217171106
8.692016496333334,0.6274723068300297,1.7753810574450135e-18,0.1192427425481032,0.769454139316313
8.725383163,0.6351526480216817,-5.312590645178972e-18,0.11824848374280397,0.7632813438068388
8.758749829666668,0.6409531158127141,4.0115480381963664e-18,0.11679703662866868,0.7586419152437697
8.792116496333334,0.6449201010291357,-1.7889335846010823e-18,0.11562820221899822,0.7554523030212905
8.825483163000001,0.6471105696560681,1.1641620827063104e-17,0.115300165801744,0.7536270844426236
8.858849829666667,0.6475799100377322,-7.074419175467916e-18,0.11599664744125854,0.7531168819631594
8.892216496333333,0.6463503003059907,4.662069341687669e-18,0.11747814750232644,0.7539430841607191
8.925583163,0.6439739195252459,5.854691731421724e-18,0.11937493675139803,0.7556766606471923
8.958949829666667,0.6414449579917663,9.86623976961809e-18,0.12131837817091566,0.7575158196268378
8.992316496333334,0.6395189893014082,1.1600963245594897e-17,0.12325830648802474,0.7588299231083403
9.025683163,0.6383239334385907,1.3118846287074604e-17,0.1254591137256718,0.7594751916834772
9.059049829666668,0.63615454240882,-6.505213034913027e-19,0.12751109898594662,0.7609522441047277
9.092416496333334,0.6293250478251489,9.75781955236954e-19,0.12879762691269694,0.7663949083087203
9.125783163000001,0.614689023650779,-1.0842021724855044e-18,0.1297425217591869,0.7780258879052926
9.159149829666667,0.593011366447572,-8.673617379884035e-19,0.13243809653238142,0.7942277191403375
9.192516496333333,0.5661617423677715,1.734723475976807e-18,0.1360233661659513,0.812993557991681
9.225883163,0.5352068658721907,4.336808689942018e-19,0.13991661267142244,0.8330527907772844
9.259249829666667,0.5010848661801097,1.3010426069826053e-18,0.1460833646142972,0.8529792538322535
9.292616496333334,0.46369115211518386,-2.6020852139652106e-18,0.15382487860817717,0.8725413584302312
9.325983163,0.4214871381298857,-2.6020852139652106e-18,0.1602457969481097,0.8925636542855326
9.359349829666668,0.37398573652625056,-8.239936510889834e-18,0.16276621032836397,0.9130398839318361
9.392716496333334,0.3227457639809224,7.806255641895632e-18,0.16011894818618028,0.9328435529412863
9.426083163000001,0.26792962676203935,1.3010426069826053e-18,0.1427251893441102,0.9528080790116352
9.459449829666667,0.20970433105498038,2.168404344971009e-18,0.09767380084365289,0.9728740525708031
9.492816496333333,0.15425844991737409,1.734723475976807e-18,0.01259890307883463,0.9879502002987294
9.526183163,0.1086449961268925,0.0,-0.13624757596813522,0.9846993768960122
9.559549829666667,0.07334602565766739,-3.469446951953614e-18,-0.3857136451231949,0.9196985073848946
9.592916496333334,0.04980561788797927,-5.204170427930421e-18,-0.7715256898498895,0.6342456230266383
9.626283163,0.04636309406800243,-1.0842021724855044e-19,-0.9989246312775542,-0.00021103422492341206
9.659649829666668,0.059292664667913705,8.673617379884035e-19,-0.8847541236831363,-0.4622710466190413
9.693016496333334,0.07663694371766817,0.0,-0.7301675612912311,-0.6789566343262516
9.726383163000001,0.09310269369173246,-4.336808689942018e-18,-0.6155727179058468,-0.7825612547253744
9.759749829666667,0.10649316125478495,-1.734723475976807e-18,-0.5436019861975706,-0.8325599601278089
9.793116496333333,0.11682553998064843,-6.071532165918825e-18,-0.48903080794040943,-0.8644076943742346
9.826483163,0.12430723265557606,4.336808689942018e-19,-0.44353872559279034,-0.8875928744695036
9.859849829666667,0.1294641273536991,-4.336808689942018e-18,-0.4137708373718953,-0.9011285889755724
9.893216496333334,0.13251045393127872,5.637851296924623e-18,-0.39766448196319637,-0.9079118566159764
9.926583163,0.13340305792291687,1.0842021724855044e-18,-0.3886551330484022,-0.9116747291067925
9.959949829666668,0.132881535863073,-3.7947076036992655e-18,-0.38464328340387915,-0.913450623711514
9.993316496333334,0.13221524424023381,7.643625316022806e-18,-0.385972453163177,-0.9129865248675332
10.026683163000001,0.13171887521960107,-1.9786689647860456e-18,-0.38716038356733884,-0.9125551902799491
10.060049829666667,0.131012354804796,6.261267546103788e-18,-0.38353195998043504,-0.9141876167188374
10.093416496333333,0.13013887356978096,-8.61940727125976e-18,-0.3747598064094037,-0.9179427874796855
10.126783163,0.1292425051105027,-5.421010862427522e-19,-0.3630886625084524,-0.9227475266997929
10.160149829666667,0.12786620961944967,0.0,-0.3492939115126867,-0.9282478094871662
10.193516496333334,0.12510781538303342,4.7704895589362195e-18,-0.33260555163025474,-0.9347307535086342
10.226883163,0.1200397304962619,2.8189256484623115e-18,-0.3065562539585668,-0.9442529990745466
10.260249829666668,0.11206557977910318,-4.336808689942018e-19,-0.2556367945793653,-0.960255765453122
10.293616496333334,0.1015024893408637,1.734723475976807e-18,-0.1633071915974044,-0.9813399033108644
10.326983163000001,0.08999084855007355,0.0,-0.024065791480474066,-0.9956517889592005
10.360349829666667,0.07945108734494159,-1.734723475976807e-18,0.16898450038941762,-0.9824111987084866
10.393716496333333,0.07105286687004969,1.734723475976807e-18,0.4079456897476179,-0.9102372242036069
10.427083163,0.06681191007285811,1.734723475976807e-18,0.6633505715598416,-0.7453201915174766
10.460449829666667,0.06850764783062005,-4.336808689942018e-19,0.8638455302973258,-0.49907674958271464
10.493816496333334,0.07472625078508861,2.2768245622195593e-18,0.965407037572808,-0.24981040660568707
10.527183163,0.08361730983264676,-3.903127820947816e-18,0.9952844308369925,-0.0491634745500685
10.560549829666668,0.09268972501169355,-1.1926223897340549e-18,0.9909631793266915,0.09695665060217479
10.593916496333334,0.10086964089174506,2.168404344971009e-19,0.9740741307284736,0.2024966750145274
10.627283163000001,0.10863749765253336,-5.637851296924623e-18,0.9543144655295298,0.2783555190487222
10.660649829666667,0.11544816803829146,4.553649124439119e-18,0.9353862822230052,0.3342517367578318
10.694016496333333,0.12160996721576207,-6.7220534694101275e-18,0.918410334905638,0.3764750624042653
10.727383163,0.12758398580983152,-1.5178830414797062e-18,0.9051520675839966,0.4054899026033728
10.760749829666667,0.13278362716339828,4.9873299934333204e-18,0.8947566888033294,0.42635545756919024
10.794116496333334,0.137178448747473,-6.505213034913027e-19,0.8859654820881447,0.44299801099729363
10.827483163,0.1409495065333716,-7.047314121155779e-18,0.8780973968242299,0.4572506952411444
10.860849829666668,0.1439077982690648,-1.4094628242311558e-17,0.8698562746183942,0.4718480762961305
10.894216496333334,0.14648695185446908,6.071532165918825e-18,0.8607982569944705,0.4874094107541093
10.927583163000001,0.14898331014536959,2.4936649967166602e-18,0.8509557790590249,0.5036648045914831
10.960949829666667,0.15077458376478278,-3.577867169202165e-18,0.839397566777964,0.5221865086133405
10.994316496333335,0.15132298124227175,-1.1926223897340549e-17,0.8240918746187929,0.5458698906655644
11.027683163,0.15119233512502964,-9.107298248878237e-18,0.8039843723905655,0.5751086912499143
11.061049829666667,0.1514467646669447,-2.8189256484623115e-18,0.7807463605452635,0.6062169561858531
11.094416496333334,0.15262573267157278,-2.168404344971009e-18,0.7573965025148351,0.634866855100155
11.127783163,0.15424246907488956,-7.15573433840433e-18,0.7343986358615927,0.6609598356771107
11.161149829666668,0.1558498530961339,-7.15573433840433e-18,0.7122424120545094,0.6844133033194839
11.194516496333334,0.15716543881654466,4.7704895589362195e-18,0.692078929690524,0.7045039247016456
11.227883163000001,0.15776088868967544,1.5178830414797062e-18,0.6749123231264971,0.7208362214066653
11.261249829666667,0.15719410628708053,-2.0057740190981832e-18,0.662235366146779,0.7326215481222538
11.294616496333335,0.1542468053802762,8.023096076392733e-18,0.6562923269333618,0.7385718005978651
11.327983163,0.14816810882275047,5.637851296924623e-18,0.6613207826322934,0.735323761336801
11.361349829666667,0.13988969510661917,6.5052130349130266e-18,0.6785007327167324,0.7211571457774197
11.394716496333334,0.13101328857735983,-6.938893903907228e-18,0.7053894932694605,0.6966069056513859
11.428083163,0.12189169463452834,4.336808689942018e-18,0.7409085187168241,0.6604521039954105
11.461449829666668,0.11333245204564821,-5.204170427930421e-18,0.78039759856436,0.614927104190652
11.494816496333334,0.10610547441447708,-9.974659986866641e-18,0.8184048085300972,0.5647611864089936
11.528183163000001,0.10056824873020144,3.0357660829594124e-18,0.8529382826656485,0.5122326749737025
11.561549829666667,0.0966307018155771,1.214306433183765e-17,0.8835313608630181,0.45829558348098065
11.594916496333335,0.09388156387805283,-1.3010426069826053e-18,0.9107862851653901,0.40206292382964126
11.628283163,0.09194832401256278,-4.87890977618477e-18,0.9341898484144261,0.3447242852348995
11.661649829666667,0.09028534462002617,9.75781955236954e-19,0.9524610716676473,0.2909750221317291
11.695016496333334,0.08826657775786698,1.734723475976807e-18,0.9660385682208698,0.2428548866312693
11.728383163,0.08565391317886956,-3.2526065174565133e-19,0.9763083095869388,0.19870956642457094
11.761749829666668,0.08246937321408786,1.6263032587282567e-18,0.9839971705501852,0.15795053286046726
11.795116496333334,0.07876663070623263,-3.3610267347050637e-18,0.9899332036980035,0.11759281484595609
11.828483163000001,0.07444056384602729,-5.963111948670274e-19,0.9943724209317998,0.07537964542578633
11.861849829666667,0.06930695906622429,5.421010862427522e-19,0.9971091428161097,0.031143261510567025
11.895216496333335,0.0634018353672814,2.202285662861181e-19,0.9978308609435652,-0.017713842628956724
11.928583163,0.05723072292579592,2.168404344971009e-19,0.9955332612860066,-0.07508774884518943
11.961949829666667,0.051238781528156405,-3.7947076036992655e-19,0.9889461741353598,-0.13914040365955677
11.995316496333334,0.04552694898975132,1.6805133673525319e-18,0.9764438909306483,-0.21091378518224202
12.028683163,0.04019684350504347,-6.505213034913027e-19,0.9553759439838532,-0.29264486913184173
12.062049829666668,0.035403256805152127,7.589415207398531e-19,0.9225162184488247,-0.38433115422311065
12.095416496333334,0.03134045201898124,0.0,0.8782401429733847,-0.47719181398818533
12.128783163000001,0.027906241564571076,2.6020852139652106e-18,0.8231765867222628,-0.5670992406572457
12.162149829666667,0.024688587667808445,-1.0028870095490916e-18,0.7490048570647493,-0.6621043707244223
12.195516496333335,0.021733772724556386,2.2768245622195593e-18,0.6441196244241083,-0.7646159510204473
12.228883163,0.019372967162478907,1.734723475976807e-18,0.5126456829305504,-0.8583816703052268
12.262249829666667,0.01756389708398132,-1.5178830414797062e-18,0.35916641335136384,-0.9331082450817486
12.295616496333334,0.016325856790332532,-8.673617379884035e-19,0.2081922462930323,-0.977951662907489
12.328983163,0.015542268629647159,3.2526065174565133e-19,0.0756977526287568,-0.9970096730387321
12.362349829666668,0.014995797933075332,1.0842021724855044e-19,-0.03494820478152871,-0.9992766128689786
12.395716496333334,0.014250422098619625,1.0842021724855044e-19,-0.12338448567109671,-0.9922566170934262
12.429083163000001,0.013066540811341525,-2.168404344971009e-19,-0.22052144920868405,-0.9752945995698569
12.462449829666667,0.011627420271095867,-2.168404344971009e-19,-0.3744480163572566,-0.9271750029762209
12.495816496333335,0.010346955411076197,-2.168404344971009e-19,-0.5927240636582557,-0.8053391365593537
12.529183163,0.009558882870111552,2.168404344971009e-19,-0.8246026556930697,-0.565631583260882
12.562549829666667,0.009630531070865443,-2.981555974335137e-19,-0.9739954234097158,-0.2263629122630767
12.595916496333334,0.01051015035906511,1.2874900798265365e-19,-0.9940128989511821,0.1087561191754148
12.629283163,0.012218625127439306,2.710505431213761e-19,-0.9280607645630634,0.37222832036079306
12.662649829666668,0.014547400551680453,-2.168404344971009e-19,-0.8374207139224857,0.5463651901711377
12.696016496333334,0.016978786897474025,-4.336808689942018e-19,-0.7514013913973654,0.6596269171293676
12.729383163000001,0.019488185475101543,2.6020852139652106e-18,-0.6806530699401439,0.7323466453858758
12.762749829666667,0.02189694544105491,3.144186300207963e-18,-0.6278455166180995,0.7780299036945194
12.796116496333335,0.02406225579824409,-1.3010426069826053e-18,-0.5894703198719446,0.8074315759468214
12.829483163,0.025973317892148146,5.421010862427522e-19,-0.5655429469878177,0.824309748741338
12.862849829666667,0.027479532786786186,-5.421010862427522e-19,-0.5521348292981596,0.8333018694049067
12.896216496333334,0.02875871945559075,-3.7947076036992655e-19,-0.5453442611037012,0.8377186717129641
12.929583163,0.0298932541997162,-8.131516293641283e-20,-0.5458034062212312,0.8373798630912095
12.962949829666668,0.030704161194002582,-1.8566962203814263e-18,-0.5494502052695411,0.8349621107658909
12.996316496333334,0.03160507436294523,1.9583401740519424e-18,-0.5658010476287517,0.8239358553775409
13.029683163000001,0.03327981061806312,2.9815559743351372e-18,-0.6008013836920295,0.7987052970645486
13.063049829666667,0.03668435503102291,8.131516293641283e-20,-0.6608854180196249,0.7495897026673881
13.096416496333335,0.04319857233631407,5.421010862427522e-19,-0.7371555405719431,0.6743408576915615
13.129783163,0.053900653239012004,-3.2526065174565133e-18,-0.8068502806197895,0.5882918869440363
13.163149829666667,0.06831555539635853,-4.336808689942018e-19,-0.8540363461334154,0.5157081581417657
13.196516496333334,0.08574878892650507,0.0,-0.8835599869500975,0.46040079784724675
13.229883163,0.10429485201247339,-9.540979117872439e-18,-0.9008364364613918,0.4214454870884694
13.263249829666668,0.12236896099003444,-4.336808689942018e-19,-0.9107302057441695,0.39445700618876334
13.296616496333334,0.1392372570112433,5.637851296924623e-18,-0.9161297848521633,0.37592446524097606
13.329983163000001,0.15458459969467755,8.673617379884035e-19,-0.9189279156019643,0.36287062083429317
13.363349829666667,0.1680953463058387,-2.6020852139652106e-18,-0.9195494739012356,0.3552079948400388
13.396716496333335,0.17934579602099787,2.3852447794681098e-18,-0.9186904384042011,0.35191329022117324
13.430083163,0.18869927850874174,-1.3010426069826053e-18,-0.9178808559850288,0.3491236407155369
13.463449829666667,0.19691424512165687,-2.8189256484623115e-18,-0.9182288880039682,0.34362841748488154
13.496816496333334,0.2042526614583136,9.107298248878237e-18,-0.9196294099810919,0.3355035001084557
13.530183163,0.2104521898048582,5.9631119486702744e-18,-0.9216342995304516,0.32603695148763995
13.563549829666668,0.21557100812418464,-6.5052130349130266e-18,-0.924266261534347,0.31505716663114514
13.596916496333334,0.21995166380070813,-8.131516293641283e-18,-0.9276343139273288,0.3018540130855886
13.630283163000001,0.22381350563929364,-2.3852447794681098e-18,-0.9316642525347223,0.286197895244475
13.663649829666667,0.22749469328639216,2.927345865710862e-18,-0.9360178746738832,0.26854553211237225
13.697016496333335,0.23141200207334384,-9.86623976961809e-18,-0.9402741750225794,0.2496656986492427
13.730383163,0.23571021350758495,2.927345865710862e-18,-0.9440145202145576,0.23081871863496592
13.763749829666667,0.24042858863740485,-8.890457814381136e-18,-0.9469472421620432,0.21327216022614473
13.797116496333334,0.24561485656302467,6.776263578034403e-18,-0.9493232366044349,0.19610898673545024
13.830483163,0.251213319406454,2.9815559743351372e-18,-0.9511783851266123,0.17930852690466462
13.863849829666668,0.2573862227674567,-4.7704895589362195e-18,-0.9524467403420976,0.1630875198818539
13.897216496333334,0.26383582466316474,7.752045533271357e-18,-0.953283586995883,0.14710900852283113
13.930583163000001,0.2701936080547434,-4.065758146820642e-18,-0.9537378921915035,0.131831131241705
13.963949829666667,0.27628340024091835,-2.0599841277224584e-18,-0.9538675355247266,0.11749130786275643
13.997316496333335,0.28230323972935245,-3.7947076036992655e-18,-0.9536888324396029,0.10383877752698675
14.030683163,0.28825177108610406,-4.2825985813177425e-18,-0.9532365717815346,0.09083476583286675
14.064049829666667,0.293856193948755,-4.391018798566293e-18,-0.952677221469376,0.07781162491132901
14.097416496333334,0.29865144970032653,-4.174178364069192e-18,-0.9521627720996653,0.06475621220681789
14.130783163,0.30264825302354903,-8.944667923005412e-19,-0.951636956620819,0.052831219323988036
14.164149829666668,0.30596390736165285,2.5343225781848666e-18,-0.9510902381928684,0.042584577093388365
14.197516496333334,0.30888640155692987,-1.7618285302889447e-19,-0.9505159305926393,0.03329649565374862
14.230883163000001,0.31138996035039196,1.463672932855431e-18,-0.9499581216203412,0.024816521926616163
14.264249829666667,0.31358108730531686,-1.0401564592282808e-18,-0.9494072133587167,0.017112711849719707
14.297616496333335,0.31538442703590763,3.1340219048409113e-19,-0.9489070002518768,0.01040038731090898
14.330983163,0.3166691772841226,2.0921713797181218e-19,-0.9485246884038387,0.004641944269123172
14.364349829666667,0.3174414451675698,1.0947900843261832e-19,-0.9482778684119345,0.00011476080623085963
14.397716496333334,0.31751639861803727,1.6675961149069038e-19,-0.948248962176009,-0.0026911597413866433
14.431083163,0.31670120200176743,-1.8168856718604742e-19,-0.9485193197280921,-0.003383600625564363
14.464449829666668,0.31531096986741247,-9.317362419797304e-20,-0.948986739478486,-0.0017778006818042463
14.497816496333334,0.313543497802517,2.916969712106997e-20,-0.9495723095321007,0.0017040996553449486
14.531183163000001,0.31143711062908425,-7.030373462210693e-20,-0.9502478403352069,0.005997337849635278
14.564549829666667,0.309090024952967,-9.435947032412906e-19,-0.9509774729217277,0.010256825531275415
14.597916496333335,0.3066685629255481,-2.507217523872729e-19,-0.951700797291842,0.0148318895374695
14.631283163,0.30383928689270284,1.2874900798265365e-19,-0.952525336960354,0.01942086993668956
14.664649829666667,0.30091948449240985,-1.2400562347802957e-18,-0.9533491114775969,0.023936071058105052
14.698016496333334,0.2982637871369449,1.6601845766184287e-18,-0.9540578044349868,0.028502966151256193
14.731383163,0.29581079689502565,1.3417001884508117e-18,-0.9546721735901548,0.03312119280731694
14.764749829666668,0.2935606939079552,6.776263578034403e-20,-0.9552053058619845,0.037482564551970736
14.798116496333334,0.2912707413586051,-6.301925127571995e-19,-0.9557316315904223,0.0416941675287812
14.831483163000001,0.28883977335285826,-1.7211709488207383e-18,-0.9562670823383442,0.04609612310791405
14.864849829666667,0.2863205564667894,1.7753810574450135e-18,-0.9568004494168735,0.050531563801420876
14.898216496333335,0.2835886469615886,1.2739375526704677e-18,-0.9573748984322811,0.054870603844634935
14.931583163,0.28044926206476417,5.963111948670274e-19,-0.9580256771014941,0.05945597885455423
14.964949829666669,0.2770740293103216,2.0599841277224584e-18,-0.9586827761497907,0.06447725952204894
14.998316496333334,0.2734178583759041,1.5449880957918438e-18,-0.9593699962358712,0.06965547389486942
15.031683163,0.2696375099926903,-1.3010426069826053e-18,-0.9600313171366246,0.07506985627973287
15.065049829666668,0.26582888053973963,2.032879073410321e-18,-0.9606183754721124,0.08091565346896036
15.098416496333334,0.2619452860910707,4.445228907190568e-18,-0.961159445799383,0.08693208179544727
15.131783163000001,0.2581366444657278,1.951563910473908e-18,-0.961677344172046,0.09242379828905009
15.165149829666667,0.2543137786901043,2.222614453595284e-18,-0.962195100785729,0.0974940510610862
15.198516496333335,0.2499737551475193,-5.719166459861036e-18,-0.9627912607664666,0.1026942546064076
15.231883163000001,0.24459032089938526,1.1384122811097797e-18,-0.963522179167139,0.10863049836645149
15.265249829666669,0.23816641604576308,2.439454888092385e-18,-0.9643659139642694,0.11521780353650245
15.298616496333334,0.2312479399913941,3.2526065174565133e-19,-0.9651975496160929,0.12213959417333188
15.331983163,0.22401197069862905,2.439454888092385e-18,-0.9658925089862673,0.129885711561857
15.365349829666668,0.21580195327250806,1.0842021724855044e-19,-0.966440823670357,0.13936158476112365
15.398716496333334,0.20703738992149384,-9.75781955236954e-19,-0.9666632820360042,0.1506572877025074
15.432083163000001,0.19881548809613944,2.168404344971009e-18,-0.966432295873309,0.1627298964116275
15.465449829666667,0.19105909822520342,5.7462715141731735e-18,-0.9657061084560802,0.17580709051680973
15.498816496333335,0.1836739321597483,-3.469446951953614e-18,-0.9643880712386,0.19031430502636779
15.532183163000001,0.17623684328851633,4.662069341687669e-18,-0.9626807924390459,0.20539295736862434
15.565549829666669,0.16848228686906022,1.3010426069826053e-18,-0.9614168606830005,0.21746571915089496
15.598916496333334,0.16017248029864284,4.553649124439119e-18,-0.9611854575302687,0.2246492661624085
15.632283163,0.1509590329826397,-4.336808689942018e-18,-0.9620955802651873,0.22711993482549916
15.665649829666668,0.14134147179810314,4.9873299934333204e-18,-0.9642973136403047,0.22394927831104525
15.699016496333334,0.1315747857531895,3.686287386450715e-18,-0.9674801240379867,0.21603306539843398
15.732383163000002,0.12176940617167008,-3.469446951953614e-18,-0.9714534581395486,0.20359368946337994
15.765749829666667,0.1123391477311735,2.168404344971009e-19,-0.97599074647994,0.18660648078928832
15.799116496333335,0.10287403881415254,-3.903127820947816e-18,-0.9800923752552724,0.16981127201850463
15.832483163000001,0.09280767695882362,-1.734723475976807e-18,-0.9828576565914693,0.15930336461303024
15.865849829666669,0.08214027439661109,-5.421010862427522e-19,-0.9842017409925743,0.15684357924134248
15.899216496333334,0.0714704667428507,9.75781955236954e-19,-0.9835759783443621,0.16574156753056923
15.932583163,0.06130804928316924,-1.8431436932253575e-18,-0.9788361174979802,0.1952464549603214
15.965949829666668,0.05191770828880026,-2.168404344971009e-19,-0.9644805883875093,0.2590014405166947
15.999316496333334,0.04372575841104731,-4.0115480381963664e-18,-0.9286564566132577,0.3683547795833354
16.032683163,0.037542785019977494,-3.74049749507499e-18,-0.8521609937564771,0.5219312023752914
16.066049829666667,0.03375910118483961,-2.168404344971009e-18,-0.7160217540927253,0.6972611926338427
16.099416496333333,0.031959106799961945,8.673617379884035e-19,-0.5063311625177533,0.8617466967479303
16.132783163000003,0.032275427812210364,-4.336808689942018e-19,-0.256697193120104,0.9659528186220065
16.16614982966667,0.034150848950606605,4.336808689942018e-19,-0.027448436537392637,0.9990396903264683
16.199516496333334,0.03650413403002013,4.336808689942018e-19,0.1648706537106974,0.9856394451033937
16.232883163,0.03888850155152629,-4.336808689942018e-19,0.3380622467667425,0.9403199464852902
16.266249829666666,0.04089727958063286,1.3010426069826053e-18,0.48626577368716345,0.8728533724878011
16.299616496333336,0.0418295599039026,-8.673617379884035e-19,0.6085323339409747,0.7924258239523722
16.332983163,0.04197491629904398,-8.673617379884035e-19,0.7237029245561949,0.6888339301968935
16.366349829666667,0.041940308704582166,-1.951563910473908e-18,0.8303984754982979,0.5555892209140375
16.399716496333333,0.04205205690812837,5.9631119486702744e-18,0.917940513553051,0.3944830010124094
16.433083163000003,0.04268464966177994,7.047314121155779e-19,0.9773042908980997,0.2074954063959336
16.46644982966667,0.04437859566833008,5.014435047745458e-19,0.9989761940166734,0.008780890300455757
16.499816496333334,0.04730878657210609,-2.791820594150174e-18,0.9828760619566299,-0.1780913404568064
16.533183163,0.05118262558994936,9.75781955236954e-19,0.9406513081189133,-0.33549285442747734
16.566549829666666,0.05569032029760683,3.469446951953614e-18,0.8805408943079388,-0.470687074048699
16.599916496333336,0.060802818422389215,-4.336808689942018e-19,0.8034346461759625,-0.5922801588741599
16.633283163,0.06682119159145546,-2.168404344971009e-18,0.7059460773422926,-0.7051064205063855
16.666649829666667,0.07490493050471712,1.734723475976807e-18,0.5849574444790119,-0.8075976965882625
16.700016496333333,0.08593501569883163,-8.673617379884035e-19,0.46031152693816557,-0.8835884060153213
16.733383163000003,0.09896124165784936,3.469446951953614e-18,0.3507094632362022,-0.9312408630671829
16.76674982966667,0.11277896831421982,-2.6020852139652106e-18,0.25452898132672336,-0.9604665022637492
16.800116496333334,0.12711274468790387,0.0,0.17496186445657988,-0.9763353399953242
16.833483163,0.14126492542185637,-4.336808689942018e-18,0.11488434589983071,-0.9832831778855597
16.866849829666666,0.15442651481900266,2.168404344971009e-18,0.06964622999495938,-0.9855464748901219
16.900216496333336,0.16629195530810154,-4.336808689942018e-19,0.0349483837502003,-0.9854570493294253
16.933583163,0.17668477694632745,-8.673617379884035e-19,0.008624458926007352,-0.984229703018386
16.966949829666667,0.185461741267475,2.168404344971009e-19,-0.011897776600447893,-0.9825794550253949
17.000316496333333,0.1925318118012972,8.673617379884035e-19,-0.02857986814100816,-0.9808744530170782
17.033683163000003,0.19814639217489088,6.505213034913027e-19,-0.042159190588996275,-0.9792653419359613
17.06704982966667,0.20240475227860297,2.168404344971009e-19,-0.05446230801512501,-0.9777863638140507
17.100416496333334,0.20534504864478972,-8.673617379884035e-19,-0.06763231990079013,-0.9763499783898735
17.133783163,0.20723439144210232,6.505213034913027e-19,-0.08140891559857434,-0.9748981974876585
17.167149829666666,0.20843018538814334,2.168404344971009e-19,-0.09534105752414684,-0.9733791350595314
17.200516496333336,0.2090979712092377,-4.119968255444917e-18,-0.10917887158000875,-0.9717808458889775
17.233883163,0.2094973160345125,8.673617379884035e-19,-0.12421863857406797,-0.96988690289391
17.267249829666667,0.209805549305872,4.336808689942018e-18,-0.13866898642385034,-0.9678597748045134
17.300616496333333,0.21004574356189937,2.168404344971009e-19,-0.15248565873937167,-0.9657271402887819
17.333983163000003,0.21020535720688152,8.673617379884035e-19,-0.16455263691572514,-0.9637095711289834
17.36734982966667,0.21044213274491935,-4.9873299934333204e-18,-0.17574905848551464,-0.9616789366556933
17.400716496333335,0.21081631021548816,4.553649124439119e-18,-0.18672700972178521,-0.9595256678106571
17.434083163,0.2113086839803697,1.3010426069826053e-18,-0.19654493899746306,-0.9574542950078443
17.467449829666666,0.21191198650909132,9.324138683375338e-18,-0.20577059393951833,-0.9553804334627902
17.500816496333336,0.21262797597614652,2.2768245622195593e-18,-0.21524043910886595,-0.953132150965704
17.534183163,0.2133237420466277,2.8189256484623115e-18,-0.22367949948083718,-0.9510312626781657
17.567549829666667,0.2137738839664691,3.144186300207963e-18,-0.23170728901418214,-0.9490060372577136
17.600916496333333,0.21416017613307817,-1.1926223897340549e-18,-0.2400773787685961,-0.9468359262101588
17.634283163000003,0.21444572949086171,-1.0842021724855044e-19,-0.24825326425532898,-0.9446604394647348
17.66764982966667,0.21443236179610414,4.336808689942018e-19,-0.2557967555116834,-0.9426488116389056
17.701016496333335,0.21410448697803813,-3.3610267347050637e-18,-0.26281288074124876,-0.9407915063245189
17.734383163,0.21364161192787673,1.0842021724855044e-17,-0.26997999673074136,-0.9388653061105876
17.767749829666666,0.21316120460056012,4.336808689942018e-19,-0.27711991423581706,-0.9368921250534512
17.801116496333336,0.21281431521108854,6.396792817664476e-18,-0.28390410073661676,-0.9349377138751909
17.834483163,0.2126682746605685,1.4094628242311558e-18,-0.2900473453377512,-0.9330834595122884
17.867849829666667,0.21272866700099352,-2.4936649967166602e-18,-0.2955306168347882,-0.9313475016068009
17.901216496333333,0.212996644993412,-4.607859233063394e-18,-0.30091027241607254,-0.9295619598370167
17.934583163000003,0.2134041146795168,1.2468324983583301e-17,-0.30581936077685534,-0.9278648621495953
17.96794982966667,0.21399612947190522,-2.8189256484623115e-18,-0.31156321092580974,-0.9258153283288428
18.001316496333335,0.2148038284734943,2.927345865710862e-18,-0.31876829388568184,-0.9231717554639229
18.034683163,0.21572320323156155,4.336808689942018e-19,-0.3263476545787678,-0.9203046821235082
18.068049829666666,0.21665636920427153,-6.396792817664476e-18,-0.3338777953228463,-0.9173797662220253
18.101416496333336,0.21748464587946512,5.637851296924623e-18,-0.34161540431397747,-0.914329997507509
18.134783163,0.21814475407199216,-1.1709383462843448e-17,-0.3489937385867815,-0.911381498988262
18.168149829666667,0.21857380078194133,3.2526065174565133e-18,-0.35495532005453373,-0.9089731648276091
18.201516496333333,0.21886515985828742,-8.673617379884035e-19,-0.3608605153449989,-0.9065747240383157
18.234883163000003,0.2191625929369363,9.324138683375338e-18,-0.3673066026848693,-0.9039101821980203
18.26824982966667,0.2194322456941211,1.734723475976807e-18,-0.3735451310172334,-0.9012843750132101
18.301616496333335,0.21972673538548246,-6.396792817664476e-18,-0.3800487901029441,-0.8984893315438568
18.334983163,0.21991803745717034,4.0115480381963664e-18,-0.38643056305128654,-0.8957161809082452
18.368349829666666,0.21997651381756295,-1.0842021724855044e-18,-0.3932949985076478,-0.8927090105502133
18.401716496333336,0.2198605750969352,-8.348356728138384e-18,-0.4008766161433167,-0.8893589073863987
18.435083163,0.2197324589935033,1.0733601507606494e-17,-0.4089049827367183,-0.8857281533053766
18.468449829666667,0.2195544469721309,-2.927345865710862e-18,-0.41709661399639714,-0.8819445897603219
18.501816496333333,0.21951722070504148,1.0842021724855044e-18,-0.42527934554652397,-0.8780373955962549
18.535183163000003,0.21959791406793597,-8.890457814381136e-18,-0.4334191354399564,-0.8740278080081275
18.56854982966667,0.21973744447038296,7.914675859144182e-18,-0.4413914398549015,-0.8699937082073882
18.601916496333335,0.21994139950591649,-1.1167282376600696e-17,-0.44911110386617853,-0.8659820997962264
18.635283163,0.22021699364343786,-5.637851296924623e-18,-0.45632316937655565,-0.8621331920305477
18.668649829666666,0.22068314196952785,2.3852447794681098e-18,-0.4631693663248863,-0.858354873550946
18.702016496333336,0.221289054199158,-1.4474099002681484e-17,-0.46973749434121087,-0.8546214605904083
18.735383163,0.22202411377135853,8.673617379884035e-19,-0.47669794913695657,-0.8505670803603103
18.768749829666667,0.2227899133314349,-1.3552527156068805e-18,-0.48361004079557857,-0.8464549503425867
18.802116496333333,0.22366014003049062,1.2739375526704677e-17,-0.4904749839271914,-0.8422650603599574
18.835483163000003,0.22468280077831398,1.7997756063259374e-17,-0.4975705935793741,-0.8378192785078903
18.86884982966667,0.22589408691526724,1.1058862159352145e-17,-0.5046655824954389,-0.8332373679458075
18.902216496333335,0.22724414171039278,-5.204170427930421e-18,-0.5111993078277001,-0.8288759664357436
18.935583163,0.22860766701617574,-5.583641188300348e-18,-0.5180851375997791,-0.8242125483027052
18.968949829666666,0.22985994960610057,5.204170427930421e-18,-0.5252787868948042,-0.8192964052193833
19.002316496333336,0.23101789192407887,-6.5052130349130266e-18,-0.5319611166289278,-0.8146459991958832
19.035683163,0.23220114040303055,9.486769009248164e-19,-0.537630747681259,-0.810577454376337
19.069049829666668,0.2335049003607451,6.993104012531504e-18,-0.5428459609167009,-0.8067178715163945
19.102416496333333,0.23500376715451463,-3.0086610286472748e-18,-0.5478368088303778,-0.8028997822354511
19.135783163000003,0.23639793428118827,-8.253489038045903e-18,-0.5519215962388939,-0.7996865437611776
19.16914982966667,0.2375681819916768,-2.5986970821761934e-18,-0.5551044667616265,-0.7971326049575815
19.202516496333335,0.23860369087326458,-6.776263578034403e-20,-0.5579277568765033,-0.7948489773588499
19.235883163,0.23948879784067895,2.134523027080837e-17,-0.5605955358535587,-0.7927028200340199
19.269249829666666,0.24017818016039133,5.44811591673966e-18,-0.5627354378539587,-0.7909761492979143
19.302616496333336,0.24071788272215444,-1.7333682232612002e-17,-0.5647842574918797,-0.7893501399424145
19.335983163,0.2411638030910195,-2.2524300133386355e-17,-0.5670383606685588,-0.787596037070394
19.369349829666668,0.24153962818574104,-1.600553457131726e-17,-0.569239124463192,-0.7858914856367083
19.402716496333333,0.24178552839090092,-3.957337929572091e-18,-0.5711956301789665,-0.7843948688799449
19.436083163000003,0.24185880238279234,-1.54227759036063e-17,-0.5730647344580966,-0.7830077457027055
19.46944982966667,0.24189006367949742,3.957337929572091e-18,-0.5748418315296353,-0.7816943557534385
19.502816496333335,0.24189059178201383,6.3696877633523385e-18,-0.5762136519727028,-0.7806835267172149
19.536183163,0.24199706316576372,-1.9217483507305566e-17,-0.57771182673151,-0.779542472655395
19.569549829666666,0.2422033235569575,-9.446111427779957e-18,-0.5794463772814172,-0.7781898521012757
19.602916496333336,0.24242568065752249,1.4582519219930035e-17,-0.5809551642024668,-0.7769947789684444
19.636283163,0.242614625126065,5.8817967857338616e-18,-0.5821022969417013,-0.7760767098490552
19.669649829666668,0.24265078669024148,-3.9302328752599536e-18,-0.5828940555897146,-0.7754708993100784
19.703016496333333,0.2425487999700572,-1.4690939437178585e-17,-0.5834957999575442,-0.7750501474517574
19.736383163000003,0.24241203876681688,2.4530074152484538e-18,-0.5839798304640761,-0.7747283143606307
19.76974982966667,0.2423952003105028,2.3527187142935446e-17,-0.5851206549108992,-0.7738723318888406
19.803116496333335,0.24235035695424262,-1.5842904245444434e-17,-0.5859719377934888,-0.7732420013182775
19.836483163,0.24223204267714862,2.531612072753653e-17,-0.5871849018275747,-0.7723584197548425
19.869849829666666,0.24201999570213859,1.0787811616230769e-17,-0.5889731135066927,-0.771062249916678
19.903216496333336,0.24183588696971656,-7.074419175467916e-18,-0.5903990117683615,-0.7700288375616282
19.936583163,0.24174572897995975,1.089623183347932e-17,-0.5919857299497958,-0.768838018086876
19.969949829666668,0.2418964293169814,1.6534083130403943e-18,-0.5943736509703399,-0.7669459436726186
20.003316496333333,0.24223102735287497,-1.1926223897340549e-17,-0.597271540464016,-0.7645854015996592
20.020170319000112,0.2423948003488434,4.336808689942018e-19,-0.5989277374623106,-0.7632367431289729
