0.03333333333333333,-0.9926759425348387,0.11616489015986001,-0.0331691333428762
0.23333333333333334,-0.9972848647839686,0.06559163686863265,-0.03347589648859178
0.43333333333333335,-0.9959367162063885,0.062495685750376735,-0.0648409328636319
0.6333333333333334,-0.8848998057583964,0.45836468849747447,0.08278977054785008
0.8333333333333334,-0.6628174700720944,0.7485661946168252,0.017934705018879303
1.0333333333333334,-0.63144107143405,0.7749853730605084,0.026073834556577784
1.2333333333333336,-0.7299744569492371,0.6824167854681263,-0.03800819797116968
1.4333333333333336,-0.5635107498308536,0.18299710289435492,-0.8055853121534318
1.6333333333333335,-0.4097174658730871,0.11343411985614632,-0.905132199521704
1.8333333333333335,-0.3671961290807007,0.1046455478435385,-0.9242382334142398
2.033333333333333,-0.49809421691637823,0.11504418104091174,-0.8594573796780655
2.2333333333333334,-0.6657686427931331,0.12249243806196612,-0.7360351329189561
2.4333333333333336,-0.7607608007566643,0.09710651232586323,-0.6417268338600045
2.6333333333333333,-0.8883957303859082,-0.11778851851055573,-0.4437103685279143
2.8333333333333335,-0.885291726185768,-0.17875466178305016,-0.4293079668930575
3.033333333333333,-0.879586493141292,-0.2538950291872174,-0.40232439055745356
3.2333333333333334,-0.8719262331876261,-0.2954010034685635,-0.3904905773882432
3.4333333333333336,-0.8137127352881691,-0.45860415863562515,-0.3571467627068135
3.6333333333333333,-0.8205748967556783,-0.44024776380153413,-0.3644704998791497
3.8333333333333335,-0.7940919566670479,-0.1709128851051133,-0.5832724492565591
4.033333333333333,-0.7925475182470804,-0.10269770883715906,-0.6011003343203126
4.233333333333333,-0.6568491489264165,0.1397352175566701,-0.7409610411681791
4.433333333333334,-0.6028490811591066,0.1884950177402511,-0.7752693813331748
4.633333333333334,-0.5411344281501269,0.2276374878121869,-0.8095398105177976
4.833333333333334,-0.548234180313363,0.6587569198126926,-0.5152461587775579
5.033333333333333,-0.6241234099296536,0.6362479981481384,-0.4534958147880396
5.233333333333333,-0.5849130164437921,0.7907480938603236,-0.180538680760908
5.433333333333334,-0.8223129273556893,0.5642511620885178,0.07363474441779455
5.633333333333334,-0.817464178286496,0.5675069452379876,0.09842857473839364
5.833333333333334,-0.9486713857871124,0.2915675777495207,0.12251917969867766
6.033333333333333,-0.9690157629609036,0.19845596513666858,0.1470499270145051
6.233333333333333,-0.9396869041997555,0.3213125439190929,0.11724662551954688
6.433333333333334,-0.48617845043330254,0.8410387721908137,-0.2372431200394259
6.633333333333334,-0.053119901188877994,0.9859601575371132,-0.1583061712223339
6.833333333333334,0.21465317042095272,0.958839916183014,-0.18587638785597357
7.033333333333333,0.2578788917468731,0.9408253386756831,-0.21987760071728876
7.233333333333333,0.583980908448178,0.791062908796546,-0.182169626706507
7.433333333333334,0.8779750374317441,0.38683168769054965,-0.28199482095458633
7.633333333333334,0.859582596914811,0.20101868429914857,-0.4697970281343094
7.833333333333334,0.613319986678393,-0.09745559969297603,-0.7837990814164676
8.033333333333333,0.7822696512763808,-0.3386408607056835,-0.5228542436974607
8.233333333333334,0.8192532570938185,-0.40404448701281975,-0.40690558272862
8.433333333333334,0.7177066524611942,-0.6448231521609724,-0.26286928966719236
8.633333333333333,0.8455714788329792,-0.4992595872342042,-0.18907336866661428
8.833333333333334,0.8892090708937361,-0.4458608769093445,-0.10254416941947192
9.033333333333333,0.8389843566076187,-0.14495347135358916,-0.5244937945393106
9.233333333333334,0.6906596981565525,-0.0809164949729468,-0.7186387842188819
9.433333333333334,0.6653752562977193,-0.05193711969262674,-0.7447001436180729
9.633333333333335,0.6542032935105939,-0.011837420295399541,-0.7562261078808651
9.833333333333334,0.8384030991967688,0.05796158685382988,-0.5419600517627099
10.033333333333333,0.8908089308455415,0.0613908364273857,-0.4502117434369846
10.233333333333334,0.9660259726052315,0.04080558274643517,-0.2552033006621198
10.433333333333334,0.967687441804469,0.010880052657376385,-0.251917922006544
10.633333333333335,0.9776678378484431,0.05906809062067195,-0.20168430654658837
10.833333333333334,0.9998471281720752,0.014898965214674261,0.00915101751641421
11.033333333333333,0.9998045932481185,0.019590341133904857,-0.0026445896131363517
11.233333333333334,0.9996362417104591,0.021635021945535734,-0.016103107911365204
11.433333333333334,0.999840667348228,0.015560863195467973,0.00874639658726038
11.633333333333335,0.9996450354369792,0.02174228383828465,0.015397279619983694
11.833333333333334,0.9997094568711378,0.01839590106136782,0.015575386561979727
12.033333333333333,0.9990037065694609,0.041294807407141726,0.01692138119912065
12.233333333333334,0.9724334417520052,0.15622157366881692,0.1731127415379583
12.433333333333334,0.8727459389434449,0.42117670685193204,0.24682930876029774
12.633333333333335,0.8472188057160067,0.48354764498226543,0.22000447784817553
12.833333333333334,0.8982371802809372,0.23648127249529768,0.3704680495264813
13.033333333333333,0.9442166224071038,-0.015759275711941575,-0.3289477393130334
13.233333333333334,0.9287492124164014,-0.060958613631074146,-0.3656623413206388
13.433333333333334,0.9284457090969908,-0.06072543865778715,-0.36647098979210524
13.633333333333335,0.9113120749133059,0.007711677478250331,-0.41164406001748266
13.833333333333334,0.9348212261573806,0.02783517344270173,-0.3540260982541067
14.033333333333333,0.9413833904461238,0.029271145170383827,-0.336066231943311
14.233333333333334,0.9403769002773841,0.05062575133548494,-0.33634553472049616
14.433333333333334,0.9426370615425578,-0.007474091673045908,-0.3337356860751853
14.633333333333335,0.8294795877276818,0.3201685101586116,-0.45766334640861317
14.833333333333334,0.8927442027577523,0.10591391148104153,-0.4379383881292111
15.033333333333333,0.9045019512669592,0.06007463831460233,-0.42221707448376977
15.233333333333334,0.9072405232487253,0.05372862675415932,-0.41716647473459745
15.433333333333334,0.9089056661883456,0.05842351538123848,-0.412888826224709
15.633333333333335,0.8465763659833618,0.26910899693318385,-0.45922631057902236
15.833333333333334,0.834979006485314,0.45476199978057746,-0.3098412210864913
16.033333333333335,0.8324225846130036,0.4484348236274299,-0.32554392880906713
16.233333333333334,0.6798262221076801,0.4786387057773943,-0.5556449379473734
16.433333333333337,0.8274771235091264,0.05356699535876535,-0.5589384465907639
16.633333333333336,0.8238351945792871,0.022718059968231914,-0.5663739594329775
16.833333333333336,0.8348770950902067,0.00890292483797329,-0.550364401122627
17.033333333333335,0.8471268046735587,0.008756137329499885,-0.5313186490822938
17.233333333333334,0.8570216963956194,0.0067639559217775634,-0.5152359273259806
17.433333333333337,0.8534248006402022,0.007496247141885503,-0.5211620822076556
17.633333333333336,0.8433077067869836,-0.0004085266094563624,-0.5374308744198536
17.833333333333336,0.8353360924517409,-0.0015677501366050753,-0.5497373507475785
18.033333333333335,0.8295880262316281,0.005096556357878329,-0.5583526948501304
18.233333333333334,0.8245895550708451,0.014607790854882716,-0.5655428172246606
18.433333333333337,0.8160348091659894,0.010822063260747724,-0.5779014389809112
18.633333333333336,0.8087608967279929,0.005924874317042091,-0.5881077348480125
18.833333333333336,0.7286585019075693,0.1640247050416464,-0.6649456246444648
19.033333333333335,0.7272310333390789,0.19945856753887448,-0.6567734038341656
19.233333333333338,0.7268170505635565,0.19492382683479081,-0.6585906746547304
19.433333333333337,0.7273820373847981,0.18529185093101463,-0.6607437488682729
19.633333333333336,0.7553363603944738,0.025870152396995284,-0.654826479214903
19.833333333333336,0.7364553517488377,0.2304426940936819,-0.6360264771370306
20.033333333333335,0.7406689671318295,0.2324189671919306,-0.6303894866011848
20.233333333333338,0.7307033044628163,0.03968403808777261,-0.6815407969946988
20.433333333333337,0.731025036263235,0.026885829694118443,-0.6818207598174134
20.633333333333336,0.7315312315405373,0.02632323798992628,-0.6812995996054235
20.833333333333336,0.7350160253204316,0.020990532849180354,-0.67772475242746
21.033333333333335,0.7012686341625468,0.13536629894067997,-0.6999273304071635
21.233333333333338,0.7023242770427078,0.12944726302076734,-0.6999885827446549
21.433333333333337,0.717964227109715,0.01545037893976897,-0.695908510065344
21.633333333333336,0.7182673229467218,0.012224040320403447,-0.6956598490822903
21.833333333333336,0.7439749492960571,0.19868075190287504,-0.6379868600866617
22.033333333333335,0.749052084441252,0.19710754006666123,-0.632510547297897
22.233333333333338,0.752762389883072,0.19417115856045522,-0.6290042492390783
22.433333333333337,0.7225325585944963,0.009709708539083518,-0.6912687055920997
22.633333333333336,0.7244001875245206,0.0017843340625013266,-0.6893773890014039
22.833333333333336,0.7228379237090929,0.0005833469579878389,-0.6910173628457206
23.033333333333335,0.7081521495158802,0.20885443833886386,-0.674463013605784
23.233333333333338,0.7073952337719701,0.20789637383524315,-0.6755524265242904
23.433333333333337,0.7062935772891923,0.20688626798210397,-0.6770136297006677
23.633333333333336,0.7066491349663547,0.2080752950198006,-0.6762778065660042
23.833333333333336,0.7012354743605483,0.2075374582932018,-0.6820535264211558
24.033333333333335,0.6932949672983745,0.1935809495883612,-0.6941674900736957
24.233333333333338,0.696046352050265,0.19700104282605826,-0.6904419345049693
24.433333333333337,0.7037011099460287,0.20918950223354665,-0.6790025773264843
24.633333333333336,0.704921553141207,0.20452230751759376,-0.6791584716726041
24.833333333333336,0.6857447155753311,0.19997822842442955,-0.6998306175187929
25.033333333333335,0.6822279514398164,0.18837847774621527,-0.7064549323178729
25.233333333333338,0.6709317500669657,0.1778445190754964,-0.7198763183956561
25.433333333333337,0.6405971066906349,0.17530152987116432,-0.7475993047912876
25.633333333333336,0.5950729653956269,0.1691734808094065,-0.7856643680644328
25.833333333333336,0.48524926635724985,0.049707523074247965,-0.8729618042329079
26.033333333333335,0.33758097781503954,-0.03473235434195891,-0.9406554879334446
26.233333333333338,0.2573226621410187,0.29945034423026695,-0.918757061953286
26.433333333333337,0.212323685533848,0.3557922153008569,-0.9101266681581374
26.633333333333336,0.22294515770179352,0.46465253539653006,-0.8569676061595902
26.833333333333336,0.23243738665642882,0.4433982058295593,-0.8656621121150317
27.033333333333335,0.049603690708764026,0.49330253230421167,-0.8684423328525167
27.233333333333338,0.31893855521001224,0.7477978303796753,-0.5823028446435758
27.433333333333337,0.350735894021284,0.8871456782565932,-0.2999281217154204
27.633333333333336,0.4136493904057352,0.8563512624599371,-0.3091224629499374
27.833333333333336,0.716264346760384,0.6350304035512371,-0.28931258549443245
28.033333333333335,0.9842184986563087,-0.033179353534192886,-0.17381909389297517
28.233333333333338,0.9639921249102779,-0.016323199145984183,-0.2654293432923496
28.433333333333337,0.9241574282926809,-0.2333798534238121,-0.30243493804013216
28.633333333333336,0.9502586246325112,0.0002961572569061321,-0.31146180921969807
28.833333333333336,0.9488830411858689,0.034484483204449495,-0.3137384174244188
29.033333333333335,0.9514573940101505,0.02627200079474195,-0.3066571527906277
29.233333333333338,0.9491600603676569,0.012995372726852259,-0.3145255158020665
29.433333333333337,0.9446859650872759,0.0007689957731914235,-0.3279753588497512
29.633333333333336,0.9354070272036342,0.04357723433841113,-0.35087706979150846
29.833333333333336,0.9079939991119368,0.21258953315757345,-0.36104374799815786
30.033333333333335,0.6386879446496957,0.6573469969837307,-0.3999657921818049
30.233333333333338,-0.5379631683229096,0.7860467412720749,-0.30450968796333644
30.433333333333337,-0.5320953581182112,0.7801150437795729,-0.3290821300797845
30.633333333333336,-0.9139960281017534,0.384971485462947,-0.1280945588019695
30.833333333333336,-0.9463545899697964,-0.21819189056806554,0.23833860143382604
31.033333333333335,-0.8967886186592626,-0.3683552066246807,0.24512163347142737
31.233333333333338,-0.8825466574683842,-0.44846390285625287,0.14139139021284242
31.433333333333337,-0.9306968233359763,-0.11148488028061244,-0.34838849651092185
31.633333333333336,-0.9463681745271544,-0.14120704075028587,-0.29059912230543433
31.833333333333336,-0.49553568865680186,-0.8614818181795647,0.11087586849022114
32.03333333333333,-0.3513533609179446,-0.9266289381446352,0.1338268536752267
32.233333333333334,-0.960104696304581,-0.25278206899697614,-0.11958343416835043
32.43333333333333,-0.9895236898278442,-0.1427392894727492,-0.02164168455327138
32.63333333333333,-0.9853682375736696,0.05560123271275334,0.16111467748713243
32.833333333333336,-0.9477846715256744,0.1876632555059517,0.25785018703479173
33.03333333333333,-0.9171164301715511,-0.39861545727872166,-0.0017806537750584366
33.233333333333334,-0.9057872165193034,-0.42292686450818023,-0.026122512656546155
33.43333333333333,-0.8836939813685801,-0.4664490176330926,-0.03886207974453583
33.63333333333333,-0.8688672040624829,-0.4921751020433454,-0.053230166571848925
33.833333333333336,-0.8986503485895625,-0.43775165780997816,0.028302598192980186
34.03333333333333,-0.44389881184119545,-0.4539686900649206,0.7725712092012716
34.233333333333334,-0.6583887113714296,-0.20771282582875772,0.7234498508707435
34.43333333333333,-0.645052902937693,-0.052805504889069765,0.7623111773187282
34.63333333333333,-0.5506385939345014,0.034224364653960664,0.8340418644971411
34.833333333333336,-0.5235485287617334,0.020422350442958263,0.8517510584870494
35.03333333333333,-0.48209335375890083,0.03053115479799283,0.8755877151080848
35.233333333333334,-0.24524309313068668,0.5134796156566824,0.8223104703071455
35.43333333333333,-0.06683068523936034,0.6457147298346445,0.7606485043599371
35.63333333333333,-0.06564121013909693,0.6390682996091267,0.766343878403276
35.833333333333336,-0.0871920299186642,0.623616524173512,0.776852611951849
36.03333333333333,-0.11145493830079542,0.6228605219134138,0.774352998941772
36.233333333333334,-0.34164133036639144,0.37168508483270307,0.8632099391795651
36.43333333333333,-0.5789437137754585,0.050681109359879864,0.8137908831106012
36.63333333333333,-0.5873914187763728,0.006832142729148668,0.8092741457464264
36.833333333333336,-0.5326229704652664,0.0756201320590906,0.842967595438948
37.03333333333333,-0.5334422509594289,0.08652931209773493,0.8413988608497344
37.233333333333334,-0.9621931945320892,0.08918970571758793,0.257350836000475
37.43333333333333,-0.8560197063735219,0.35863544462000085,0.37230482156749484
37.63333333333333,-0.8381361308930093,0.3535914167865708,0.41533232003609055
37.833333333333336,-0.8478147354511683,0.3738455178965352,0.37609799667179483
38.03333333333333,-0.8460527491635066,0.5079936707504207,0.1616699604453029
38.233333333333334,-0.29310040559964606,0.6953329583481083,-0.6562044111953159
38.43333333333334,-0.19568727377998357,0.588774026111821,-0.7842522789617093
38.63333333333333,-0.1101923552196312,0.6633728502376665,-0.7401311413653021
38.833333333333336,-0.06409811786653788,0.6728256942010199,-0.7370190068844109
39.03333333333333,0.06966283863764439,0.4596276433006277,-0.8853753545400149
39.233333333333334,0.1105143585417614,0.2564239484994235,-0.9602256688883444
39.43333333333334,0.016471972383734636,0.33353293019703395,-0.9425945356302307
39.63333333333333,-0.11201242603943519,0.2486913750063019,-0.9620841004871844
39.833333333333336,-0.15116599968566619,0.24676296574188739,-0.9572130793492645
40.03333333333333,-0.2057680777242607,0.39929376429475394,-0.8934338184694981
40.233333333333334,-0.22032810765036573,0.6054868327994892,-0.7647491224484356
40.4,-0.23616526162631557,0.6355078978666088,-0.7350888932300216
