0.04,-0.9929078632282424,-0.07620165215145004,0.09125394977159006
0.24000000000000002,-0.9954802359681352,-0.055637859922587025,0.0769644615394725
0.44,-0.9992580445709192,-0.006854371566749711,-0.03789957718402235
0.6400000000000001,-0.39160841311640104,0.059628489285921196,-0.9181978512509892
0.8400000000000001,-0.22885853176782284,0.03861790979921931,-0.9726933892444297
1.04,-0.1169547926828738,0.018364006430579508,-0.9929674414281284
1.2400000000000002,-0.09931160816278975,0.014385948908683659,-0.9949523852718369
1.4400000000000002,-0.08617897594762278,0.17957775633992618,-0.9799617408514157
1.6400000000000001,0.000570262428677755,0.268679538475907,-0.9632294536636306
1.84,0.21481380407135992,0.6242414275297261,-0.751117613783648
2.04,0.39415708686367057,0.7049761605133306,-0.5896175065099643
2.24,0.4759792484269846,0.7746469323047687,-0.416372291750657
2.4400000000000004,0.33762554082432134,0.9409340135476181,-0.02553774328822401
2.64,0.04185498451094721,0.9988946943516569,0.02139041532318818
2.8400000000000003,-0.05918419707928935,0.9956385829427614,0.07211825685504278
3.04,-0.18350696361566865,0.9685351567651735,0.16812151680977205
3.24,-0.14006457525517924,0.931647727769421,0.3352826063198944
3.4400000000000004,0.5538030784829089,0.8106340552749605,-0.19019615845575175
3.64,0.7049031979081923,0.5024155419247047,-0.5006896292228438
3.8400000000000003,0.6864017238391041,0.2616083630907453,-0.6785379413648784
4.04,0.5399667069410409,0.09702010611941471,-0.8360759860226972
4.24,0.49853170503307354,0.04300783914996708,-0.8658039413449601
4.44,0.8295521228957102,0.5235767361134336,-0.19419237060200012
4.640000000000001,0.8254177124666596,0.5500864130805857,-0.12684848477787175
4.840000000000001,0.8547708167849071,0.5118785041122853,-0.08571608834187434
5.04,0.8464385315417325,0.5298307014892609,-0.05311534694298221
5.24,0.8314870131475403,0.5519548413939295,-0.06304918737608542
5.44,0.9221981195059867,0.3864571936334518,0.014193867287602644
5.640000000000001,0.9265820228795479,0.37424498897550335,0.03723497150758449
5.840000000000001,0.9069147551575563,0.4206649638075728,0.023379801160047887
6.04,0.9492845519258567,-0.3126955252770583,0.03286864686338124
6.24,0.9201572795972058,-0.38739368890486625,0.05689209612019495
6.44,0.8993662104914874,-0.43644312424224446,0.025647977071304465
6.640000000000001,0.8540505408665519,-0.5192903863680128,0.030580521109203722
6.840000000000001,0.44085477113108806,-0.8974417864451505,0.01566239806329728
7.04,0.4347912118991684,-0.899173313673187,0.04943636347095884
7.24,0.1462496827667486,-0.9455266986982871,-0.29084410315380865
7.44,0.10218714921388322,-0.7778892435597725,-0.6200371854087019
7.640000000000001,0.06983076787242287,-0.7416768144155873,-0.6671125593306532
7.840000000000001,-0.11041045698112681,-0.7634693206318021,-0.6363364891653109
8.04,-0.14678706912985567,-0.7480066292198255,-0.6472554665504664
8.24,-0.35702223102430347,-0.8377789718537799,-0.41311199555816824
8.44,-0.40393860723356423,-0.8201567358931996,-0.4051870310797487
8.639999999999999,-0.3956161256801344,-0.8331474618147527,-0.3864624017591817
8.84,-0.0703330760273641,-0.7762857740527107,-0.6264452533301794
9.04,-0.05529694213461406,-0.7817134271060151,-0.6211814276624266
9.24,0.10816196909449582,-0.855178957158676,-0.5069220252411613
9.44,0.00969355793855975,-0.857872438840308,-0.5137712658495738
9.64,-0.0010331321750284839,-0.8586319225693576,-0.5125916056499147
9.84,0.0021009152859439717,-0.8553859821442598,-0.5179868798589993
10.04,-0.005994508236646157,-0.8635411775509539,-0.5042427000412725
10.24,-0.0033129194850302635,-0.8623894641834009,-0.5062345668066862
10.44,0.197425258387239,-0.9442116202459969,-0.26360516600241696
10.64,-0.023496552543198435,-0.8783716019178578,-0.47740050373123966
10.84,-0.02974027397149165,-0.8740645580019336,-0.48489861264906226
11.04,-0.01981046873062159,-0.8781301138201092,-0.478011556901039
11.24,-0.026788446542285904,-0.874167777777785,-0.484884600113161
11.44,-0.04777578233433877,-0.8723300679360316,-0.48657756544775116
11.64,-0.0431214494556737,-0.8764201533726432,-0.47961260967484376
11.84,0.4311439393830227,-0.8965195601864395,-0.1018213226019074
12.04,0.5075634391544934,-0.858335217418693,-0.07509999848513839
12.24,0.546223029017957,-0.8372895811834329,-0.02421899692636732
12.44,0.13106954735888582,-0.9910358235294177,0.025860592346386435
12.64,0.03899242170632128,-0.997985857652913,0.050038175169124476
12.84,-0.34008652008532814,-0.9341838028181922,0.10789708711727358
13.04,-0.45336610572991515,-0.8890462936705764,-0.06368564897920752
13.24,-0.5322092266172802,-0.8425035886875061,-0.08331291707838548
13.44,-0.578319224523579,-0.8129099768940702,-0.06873313620466004
13.64,-0.6046184769857058,-0.7928813172234409,-0.07599811896031931
13.84,-0.6030167787391746,-0.7944290286936415,-0.07247953454532549
14.04,-0.04004809872024384,-0.9165181166842062,-0.39798328052636767
14.24,0.15975332696634048,-0.8666603967227536,-0.4726294862527565
14.44,0.22204001238251758,-0.8551059857405949,-0.46849971830490666
14.64,0.490255432602192,-0.8654288414856877,0.10335633085969104
14.84,0.5042751937467368,-0.863491162216786,0.009462650009154585
15.04,0.23801376042543204,-0.970000641087675,-0.04947935061866773
15.24,0.3054331923960222,-0.950462361180641,-0.057722309046808036
15.44,0.17242586155635747,-0.9061799919351915,-0.3861439426986839
15.64,-0.08508854528390075,-0.8687474775604173,-0.4878911350843359
15.84,-0.1173242735945147,-0.8641457143548573,-0.48937429355009343
16.04,-0.12569316767572009,-0.8585533941767276,-0.497078763323544
16.24,-0.14512387218902462,-0.8488568997760412,-0.508311937124707
16.44,-0.133474350682951,-0.8441553064866549,-0.519217118593163
16.64,-0.12200601331350663,-0.8413665187662734,-0.5265139255655701
16.84,-0.11241499020390533,-0.8409275917692292,-0.5293426634786399
17.04,0.08073656366685522,-0.8549292345691971,-0.5124232734431522
17.24,0.08949228039456997,-0.8497552707907928,-0.5195258525935417
17.44,0.06936042411397492,-0.8445279926861551,-0.5310005660413396
17.64,0.05332122711299769,-0.841383472314926,-0.5378017285714524
17.84,0.06579745639474471,-0.8415724518289371,-0.5361217241024774
18.04,0.09105409909437479,-0.8407759544981745,-0.5336711959397807
18.24,0.11670929354184628,-0.829028351054532,-0.5468920679153854
18.44,0.13547154616972668,-0.9033708042998368,-0.40690127809709564
18.64,0.5713968382457298,-0.8202071424228985,0.027674839859447495
18.84,0.5774069045023458,-0.8161440640878741,-0.022586130415521915
19.04,0.5783022487520681,-0.8147541901660524,-0.041738695417582114
19.240000000000002,0.5812711213274543,-0.8088060362701709,-0.08920021975118153
19.44,0.5763199176998087,-0.8117235915171378,-0.09465813983490655
19.64,0.5492674466555971,-0.8293459024924202,-0.10242385495319921
19.84,0.28852003961733,-0.9532205794314085,-0.09014828721425834
20.04,0.1815200890065996,-0.8489876659768941,-0.49625638565779906
20.240000000000002,0.17890635951987982,-0.8421288084756121,-0.5087352793534078
20.44,0.3080087088387621,-0.9438110870994685,-0.11979677436224331
20.64,0.19756658083041861,-0.9772812686297788,-0.07673830936597555
20.84,0.19219311436210124,-0.9786053304632614,-0.0734398664261301
21.04,-0.15099333737306658,-0.9882020247244996,-0.025647034903537477
21.240000000000002,-0.32638839684481763,-0.9435974806074209,0.055627412274862016
21.44,-0.4698962418601502,-0.8711180536394334,0.1426564352181576
21.64,-0.6700029494360973,-0.7009389256474406,0.24450085942413907
21.84,-0.7634555520398297,-0.6340220201641403,0.12309223373771909
22.04,-0.6579147527347147,-0.7423927072715233,0.12649603283928762
22.240000000000002,-0.5390348359342136,-0.8144123189029892,0.21488141024395693
22.44,-0.497667127465297,-0.8332122952862159,0.2410076787662908
22.64,-0.46977093697367295,-0.8475702797127754,0.2468600569603853
22.84,-0.5378769208733882,-0.8051857241667507,0.2497285878505462
23.04,-0.9949237993771829,-0.06691441329544336,-0.07516045985888052
23.240000000000002,-0.9910856928330971,-0.05775566431761004,-0.1200559565401555
23.44,-0.9858693898216035,-0.1385415014306265,-0.0941689895566842
23.64,-0.9843093503415896,-0.1427965761902121,-0.10365442903451223
23.84,-0.9783210154379876,-0.17016989471761354,-0.11802625845201455
24.04,-0.9753286722780747,-0.17932439422276558,-0.12875069968325184
24.240000000000002,-0.9743740621332692,-0.1767227276291309,-0.13915554096489577
24.44,-0.9759381085172814,-0.1626284425757575,-0.14524736833793186
24.64,-0.994454820859775,-0.0470369477418214,-0.09405920909664166
24.84,-0.9438190495879362,-0.329450517247684,-0.025844889633316066
25.04,-0.9862435878567525,-0.16526552528152508,0.0033002370917760058
25.240000000000002,-0.9842495622742952,-0.17675715755063012,0.003115512394465889
25.44,-0.9831804686165804,-0.18252994318198204,0.006243874827708885
25.64,-0.9809838717045555,-0.1940888040263816,0.0004238008362832077
25.84,-0.9133755932569567,-0.38452976094765606,-0.1337231789483065
26.04,-0.9070688145892746,-0.39926254478739187,-0.1334750386008709
26.240000000000002,-0.903959396920697,-0.40444071066041903,-0.13887087628176356
26.44,-0.9048719076842023,-0.4015603721014601,-0.14126605481038054
26.64,-0.9085198165532491,-0.39406691282057427,-0.1389352768382198
26.84,-0.9092041528937127,-0.39298596967370175,-0.1375130393833509
27.04,-0.9092085187382836,-0.39111053059127016,-0.1427319947115976
27.240000000000002,-0.9404229319153208,-0.3381266166737013,0.03570854554008013
27.44,-0.938304040070249,-0.3427099616463333,0.046210502877783596
27.64,-0.8950056397027917,-0.3897415553553757,0.2169479774724103
27.84,-0.8506069830473892,-0.5253924232788608,0.02074998679964096
28.04,-0.8474915328322636,-0.524621573384348,0.08081031194935281
28.240000000000002,-0.8476026727997147,-0.5266260337054207,0.06507480070255026
28.44,-0.7504674097455682,-0.632295716977765,0.1923559024343976
28.64,-0.7088337462654232,-0.6806636467042675,0.18507220269552596
28.84,-0.5138961486491118,-0.7966114775567378,0.31830944413963186
29.04,-0.563891609149912,-0.8144557176059102,0.1367045616991801
29.240000000000002,-0.5439315443580767,-0.8243245533678223,0.1569315320997599
29.44,-0.5245685472018786,-0.8340165925394958,0.17100924728013708
29.64,-0.6210640480828513,-0.7784651008081461,0.0909479796515838
29.84,-0.6344863289071676,-0.7659935492385818,0.10334883141470919
30.04,-0.6313886704389934,-0.7666167623832877,0.11682074505089457
30.240000000000002,-0.4724906316545807,-0.8333720208233105,0.28678158571903967
30.44,-0.5254594940431121,-0.8217502188095682,0.22049693423352493
30.64,-0.6036610032621225,-0.7777829034775482,0.1750632691303434
30.84,-0.00913902379317627,-0.9936328722858996,0.11229511724460985
31.04,0.2622077917914315,-0.9648315570009977,-0.0186317078898269
31.240000000000002,0.3494397486680799,-0.936650230636691,-0.024045945583879985
31.44,0.3267598962564733,-0.9448040809451148,-0.02394198880452319
31.64,0.07678409416057119,-0.7963779209765464,-0.5999053340861489
31.84,-0.1847337437784098,-0.7759592445127589,-0.6031257702708461
32.04,-0.2101101061968265,-0.7623803922779909,-0.6120701599849605
32.24,-0.19013152097866054,-0.7674898583382057,-0.612216728028843
32.44,-0.16951113447659202,-0.7787544498548964,-0.6039929487333909
32.64,-0.1619663395857928,-0.7820365852546772,-0.6018186472388373
32.84,-0.14379435949758046,-0.7860937064393042,-0.6011487892969573
33.04,-0.14788583695170762,-0.783743911933572,-0.603220738814702
33.24,-0.14856830881804844,-0.7824972431695147,-0.6046697628020228
33.44,0.05776059408392353,-0.8427628726389496,-0.5351770307780577
33.64,0.07868189829849842,-0.8547642680355235,-0.5130177433284745
33.84,0.053640172119524765,-0.8414241410456692,-0.5377063760088266
34.04,0.0509232190956726,-0.8394182043277455,-0.5410950970024754
34.24,0.04534412049945369,-0.846893289414889,-0.5298260724805451
34.44,0.05253427422117196,-0.8511012798493244,-0.5223665010994646
34.64,0.06704866087279782,-0.852886326822824,-0.517773493521864
34.84,0.08000801715600647,-0.8520415672610847,-0.5173237717813081
35.04,0.008948268167988715,-0.850011044967143,-0.5266888568506645
35.24,0.007958875801929,-0.8528532562976336,-0.5220900109353678
35.44,0.000866320245262342,-0.8537405697217394,-0.5206978865910951
35.64,0.12294316580916742,-0.9004212778758266,-0.41728467540670994
35.84,0.11850556167317339,-0.8930717433672781,-0.43402683448314133
36.04,0.08830377034114262,-0.8942303618945285,-0.43881032805703135
36.24,0.16538907682301007,-0.9326583744244307,-0.32061629697133415
36.44,0.17056849943360453,-0.9276013083353989,-0.3323585409996631
36.64,0.19356289541751476,-0.858347470723456,-0.47515579026276694
36.84,0.19831501251437889,-0.8576741282379278,-0.47441147284054286
37.04,0.2752011045260612,-0.7995762296952332,-0.5337997798556982
37.24,0.27537274176114507,-0.802808051262239,-0.5288374853615018
37.44,0.23956238972503024,-0.8621920610250438,-0.4463571566969892
37.64,0.22232571201737744,-0.8511261103322115,-0.47555822155307814
37.84,-0.10862461298100043,-0.7783834691506878,-0.6183201989322917
38.04,-0.11690193818777367,-0.7749303970761323,-0.6211415430764309
38.24,-0.16974717619604546,-0.6929779406079553,-0.7006907092321301
38.440000000000005,0.22845141652802287,-0.877297358659914,-0.42208920239053505
38.64,0.5077484140208155,-0.8606191161300272,-0.03906769779392278
38.84,0.5599200861917433,-0.8256615828385012,-0.06908290456872698
39.04,0.5962013880711873,-0.8015369611475263,-0.04563337349329998
39.24,0.6148325194175152,-0.788062191406178,-0.030642381480614607
39.440000000000005,0.6423845885422345,-0.7658661747425717,-0.028125482904387072
39.64,0.5605827246839794,-0.8276626650330764,0.02686115589901773
39.84,0.5251793469081621,-0.8501222266790132,0.03845586154844188
40.04,0.2172536703538655,-0.9757896697105173,0.02520641196230598
40.24,0.20477735948894238,-0.978018097156195,0.03932981916703564
40.440000000000005,0.18082765927708627,-0.9827478890567956,0.03883225714251194
40.64,0.5326695684380773,-0.8444892053222468,0.05568763735509382
40.84,0.5575215091225146,-0.8262756478725866,0.0802391462971249
41.04,0.5820050808641185,-0.8111246153273244,0.05785278090508267
41.24,0.5776240686538774,-0.8152401537670644,0.04164044905610813
41.440000000000005,0.5698674113773323,-0.8208059570819307,0.03909877579814889
41.64,0.560518182189679,-0.8274979429861736,0.03265764517581649
41.84,0.4152137418629581,-0.9093034307145702,-0.02765536944019588
42.04,0.2500850464996488,-0.968150799166608,-0.011895360033524503
42.24,0.2547998150919977,-0.9669935206805406,-0.0007649777365396158
42.440000000000005,0.25202658199809114,-0.9666772795393643,0.044918138749648534
42.64,0.5538967641737731,-0.8324445922665389,-0.01530932539400177
42.84,0.5535909646152964,-0.8325418010368013,-0.02027790479080081
43.04,-0.18530484478235898,-0.9672674363233501,0.1733661475855088
43.24,-0.5982987534357199,-0.7882493811373115,0.14388020980631475
43.440000000000005,-0.6578843010905528,-0.7315790243550067,0.17883058324115322
43.64,-0.6889913993691837,-0.7218703377184285,0.06476161762631293
43.84,-0.9225467115729076,-0.36685550788214133,0.1196854264417792
44.04,-0.9957131743388825,-0.04894196409479704,0.07848540372916613
44.24,-0.995712970702065,-0.017281494941061654,0.09086820075400914
44.440000000000005,-0.9888121579604744,0.13598993843396134,0.06129643475992061
44.64,-0.9275803310908711,0.3675469838201445,0.0671114301595849
44.84,-0.9347720418190628,0.15670984338017901,0.31881539301166245
45.04,-0.9140236576212566,-0.0884893891205695,0.3958918808484567
45.24,-0.9925509906350141,-0.10927818951954399,0.05385915228430277
45.440000000000005,-0.9939774863192807,-0.10724741779221482,0.02251106544138875
45.64,-0.9932463774564351,-0.11434241652631448,0.01968363413071257
45.84,-0.98923836231255,-0.14607780050979322,0.008290882185035691
46.04,-0.6879626796431051,-0.7252117085221526,0.02784473452303854
46.24,-0.7269999215056113,-0.6866019396045131,-0.006992185792409333
46.440000000000005,-0.7691359870947378,-0.6387998418332387,0.019094382148495955
46.64,-0.9925989475080608,-0.11677296031083419,0.03333774356693887
46.84,-0.9984508426217398,-0.031145864506957343,0.046106940822959165
47.04,-0.9978786309140176,-0.0026565444122398385,0.06504752675506872
47.24,-0.9970613480483145,-0.014374145574065505,0.07524660900727323
47.440000000000005,-0.8391718293869823,-0.505997265924469,0.19939259675391124
47.64,-0.9918055650923379,0.02227396327049042,0.12579980767908058
47.84,-0.985458954163311,0.04631482317328171,0.1634796220138192
48.04,-0.9892612156668932,-0.09722975927685466,0.10912662868532927
48.24,-0.9730513527592217,0.22773976831655493,0.03613395661384704
48.440000000000005,-0.8962854130896559,0.4418935739887073,0.037450334446994006
48.64,-0.8589210350007224,0.5055374507339071,0.08177127575591746
48.84,-0.8427018838670364,0.5300785989426526,0.09418181284060277
49.04,-0.6000661440465148,0.799745629747296,-0.018098355429398905
49.24,-0.6012219442608759,0.7955848336600903,0.07467895412509926
49.440000000000005,-0.6261576582747014,0.7778836546970619,0.053137620751069786
49.64,-0.9556268618653152,0.2575262254247798,0.14302987135530484
49.84,-0.9794032282837369,0.15645037530800662,0.1276424556853196
50.04,-0.9932974345938812,-0.11245788995589388,0.026710099510903064
50.24,-0.6236079533657896,-0.7598100772787676,0.1838525685557994
50.440000000000005,-0.4186623067241371,-0.9040116451781907,0.08651484445253307
50.64,-0.09771004589402588,-0.8578083655937669,-0.5045964277011263
50.84,0.010212005015707792,-0.845671809675037,-0.5336055708803153
51.04,0.015967083378668923,-0.8399227122501794,-0.5424710957227867
51.24,-0.38045293285092086,-0.8533734378122043,-0.35638369985412216
51.440000000000005,-0.40360736838819483,-0.8478460097596324,-0.343886952234925
51.64,-0.3626864046948906,-0.9056460263755618,-0.21969034289119177
51.84,-0.004263477219420553,-0.9866936908968444,-0.16253425210201625
52.04,0.022329897244388164,-0.9839675505609248,-0.17694415823131596
52.24,0.24051284986253468,-0.9204110824374515,-0.30821584705741634
52.440000000000005,0.29793786635908104,-0.9170643381114408,-0.2650019387733294
52.64,0.2826868584207087,-0.9592114146317777,0.0012657473421523887
52.84,0.26131162129315155,-0.961459968592943,0.08550418335029937
53.04,0.27577026305761504,-0.9568029538853654,0.09208077676352223
53.24,0.2934814529136857,-0.9508611644372461,0.09864929173955864
53.440000000000005,0.606088653020112,-0.7910279070510601,0.0832549995296713
53.64,0.6112664688085041,-0.7875678106334408,0.07804003949531711
53.84,0.6067755333149114,-0.7924378567546023,0.062174716344968836
54.04,0.5450643435756113,-0.8376533594240423,0.03523791719304797
54.24,0.8092375332060836,-0.5775810069371643,0.10740016422698706
54.440000000000005,0.8472026494350542,-0.5266608524824403,0.06982848453671708
54.64,0.8759767393602249,-0.47535742899274236,0.08185393577121705
54.84,0.9041526133463881,-0.4147471097242936,0.10243479269389455
55.04,0.9403768004325027,-0.32718480215439805,0.0929600906169771
55.24,0.9764650652718376,-0.21198707795182112,0.039717188786650134
55.440000000000005,0.9802932224270258,-0.1747778817832287,0.09207545874447565
55.64,0.9835871358165236,-0.15690006979861473,0.08909946326122352
55.84,0.9238052225601833,-0.052666645481753795,0.37922306789570437
56.04,0.8982044146396849,-0.11738209758998404,0.4236157134563791
56.24,0.8944555885618883,-0.209559857700632,0.39501122279107154
56.440000000000005,0.8782301823217358,-0.22002508643932903,0.42461830883335283
56.64,0.9082912594009402,-0.10333204501281229,0.40537572271822564
56.84,0.9243879914358656,0.020842189983210187,0.38088376757991427
57.04,0.9353483556969265,0.01739475959870489,0.3532999799512583
57.24,0.9123789310701713,-0.29665524529968,0.2820644457840054
57.440000000000005,0.8831126956129618,-0.3745749985849937,0.28249873854985713
57.64,0.3142089787395995,-0.9256743886441194,0.21071223003839468
57.84,0.2599722995931783,-0.9580160526098785,0.12091172972884556
58.04,-0.08867180793340507,-0.99419483558872,0.06094209847502201
58.24,-0.07619460332881489,-0.9928732526857366,0.09163561821044452
