0.016666551,-0.9957340363649716,-0.07421544788097516,0.0548251413144383
0.216666551,-0.9963230086930296,-0.08182250972258126,0.02540746448520813
0.41666655100000005,-0.9956658302917791,-0.08123701590027026,-0.04527804806969332
0.6166665510000001,-0.9960737566168857,-0.06611011536446204,-0.05887719444422772
0.8166665510000001,-0.9971176066648625,-0.04789474888569087,-0.0588436190942877
1.016666551,-0.9970160662810612,-0.05254568514907909,-0.05655010653970724
1.216666551,-0.9981284296922547,-0.02479970218441941,-0.055898234423263554
1.416666551,-0.9988310304799249,-0.012018630268381543,-0.0468201353787331
1.616666551,-0.9992131303592696,-0.007541271574203052,-0.03893904647874116
1.816666551,-0.999589353744948,-0.0012566109599837973,-0.02862769303755852
2.016666551,-0.999608277260897,-0.010855977596697526,-0.025796119512857155
2.2166665510000003,-0.9997083244100153,-0.014107051835285269,-0.019602479277803085
2.4166665510000005,-0.9997559487995709,-0.017804713613561514,-0.01307803551798709
2.6166665510000002,-0.9997865870723435,-0.014944919890922103,-0.014262877679106847
2.8166665510000004,-0.9998216309955638,-0.011720439708725267,-0.01481004680630529
3.016666551,-0.9998047355994057,-0.007205842782702213,-0.01840017670550912
3.2166665510000003,-0.9998022345500617,-0.0031000103627459147,-0.019643872440401264
3.4166665510000005,-0.9997814893017957,-0.0025698945874140394,-0.020745343846111725
3.6166665510000002,-0.999742748892515,0.00045841264341606685,-0.022676549444010555
3.8166665510000004,-0.9997094883779141,0.001961996141962491,-0.024022685493277882
4.016666551,-0.9996458608866916,0.004044753388085346,-0.026301953960402642
4.216666551,-0.9996657420967868,0.0034310053127085977,-0.025624837182409484
4.4166665510000005,-0.9996438288571561,0.00473406307806757,-0.026264121431679353
4.616666551000001,-0.9996369764117464,0.004756425239229066,-0.02651964949476359
4.816666551000001,-0.9996025428612301,0.005983349278951029,-0.027549153104385493
5.016666551,-0.9995945783387133,0.006979977116677665,-0.027603602578309062
5.216666551,-0.9995915889962933,0.00622671963988352,-0.027890557011140123
5.4166665510000005,-0.999596248112308,0.006244438376736959,-0.027719086369435555
5.616666551000001,-0.9996045587503299,0.004714477399105246,-0.027721829456434935
5.816666551000001,-0.9995960999476414,0.0074164789544649,-0.027434154067201937
6.016666551,-0.9996114923881679,0.004617666145846956,-0.02748711416037747
6.216666551,-0.9991645501689471,-0.031042536774422244,-0.02658124519834654
6.4166665510000005,-0.9739835102603411,-0.20667346665701034,-0.09296343324618568
6.616666551000001,-0.9018095775210773,-0.3541510198393986,-0.24762177012122852
6.816666551000001,-0.8584598785431898,-0.4032175116707469,-0.3169578445371924
7.016666551,-0.8303690348569555,-0.4146047538797807,-0.37227699903568434
7.216666551,-0.8193154448740656,-0.4072040476229682,-0.4036174740893705
7.4166665510000005,-0.8201816371398196,-0.36909581593043567,-0.43711595802634734
7.616666551000001,-0.8545455049616651,-0.2475217669029883,-0.4566015274383514
7.816666551000001,-0.857826031602305,-0.1656167581210871,-0.4865239859810635
8.016666551,-0.8892377762287239,-0.05437235376242327,-0.45420240474278434
8.216666551000001,-0.9113436393697156,0.11417185271628084,-0.3954965979976237
8.416666551,-0.9154796524174373,0.2819229806707227,-0.28708263440930076
8.616666551,-0.8794137917474135,0.4292843204062033,-0.20578230035117562
8.816666551,-0.8153981420391901,0.5689841660490248,-0.10669062163345486
9.016666551,-0.4110775404651678,0.906188402402147,0.09918586127545156
9.216666551000001,-0.1438213407187352,0.9827209555147035,0.11651156829316757
9.416666551,-0.015289714595433268,0.9948411500644908,0.10028614443656646
9.616666551000002,0.020799551855483045,0.993663146251982,0.1104578219196056
9.816666551,-0.014393814508093017,0.99237524566471,0.12240992564254458
10.016666551,-0.15470351866628623,0.9792193585721334,0.13113454582927356
10.216666551000001,-0.497431818286986,0.8612622773963625,0.10386951280204296
10.416666551,-0.7109689890543542,0.70010425467428,0.06615987598235537
10.616666551000002,-0.8259123386431082,0.563337378965835,0.022799261763810648
10.816666551,-0.9854045713403774,0.1701946218009867,0.003409030874899134
11.016666551,-0.9994558183113833,-0.02927666518503744,-0.015196845697927211
11.216666551000001,-0.9990389482139166,-0.043726045439466225,0.0030352762406438915
11.416666551,-0.999653372468261,-0.00331003771462323,0.02611854825905996
11.616666551000002,-0.9973683979924457,0.06346730488290611,0.03504539765622519
11.816666551,-0.994040510564139,0.10375537960843799,0.03344076194848624
12.016666551,-0.9937303848299524,0.09872380361567551,0.0524741161466139
12.216666551000001,-0.9971877969150486,-0.0020599357996366288,0.07491498079966454
12.416666551,-0.9859129331769291,-0.1454990219458305,0.08249680483067834
12.616666551000002,-0.9598059266155119,-0.26829916499703277,0.08239017717928349
12.816666551,-0.9458565809053118,-0.32052921356027814,0.05115028457929492
13.016666551,-0.9267531427944914,-0.3728630916377249,0.04584459853560722
13.216666551000001,-0.9306090573516933,-0.36490409572025884,0.02849181113184605
13.416666551,-0.9428846556198411,-0.3323149391475804,0.023136711434287062
13.616666551000002,-0.9535995596949053,-0.3008173327819796,0.012522461723593474
13.816666551,-0.9626506246876996,-0.270716116171759,0.004069303780816688
14.016666551,-0.9937061554197115,0.1078067678511505,-0.030426591765496877
14.216666551000001,-0.6429294795493902,0.7656425649684082,0.020812184771128284
14.416666551,-0.025900124418993586,0.999602177224194,0.011165609868329351
14.616666551000002,0.49986110586813737,0.8643886346271605,-0.05450837704128938
14.816666551,0.6741716371783582,0.7336342636955854,-0.08528405921441795
15.016666551,0.7881901601220376,0.6144538086587482,-0.03468124149385439
15.216666551000001,0.9430615534143225,0.33225445593089986,-0.015552587753370197
15.416666551,0.9996452492539277,0.0049237576841519035,-0.026175031123576907
15.616666551000002,0.9916556630730219,-0.12846445569741527,0.010767057052552783
15.816666551,0.9518830482612135,-0.30527423460623543,0.026950030028136587
16.016666551,0.9210332123560862,-0.3869143551614969,0.04466658154585512
16.216666551,0.9306164482377737,-0.36084322554144976,0.061197980768598746
16.416666551000002,0.9822334999875314,-0.17999327285986447,0.05310153695929119
16.616666551,0.9381910140411264,0.3445373275173387,0.03304014406284684
16.816666551,0.183109414287014,0.9829046678783947,0.01921864361316358
17.016666551,-0.7436107466335964,0.6682764039674319,0.021206258306983146
17.216666551,-0.9991960117925941,0.036458398771119456,0.016676785566182944
17.416666551000002,-0.9458004170631076,-0.3239783763663073,0.022351347393462964
17.616666551,-0.8338498005197164,-0.5518556635915789,-0.0122407816387455
17.816666551,-0.8042067105905142,-0.5894439870470527,-0.07620598910360885
18.016666551,-0.8522339681295625,-0.5007090277592777,-0.15161706067094913
18.216666551,-0.8716155336619542,-0.4436625293892015,-0.20844644754747688
18.416666551000002,-0.8768364847873483,-0.40229823902323714,-0.26327534222666615
18.616666551,-0.8883903261036328,-0.3402329936158399,-0.30822741367484724
18.816666551,-0.8966224134594059,-0.3206548372608652,-0.3053665388077717
19.016666551,-0.9169845330654893,-0.29146178228123926,-0.27237730373162483
19.216666551000003,-0.937569234410981,-0.2526289497223807,-0.2390450678181277
19.416666551000002,-0.9330450128312808,-0.2504446138737185,-0.2582721421530381
19.616666551,-0.9377292330846155,-0.2456692963432471,-0.24558192574526433
19.816666551,-0.9230172791695034,-0.2891103286287802,-0.2538785541054739
20.016666551,-0.8813143508812837,-0.3972340169125359,-0.25591043499285665
20.216666551000003,-0.8005015367112133,-0.5584542079192965,-0.21754582822986493
20.416666551000002,-0.5497830279919436,-0.8265600481222733,-0.12056993398072027
20.616666551,-0.2366618076321197,-0.9703191625611375,-0.04971832232638494
20.816666551,-0.12483615967955786,-0.9913308825507838,-0.04097577988939594
21.016666551,-0.2741490354951231,-0.9612134947272429,-0.030181515722943773
