0.01668321,0.149155048210168,0.0,0.9668985042810877,-0.20702669879128624
0.05004987666666667,0.14396083052781308,-1.6957202557337067e-23,0.950080963083271,-0.27680578545345985
0.08341654333333334,0.14018859946370624,3.8381180422460484e-22,0.9375909330895155,-0.31823010349232544
0.11678321000000001,0.13703223978304027,-7.610061635487855e-23,0.9334311436944133,-0.3315546187906047
0.15014987666666668,0.13503396615697266,-1.4558378780933287e-22,0.9373836363818591,-0.32105723201236286
0.18351654333333334,0.13452240402426116,-1.5716431638507526e-22,0.9461227842171435,-0.2945426963968626
0.21688321000000002,0.13528392893791816,4.152446675016199e-22,0.957459712916089,-0.2548904798413643
0.2502498766666667,0.13610637597377576,-1.4475660719677984e-23,0.9683337753923327,-0.20929585245225676
0.28361654333333336,0.1378549545873996,-3.771943593241806e-22,0.977188820469968,-0.16154881814553404
0.31698321,0.14166204129767535,-6.617444900424222e-24,0.98398270698636,-0.10821228399387481
0.35034987666666667,0.14708377548067061,-3.2756352257099896e-22,0.9877339646339698,-0.05242116079229233
0.3837165433333334,0.1547636855760775,-9.321291527706931e-23,0.9879514685140522,0.0003122304230130138
0.41708321000000004,0.16678456358123156,-1.9852334701272664e-22,0.9845928165167819,0.05253470295498955
0.4504498766666667,0.18034462484196456,3.970466940254533e-22,0.977977416690605,0.10505231427142282
0.4838165433333334,0.19186531720907335,4.235164736271502e-22,0.9688653436430519,0.15648528985081273
0.51718321,0.19901098729128608,-7.411538288475128e-22,0.9579489762571982,0.2067084561045669
0.5505498766666667,0.20266764311022314,1.4293680984916318e-21,0.9466690988307024,0.25048641431265906
0.5839165433333333,0.20390548984691872,5.095750210681871e-18,0.936861217355777,0.28410140905131015
0.61728321,0.20394560382523366,3.469446951953614e-18,0.9301860499434397,0.30522140025067324
0.6506498766666666,0.2040025914984097,7.562310153086393e-18,0.9278092203389731,0.3123347456110508
0.6840165433333333,0.20352744202567358,-1.7618285302889447e-18,0.9297382432368759,0.30686052109271694
0.71738321,0.20279926477605445,-1.1926223897340549e-18,0.934634333291382,0.29211491101836223
0.7507498766666667,0.2019487151614553,5.041540102057596e-18,0.9408012231735676,0.2722311057167357
0.7841165433333334,0.2009253984392765,6.179952383167375e-18,0.9480172675216805,0.24676354014064722
0.81748321,0.19834822302554028,-9.974659986866641e-18,0.957638907670206,0.20877189690862444
0.8508498766666667,0.19457668372242537,2.0599841277224584e-18,0.9700055530569274,0.1457022346784964
0.8842165433333333,0.19107409401167663,-2.9544509200229996e-18,0.9805418610591886,0.045037199160249404
0.91758321,0.1912957201222925,2.15485181781494e-18,0.9762548419169194,-0.10164856662375787
0.9509498766666667,0.19961732892949136,-8.890457814381136e-18,0.9416164954187642,-0.27112966924764975
0.9843165433333334,0.21791448907723396,5.204170427930421e-18,0.8779092471039115,-0.42636677790331123
1.0176832100000002,0.2438434151552522,-3.469446951953614e-18,0.802357932128081,-0.5447587884895233
1.0510498766666667,0.27392967075138674,0.0,0.7279654728130031,-0.6285131708040634
1.0844165433333335,0.30641630092907324,1.9081958235744878e-17,0.6610666928410961,-0.6849086640867377
1.1177832100000002,0.33969369184651976,1.5612511283791264e-17,0.6060704020166664,-0.7192265731457911
1.1511498766666668,0.371355450637348,-1.9081958235744878e-17,0.5636117652677144,-0.7378596799756328
1.1845165433333336,0.3996810188003491,-1.5612511283791264e-17,0.5331634701853618,-0.7456485749135566
1.21788321,0.4233141679215258,-6.071532165918825e-18,0.5111654571155745,-0.7480073466809882
1.2512498766666669,0.4408425967801476,6.938893903907228e-18,0.49209634603584124,-0.7506656986184396
1.2846165433333334,0.4534739256472117,9.540979117872439e-18,0.47466183998693195,-0.7543590235546517
1.3179832100000002,0.4619583724409013,-1.3010426069826053e-17,0.4583952743495662,-0.7592550523939499
1.3513498766666667,0.4671837424777199,2.47198095326695e-17,0.44316101719530554,-0.7650801680888963
1.3847165433333335,0.46964573957955047,-2.7755575615628914e-17,0.4296414870844819,-0.7712594063417393
1.4180832100000003,0.47017171112105355,1.3444106938820255e-17,0.4183315799556498,-0.7771339982739852
1.4514498766666668,0.46971469365518714,-6.938893903907228e-18,0.4084831802075388,-0.782629924071364
1.4848165433333336,0.4684669797957928,1.6479873021779667e-17,0.40082784966828916,-0.7873218679620831
1.5181832100000001,0.4669596469959233,-1.5178830414797062e-18,0.39563931475469083,-0.7908338768021267
1.5515498766666669,0.4644119482864989,9.269928574751063e-18,0.3933203561427654,-0.7934863828273718
1.5849165433333334,0.46055579431222954,1.3444106938820255e-17,0.39204487101363567,-0.7963599559478949
1.6182832100000002,0.45454262067659507,8.673617379884035e-18,0.39297082927503846,-0.799352821554626
1.651649876666667,0.44476170071833665,-1.6046192152785466e-17,0.40149049143888027,-0.800620019021695
1.6850165433333335,0.4284488588696313,1.9949319973733282e-17,0.4201054375051609,-0.799964372151603
1.7183832100000003,0.4032712901179595,6.938893903907228e-18,0.4532261360882885,-0.7949580719340341
1.7517498766666668,0.3671527394749065,0.0,0.5129587888116158,-0.7759330814425891
1.7851165433333336,0.3158432152211015,1.3877787807814457e-17,0.6213343528702828,-0.7170681176443865
1.8184832100000001,0.26227361283013384,2.0816681711721685e-17,0.7903479044408985,-0.5536810832590449
1.851849876666667,0.23583732081254755,0.0,0.9462441950245489,-0.22136549300715982
1.8852165433333337,0.25294861915919264,2.656295322589486e-18,0.9552326592076581,0.15345215165817674
1.9185832100000002,0.299807937401272,8.673617379884035e-18,0.8695052206383297,0.39252499532371754
1.951949876666667,0.35331351450567366,-1.0408340855860843e-17,0.7838153734348341,0.5106887710091741
1.9853165433333335,0.4021979938810908,-1.9081958235744878e-17,0.7209216342951564,0.5643658130355054
2.0186832100000003,0.44347629227316065,-1.734723475976807e-17,0.6764817208715935,0.5879636549296717
2.052049876666667,0.4761471203157103,-2.42861286636753e-17,0.6447092076321814,0.5980250474765597
2.0854165433333334,0.5018154901664388,-3.469446951953614e-18,0.6199339689951214,0.6032106497028816
2.11878321,0.5231172468592733,3.382710778154774e-17,0.5964176264030312,0.6087974712120183
2.152149876666667,0.5438065585664712,5.204170427930421e-18,0.5697856468977052,0.6161320827951217
2.1855165433333337,0.5664911241243079,-1.734723475976807e-18,0.5377757021860403,0.6244077997804715
2.2188832100000004,0.5915820221639354,2.0816681711721685e-17,0.5000503464039417,0.6324400067308577
2.2522498766666668,0.6180290064218172,-5.204170427930421e-18,0.45715180480456485,0.6395720245485965
2.2856165433333335,0.6438808804600888,-6.938893903907228e-18,0.4141657782802254,0.6433382624090346
2.3189832100000003,0.6683210060140466,1.0408340855860843e-17,0.37552849184943904,0.6421256767406662
2.352349876666667,0.6909510611571557,2.0816681711721685e-17,0.3430064342742867,0.6363436313284199
2.3857165433333334,0.711565588343943,1.0408340855860843e-17,0.316954789837709,0.6270678389804981
2.41908321,0.7304791603689575,-1.0408340855860843e-17,0.29343031361073596,0.6166837498434413
2.452449876666667,0.7486802072810542,1.1275702593849246e-17,0.26946053151722316,0.6056970935872592
2.4858165433333337,0.7677975848824796,-2.6020852139652106e-18,0.24486704335632029,0.5920532068374983
2.5191832100000005,0.788037324463005,-1.8214596497756474e-17,0.21881407567966668,0.5754281671396019
2.5525498766666668,0.8085221275069383,-8.673617379884035e-18,0.19457283373927714,0.5553677895794121
2.5859165433333335,0.8278871551514523,1.3877787807814457e-17,0.1737471274567366,0.5333055353507665
2.6192832100000003,0.8451794522571623,-1.734723475976807e-18,0.15614340988694847,0.5111662440255221
2.652649876666667,0.8598190675698092,-1.474514954580286e-17,0.14442065075332775,0.489748758731831
2.6860165433333334,0.8720054792766502,-6.938893903907228e-18,0.13852627821063118,0.4694857978220539
2.71938321,0.8821553508375176,2.6020852139652106e-18,0.1374135584120985,0.45046581552129034
2.752749876666667,0.8905644893836746,5.421010862427522e-19,0.13956240062756567,0.4329171128286175
2.7861165433333337,0.8969304590933556,6.938893903907228e-18,0.14361224317625937,0.41820004203785704
2.8194832100000005,0.9012452392744718,-4.553649124439119e-18,0.14809979786076666,0.4072142784317615
2.852849876666667,0.9041887558327921,-2.168404344971009e-18,0.15273001750478832,0.39889376477770966
2.8862165433333336,0.9062998955059126,-3.577867169202165e-18,0.15665371112011722,0.39253039907536674
2.9195832100000003,0.908175381550601,7.48099499014998e-18,0.16003230236587582,0.38679082014041827
2.952949876666667,0.9093385669219833,1.0842021724855044e-19,0.1643707808470522,0.3822114821823175
2.986316543333334,0.910115876727266,-6.830473686658678e-18,0.1693123871548355,0.37818303304734724
3.01968321,0.9099520122097798,-1.951563910473908e-18,0.17492158032595154,0.37601831898412136
3.053049876666667,0.9092101978424846,7.589415207398531e-18,0.17893459607770928,0.3759244956979226
3.0864165433333337,0.9080153795545008,6.830473686658678e-18,0.18263258017446565,0.3770323741422123
3.1197832100000005,0.9070092160437685,1.4094628242311558e-18,0.18521582103059073,0.3781922548805473
3.153149876666667,0.9069601192309171,1.2847795743953228e-17,0.18738907259273593,0.37723822393479
3.1865165433333336,0.9073987809625491,-4.824699667560495e-18,0.1901157796177698,0.37481120934145956
3.2198832100000003,0.9082901847028915,-1.1058862159352145e-17,0.1924832588873671,0.37142850647262704
3.253249876666667,0.9090340353367118,-5.312590645178972e-18,0.19514300581522265,0.36820691177767695
3.286616543333334,0.9093948199012092,-5.4752209710517974e-18,0.19801690698343777,0.36577365417093666
3.31998321,0.9093650632188126,1.6750923564901044e-17,0.20088082584181524,0.36428296090560586
3.353349876666667,0.9089603427191006,8.836247705756861e-18,0.20330439785595245,0.3639483715809208
3.3867165433333337,0.9083340812498217,-2.9815559743351372e-18,0.2053689231782023,0.36435257956088063
3.4200832100000005,0.9075639526516195,-7.752045533271357e-18,0.2070898083440445,0.3652964318569183
3.453449876666667,0.9068125731564086,5.637851296924623e-18,0.20852963724228096,0.3663418452170814
3.4868165433333336,0.9059030559543577,9.215718466126788e-18,0.21007470580375984,0.3677067733861039
3.5201832100000003,0.905175590625033,-7.562310153086393e-18,0.21124338892982356,0.3688270336757677
3.553549876666667,0.904356099577976,-7.426784881525705e-18,0.21251927624612868,0.3701021512770922
3.586916543333334,0.9033725877661246,5.366800753803247e-18,0.21394901402232622,0.3716769929274745
3.62028321,0.9023665262936493,-5.9631119486702744e-18,0.2153458778328325,0.37331060141005856
3.653649876666667,0.9010556071021912,-1.0354130747236567e-17,0.2168987636529464,0.3755711906357105
3.6870165433333337,0.8997846636090497,9.812029660993815e-18,0.21780469601219152,0.3780855373179275
3.7203832100000005,0.8985843608688913,0.0,0.21862999713582285,0.38045639796727915
3.7537498766666673,0.8975754887914708,-1.2468324983583301e-18,0.21960093581241108,0.3822743398543325
3.7871165433333336,0.8966646182847217,-7.318364664277155e-18,0.22065847650103415,0.38379994667086265
3.8204832100000004,0.8958211189277405,-1.168227840853131e-17,0.22172897836353295,0.3851503382277041
3.853849876666667,0.8948623230131513,-4.228388472693467e-18,0.22317206456745725,0.386543209031287
3.887216543333334,0.8935258977964027,8.348356728138384e-18,0.22477497532729437,0.3886999876945545
3.92058321,0.8912620907588132,-1.3931997916438732e-17,0.22668836452146246,0.39276490546739734
3.953949876666667,0.8880487794079561,1.734723475976807e-18,0.22896711638091363,0.3986770936588262
3.9873165433333337,0.8845572003814979,-1.1221492485224971e-17,0.23084346863107197,0.40530217399320956
4.0206832100000005,0.8808285788592936,-8.890457814381136e-18,0.23267903613581217,0.4123123583008718
4.054049876666667,0.8767167117050855,7.48099499014998e-18,0.23479308578500332,0.41980949761121167
4.087416543333334,0.872246331097788,9.324138683375338e-18,0.23723690308053133,0.42767392918344554
4.120783210000001,0.8674099411264935,-1.713039432527097e-17,0.2404602328168536,0.43563616753960854
4.154149876666667,0.8620800494076574,-4.119968255444917e-18,0.24501121964717937,0.44360736091761704
4.1875165433333335,0.8559522552786187,7.806255641895632e-18,0.2512011648381215,0.45193330422465805
4.22088321,0.8493868584208047,-9.974659986866641e-18,0.2566527357239232,0.46116302755908567
4.254249876666667,0.8428165138304533,-6.938893903907228e-18,0.2609508708230742,0.4707068801614873
4.287616543333334,0.8363518208224405,1.3227266504323154e-17,0.26500116021259046,0.4798854205880496
4.3209832100000005,0.8307794164610455,-1.6696713456276768e-17,0.2684600956032581,0.48758049412721005
4.354349876666667,0.8261928834225368,1.0408340855860843e-17,0.2718280029598314,0.4934722445982393
4.387716543333334,0.822587928405281,7.806255641895632e-18,0.27496429772167463,0.4977386211861949
4.421083210000001,0.8200198657593206,5.637851296924623e-18,0.2774108491665262,0.5006102680976219
4.454449876666667,0.8184289267324234,5.149960319306146e-18,0.27923000989544833,0.5021998541033255
4.4878165433333335,0.8177087987764793,2.596664203102783e-17,0.28051594491926984,0.5026560703399262
4.52118321,0.8175133387877797,-8.673617379884035e-18,0.2816076382006821,0.5023634929123442
4.554549876666667,0.8176666617156236,2.3987973066241786e-18,0.2821774809255346,0.5017938815662735
4.587916543333334,0.8179743791052501,-1.6656055874808562e-17,0.2824535326760109,0.501136625089628
4.6212832100000005,0.8182257528869796,3.096752455161722e-18,0.282845144080106,0.5005049867712004
4.654649876666667,0.8185296944809227,-1.8926104173450087e-17,0.28297377593516776,0.49993497715799073
4.688016543333334,0.818815767160111,-1.1939776424496618e-17,0.2831937470017333,0.49934160762860264
4.721383210000001,0.8191161184608684,8.876905287225068e-18,0.2831455731399783,0.4988761057505499
4.754749876666667,0.8195158839382928,-3.7947076036992655e-19,0.2827237387418579,0.4984586276960851
4.7881165433333335,0.8200413358362633,9.595189226496714e-18,0.28203104212702085,0.49798664519906916
4.82148321,0.8209687103718027,5.095750210681871e-18,0.28019167831418007,0.4974967336515308
4.854849876666667,0.8229611836397478,1.0191500421363742e-17,0.27660749844410604,0.49620880889677804
4.888216543333334,0.8269435654655811,1.3010426069826053e-17,0.2704493585895982,0.492972092489572
4.9215832100000005,0.8329308518612669,1.734723475976807e-18,0.26239072968387983,0.48721381445277734
4.954949876666667,0.8412570096699923,-1.0842021724855044e-17,0.25193700875472186,0.4783454685693445
4.988316543333334,0.8528458047266676,-1.1275702593849246e-17,0.2373385872499798,0.4651068999297973
5.021683210000001,0.8681479993884367,8.673617379884035e-18,0.21844273124271704,0.44564764593238543
5.055049876666667,0.8847071737884166,7.806255641895632e-18,0.19744655021806193,0.4222654099666452
5.0884165433333335,0.9002793526791937,8.673617379884035e-18,0.1769484153177693,0.39772647065044875
5.12178321,0.9135873166586617,-2.0383000842727483e-17,0.15944634336763142,0.37407897351644565
5.155149876666667,0.9233432051252736,-6.5052130349130266e-18,0.14681094616696225,0.35480117197459793
5.188516543333334,0.9297940170591382,8.673617379884035e-19,0.13789443537927804,0.3412743918498149
5.2218832100000006,0.9336547346479868,-6.5052130349130266e-18,0.13246014930227204,0.33278092691171074
5.255249876666667,0.9356290303677111,8.890457814381136e-18,0.13027729011863726,0.32806423946008084
5.288616543333334,0.9364267071602714,2.740998617314916e-18,0.12986382902413768,0.32594540651489573
5.321983210000001,0.9365246817731029,5.597193715456417e-18,0.13005359363373195,0.32558805754010767
5.355349876666667,0.9363444338700736,7.968885967768458e-18,0.12999939720101208,0.326127671147213
5.3887165433333335,0.9359413868005271,2.6715419156400633e-18,0.12993571588896094,0.3273078523505499
5.42208321,0.9354500488487365,3.9302328752599536e-19,0.12927202183190042,0.3289710480884134
5.455449876666667,0.9347939958152753,3.7269449679189215e-18,0.12850658592488678,0.3311287404645521
5.488816543333334,0.9340244283606017,1.2874900798265365e-18,0.12768836051842788,0.3336076285305351
5.522183210000001,0.9331636599515633,-3.8285889215894375e-19,0.12737024730120003,0.33612855256320356
5.555549876666667,0.9323772797174957,-1.0028870095490916e-18,0.1269249097187362,0.33847108526356195
5.588916543333334,0.9318888551237978,-3.279711571768651e-18,0.12609032697259673,0.340124081975977
5.622283210000001,0.9314744247039797,-6.383240290508407e-18,0.1254286920838832,0.3415011556708362
5.655649876666668,0.9311675587811574,-1.1130012926921506e-18,0.12519174929447854,0.34242371907058083
5.6890165433333335,0.930817585666301,1.836367429647323e-18,0.12529745755622215,0.34333535988054753
5.72238321,0.930475215059228,-7.331917191433224e-18,0.12577702121475284,0.34408722018527066
5.755749876666667,0.9299626785086337,9.215718466126788e-18,0.1265844585134916,0.34517501567160636
5.789116543333334,0.9290316904861513,-2.087089182034596e-18,0.1277070182895093,0.3472622000046175
5.822483210000001,0.9274578933652,-2.4936649967166602e-18,0.12969527819898288,0.3507149709485949
5.855849876666667,0.9251716272981538,-1.0842021724855044e-19,0.13216973561798803,0.3557929468513354
5.889216543333334,0.922369283835944,3.3610267347050637e-18,0.13513586990634927,0.36190219797705325
5.922583210000001,0.9180120078778162,-1.5395670849294163e-17,0.14165670138211403,0.3703880834282858
5.955949876666668,0.9105689581312184,6.938893903907228e-18,0.1543886226866705,0.38344272802172225
5.9893165433333335,0.9007474680552418,-1.734723475976807e-17,0.16898511751636902,0.4001225172994521
6.02268321,0.8902615688722255,-6.5052130349130266e-18,0.18043698365998695,0.41818277572952384
6.056049876666667,0.8787745304194198,2.168404344971009e-18,0.1892692718528127,0.43810097856365743
6.089416543333334,0.8671603918508797,-9.107298248878237e-18,0.19692233890243663,0.45744338146509766
6.122783210000001,0.8553825082918276,-7.806255641895632e-18,0.20639831425385968,0.4751005160821726
6.156149876666667,0.8440438715779426,-1.9081958235744878e-17,0.21631515195537243,0.49071142017100217
6.189516543333334,0.8339487892579399,4.336808689942018e-19,0.22594123174881783,0.5034679500137453
6.222883210000001,0.825087680540325,1.0408340855860843e-17,0.2335448507961894,0.5144775234032796
6.256249876666668,0.8179198536944617,-1.3010426069826053e-18,0.23994830950261406,0.5229071826808924
6.2896165433333335,0.8120411865511369,-1.235990476633475e-17,0.24535216209250008,0.5295199976404644
6.32298321,0.8082631606725761,6.938893903907228e-18,0.24804059375412985,0.5340285825212692
6.356349876666667,0.8058737266235964,-9.974659986866641e-18,0.25035292472349596,0.5365547034741088
6.389716543333334,0.8039861308846378,-7.697835424647081e-18,0.25284563999919585,0.5382149976343535
6.423083210000001,0.8025370701025989,1.1926223897340549e-18,0.2557126951849534,0.5390225121758679
6.456449876666667,0.8012432112728641,-6.7220534694101275e-18,0.2586286608339926,0.5395558656750608
6.489816543333334,0.8002343249212243,-1.1058862159352145e-17,0.260369593621523,0.5402154199347105
6.523183210000001,0.7994628197375712,-6.5052130349130266e-18,0.26174594008141405,0.5406923919458723
6.556549876666668,0.7989992994440901,-6.478107980600889e-18,0.2626724506593928,0.5409281866869592
6.5899165433333335,0.798738310912661,4.106415728288848e-18,0.26301222181954864,0.5411484841094302
6.62328321,0.798513734261654,4.025100565352435e-18,0.2634463769264237,0.541268715777893
6.656649876666667,0.7982491232301023,-2.1141942363467336e-17,0.26382118494962004,0.5414764257418335
6.690016543333334,0.7977739522723067,-5.963111948670274e-19,0.2645771857246403,0.5418077462254045
6.723383210000001,0.7969393308087721,-4.7704895589362195e-18,0.26586926089114893,0.5424032071469164
6.756749876666667,0.7956369168192564,1.0462550964485118e-17,0.2674604445217898,0.5435317904323116
6.790116543333334,0.7937995722244028,1.6696713456276768e-17,0.2690260260074832,0.5454422393498473
6.823483210000001,0.7917473794409521,4.445228907190568e-18,0.2702765090523555,0.5478016938663636
6.856849876666668,0.7896392806760989,1.1329912702473521e-17,0.2715187030918333,0.5502248633828373
6.8902165433333336,0.7876216691653639,1.7672495411513722e-17,0.2725888298525859,0.5525825151963858
6.92358321,0.7858516597921541,-4.391018798566293e-18,0.27333427535144367,0.5547301530654501
6.956949876666667,0.7843511084943053,-1.1817803680091998e-17,0.273701989685261,0.5566691651655262
6.990316543333334,0.7828620772864353,9.595189226496714e-18,0.27425226113068174,0.5584914191028147
7.023683210000001,0.7812458432231227,-2.656295322589486e-18,0.2752438596515669,0.56026400042364
7.057049876666667,0.7797119361201358,-1.6019087098473328e-17,0.2758878603011683,0.5620811197774146
7.090416543333334,0.7781559457380961,9.161508357502512e-18,0.2770553286900467,0.5636609521307111
7.123783210000001,0.7765643979594632,-1.1817803680091998e-17,0.2785294431988352,0.5651274945472069
7.157149876666668,0.7750573175178855,7.209944447028604e-18,0.27969259665734214,0.5666199837078221
7.190516543333334,0.7737602765002287,2.4015078120553923e-17,0.28091442505008646,0.5677870378135353
7.22388321,0.7728095312628271,2.008484524529397e-17,0.28180505949735746,0.5686399008432491
7.257249876666667,0.7722705131068697,7.508100044462118e-18,0.2826001550478452,0.5689775100586895
7.290616543333334,0.7721194517166162,-1.3105293759918535e-17,0.2830687999117197,0.56894956437049
7.323983210000001,0.772242120775537,-2.1305419722287416e-17,0.283196190747938,0.5687196360650459
7.357349876666667,0.7724653974325205,-3.957337929572091e-18,0.2835040447112129,0.5682628497463131
7.390716543333334,0.7726676822212926,1.8421272536886524e-17,0.2836728968206397,0.5679034605108183
7.424083210000001,0.7726732073084902,-1.81603863891322e-18,0.28394907757670923,0.5677579026759088
7.457449876666668,0.772483028417352,1.112662479513249e-17,0.28430399009321505,0.5678390722944606
7.4908165433333345,0.7721391371417388,-9.351243737687476e-19,0.284513381723448,0.5682018026320392
7.52418321,0.7716759074217869,1.6276585114438635e-17,0.2847287373966517,0.5687229905720979
7.557549876666667,0.7712460500623265,3.3178280543950944e-18,0.28467296919765345,0.5693336727012127
7.590916543333334,0.7708392425674808,-7.047314121155779e-18,0.28466074244009254,0.5698904489737023
7.624283210000001,0.7703830178171245,-7.968885967768458e-18,0.28461590853669416,0.5705293949191508
7.657649876666667,0.7696797098999094,-6.29514886399396e-18,0.28454279263459775,0.5715142547024488
7.691016543333334,0.7689580791738853,-7.101524229780054e-18,0.28347745383997375,0.5730130937750153
7.724383210000001,0.7692190481353696,3.469446951953614e-18,0.27967096617442877,0.574531293024825
7.757749876666668,0.7703775522190791,-6.288372600415926e-18,0.2749489071916005,0.5752577904479736
7.7911165433333345,0.7713266688431231,4.553649124439119e-18,0.27104016612718856,0.575840601448975
7.82448321,0.7714533873941295,-1.8648277366750676e-17,0.2680529970690708,0.5770678139009419
7.857849876666667,0.7704220900224945,2.4936649967166602e-18,0.26617630613982907,0.5793099146874041
7.891216543333334,0.76828229730727,-1.235990476633475e-17,0.2652240058952639,0.5825792120743176
7.924583210000001,0.7653638532362194,2.3066401219629107e-17,0.2650005182823197,0.5865090770563647
7.957949876666667,0.7620368592589716,-6.776263578034403e-18,0.26513932562047354,0.5907630346765468
7.991316543333334,0.7586249999674798,2.6020852139652106e-18,0.2657324735211831,0.594873399926955
8.024683210000001,0.7553620357552395,-4.20128341838133e-18,0.2656705862619109,0.5990386753248514
8.058049876666667,0.7521986006732932,-1.894643296418419e-17,0.26403847276380055,0.6037225770548086
8.091416543333334,0.7487449559150522,-1.496198998029996e-17,0.2609957549574527,0.6093128973573069
8.12478321,0.744836172276732,-5.854691731421724e-18,0.25747351264975243,0.6155700339944629
8.158149876666668,0.7396343090123153,1.734723475976807e-18,0.25391408203658433,0.6232725951583254
8.191516543333334,0.7334016770858692,-2.8731357570865868e-18,0.2505046783064551,0.6319567913981254
8.224883210000002,0.7266542469591918,-5.044504717372986e-18,0.24783089715756246,0.6407444512364096
8.258249876666667,0.7187520622901638,-6.179952383167375e-18,0.24616185140426952,0.6502305866897212
8.291616543333333,0.7099674046334553,5.9631119486702744e-18,0.24518050708200395,0.6601763425820764
8.324983210000001,0.7006197844456131,-2.6020852139652106e-18,0.2451156180264154,0.6701121185614475
8.358349876666667,0.6915625461534827,-1.0842021724855044e-19,0.24517092242785443,0.6794354005743205
8.391716543333334,0.6833691208020158,-7.48099499014998e-18,0.24559925877836833,0.6875228351275298
8.42508321,0.6767391334210363,1.2034644114589099e-17,0.24609245171489902,0.6938750971936484
8.458449876666668,0.6720561063235885,-6.613633252161577e-18,0.24635480502408733,0.6983193395537042
8.491816543333334,0.6688997140765025,-4.824699667560495e-18,0.2462642907018915,0.7013751290382826
8.525183210000002,0.6673805430938823,9.066640667410031e-18,0.2456097839860858,0.7030498166631034
8.558549876666667,0.6667373210756192,-8.565197162635485e-18,0.24512334586785153,0.7038294466669153
8.591916543333333,0.6663529656177964,1.0286368111456223e-17,0.24478352879094342,0.7043115427458371
8.625283210000001,0.6664358639454004,1.7618285302889447e-19,0.24437595819597546,0.7043746377483694
8.658649876666667,0.66659992850811,-7.091359834413002e-18,0.24431538191316898,0.7042403918220007
8.692016543333335,0.666358219002564,-9.324138683375338e-18,0.24433448312647954,0.7044624790029965
8.72538321,0.6660758312928302,-1.6364676540953083e-17,0.24435892019973615,0.704721012235611
8.758749876666668,0.6655683226822612,7.840136959785804e-18,0.2443985719813803,0.7051866035705611
8.792116543333334,0.6646853037930388,2.4665599424045226e-18,0.24443450745589398,0.7060065286428662
8.825483210000002,0.66369949498777,8.212831456577696e-18,0.24478656520944103,0.7068115150773531
8.858849876666667,0.6622915729316223,1.1248597539537109e-17,0.24499450669642775,0.7080590117443117
8.892216543333333,0.6605744128744022,2.835188681049594e-17,0.2449684858446896,0.7096702656858317
8.925583210000001,0.6587972912893497,-1.5788694136820158e-17,0.24433941214796925,0.7115366333935312
8.958949876666667,0.6568364513289721,-1.1546753136970622e-17,0.24199983732072156,0.7141442115863625
8.992316543333335,0.6544834233262856,6.830473686658678e-18,0.23952092353647841,0.7171340012712676
9.02568321,0.651499515051856,8.836247705756861e-18,0.23735717497219383,0.7205622480927072
9.059049876666668,0.6479173260833181,-1.5004341627662676e-17,0.23575652478318487,0.7243079452713457
9.092416543333334,0.6434113832451213,-7.101524229780054e-18,0.23520512300659727,0.7284918270111556
9.125783210000002,0.6374959339991587,1.5178830414797062e-18,0.23511534819146332,0.7337027376120026
9.159149876666667,0.6300248357065515,-3.686287386450715e-18,0.23538516561774994,0.7400422489290982
9.192516543333333,0.620465754138916,5.5294310796760726e-18,0.2343423567999025,0.7484022366016108
9.225883210000001,0.6090145270414216,2.3310346708438345e-18,0.231889288318618,0.7585042279484001
9.259249876666667,0.5962337290012699,-2.0091621508872004e-18,0.22759887113300192,0.7698727779706356
9.292616543333335,0.5823436110525907,6.362911499774304e-18,0.22207508280670657,0.7820221072723096
9.32598321,0.5683430355840112,-1.3796472644878044e-17,0.21602405063654767,0.793926824996945
9.359349876666668,0.5548602353837933,1.919037845299343e-17,0.20950803007491767,0.8051313585521115
9.392716543333334,0.5427843455578899,-7.37257477290143e-18,0.20378765740953397,0.8147734316390217
9.426083210000002,0.5328378974769419,-1.0299920638612292e-18,0.1990490813069502,0.8224738526197726
9.459449876666667,0.5250973213794277,-8.782037597132586e-18,0.19571119450611038,0.8282330175893385
9.492816543333333,0.5193656817371755,2.1873778829895052e-17,0.19399279844465214,0.8322416012104249
9.526183210000001,0.5154620749242368,3.3068166260807885e-18,0.1929976344470852,0.8348956595962336
9.559549876666667,0.5130345563840769,-1.0299920638612292e-17,0.1928597510281369,0.8364213414237819
9.592916543333335,0.5117652697686721,-9.351243737687476e-18,0.1934730563973088,0.8370570381442844
9.62628321,0.5116153452279533,-2.1141942363467336e-18,0.19476406289281625,0.8368492685859057
9.659649876666668,0.5122272406029337,2.710505431213761e-18,0.19709225474907618,0.8359293613112472
9.693016543333334,0.5133651678636897,1.3444106938820255e-17,0.19968101206569236,0.8346158983896164
9.726383210000002,0.5148285879586274,2.168404344971009e-19,0.20389447056231647,0.8326935630198172
9.759749876666667,0.5160790402310261,1.3986208025063007e-17,0.20765509597968024,0.8309884387570581
9.793116543333333,0.5170244359383379,3.3610267347050637e-18,0.2108685851084118,0.8295903642503449
9.826483210000001,0.517663963571332,-3.63207727782644e-18,0.21359255157584142,0.8284939605880903
9.859849876666667,0.5178043615993915,-8.185726402265558e-18,0.21516582235034806,0.8279989806762719
9.893216543333335,0.5174948548456332,-5.5294310796760726e-18,0.21636413787567838,0.8278802057360785
9.92658321,0.5167720987884934,-1.0211829212097845e-17,0.21629862447374348,0.8283486602660153
9.959949876666668,0.5156968397064985,2.6156377411212794e-18,0.2158194602673478,0.8291433712492917
9.993316543333334,0.514192295356964,-1.1285019956269043e-17,0.2153281633706068,0.8302048334326765
10.026683210000002,0.5123003565897165,1.3986208025063007e-17,0.21362320547027644,0.8318133629142138
10.060049876666668,0.510071548417245,4.092863201132779e-18,0.21179389541207375,0.8336488237629882
10.093416543333333,0.5075595032890653,-1.0299920638612292e-18,0.20982219637602423,0.8356781656408756
10.126783210000001,0.5043179364171189,-4.621411760219463e-18,0.2079229369672811,0.8381118489144983
10.160149876666667,0.5004270723396294,-1.6805133673525319e-18,0.20568400521912628,0.8409915785943434
10.193516543333335,0.4958660489770494,-1.0516761073109393e-17,0.20239604900401753,0.8444836889007707
10.22688321,0.49095230826735836,2.0816681711721685e-17,0.1935532800507437,0.84941330269107
10.260249876666668,0.48578472993802035,-7.37257477290143e-18,0.1777619046957891,0.8558118376126669
10.293616543333334,0.4800382584841639,-1.5612511283791264e-17,0.16034436779841205,0.8624691032766443
10.326983210000002,0.47331586202895487,-8.673617379884035e-19,0.143386781441827,0.8691445942186727
10.360349876666668,0.4656625563218089,3.469446951953614e-18,0.13011248977677795,0.8753451454391725
10.393716543333333,0.4569267072589071,-3.0357660829594124e-18,0.12160708903598247,0.8811524840172259
10.427083210000001,0.44725646647395595,5.854691731421724e-18,0.11715053430818281,0.8867002906893278
10.460449876666667,0.4366682222782695,2.927345865710862e-18,0.11623405860803296,0.8920821191302067
10.493816543333335,0.4250158212268713,-6.613633252161577e-18,0.11734431756425513,0.8975476939094811
10.52718321,0.4126067263361723,-2.6020852139652106e-18,0.11898646117617732,0.9031045960678736
10.560549876666668,0.39966268870387583,2.3852447794681098e-18,0.12070183539352466,0.9086808032475558
10.593916543333334,0.3864636312251452,-8.673617379884035e-19,0.12394936055301689,0.9139378631825982
10.627283210000002,0.371555380553784,-1.951563910473908e-18,0.12937948690029313,0.9193516995964872
10.660649876666668,0.35442829849028235,-6.7220534694101275e-18,0.1343739725120318,0.9253778778102593
10.694016543333333,0.33472642330698993,4.9873299934333204e-18,0.13489541287859622,0.9326100198498957
10.727383210000001,0.31185405327346466,6.938893903907228e-18,0.13461894806704547,0.9405449421894913
10.760749876666667,0.28681930108373493,-4.7704895589362195e-18,0.13523298333729364,0.948391653666107
10.794116543333335,0.26107173280078627,-1.0408340855860843e-17,0.13735731017165947,0.9554970013949816
10.82748321,0.2358947395934831,-3.469446951953614e-18,0.1408437024996326,0.9615179266650818
10.860849876666668,0.21212824135559616,5.204170427930421e-18,0.14418295894181785,0.9665468863796335
10.894216543333334,0.19083211100723474,6.071532165918825e-18,0.15195622044166035,0.9697898805811536
10.927583210000002,0.1724605029240927,1.3010426069826053e-18,0.17194629012997578,0.9698926993444725
10.960949876666668,0.1568504018100568,-2.6020852139652106e-18,0.21579585479769098,0.963758320588807
10.994316543333335,0.1443139787206439,0.0,0.279649906782351,0.9491940819360603
11.027683210000001,0.13482877146824673,1.734723475976807e-18,0.35494813566127936,0.9251124382338318
11.061049876666667,0.12723677890595433,0.0,0.4384809689787888,0.8896882835786137
11.094416543333335,0.12106767393397973,3.469446951953614e-18,0.5361614922164717,0.8353882166947425
11.12778321,0.11679802130047312,1.1275702593849246e-17,0.6355233681415606,0.7631960893284903
11.161149876666668,0.11492115258703216,9.540979117872439e-18,0.7253836822929609,0.6786837570998534
11.194516543333334,0.11482619923304595,-8.239936510889834e-18,0.7917150463765904,0.6000018577559626
11.227883210000002,0.11516494656256195,-8.673617379884035e-19,0.8378447916434992,0.5336226571268349
11.261249876666668,0.11588036475122772,-4.336808689942018e-18,0.8700478881575054,0.47915385146921996
11.294616543333335,0.11611980959658096,-7.589415207398531e-19,0.8929318637849747,0.4349584767040933
11.327983210000001,0.11618696390614154,-1.0842021724855044e-19,0.9100129609843135,0.3979660792816837
11.361349876666667,0.11618874353639223,1.0110185258427329e-17,0.9199334310343837,0.3744631601916824
11.394716543333335,0.11604706103226191,-2.1074179727686992e-18,0.924679049620205,0.3626316792825046
11.42808321,0.11668305279206385,-7.860465750519907e-19,0.9280065109367029,0.353820548937186
11.461449876666668,0.11742132617794847,7.995991022080595e-18,0.9298811759406346,0.34861616541674373
11.494816543333334,0.11870480538405614,-8.402566836762659e-19,0.9325513420581132,0.3409650474819161
11.528183210000002,0.11923185425752923,-2.5275463146068322e-18,0.9330798420481352,0.3393313620839345
11.561549876666668,0.11908767545623122,4.340196821731035e-18,0.9323851681483803,0.3412858388086855
11.594916543333335,0.12010791541501392,-1.328147661294743e-18,0.9318042040167434,0.3425127939674416
11.628283210000001,0.12240658175580851,5.9631119486702744e-18,0.9312653336997945,0.34316396517097963
11.661649876666667,0.12602549972263088,-4.336808689942018e-19,0.9297846242406482,0.3458585345850785
11.695016543333335,0.1292870202179302,3.2526065174565133e-19,0.9274862432779695,0.350790728117617
11.72838321,0.13216005023891325,1.5178830414797062e-18,0.9237450471316954,0.359484087298047
11.761749876666668,0.13388070643588718,6.1257422745431e-18,0.9185586549258561,0.3719219728720393
11.795116543333334,0.13499432137774828,-3.7947076036992655e-18,0.9151261806786878,0.3798955206793034
11.828483210000002,0.13646901565754352,1.734723475976807e-18,0.9134724339655583,0.38333317121076216
11.861849876666668,0.1382001625871092,-1.0842021724855044e-19,0.9130512991911678,0.3837160931029829
11.895216543333335,0.140602375167954,3.686287386450715e-18,0.915013062042397,0.378129697840472
11.928583210000001,0.14320400597637595,-9.324138683375338e-18,0.9182886180518897,0.3691051701462186
11.961949876666667,0.14595590143355425,3.848917712323541e-18,0.9211043654471018,0.36092052143236514
11.995316543333335,0.14811746431465062,-1.951563910473908e-18,0.9233936923750378,0.35412611545463935
12.02868321,0.14949793853431587,6.0986372202309624e-18,0.9255398144642933,0.3478885140607422
12.062049876666668,0.15103120507922407,-1.6263032587282567e-19,0.9268248990644844,0.3437807172696366
12.095416543333334,0.15155888038790025,-5.014435047745458e-18,0.9262351909655957,0.3451351572826109
12.128783210000002,0.15224810384356266,-1.0516761073109393e-17,0.9263315587050907,0.34457271833828784
12.162149876666668,0.15330321886658013,1.7076184216646695e-18,0.9277607996926756,0.3402323054014021
12.195516543333335,0.15437767764422583,1.2739375526704677e-18,0.9299512694472845,0.33370371454114733
12.228883210000001,0.15552555382413444,-2.2497195079074217e-18,0.9337409031989257,0.3223968483111314
12.262249876666667,0.15717267041506763,-1.4907779871675686e-18,0.9389174469698799,0.30615482921253934
12.295616543333335,0.15825354968466993,-9.812029660993815e-18,0.943594286268652,0.2908360997767555
12.32898321,0.15939695348413754,7.15573433840433e-18,0.9475814164321037,0.27691527666870214
12.362349876666668,0.16063253412612902,8.104411239329146e-18,0.949497486671498,0.269539814841382
12.395716543333334,0.16183886710695383,-6.0173220572945496e-18,0.950396244570739,0.2656222117959523
12.429083210000002,0.16353189484569186,-1.4094628242311558e-18,0.950862276503608,0.2629035003391053
12.462449876666668,0.16612509916668008,-9.75781955236954e-19,0.9520162666669174,0.25703594968106214
12.495816543333335,0.16919503388478746,-2.168404344971009e-18,0.9527535409223817,0.25225727099251105
12.529183210000001,0.17202894068700783,-6.993104012531504e-18,0.9536404034238755,0.24693323900126143
12.562549876666667,0.1746615635598281,6.505213034913027e-19,0.9549652853580348,0.23986379880232694
12.595916543333335,0.1762759077898293,-5.6107462426124854e-18,0.9559767430404067,0.2345959741741707
12.62928321,0.17758571299599346,3.144186300207963e-18,0.9570372186496036,0.22922276645031536
12.662649876666668,0.17885184575335028,-1.0164395367051604e-18,0.9576816651635441,0.22551684079066311
12.696016543333334,0.17931052737014322,2.0087386344135733e-18,0.9584173119538979,0.22199997955249015
12.729383210000002,0.17952732442650993,-4.05559375145359e-18,0.959049776360796,0.21907411131068424
12.762749876666668,0.1792150532915753,2.019326546254252e-18,0.9592883447376055,0.2182838434797286
12.796116543333335,0.1788220511798634,-1.3383120566617945e-18,0.9594562559026356,0.21786777416846825
12.829483210000001,0.17881258499866284,1.5687050183149642e-18,0.9586411847887784,0.2214342752892228
12.862849876666667,0.17880184654269263,-1.4026865606531214e-18,0.9565916772342495,0.2301353139331051
12.896216543333335,0.1790937977662065,2.1955093992831465e-18,0.9543116928042721,0.23919574531902094
12.92958321,0.17951094213922322,-9.486769009248164e-19,0.9528776887988203,0.24454024585271616
12.962949876666668,0.18024416076712999,-9.486769009248164e-20,0.9518520044991087,0.24797137746196
12.996316543333334,0.18073139079124284,-4.208059681959364e-18,0.9517343020191369,0.24806850413305098
13.029683210000002,0.18105462117536575,4.597694837696342e-18,0.952041066554755,0.24665164046551463
13.063049876666668,0.18084137683105986,4.404571325722362e-19,0.952568440901736,0.24476470706350367
13.096416543333335,0.18065599625779782,1.260385025514399e-18,0.9533218174388722,0.24195231639963313
13.129783210000001,0.1804319443215133,5.481997234629832e-18,0.9537315089138906,0.24050056626376554
13.163149876666667,0.18032521081374508,-3.759132219914585e-18,0.9537945029189702,0.24033073991175813
13.196516543333335,0.1807480599304026,-7.087971702623985e-18,0.9537651620885729,0.24012945345699266
13.22988321,0.18125192708518445,3.1577388273640317e-18,0.9542335188829393,0.23787839407602795
13.263249876666668,0.181623750718321,3.6591823321385775e-19,0.9549311583516997,0.23477499011626005
13.296616543333334,0.1821574651269891,-1.751664134921893e-18,0.9560934989106347,0.22957325462546832
13.329983210000002,0.1820925052744494,-1.0367683274392636e-18,0.9558821438975478,0.23050302926578334
13.363349876666668,0.1801036301440751,4.607859233063394e-18,0.9530534068189396,0.24341710326051302
13.396716543333335,0.17756485260822433,2.303929616531697e-18,0.9497003101685456,0.2579535694344778
13.430083210000001,0.17595822915857878,3.754050022231059e-18,0.9474533294519447,0.2671533082366788
13.463449876666667,0.17520264723709963,-3.577867169202165e-18,0.9470754514113476,0.26898349714267705
13.496816543333335,0.175329733754802,4.4824983568697574e-18,0.9480475614989088,0.2654530195673865
13.53018321,0.17494104392458337,-6.139294801699169e-18,0.9488159713643203,0.26295224592035427
13.563549876666668,0.17421699346952604,1.9109063290057016e-18,0.9487809222526092,0.26355872354359217
13.596916543333334,0.17335429298678695,9.75781955236954e-19,0.9480868241720914,0.2666076948145518
13.630283210000002,0.17292448645722214,-3.2847937694521767e-18,0.9478006786285963,0.26790109289563996
13.663649876666668,0.17245808917773692,-8.131516293641283e-20,0.9467531428049994,0.2718762477047601
13.697016543333335,0.17146465507526445,6.708500942254059e-18,0.9455080169886059,0.2767931752594256
13.730383210000001,0.17169178015192427,1.7414997395548415e-18,0.9454741390080545,0.27676810707746186
13.763749876666667,0.17242300552664733,9.0801931945661e-19,0.9459803050195724,0.2745752532189211
13.797116543333335,0.17286374865846352,9.490157141037181e-18,0.9465212172346547,0.27242560401763133
13.83048321,0.17232602797635824,4.7704895589362195e-18,0.9465930748374529,0.2725165880302844
13.863849876666668,0.17195779195462002,2.100641709190665e-18,0.9475360807102058,0.26945480797052795
13.897216543333334,0.17253120834964808,-1.633079522306291e-18,0.9493312664497601,0.26268446601636936
13.930583210000002,0.17298866852392145,-5.0212113113234924e-18,0.9508913578945665,0.2566720593359321
13.963949876666668,0.173437676720621,-4.611247364852411e-18,0.9522431230346121,0.2513014264325651
13.997316543333335,0.1736312048709778,2.8816060865591298e-18,0.9533433340356515,0.24695888755993514
14.030683210000001,0.17417172255967456,-7.128629284092192e-18,0.9541624194024464,0.24338917079579703
14.064049876666667,0.174995113250261,-3.3068166260807885e-18,0.9552709993675628,0.23839888444752944
14.097416543333335,0.17653173760992524,-6.938893903907228e-18,0.9573641571002903,0.22867097829867067
14.13078321,0.17845444149891218,4.174178364069192e-18,0.9597763305075678,0.2167565632379776
14.164149876666668,0.1793940834943442,1.9447876468958736e-18,0.9615062924135487,0.20814276940690474
14.197516543333334,0.17980876672290114,-2.5682038960750386e-18,0.9616035472087611,0.2073340912756931
14.230883210000002,0.17936661857501857,-5.476915036946306e-18,0.9597511820031758,0.21611405503685086
14.264249876666668,0.17912942352989525,7.860465750519907e-19,0.9574282389642017,0.2263709717692508
14.297616543333335,0.17838301208653826,1.3277241448211158e-18,0.952925863308052,0.2451770789399728
14.330983210000001,0.17718329811451347,7.081195439045951e-18,0.947445289655901,0.2663709856161312
14.364349876666667,0.17639633601634622,3.950561665994057e-18,0.9419293599170107,0.2857506142886471
14.397716543333335,0.17525374079134085,1.807568309440677e-18,0.9353760643789474,0.3071770572904055
14.43108321,0.1743466942223759,-5.719166459861036e-18,0.9296881008985223,0.32447382831505606
14.464449876666668,0.17401271837583135,-1.6534083130403943e-18,0.9264275846104194,0.3338435326861337
14.497816543333334,0.17480550407616832,-1.0367683274392636e-17,0.9265487857544061,0.3330921544583607
14.531183210000002,0.1756106157855162,-2.55465136891897e-18,0.929213191171123,0.32515189831371094
14.564549876666668,0.17706188502320197,-2.927345865710862e-18,0.9320454893001316,0.31613334962845785
14.597916543333335,0.17826158770290107,-1.3145951341386741e-18,0.9329998254942049,0.312624586329073
14.631283210000001,0.17890109425628656,3.0154372922253092e-18,0.935010687309359,0.3061852594283134
14.664649876666667,0.18022845595304104,-2.6020852139652106e-18,0.9375039119535319,0.29766443982546403
14.698016543333335,0.18101049377171544,-1.2898617720788486e-17,0.9398400504135038,0.2897168976488297
14.73138321,0.1819969216839499,5.014435047745458e-18,0.9432097774696389,0.27790724384808835
14.764749876666668,0.18401222191266575,-2.791820594150174e-18,0.947454838587986,0.26166549452111104
14.798116543333334,0.18545315527529221,-4.743384504624082e-19,0.9507698865586965,0.24828159418612167
14.831483210000002,0.1860457892248962,-1.0723437112239442e-18,0.9520694818951491,0.24279758226882725
14.864849876666668,0.18498236502091497,-1.849919956803392e-18,0.9494513612812914,0.2536210503731342
14.898216543333335,0.1855389691003821,2.710505431213761e-19,0.9428218115775978,0.27687961744899925
14.931583210000001,0.18621439236514645,-8.239936510889834e-18,0.9309833550107626,0.31399712223041804
14.964949876666669,0.18767625650675018,-3.0357660829594124e-18,0.9170080756847201,0.35195711652503836
14.998316543333335,0.18952976892686127,3.3610267347050637e-18,0.9012667683226134,0.3896109328648818
15.03168321,0.18898793562219035,-1.951563910473908e-18,0.8744574396548429,0.44677482742603103
15.065049876666668,0.19012475157803663,-7.37257477290143e-18,0.8286901905569637,0.5264267726019005
15.098416543333334,0.19533932014361152,8.673617379884035e-19,0.7770310340704096,0.5983855964988642
15.131783210000002,0.2041428362017734,-2.6020852139652106e-18,0.7353796034041451,0.646175317792825
15.165149876666668,0.21407218178193382,-5.204170427930421e-18,0.7087745606703998,0.6721694154999949
15.198516543333335,0.22329738895431342,-8.673617379884035e-18,0.6854894243167439,0.6929953284374182
15.231883210000001,0.23005743294470285,3.903127820947816e-18,0.663990987869475,0.7114699892300537
15.265249876666669,0.23656201494308754,-1.0842021724855044e-17,0.6506252996417217,0.7216128688931389
15.298616543333335,0.2426685295577431,-7.37257477290143e-18,0.6413671345421604,0.7278462636377694
15.33198321,0.24740435390589577,-1.6263032587282567e-17,0.6374865427340425,0.7296588199298383
15.365349876666668,0.24914318201605717,-7.677506633912978e-18,0.6386484317302207,0.7280493496346545
15.398716543333334,0.24713373916179998,4.7704895589362195e-18,0.6426035092681893,0.7252486779333799
15.432083210000002,0.24189584868253963,9.107298248878237e-18,0.6488887645269266,0.7214081851912084
15.465449876666668,0.23345281295278494,1.3010426069826053e-18,0.659606828132307,0.7144358728435108
15.498816543333335,0.22305381469417007,-2.2985086056692694e-17,0.6754852348196885,0.7028276412399909
15.532183210000001,0.21290519162955654,-1.3010426069826053e-18,0.6928503675509293,0.6889337758897616
15.565549876666669,0.20328606103093128,1.3010426069826053e-17,0.7102588615936358,0.673948905272678
15.598916543333335,0.19533861175529535,-2.6020852139652106e-18,0.7234713844656383,0.6621419656062336
15.63228321,0.1894645610778046,-1.1058862159352145e-17,0.7308973760566111,0.6556616549480043
15.665649876666668,0.18531768513624589,1.0950441942103595e-17,0.7254217479995234,0.6628881075302672
15.699016543333334,0.18471635630728572,-1.235990476633475e-17,0.7077335131827872,0.6819040563235489
15.732383210000002,0.1877672730852663,0.0,0.6750943177745077,0.713436131175521
15.765749876666668,0.19635456713595478,4.336808689942018e-18,0.6335374961992161,0.7483816705895997
15.799116543333335,0.21097729026973827,2.6020852139652106e-18,0.6001972775721134,0.7715256385794721
15.832483210000001,0.22583103118401426,8.673617379884035e-19,0.5743134427563313,0.7868700113892605
15.865849876666669,0.2361358080396498,1.734723475976807e-17,0.5544667160589384,0.7980015920687616
15.899216543333335,0.24244083356087023,1.431146867680866e-17,0.5441342950560168,0.8032062693768035
15.93258321,0.2453735192659099,2.168404344971009e-19,0.5409562445172669,0.8044614208032834
15.965949876666668,0.24518207320793947,-2.7647155398380363e-18,0.5427950665160317,0.8032803164171978
15.999316543333334,0.24297312341936947,8.239936510889834e-18,0.550984154381697,0.7983611481755123
16.032683210000002,0.23856839284095635,1.3010426069826053e-18,0.5642428367303562,0.7903892352099462
16.066049876666668,0.23342938814710557,8.239936510889834e-18,0.5808679968719352,0.7798096504655823
16.099416543333334,0.22903542950859984,1.6046192152785466e-17,0.602332240916539,0.7646820539167057
16.132783210000003,0.2249283804197349,-9.974659986866641e-18,0.6209449493207946,0.7508892019431036
16.16614987666667,0.22168362744694642,-6.7220534694101275e-18,0.631265350992043,0.7432095437754123
16.199516543333335,0.21891876650779588,-2.981555974335137e-17,0.6347429349859095,0.7410640864029093
16.23288321,0.21611012801038204,7.318364664277155e-18,0.6325031262475705,0.7437984994999561
16.266249876666667,0.21297962702586634,8.185726402265558e-18,0.6281741790843606,0.7483561179035104
16.299616543333336,0.2090434770755838,2.710505431213761e-18,0.6256475603588711,0.7515756481613428
16.332983210000002,0.20463719547037873,1.441988889405721e-17,0.6217263975797638,0.7560290369969316
16.366349876666668,0.20035233139213546,-1.691355389077387e-17,0.6209396244020768,0.7578211702988665
16.399716543333334,0.1960850463805124,1.3335686721571705e-17,0.619512723716556,0.7601017298620274
16.433083210000003,0.19262568387511744,3.469446951953614e-18,0.6165029840242123,0.7634261042176153
16.46644987666667,0.18973085491984443,-5.421010862427522e-18,0.6154608904594517,0.7649902581119865
16.499816543333335,0.18674523724411726,4.0115480381963664e-18,0.6150146943594285,0.7660829864241976
16.53318321,0.18367736930101422,1.3444106938820255e-17,0.6159430438052453,0.766078841108791
16.566549876666667,0.18028499264991277,-2.0383000842727483e-17,0.6200992858540791,0.7635274697798907
16.599916543333336,0.17645956872492827,-1.2576745200831851e-17,0.6235833757251631,0.7615811146060691
16.633283210000002,0.1727901846104059,1.214306433183765e-17,0.6288521143814749,0.7580821659558087
16.666649876666668,0.16888498046168665,-7.37257477290143e-18,0.6348030367539391,0.7539913579759603
16.700016543333334,0.16528000155468903,-2.6020852139652106e-18,0.6398684361598802,0.7505004367036646
16.733383210000003,0.16198272349310347,5.637851296924623e-18,0.6447120055552594,0.7470662803143187
16.76674987666667,0.1591431339993458,-1.3010426069826053e-18,0.6470993881187799,0.7456110546371795
16.800116543333335,0.15729108887268137,-3.2526065174565133e-18,0.6455505134732082,0.7473446647402547
16.83348321,0.1560823497720637,4.797594613248357e-18,0.6412100578461349,0.7513241389750414
16.866849876666667,0.15547650897150314,-4.2825985813177425e-18,0.6340576923818904,0.7574944870356393
16.900216543333336,0.15545050379186862,-6.451002926288751e-18,0.6270487477046804,0.7633118686833358
16.933583210000002,0.15552695912225206,-1.951563910473908e-18,0.6219910210227781,0.7674233087111881
16.966949876666668,0.1553748521269389,4.262269790583639e-18,0.6193479032858462,0.7695887408362715
17.000316543333334,0.15482627985396136,1.0299920638612292e-17,0.6240793256843048,0.7658680162534577
17.033683210000003,0.15313186659171701,-8.673617379884035e-19,0.6340179157977204,0.7580052202205808
17.06704987666667,0.15067437114864646,-8.456776945386935e-18,0.6433723747814994,0.7505792571387606
17.100416543333335,0.14816785092014054,4.336808689942018e-19,0.6488829086781897,0.7463224897985048
17.13378321,0.14665614722773812,3.821812658011403e-18,0.6439424332399678,0.7508862211768875
17.167149876666667,0.14637832722593738,4.553649124439119e-18,0.6346293165974778,0.7588273952840358
17.200516543333336,0.14650567193140976,4.662069341687669e-18,0.6258580724615627,0.7660533670878443
17.233883210000002,0.14649008368721914,-1.2874900798265365e-18,0.6215467451035359,0.7695585091677642
17.267249876666668,0.14564399415596582,-9.215718466126788e-19,0.6228188581677759,0.7686901175876303
17.300616543333334,0.1440299383944194,5.421010862427522e-19,0.6269022706049839,0.7656689362618908
17.333983210000003,0.14211815233552033,-9.432558900623889e-18,0.6351309511754751,0.7592174297496561
17.36734987666667,0.13976373940283013,3.686287386450715e-18,0.6465122998639522,0.7499919621387692
17.400716543333335,0.13716891350349228,-2.2768245622195593e-18,0.6538000729356142,0.7441304682632319
17.43408321,0.13537387417929292,-8.998878031629687e-18,0.6610638087693843,0.7380166359405483
17.467449876666667,0.13381245571390715,-6.830473686658678e-18,0.6663915663752814,0.7334960851699979
17.500816543333336,0.13251055468951822,8.944667923005412e-18,0.6695866736573471,0.7308177880678367
17.534183210000002,0.13170270377942672,4.553649124439119e-18,0.6746350269981187,0.7263070825514759
17.567549876666668,0.1311174056836851,-2.3310346708438345e-18,0.6803225082151237,0.7210891142866206
17.600916543333334,0.13096041103045108,8.131516293641283e-18,0.6896438384363839,0.7122083591544448
17.634283210000003,0.13074712347104225,3.2526065174565133e-18,0.7023645305763537,0.6997065498423655
17.66764987666667,0.1302152430559274,-3.0357660829594124e-18,0.7126679237710947,0.6893101050352323
17.701016543333335,0.1296421169280003,-6.179952383167375e-18,0.7208749945224404,0.6808319644307973
17.73438321,0.12909813231991216,-3.469446951953614e-18,0.7266973929696681,0.6747181421027586
17.767749876666667,0.12845172754952833,-4.87890977618477e-19,0.7286409741954123,0.672742509741359
17.801116543333336,0.12772807010912546,4.9060148304969076e-18,0.7297612234971308,0.6716651671675172
17.834483210000002,0.12726192508828038,-8.565197162635485e-18,0.7297572423556072,0.6717579695488283
17.867849876666668,0.1271133174387648,1.3823577699190182e-18,0.7306483753906098,0.6708167827870547
17.901216543333334,0.12665924923519747,8.483881999699072e-18,0.7317160290726565,0.6697380737133879
17.934583210000003,0.12615495085635428,1.2956215961201778e-17,0.732569775119108,0.6688994341127598
17.96794987666667,0.12565812259832312,6.69494841509799e-18,0.7339483582621344,0.6674802196540228
18.001316543333335,0.12502828074127284,-7.562310153086393e-18,0.7351677717516952,0.6662554137810281
18.03468321,0.12479670684214157,-5.6107462426124854e-18,0.7375819977778865,0.6636253299229458
18.068049876666667,0.12460394540303431,7.589415207398531e-19,0.7403317457522035,0.6605927361252864
18.101416543333336,0.1241543373817778,-8.077306185017008e-18,0.7431353804411689,0.6575222481755663
18.134783210000002,0.12357000988969932,-2.8189256484623115e-18,0.7449902215646695,0.6555303367723605
18.168149876666668,0.12324245746690152,-4.689174395999807e-18,0.7471831983689806,0.6530915439298073
18.201516543333334,0.12285584354159268,-6.342582709040201e-18,0.7494685933276414,0.6505407514700137
18.234883210000003,0.12232166669082485,1.1221492485224971e-17,0.7501999197470306,0.6497980380622332
18.26824987666667,0.1219536542998235,-1.3823577699190182e-18,0.7513395748230906,0.6485492652895204
18.301616543333335,0.12151189275448243,-3.3881317890172014e-18,0.7538453469851363,0.6457182456366577
18.33498321,0.12100736790781556,-1.1438332919722072e-17,0.7596867054450792,0.6389313941903498
18.368349876666667,0.12031408126586193,8.456776945386935e-18,0.7681753007862142,0.6288332283770961
18.401716543333336,0.11891604378712084,4.9873299934333204e-18,0.7745756659515233,0.6212016679354408
18.435083210000002,0.11693086742237715,-5.421010862427522e-19,0.774284619607488,0.6219409136591179
18.468449876666668,0.11509569115688642,2.656295322589486e-18,0.7694033111632554,0.6283084645682703
18.501816543333334,0.11356314133302253,-2.2768245622195593e-18,0.7677091674621729,0.6306552521981511
18.535183210000003,0.11241877873887318,1.8431436932253575e-18,0.7709189022527486,0.6269338596186024
18.56854987666667,0.11145016618623331,3.3610267347050637e-18,0.7791373831140028,0.6168661108306442
18.601916543333335,0.11027005698190767,1.3010426069826053e-18,0.7875412286547498,0.6063161944911036
18.63528321,0.10957919839900798,1.111307226797642e-17,0.7945662254946545,0.5972075958838843
18.668649876666667,0.1091284379313823,2.168404344971009e-18,0.8006242464005159,0.5891449737630481
18.702016543333336,0.10837567538233178,5.421010862427522e-19,0.8044774587027718,0.5840126123848302
18.735383210000002,0.10787749480878224,7.074419175467916e-18,0.8062449916794872,0.5816626681380928
18.768749876666668,0.10756239609743269,-4.472333961502706e-18,0.8079146466256628,0.5793999091417856
18.802116543333334,0.10726733717749085,-3.7947076036992655e-19,0.8100770898240326,0.5764276423950162
18.835483210000003,0.10687085341023371,1.4094628242311558e-18,0.8101688755591308,0.5763722874727952
18.86884987666667,0.10651231957598015,3.611748487092337e-18,0.8085371641923883,0.5787251332871893
18.902216543333335,0.1061895212210484,-2.303929616531697e-19,0.8080523428778418,0.5794611261788625
18.93558321,0.10573730095253062,3.333921680392926e-18,0.8076686474796703,0.5800784249268662
18.968949876666667,0.10546372118081386,1.2197274440461925e-18,0.8077058072183474,0.5800764884913484
19.002316543333336,0.10521112176706367,-2.6834003769016235e-18,0.8098592339848757,0.5771123296083236
19.035683210000002,0.10462538361538451,1.1628068299907035e-17,0.8110754069651276,0.5755086561639938
19.069049876666668,0.10408296658219908,1.8431436932253575e-18,0.811610527994962,0.5748522305037947
19.102416543333334,0.10374014022714391,1.0842021724855044e-19,0.8134519409517696,0.5723057950671577
19.135783210000003,0.10326672933795505,-4.363913744254155e-18,0.8145741987215966,0.5707931826755732
19.16914987666667,0.1029959451480262,-4.0657581468206416e-19,0.8164951759496896,0.5680910692256572
19.202516543333335,0.10273449227673281,2.168404344971009e-19,0.8202826642407606,0.5626561781787539
19.23588321,0.10233176546997429,-2.6291902682773483e-18,0.8237827955398209,0.557593145177015
19.269249876666667,0.10213418869310747,3.686287386450715e-18,0.8279498942808129,0.5514232313390427
19.302616543333336,0.10193241585220694,9.215718466126788e-19,0.8332495922111602,0.5434196349769373
19.335983210000002,0.10131130826078143,3.2526065174565133e-18,0.8385684873038856,0.5352932942970258
19.369349876666668,0.10076113264886873,8.158621347953421e-18,0.8431242021071469,0.5281938791471407
19.402716543333334,0.10055999281114704,-5.692061405548898e-19,0.8475131063910774,0.5211614167809895
19.436083210000003,0.10035634595966844,2.168404344971009e-18,0.8506089964908504,0.5161326756895476
19.46944987666667,0.1003106633690778,2.358139725155972e-18,0.8523136310061574,0.5133217755127436
19.502816543333335,0.10019472498214042,7.453889935837843e-20,0.8536673946228125,0.5110900081626061
19.53618321,0.10010347392402956,4.221612209115433e-18,0.8546893947393955,0.5093970288766384
19.569549876666667,0.1000541120806539,-2.791820594150174e-18,0.855958398229861,0.5072715201502271
19.602916543333336,0.09996257639499867,-4.191119023014278e-18,0.8570043763839695,0.505520506190597
19.636283210000002,0.10022446206314312,2.3615278569449893e-18,0.8589003669042292,0.5022401984468529
19.669649876666668,0.10073427234151762,3.6253010142484055e-19,0.8633073301123118,0.4945230633147223
19.703016543333334,0.10129316162187744,-4.23389418685062e-18,0.8683953099329987,0.4854166057058775
19.736383210000003,0.10190359116090021,5.434563389583591e-18,0.8711518012474255,0.48032301349391776
19.76974987666667,0.10273594755468927,-1.3552527156068805e-19,0.8722324113268675,0.47817982570468054
19.803116543333335,0.10314352658723494,-5.78692909564138e-18,0.8714325263368318,0.47954850116057623
19.83648321,0.10343695845721473,6.505213034913027e-19,0.8681313804468741,0.48543660956763984
19.869849876666667,0.10377149920959158,-4.933119884809045e-18,0.865081655998295,0.4907801996892718
19.903216543333336,0.10380085612654888,3.1848438816761693e-18,0.8638121858133756,0.4930049593135085
19.936583210000002,0.10372579354492661,-4.391018798566293e-18,0.8639384388489395,0.4927994862342417
19.969949876666668,0.10351099515128596,4.1470733097570545e-18,0.865278070946294,0.49048887227158455
20.003316543333334,0.10313240953097362,5.366800753803247e-18,0.8667243944157741,0.488008739910409
20.036683210000003,0.10304962815456127,-6.532318089225164e-18,0.8682333964885026,0.4853365258861581
20.07004987666667,0.1032324924499032,-8.775261333554552e-19,0.8701878085271887,0.4817844231533739
20.103416543333335,0.10336725792139641,-1.853308088592409e-18,0.8721031542285079,0.47827951908324373
20.13678321,0.10338436826326405,5.421010862427522e-19,0.8744173190729736,0.4740316703597339
20.170149876666667,0.10320714589988879,-1.0753930298340597e-17,0.8746560723486413,0.47362964448907463
20.203516543333336,0.10314852901103375,2.328811209357292e-18,0.8738647231347144,0.4751008594220272
20.236883210000002,0.10291294960012594,5.658180087658726e-19,0.8728033804153603,0.47709871508957313
20.270249876666668,0.10271724503968961,-1.6703489719854803e-18,0.8718360959658924,0.47890603393819114
20.303616543333334,0.10262240539918087,1.2739375526704677e-18,0.8720535413839313,0.47853031551807673
20.336983210000003,0.10240727273483081,-7.982438494924526e-18,0.8739283282339022,0.4751442176869155
20.37034987666667,0.1016626598096319,-6.396792817664476e-18,0.8774138428450132,0.4688386204061876
20.403716543333335,0.0996822780991253,-3.577867169202165e-18,0.886297550432162,0.4522610922143517
20.43708321,0.0956509436080277,1.5178830414797062e-18,0.9055677397238941,0.4132771052916573
20.470449876666667,0.08898137861046526,3.469446951953614e-18,0.9391220276309966,0.3318616149524177
20.503816543333336,0.08167648648928459,8.673617379884035e-19,0.9810591887765604,0.1756468606945278
20.537183210000002,0.0773463935263054,-2.0328790734103208e-19,0.9950196879510477,-0.06287571867003608
20.570549876666668,0.07943876896390431,-1.4094628242311558e-18,0.9416830967066692,-0.3269899499410304
20.603916543333334,0.08816473464933386,5.204170427930421e-18,0.839370496454275,-0.5363619573071121
20.637283210000003,0.102486015090791,-6.071532165918825e-18,0.7339601324726907,-0.6714157733115007
20.67064987666667,0.12033044363941126,7.806255641895632e-18,0.651651219949461,-0.7489133941063691
20.704016543333335,0.13914423490445765,1.3877787807814457e-17,0.5956612319260669,-0.7910920165651866
20.73738321,0.15684050822406254,-6.071532165918825e-18,0.5585798756953484,-0.8144873095685328
20.770749876666667,0.17161895374013425,0.0,0.5314109994307633,-0.8295476384157446
20.804116543333336,0.18280172217014778,-2.0816681711721685e-17,0.514447038412009,-0.8378113003778006
20.837483210000002,0.1907786485168769,-1.0625181290357943e-17,0.5070797369666099,-0.8405198674796138
20.870849876666668,0.1954684311911547,1.3010426069826053e-18,0.505841681600777,-0.8401882441232841
20.904216543333334,0.197432452212874,2.303929616531697e-18,0.5083648456352138,-0.8382038001199329
20.937583210000003,0.1974105259569176,3.4423418976414766e-18,0.5106577277010624,-0.836814059024226
20.97094987666667,0.19642694891965043,4.824699667560495e-18,0.5130560069390322,-0.8355776370163893
21.004316543333335,0.1949439873315018,9.75781955236954e-18,0.5145487235191829,-0.8350068580126001
21.03768321,0.1930921122697693,4.336808689942018e-19,0.5161684209069897,-0.834437293891868
21.071049876666667,0.19096083016185875,-1.8431436932253575e-18,0.5179971098113322,-0.8337943125081871
21.104416543333336,0.18873394145649952,6.7220534694101275e-18,0.5191099846358984,-0.8336092149164452
21.137783210000002,0.18690598310250506,-1.1384122811097797e-17,0.5197507234332457,-0.8336218201145554
21.171149876666668,0.185618022000124,2.927345865710862e-18,0.5202291602162842,-0.8336111628147871
21.204516543333334,0.1847327040876093,7.887570804832045e-18,0.5206882379843387,-0.8335211976100213
21.237883210000003,0.18429139658303156,-1.292911090688964e-17,0.521597402209676,-0.8330503172999774
21.27124987666667,0.1842069463117958,1.527708623667856e-17,0.5223910235577103,-0.8325715701588727
21.304616543333335,0.18459665090332406,5.3939058081153846e-18,0.5212521027316753,-0.8331988489388854
21.33798321,0.18533373149861196,9.378348791999613e-18,0.5189100077515943,-0.8344961424860157
21.371349876666667,0.1862972860731272,-4.336808689942018e-19,0.5157134535562538,-0.836261295901508
21.404716543333336,0.18733194806969647,-1.0842021724855044e-18,0.5128251514550703,-0.8378049327065918
21.438083210000002,0.18854857366583624,4.336808689942018e-19,0.508510065010208,-0.8401588832785692
21.471449876666668,0.1896827632341189,-1.8431436932253575e-18,0.5046736899180764,-0.8422142934172648
21.504816543333334,0.19073036610463162,-2.054563116860031e-17,0.5023689413104054,-0.8433548329453361
21.538183210000003,0.1915039618846064,-8.61940727125976e-18,0.5013437800280894,-0.8437894564461241
21.57154987666667,0.19194631947682966,2.168404344971009e-18,0.5019768835830678,-0.8433124087712275
21.604916543333335,0.19218746458954739,-9.513874063560301e-18,0.5032654796205539,-0.8424890714287845
21.63828321,0.19229230628397834,5.204170427930421e-18,0.506566202180171,-0.8404845934059392
21.67164987666667,0.19245058487304406,1.3552527156068805e-18,0.5101468996774423,-0.8382797344153782
21.705016543333336,0.1925527971494123,-7.589415207398531e-19,0.5136698298316081,-0.8361021027546239
21.738383210000002,0.19255849350706958,1.1058862159352145e-17,0.5170239032408369,-0.8340308807567605
21.771749876666668,0.1924696348791971,-1.2658060363768264e-17,0.5190990407193468,-0.8327614457776744
21.805116543333334,0.1923090806567661,-1.634434775021898e-17,0.5207668356622732,-0.831756647326159
21.838483210000003,0.19228859269270404,1.0028870095490916e-18,0.521724217614686,-0.8311611984895607
21.87184987666667,0.1923227973082802,-3.950561665994057e-18,0.5224765478532128,-0.8306805635013425
21.905216543333335,0.19239499582633304,9.595189226496714e-18,0.5210460232079605,-0.8315619082666995
21.93858321,0.1926805337743367,2.0057740190981832e-18,0.5180469407339164,-0.8333676134219922
21.97194987666667,0.19306872445324602,-1.1926223897340549e-18,0.5158266081547134,-0.834654046870678
22.005316543333336,0.19382722563689653,-1.5016200088924236e-17,0.513142713063622,-0.8361313070514755
22.038683210000002,0.19451632122861448,-1.1709383462843448e-17,0.5110816152540643,-0.8372329325372858
22.072049876666668,0.19500601762371858,9.242823520438925e-18,0.5105642034424727,-0.8374346823804776
22.105416543333334,0.19521013470728552,-6.6542908336297835e-18,0.5098137320031586,-0.837844234908002
22.138783210000003,0.1949284260803705,4.87890977618477e-18,0.5107682389852047,-0.8373283195675292
22.17214987666667,0.19417542947457486,6.884683795282953e-18,0.5126555678866686,-0.8363493117729947
22.205516543333335,0.1931605161829014,3.3610267347050637e-18,0.5140565059206816,-0.8357241911710916
22.23888321,0.19201420712932724,5.637851296924623e-18,0.5165942531269694,-0.8344225080237734
22.27224987666667,0.19078511906091306,-1.0842021724855044e-18,0.5183045365630533,-0.8336434763872814
22.305616543333336,0.18960412251430506,-7.047314121155779e-18,0.5195332110110633,-0.8331479576774551
22.338983210000002,0.18851217290762107,-1.0299920638612292e-17,0.5219092416764117,-0.8319097932578988
22.372349876666668,0.18751723497063066,9.324138683375338e-18,0.5241484574123052,-0.8307259964520612
22.405716543333334,0.18678914305006875,-9.378348791999613e-18,0.5271019921121893,-0.829019484662443
22.439083210000003,0.1859558535810268,-1.8756697583999227e-17,0.5307447090640002,-0.8268799636703755
22.47244987666667,0.18478049102096217,1.1709383462843448e-17,0.5356026527695223,-0.8240060488153608
22.505816543333335,0.18365623826795788,5.637851296924623e-18,0.5405246455029975,-0.8210380586483931
22.53918321,0.18267784269879064,4.716279450311944e-18,0.5435776578552529,-0.8192387537632199
22.57254987666667,0.181994116492629,-5.583641188300348e-18,0.546026130167198,-0.8177613384947356
22.605916543333336,0.18149687212568086,2.032879073410321e-18,0.5466036624109212,-0.8174859764225697
22.639283210000002,0.18101107395419594,6.451002926288751e-18,0.5482572871400158,-0.8164857244335745
22.672649876666668,0.18026789746757121,-4.2825985813177425e-18,0.5512799764048258,-0.8146127133538464
22.706016543333334,0.17917856824148753,4.7704895589362195e-18,0.5563922415175905,-0.8113708857618458
22.739383210000003,0.17765620716898442,3.903127820947816e-18,0.5671259300697162,-0.804242781439094
22.77274987666667,0.17651919410287958,1.2576745200831851e-17,0.5804900394210941,-0.7949039490694247
22.806116543333335,0.17625818306316282,-1.8431436932253575e-18,0.5894799098075179,-0.7883187736167352
22.83948321,0.17601365068128194,3.1353321589311953e-18,0.5901757970267624,-0.7878526025708575
22.87284987666667,0.17547361119024799,1.3798696106364586e-18,0.5881355808432139,-0.7894970236309121
22.906216543333336,0.1738782435838224,1.1953328951652686e-17,0.5859784014662186,-0.7914516216568769
22.939583210000002,0.17051417914103895,4.716279450311944e-18,0.5789489022156676,-0.7973349881543712
22.972949876666668,0.16398096739109103,1.5612511283791264e-17,0.5619630166512853,-0.8107452190729645
23.006316543333334,0.1519380378926667,-7.48099499014998e-18,0.5164918594468062,-0.8427045696841255
23.039683210000003,0.1340140278783821,-7.806255641895632e-18,0.4098268313498331,-0.9022650434531794
23.07304987666667,0.1140531602085426,5.204170427930421e-18,0.2160936069372872,-0.9696883157423719
23.106416543333335,0.09946286233075449,0.0,-0.0726873085429673,-0.9923828365070373
23.13978321,0.09495633282930785,3.469446951953614e-18,-0.38479485284006293,-0.9181046868867428
23.17314987666667,0.09818244702301372,-6.938893903907228e-18,-0.6053173395302129,-0.7899057700514907
23.206516543333336,0.10419856869190475,-2.168404344971009e-18,-0.725501298915532,-0.6802870890693389
23.239883210000002,0.11066706038398386,-2.859583229930518e-18,-0.7816344080768726,-0.6138407398147216
23.273249876666668,0.11695150219163811,6.179952383167375e-18,-0.8082510210408302,-0.5771071244765349
23.306616543333334,0.1223162538053896,-3.686287386450715e-18,-0.8214525046076062,-0.5570049521583323
23.339983210000003,0.12647873375744567,7.047314121155779e-18,-0.8277068028935929,-0.5467216644242114
23.37334987666667,0.12813532363792973,3.415236843329339e-18,-0.8295856347090411,-0.5434786228736144
23.406716543333335,0.1267273631264177,5.583641188300348e-18,-0.8253107284738974,-0.5502748194319907
23.44008321,0.12211126030448308,5.095750210681871e-18,-0.813306568550279,-0.5688771973456319
23.47344987666667,0.113327542680697,9.107298248878237e-18,-0.7903134900811879,-0.6021307627630785
23.506816543333336,0.09936391021424631,-1.734723475976807e-18,-0.7439287030059883,-0.6608304610040032
23.540183210000002,0.08097432053698254,6.505213034913027e-19,-0.6473194736963016,-0.7579054415869549
23.573549876666668,0.06341183759507427,2.6020852139652106e-18,-0.46418188030397267,-0.8834671023022218
23.606916543333334,0.053167846336956356,1.734723475976807e-18,-0.20816538760351116,-0.9766475062783757
23.640283210000003,0.0519099422514875,3.2526065174565133e-19,-0.1316451614570825,-0.9899368208933265
23.67364987666667,0.057885103279915424,8.673617379884035e-19,-0.34214224603902066,-0.9378635286083193
23.707016543333335,0.07259907539310485,-3.903127820947816e-18,-0.6197617472870947,-0.7814248209851755
23.74038321,0.09374400958697693,-1.3010426069826053e-18,-0.7878441264969867,-0.6086983596254855
23.77374987666667,0.1183938800361829,-2.168404344971009e-18,-0.8757906123104755,-0.46794624964713716
23.807116543333336,0.14301613563322577,-2.6020852139652106e-18,-0.9239549395456971,-0.35475858641849145
23.840483210000002,0.1663285958213667,-4.7704895589362195e-18,-0.9480548512107567,-0.2711582514102096
23.873849876666668,0.1898033837296166,3.903127820947816e-18,-0.958613882397572,-0.21221239360471444
23.907216543333334,0.21235124406719252,2.3852447794681098e-18,-0.9619619827949085,-0.17186067845904696
23.940583210000003,0.2336625482054287,-1.951563910473908e-18,-0.9617524528184631,-0.1429476584761548
23.97394987666667,0.2532921194378619,-6.505213034913027e-19,-0.9598278248386494,-0.12072136884654339
24.007316543333335,0.2699975906025924,3.0357660829594124e-18,-0.9572493386956759,-0.10380271978848295
24.04068321,0.28150599149426997,-1.0842021724855044e-18,-0.9553691695011461,-0.08957749002689422
24.07404987666667,0.28877757288699496,2.222614453595284e-18,-0.9543432002348041,-0.07639744474188362
24.107416543333336,0.29265621239837547,3.0357660829594124e-18,-0.9540686326764352,-0.06407328216623998
24.140783210000002,0.2933399210004165,1.6720430378799889e-18,-0.9545511513751596,-0.052761635264904655
24.174149876666668,0.29155245062305946,5.55653613398821e-19,-0.9557066856496569,-0.0402728139100898
24.207516543333334,0.2892225106619471,1.1519648082658485e-18,-0.9570179775178351,-0.021608563905835973
24.240883210000003,0.2884174758910407,9.157484951003055e-19,-0.9574541532921451,0.009843980102701395
24.27424987666667,0.2893625195231448,1.2671612890924333e-18,-0.9554976193762941,0.057390170425365754
24.307616543333335,0.2922998399639398,-5.2583805365546965e-18,-0.9493685746901392,0.11515256379199224
24.34098321,0.29549593613375863,-3.2526065174565133e-18,-0.9388044934510466,0.1769979514134493
24.37434987666667,0.296845274268589,-5.095750210681871e-18,-0.9247168814988314,0.2382888419869515
24.407716543333336,0.29576411629090754,7.047314121155779e-18,-0.9092984400287889,0.2927455114529843
24.441083210000002,0.2927293905111628,-2.964615315390051e-18,-0.8978935828464141,0.3287805009640828
24.474449876666668,0.28753517593234224,-3.7947076036992655e-18,-0.8924223612470906,0.3477151876863081
24.507816543333334,0.2794725289852813,-5.854691731421724e-18,-0.8882587538426798,0.36454285312487034
24.541183210000003,0.26723780919682766,-1.5178830414797062e-18,-0.8814015747841326,0.3895063764609395
24.57454987666667,0.25046499749903006,-5.637851296924623e-18,-0.8693639771248567,0.4259971364991348
24.607916543333335,0.23030854143329071,7.806255641895632e-18,-0.8475279238410807,0.4781782032386016
24.64128321,0.20754657440186206,3.0357660829594124e-18,-0.8080388356840812,0.551359827590265
24.67464987666667,0.18320010599224404,1.1275702593849246e-17,-0.7369055903986956,0.6506979883199122
24.708016543333336,0.16076106269642873,-1.734723475976807e-17,-0.6055003081223058,0.7794390659856021
24.741383210000002,0.14680375564801504,8.673617379884035e-18,-0.39466127855012606,0.9070232260206008
24.774749876666668,0.1490037288707408,1.734723475976807e-18,-0.18736887765611598,0.9709226500955174
24.808116543333334,0.1624561681821327,4.336808689942018e-18,-0.08512610551030084,0.9830368963473486
24.841483210000003,0.17667051494459723,8.673617379884035e-19,-0.038602881862210656,0.9835127587688646
24.87484987666667,0.18774976976563934,-8.673617379884035e-19,0.004388808826933104,0.9822070872835474
24.908216543333335,0.1939936843807674,-8.673617379884035e-19,0.05674252065054107,0.9793603712477843
24.94158321,0.19758403650009784,2.6020852139652106e-18,0.1124168555156613,0.973818771187072
24.97494987666667,0.19925395288458336,-6.071532165918825e-18,0.16617390832860784,0.9657557115806585
25.008316543333336,0.1991385428388965,8.673617379884035e-19,0.207516986564067,0.9577476395394404
25.041683210000002,0.19697762692255325,-6.5052130349130266e-18,0.23002617562113992,0.9530413280761081
25.075049876666668,0.19263543812064934,-4.336808689942018e-19,0.24594587204980947,0.9499485333436355
25.108416543333334,0.18672690633363417,-1.951563910473908e-18,0.26018221962346305,0.947332188328296
25.141783210000003,0.18020262591607525,-1.3227266504323154e-17,0.2736660828984205,0.9447930401331214
25.17514987666667,0.17359912543556139,2.168404344971009e-18,0.2926314886302521,0.9403351293608311
25.208516543333335,0.16764439007334264,0.0,0.31792157115454306,0.9331780286052409
25.24188321,0.16286217329093272,-8.673617379884035e-19,0.3519638892076173,0.9217360431299203
25.27524987666667,0.1592168633753291,-1.474514954580286e-17,0.3990725525048347,0.9029900820353443
25.308616543333336,0.15660390704463442,-2.6020852139652106e-18,0.462998470426329,0.8724148283249404
25.341983210000002,0.15514528689300183,-4.336808689942018e-18,0.5423133524211194,0.8257276595468115
25.375349876666668,0.15457752860811758,5.204170427930421e-18,0.6244019715130186,0.7656552524603107
25.408716543333334,0.15501973584033388,9.540979117872439e-18,0.6987677597769562,0.6983498402636653
25.442083210000003,0.15632367352196266,-4.336808689942018e-18,0.7624101451351661,0.6279280848087413
25.47544987666667,0.15835728941715047,-5.204170427930421e-18,0.812181339930932,0.5615019500914034
25.508816543333335,0.16250595638854304,5.2583805365546965e-18,0.8511351843993337,0.49916000642655356
25.54218321,0.1705386909213229,-1.0516761073109393e-17,0.8837799906609273,0.4357172053135072
25.57554987666667,0.1827890289606042,1.2793585635328952e-17,0.9158011213838971,0.35762616929363
25.608916543333336,0.1953822046928566,1.0842021724855044e-17,0.9404022101578201,0.27833339221093434
25.642283210000002,0.20658987617998759,9.540979117872439e-18,0.9550525977881347,0.21259152974206913
25.675649876666668,0.21767109461025577,-4.662069341687669e-18,0.9647591076689697,0.14784843164858513
25.709016543333334,0.22719164398486788,-5.5294310796760726e-18,0.9704355514049686,0.08147881609834248
25.742383210000003,0.2362848599749394,2.358139725155972e-18,0.971582783912237,0.014012813849143657
25.77574987666667,0.24476815639754934,-3.2526065174565133e-18,0.9680379538322317,-0.05469067154507325
25.809116543333335,0.2518517847565228,3.2526065174565133e-19,0.9601747345525647,-0.12097585561535008
25.84248321,0.25887076835488876,2.6020852139652106e-18,0.9476641306446826,-0.18686524765404525
25.87584987666667,0.2672893829356002,-8.673617379884035e-19,0.9301316291226855,-0.2518164773708926
25.909216543333336,0.2751404838411934,-1.5178830414797062e-18,0.9091826650719175,-0.3125453498044081
25.942583210000002,0.2839468151918404,-3.0357660829594124e-18,0.885673855966903,-0.3673636168690753
25.975949876666668,0.29256802113059044,-6.071532165918825e-18,0.862698284132004,-0.412499240687091
26.009316543333334,0.30033279558086906,3.3393426912553537e-17,0.8442744815332686,-0.4438477348486873
26.042683210000003,0.30819756698059947,6.5052130349130266e-18,0.8323982336772456,-0.46057294783588903
26.07604987666667,0.3155293013271101,0.0,0.8272172977871856,-0.4649223615246879
26.109416543333335,0.32165845290751194,-1.7564075194265172e-17,0.8264036393620415,-0.4621610807092252
26.14278321,0.32743389647621884,1.3552527156068805e-17,0.8272313394016323,-0.4565910145307095
26.17614987666667,0.333249866634842,8.673617379884035e-18,0.8277379042120032,-0.45143602904351887
26.209516543333336,0.3393142888901612,-8.890457814381136e-18,0.8261902306775214,-0.4497505042665193
26.242883210000002,0.3447078140088457,1.7780915628762273e-17,0.8246557324443031,-0.44846342761477564
26.276249876666668,0.34731889541683325,-1.0476103491641187e-17,0.8265727263822625,-0.4428849883292777
26.309616543333334,0.3475658968509909,-2.8893987896738693e-17,0.8316623001284502,-0.4330539988168011
26.342983210000003,0.34805759679481807,7.359022245745361e-18,0.8358267157839543,-0.42455813558949146
26.37634987666667,0.34813857329447856,-1.949192218221596e-17,0.8364287292617947,-0.4233042813981266
26.409716543333335,0.3489884228040275,-3.848917712323541e-18,0.8351298966773619,-0.4251648344165076
26.44308321,0.35059360192994315,7.589415207398531e-19,0.8318798579876365,-0.43018603901133096
26.47644987666667,0.35115472732549524,-1.691355389077387e-17,0.827616402769201,-0.4378829151089645
26.509816543333336,0.3511925010320679,7.914675859144182e-18,0.8227079376583978,-0.4470072443850401
26.543183210000002,0.3512695419619723,6.288372600415926e-18,0.8171423309416393,-0.45704279873234066
26.576549876666668,0.35057592521399306,1.054386612742153e-17,0.812165626908164,-0.46635127868294923
26.609916543333334,0.348684146681638,6.0986372202309624e-18,0.8094322879786866,-0.4724814673936814
26.643283210000003,0.3469715763376394,4.800982745037374e-18,0.8068136827540429,-0.478186581299217
26.67664987666667,0.3472104457336252,-1.940721888749053e-17,0.8019403355426168,-0.48614463342019165
26.710016543333335,0.34850536978876895,1.0842021724855044e-17,0.7944870590651232,-0.4973271762194834
26.74338321,0.3505420473270135,-1.0842021724855044e-18,0.7834706782867266,-0.5131217880003949
26.77674987666667,0.35172028633153374,-2.0816681711721685e-17,0.7729115013971003,-0.5281104535899135
26.810116543333336,0.3509412005199875,1.3173056395698879e-17,0.7650103816965248,-0.5399994348831559
26.843483210000002,0.3475657539968741,1.6425662913155392e-17,0.7612048791681361,-0.5475081538928966
26.876849876666668,0.3444351225065445,-2.970713952610282e-17,0.7603878633712713,-0.5506130616154822
26.910216543333334,0.34104852925388324,-1.5178830414797062e-17,0.7634910807047381,-0.5484225290577277
26.943583210000003,0.3384968820108187,7.589415207398531e-19,0.7665534873970126,-0.5457248499275363
26.97694987666667,0.33647460667547413,-2.3852447794681098e-18,0.7690399229561944,-0.5434725714901496
27.010316543333335,0.3337481998897352,-1.6696713456276768e-17,0.7724779034329918,-0.5402684774981147
27.04368321,0.32922589180024864,3.2959746043559335e-17,0.7756763718844473,-0.5384574990363785
27.07704987666667,0.3236662104381876,-3.686287386450715e-18,0.7770613581587673,-0.5398294451741542
27.110416543333336,0.3179625949868667,-2.8189256484623115e-18,0.7726669503915461,-0.5494411451300728
27.143783210000002,0.312829850554195,-1.7719929256559963e-17,0.7625347553439353,-0.5662845852526844
27.177149876666668,0.30875979380542545,2.2768245622195593e-18,0.7479497238789559,-0.5875700811636217
27.210516543333334,0.30561393407393295,1.1817803680091998e-17,0.7317607308057935,-0.6092014085262976
27.243883210000003,0.30285447589624737,-6.5052130349130266e-18,0.7167080479760343,-0.6281789079521788
27.27724987666667,0.30018147871890616,-5.421010862427522e-19,0.7023176184769442,-0.6454773757545685
27.310616543333335,0.29779994794860687,-1.2793585635328952e-17,0.6893428054866423,-0.6603950995620823
27.34398321,0.29582813717925566,5.854691731421724e-18,0.6751377338072351,-0.6757771479139277
27.37734987666667,0.2942979658679757,-1.0625181290357943e-17,0.6560994327502174,-0.6949260691834888
27.410716543333336,0.2940617259570001,-1.3010426069826053e-17,0.632878953018392,-0.7162345510749494
27.444083210000002,0.2948072318437585,8.673617379884035e-18,0.6078734507574076,-0.7372778064725005
27.477449876666668,0.29463660431032945,3.469446951953614e-18,0.5878795362261892,-0.7533836488051483
27.510816543333334,0.2929926259282813,-2.5587171270657905e-17,0.5726487288224115,-0.7656557676460921
27.544183210000003,0.28825030303551913,-1.5449880957918438e-18,0.5614558208716243,-0.775679781874777
27.57754987666667,0.28086440358440057,-1.734723475976807e-18,0.5583735907156058,-0.7805985651988736
27.610916543333335,0.27177961610858964,6.938893903907228e-18,0.5634458040693794,-0.7801696393378035
27.64428321,0.2612385376591431,-1.9081958235744878e-17,0.5741554075537448,-0.7759510257861032
27.67764987666667,0.2505049805319523,9.540979117872439e-18,0.5908759988588623,-0.7668851339680721
27.711016543333336,0.239594128093021,8.673617379884035e-19,0.6052192124999878,-0.7591471257959419
27.744383210000002,0.2291253751463966,-1.3877787807814457e-17,0.6125906981847609,-0.7564616308587835
27.777749876666668,0.22101068659881634,-5.651403824080692e-18,0.6016044475643738,-0.7676108161561328
27.811116543333334,0.21784885587654104,8.673617379884035e-19,0.5641701131507132,-0.796400627461326
27.844483210000003,0.2221114442143035,0.0,0.49386307837989313,-0.8406936220539395
27.87784987666667,0.23700522036191873,-1.734723475976807e-17,0.3945717262323575,-0.8877734386538132
27.911216543333335,0.2622846614861381,-6.938893903907228e-18,0.2874510554906388,-0.9211832863477386
27.94458321,0.2939699431697595,-5.204170427930421e-18,0.19270349064487854,-0.9361875010947581
27.97794987666667,0.32760417745984194,1.734723475976807e-18,0.11850387908900717,-0.9373538998434469
28.011316543333336,0.35836134228133987,-1.734723475976807e-18,0.05853244994528776,-0.9317462640986113
28.044683210000002,0.3827057170303059,-1.734723475976807e-18,0.012841878910698417,-0.9237810456479189
28.078049876666668,0.4011003985930525,0.0,-0.02195947927224337,-0.9157708509876183
28.111416543333334,0.41456443476722543,0.0,-0.04984091655292838,-0.9086540664429423
28.144783210000003,0.4233960838255306,1.3010426069826053e-18,-0.07191381908199931,-0.903085908884778
28.17814987666667,0.4288540981691989,-1.3010426069826053e-18,-0.08884172358208461,-0.8989946110152427
28.211516543333335,0.4324302232385264,-5.204170427930421e-18,-0.10203303299980743,-0.8958757515452342
28.24488321,0.4353220542504739,-5.204170427930421e-18,-0.11278440997762787,-0.8931821684007948
28.27824987666667,0.4375420288174075,3.0357660829594124e-18,-0.1233883189730731,-0.8906920319388437
28.311616543333336,0.4392132052241832,-4.336808689942018e-18,-0.13597301276917861,-0.8880332764909051
28.344983210000002,0.4407302578681472,3.469446951953614e-18,-0.15060694870188257,-0.8849149037066701
28.378349876666668,0.4422343841097401,-2.6020852139652106e-18,-0.16623900232547476,-0.8813588052642973
28.411716543333334,0.44378398457844964,-2.168404344971009e-18,-0.183784877120866,-0.87708545420235
28.445083210000004,0.4462333887665457,2.168404344971009e-18,-0.2020805539320921,-0.8718022783133936
28.47844987666667,0.44968165384160536,6.938893903907228e-18,-0.22097341398568537,-0.8654231106862063
28.511816543333335,0.4537713521591247,-6.071532165918825e-18,-0.2396318998239379,-0.8582937216049353
28.54518321,0.4588167147432051,3.903127820947816e-18,-0.2580583166047522,-0.850231220023926
28.57854987666667,0.46475253426987717,3.0357660829594124e-18,-0.27512315649597924,-0.8416129339841538
28.611916543333336,0.4718915002403105,1.0408340855860843e-17,-0.2912931421503144,-0.8321458510003795
28.645283210000002,0.4798904690271524,3.3176586478056436e-17,-0.30623856612840955,-0.8221454119269385
28.678649876666668,0.4883387048362397,-1.734723475976807e-17,-0.3212692783789323,-0.8113638888493524
28.712016543333334,0.4976459933479573,-1.5829351718288365e-17,-0.3356749511606333,-0.7997942188263376
28.745383210000004,0.5070621494718899,2.3852447794681098e-18,-0.35013044576016683,-0.7875891362409297
28.77874987666667,0.5163094719428676,-1.1709383462843448e-17,-0.3660930497720799,-0.7742095375869862
28.812116543333335,0.5252433226013862,-4.7704895589362195e-18,-0.3829521812546302,-0.7599125468992977
28.84548321,0.5333974089547817,-1.734723475976807e-17,-0.4016696877842902,-0.744411624059966
28.87884987666667,0.5411075969185184,-2.168404344971009e-18,-0.4211721561949777,-0.7278850069915848
28.912216543333336,0.5485892099681546,-4.336808689942018e-19,-0.4395971946450459,-0.7111991178050784
28.945583210000002,0.5562388593090541,2.168404344971009e-18,-0.45595460278471106,-0.6947688332056922
28.978949876666668,0.5647304936470259,6.938893903907228e-18,-0.469675206472461,-0.6785902076881436
29.012316543333334,0.5743351841446678,-2.2768245622195593e-17,-0.47953562515505105,-0.6634641516017765
29.045683210000004,0.5855893293644351,6.938893903907228e-18,-0.4847690758138831,-0.6496799831217401
29.07904987666667,0.5984713861428783,-1.8648277366750676e-17,-0.4865295738317173,-0.6364911419299952
29.112416543333335,0.6131718267173544,-2.168404344971009e-18,-0.4861890354945407,-0.622607848235943
29.14578321,0.6293142484204599,2.6020852139652106e-18,-0.4866334432159885,-0.6059302506714311
29.17914987666667,0.6459054705097972,-1.0191500421363742e-17,-0.4891726640978509,-0.5861025745250816
29.212516543333336,0.6620849957653681,2.6020852139652106e-18,-0.4923075522597034,-0.5650457790041726
29.245883210000002,0.6772671569646302,9.974659986866641e-18,-0.495503457665224,-0.5438616750046417
29.27924987666667,0.6908052050082574,8.890457814381136e-18,-0.49894503413405306,-0.5232991703093633
29.312616543333334,0.702463307477709,-2.3798237686056822e-17,-0.5040586697705023,-0.5024640873501998
29.345983210000004,0.7123237172417081,1.6432439176733427e-17,-0.5107927246466777,-0.48133742250419165
29.37934987666667,0.7208598862948018,-7.48099499014998e-18,-0.5180495739896434,-0.4604190083176353
29.412716543333335,0.7285467496606985,1.49890950346121e-17,-0.5245815990175209,-0.4404926554791264
29.44608321,0.7361795821725785,-1.4203048459560108e-17,-0.5294289736029164,-0.4215976573724884
29.47944987666667,0.7445664360324062,2.47198095326695e-17,-0.5318012593117697,-0.40349503457715147
29.512816543333336,0.7528853864520036,4.119968255444917e-18,-0.5329570713143509,-0.38616104801371043
29.546183210000002,0.7610554856666653,1.3444106938820255e-17,-0.5329887254395678,-0.3697533857735199
29.57954987666667,0.7688975169462803,1.431146867680866e-17,-0.5319939548024931,-0.35465340896070324
29.612916543333334,0.7765319462816896,2.2551405187698492e-17,-0.5305925885035212,-0.33980824214416017
29.646283210000004,0.7838972290361057,-1.2034644114589099e-17,-0.5285141030037517,-0.32584962365430975
29.67964987666667,0.791142924157982,2.233456475320139e-17,-0.5255653314417044,-0.3128481355887055
29.713016543333335,0.7980625918296332,-2.168404344971009e-18,-0.5220744568518313,-0.3008892836659917
29.74638321,0.8040681406261694,1.7672495411513722e-17,-0.5180508753053067,-0.29171512786514986
29.77974987666667,0.8087799912312421,-5.095750210681871e-18,-0.5136930057100008,-0.286346680910775
29.813116543333336,0.8118712884691495,-1.8214596497756474e-17,-0.5090067249076774,-0.28596706970943897
29.846483210000002,0.8130631516862893,8.782037597132586e-18,-0.5038708720511671,-0.2916203965232106
29.87984987666667,0.8121529350548657,7.26415455565288e-18,-0.49782069151746644,-0.3042731818265271
29.913216543333338,0.8087540151392513,-1.2793585635328952e-17,-0.49047081486314736,-0.3245848467868147
29.946583210000004,0.8027563005272605,-2.168404344971009e-19,-0.4809142309453924,-0.3525674750143415
29.97994987666667,0.7934276991616147,1.3769367590565906e-17,-0.4686370133639367,-0.3883964931721649
30.013316543333335,0.7792424983157026,6.288372600415926e-18,-0.45285019356733447,-0.43325261800101106
