0.041708247630570676,-0.995458783529065,-0.031940953353507606,0.08967488942676832
0.2417082476305707,-0.9985134423342934,-0.02604581946287917,0.04788027533574576
0.4417082476305707,-0.9979924794185587,0.01409603966180588,0.0617439283642572
0.6417082476305708,-0.7294718591088242,-0.0118202620208984,0.6839086840902615
0.8417082476305707,-0.7579720785443967,-0.0155171040827402,0.652102405782997
1.0417082476305706,-0.9295098939274188,0.004848415362609521,0.36876530471223845
1.2417082476305707,-0.9683052997501348,0.011431372250592778,0.24950785599710237
1.4417082476305707,-0.8196183991834619,-0.06898768906829486,0.5687410469422401
1.6417082476305707,-0.6416295857714768,-0.13000277719705416,0.7559171598685773
1.8417082476305706,-0.6756393636927376,-0.11144922561915654,0.7287595764981504
2.0417082476305706,-0.9796476329147136,-0.20003457832549645,-0.016633784859103884
2.2417082476305707,-0.9652197277337624,-0.22303392828030763,-0.13640653954050933
2.441708247630571,-0.9668955906772705,-0.24221333457940306,-0.08028460176633109
2.6417082476305707,-0.932916281924882,-0.3523119277157478,-0.07445479506833247
2.841708247630571,-0.9086939011645507,-0.4055923555237909,-0.09884449973070399
3.0417082476305706,-0.8711403510737356,-0.4797518914884309,-0.10465472442466082
3.2417082476305707,-0.8428290189492281,-0.525347003529728,-0.11683223313545608
3.441708247630571,-0.9507376037098871,-0.30988765053350054,0.008225140655874204
3.6417082476305707,-0.8725531916587672,-0.48464537356120374,0.061398612458428474
3.841708247630571,-0.8691402793274845,-0.494449675973448,0.01070947152264664
4.041708247630571,-0.9545353575295329,-0.29290474877616174,0.05539909178263599
4.241708247630571,-0.9506113763919796,-0.29854359339963576,0.08491015200892933
4.441708247630571,-0.8322806862667914,-0.5374792168712423,-0.1357385380013904
4.6417082476305715,-0.8231684210058365,-0.5481661457326887,-0.14801225399042736
4.841708247630572,-0.8868998745452079,-0.46128339662859263,0.02502479823062465
5.041708247630571,-0.8750421244355642,-0.4840384942330625,0.00283135371932389
5.241708247630571,-0.8043752868984798,-0.5941203356907043,0.0011935433603796144
5.441708247630571,-0.7438783689991292,-0.6661794261933366,0.05338486912892529
5.6417082476305715,-0.8718064223190557,-0.48742869804141775,0.04865003935144208
5.841708247630572,-0.8628995481275962,-0.5042654699146473,0.03347694270614361
6.041708247630571,-0.8377688001827746,-0.5431848312358877,0.05562082843283295
6.241708247630571,-0.5977083808443523,-0.790799500911633,0.1318364169201168
6.441708247630571,-0.39060026649370627,-0.9106943206429448,0.13441460547028145
6.6417082476305715,-0.39124598193296783,-0.9172128743932784,0.075147353037403
6.841708247630572,0.546297363025329,-0.7739015972701261,0.3203677713102858
7.041708247630571,0.7884924236093784,-0.5230576077214925,0.32355901612422616
7.241708247630571,0.8468729945271927,-0.4512833748175136,0.28133511468329153
7.441708247630571,0.9400737920638801,-0.028119293607169176,0.33980960963702983
7.6417082476305715,0.7117087977377294,-0.07422545575890087,0.6985421740597338
7.841708247630572,0.6897398516949624,-0.04400532721216802,0.722718802966106
8.04170824763057,0.7056091148630343,-0.29923815606318666,0.6423179142590604
8.241708247630571,0.6806523025834653,0.06301708744224854,0.7298912862050914
8.44170824763057,0.6190411283496227,0.3684039674491513,0.6935896468224934
8.64170824763057,0.6268398856505836,0.37177325445599957,0.6847308997180993
8.84170824763057,0.6354704762312549,0.398957562534447,0.6610674225334324
9.04170824763057,0.3379488273323408,0.730235495126988,0.5937564414482916
9.241708247630571,0.41923697102076496,0.7479290868377456,0.5146284515953145
9.44170824763057,0.28544569067911874,0.7376225704122729,0.6119098800404456
9.641708247630572,0.39909801136087175,0.509108931660798,0.7625804043056696
9.84170824763057,0.15926230630986427,-0.27234010762988775,0.9489290719358349
10.04170824763057,0.08199389944839068,-0.43423817672630494,0.8970586415205315
10.241708247630571,-0.08229335758881891,-0.4777198135052393,0.8746494058085664
10.44170824763057,-0.2739442996181865,-0.5277718914869315,0.8039971089892101
10.641708247630572,-0.2606042479845105,-0.7123244972527434,0.6516741797447975
10.84170824763057,-0.10821697470146724,-0.9916946210513876,0.06950442406212277
11.04170824763057,-0.3776897584950426,-0.9222781926688196,-0.08217896114877646
11.241708247630571,-0.3205165963955356,-0.9232134092981442,-0.21200498184504663
11.44170824763057,-0.31796976649203723,-0.9212271230571061,-0.22413347661812405
11.641708247630572,-0.27741887488030703,-0.9354795210042933,-0.21889914034029898
11.84170824763057,-0.05080961455789207,-0.9947812205284573,-0.0884799771269821
12.04170824763057,-0.00968269176401887,-0.9932453939214836,-0.11562799372972102
12.241708247630571,0.7053517071431664,-0.7066831543128885,-0.055478722413257825
12.44170824763057,0.727416508852889,-0.6790261291530542,-0.09893805423442817
12.641708247630572,0.9214577169064202,-0.3827471457223785,-0.06648532465875485
12.84170824763057,0.9390433275841136,-0.3319019881794273,-0.08965879300045765
13.04170824763057,0.9844073278001425,0.17313172299108628,-0.03110658238251796
13.241708247630571,0.9760311016100796,0.19351379262231602,-0.09957761171439014
13.44170824763057,0.6217598338812803,0.7829871443644362,-0.018596793593203657
13.641708247630572,0.5983323556906633,0.800958922928158,0.021521986790871795
13.84170824763057,0.6887174429318104,0.5950998069785669,0.4141551684278979
14.04170824763057,0.674490191822156,0.48299134678832045,0.5583747308603029
14.241708247630571,0.8394343703726405,-0.15570007342327302,0.5206797720029809
14.44170824763057,0.8154427575146986,-0.1911715768766305,0.54635751794162
14.641708247630572,0.7443158218118553,-0.29643794275857793,0.5984300322457126
14.84170824763057,0.7490537597321794,-0.2530813454301651,0.6122648917146433
15.04170824763057,0.7553041922881787,-0.1942631933765056,0.625921232113966
15.241708247630571,0.7563590739295601,-0.13451575799784496,0.640176899094839
15.44170824763057,0.762523227444126,-0.1395269221866437,0.6317361518809228
15.641708247630572,0.6794440615491135,0.09401840429981612,0.7276787112995408
15.84170824763057,0.6556270231013939,0.22535325511117202,0.7206726836713067
16.04170824763057,0.04224069761903848,0.7399205232465654,0.6713667721470779
16.24170824763057,-0.15239096934582996,0.6784578992548265,0.7186597744416802
16.441708247630572,-0.2088529973350502,0.6451398135366113,0.7349660172376082
16.64170824763057,-0.13614408881965073,0.6343404581438111,0.7609710705679731
16.84170824763057,-0.06466632387956567,0.6567375183292714,0.7513415325766392
17.04170824763057,0.14412627276948972,0.5740745237578055,0.8060186466018163
17.24170824763057,0.14633859726662873,0.6568996688282978,0.7396403450619146
17.441708247630572,0.080028008563129,0.7253251780318545,0.683738915053457
17.64170824763057,-0.026937883923282946,0.9976757725108922,-0.06258916323558043
17.84170824763057,-0.08174340331681068,0.9305449606147629,-0.35693709850428096
18.04170824763057,-0.2210195025372509,0.8122964015479327,-0.5397452505862981
18.24170824763057,-0.3571243045312722,0.7739841610852992,-0.5228869375898971
18.441708247630572,-0.651106065681525,0.7430031687378106,-0.15494251346321514
18.64170824763057,-0.9278000490913482,0.35311035015363335,0.12041656663628424
18.84170824763057,-0.9891396290807568,0.05678030100811935,0.1355684019209879
19.04170824763057,-0.9891920132492673,0.10283062986954039,0.10452283235970745
19.241708247630573,-0.9524343896371783,0.290559168867647,0.09189179954380221
19.441708247630572,-0.6850793737120118,0.566139497647913,0.45842373511558726
19.64170824763057,0.39689878142856533,0.8116257643649779,0.4286431801854372
19.84170824763057,0.7359635246769964,0.5085254908324885,0.4469446448035696
20.04170824763057,0.9333977630934142,-0.13891457041034652,0.33086456138414067
20.241708247630573,0.7987084577625838,-0.5239390748533612,0.29589296264074805
20.441708247630572,0.43724798931702646,-0.8730998998081055,0.21566353607713495
20.64170824763057,0.061750241219062085,-0.9924709437319472,0.1057749193202516
20.84170824763057,0.03578471508910913,-0.9952883431782701,0.09011419477221923
21.04170824763057,0.13984759194728746,-0.9882073444328169,0.06236100893655494
21.241708247630573,0.20154744786059048,-0.9793704444296057,0.014565673298524179
21.441708247630572,0.15568221864885962,-0.9877674691567874,-0.008858536682999804
21.64170824763057,0.18294355921452343,-0.9826680456162843,0.02991932931391298
21.84170824763057,0.17620127476911723,-0.9843061903364876,0.009717738163169537
22.04170824763057,-0.22703587418541188,-0.9697780738956977,0.08935994194277759
22.241708247630573,-0.5945843479936888,-0.7977891532522127,0.10000959990939783
22.441708247630572,-0.8586172406179574,-0.4934196023721717,0.13897312728902853
22.64170824763057,-0.954584392569988,-0.2852284015050521,0.08610108266834002
22.84170824763057,-0.9920637478986862,0.11642276193415281,0.04748958421417576
22.981244444444442,-0.99107187317348,0.12169499690926884,0.054468981371628276
