0.041666666666666664,-0.9987792296423158,-0.04806482387094005,0.011393995846845363
0.24166666666666667,-0.9982998182123046,-0.05671899907126725,0.013432352795880545
0.4416666666666667,-0.9723557560017803,0.2020294186206886,-0.11708286715823311
0.6416666666666667,-0.915419543251434,0.2727994544021909,-0.2959518837770806
0.8416666666666667,-0.8689926457378676,0.2733123132912847,-0.4124950436755184
1.0416666666666667,-0.7983282792402988,-0.16830354143731688,-0.5782264923928003
1.241666666666667,-0.8012632781429978,-0.38568295842347644,-0.4574120841005974
1.4416666666666669,-0.4388694699453663,-0.5666821338256376,-0.6973270018812522
1.6416666666666668,-0.2610582162651011,-0.7227172035308469,-0.6399441002470732
1.8416666666666668,-0.7238114063338779,-0.5175790342821643,-0.4562992344202607
2.0416666666666665,-0.2749119833174679,-0.8790513935684308,-0.3894766345929567
2.2416666666666667,-0.32992991042071534,-0.8639006535352455,-0.38055474643098913
2.441666666666667,-0.3577592065755237,-0.8672387498654817,-0.3462734480756623
2.6416666666666666,-0.36767482241945226,-0.8758971744316365,-0.3124409780766596
2.841666666666667,-0.2687790087240029,-0.9158168179154721,-0.2983913545874292
3.0416666666666665,-0.25755152666062264,-0.92750707729764,-0.2709203437868264
3.2416666666666667,-0.260115700824219,-0.9015179272381121,-0.3458399182469017
3.441666666666667,-0.26455511227992745,-0.9070484497060696,-0.3275266438816401
3.6416666666666666,-0.27465423787942206,-0.9052236146993071,-0.3242456738425266
3.841666666666667,-0.2930235737028318,-0.9009801929554473,-0.3199560550394167
4.041666666666667,-0.26797958618659123,-0.8026020197393308,-0.5329323965547696
4.241666666666667,-0.2755914677905961,-0.7906496125455488,-0.5467380845181706
4.441666666666667,-0.28040306941645815,-0.7913349784637668,-0.5432891224031445
4.6416666666666675,-0.2999511376173045,-0.7910098040642463,-0.5332286610041954
4.841666666666668,-0.3192326060540788,-0.8580117788876067,-0.40237585728028735
5.041666666666667,-0.3476916805250785,-0.8672969918214732,-0.3562392781138404
5.241666666666667,-0.3649460623689489,-0.8638634905710022,-0.3472092182242328
5.441666666666667,-0.5293441350096583,-0.8458268032858859,0.06611963077676665
5.6416666666666675,-0.6294061995699449,-0.7556223981557222,0.18133567588401917
5.841666666666668,-0.2928387556531261,-0.938491847722291,-0.18297135006970097
6.041666666666667,-0.3265436119525731,-0.9293501112143927,-0.17227199505074367
6.241666666666667,-0.2493976408363916,-0.9262439997341224,-0.2826178863797859
6.441666666666667,-0.3535716263354921,-0.880587667657837,-0.3155193569646812
6.6416666666666675,-0.3404065315063678,-0.8851412276730928,-0.3172513205349585
6.841666666666668,-0.35370248609455046,-0.8811850860240352,-0.3136995306010972
7.041666666666667,-0.40412581209996845,-0.9028431577166348,-0.1468215262105546
7.241666666666667,-0.4582439740027078,-0.8884809880201493,-0.024778906693899223
7.441666666666667,-0.4216927912773424,-0.9029564334653917,-0.08273372376596679
7.6416666666666675,-0.35299332157078134,-0.8648502463815618,-0.35697306097264453
7.841666666666668,-0.3225241972886325,-0.8741006675869876,-0.3632164163240782
8.041666666666666,-0.3794586479752612,-0.8964357185730951,-0.22894133952417853
8.241666666666667,0.12986172266968277,-0.9282104225704442,-0.34865648483408385
8.441666666666666,0.27321855806382245,-0.8931348499710218,-0.3572978579515502
8.641666666666666,-0.010114205407344201,-0.9638017270719254,-0.2664281023881531
8.841666666666667,0.31989099323037307,-0.9259491421786087,-0.2007185555667039
9.041666666666666,0.32666570223569574,-0.9182865222878094,-0.2236948411730148
9.241666666666667,0.31206208137452474,-0.9269962478409167,-0.2080750197814742
9.441666666666666,-0.09738612717708955,-0.9391813207364106,-0.32932413973661107
9.641666666666667,-0.3260720255350076,-0.8348297568402715,-0.4435496716913571
9.841666666666667,-0.4134983081893589,-0.8288802099166858,-0.37679801848339034
10.041666666666666,-0.41743762327812295,-0.8101318531454489,-0.41162144160749586
10.241666666666667,-0.3438863093297737,-0.8473470487608447,-0.4046544021901087
10.441666666666666,-0.39338716876155455,-0.9029260573772306,-0.1731215479453049
10.641666666666667,-0.41890504336510953,-0.8913290527867417,-0.17335248570922202
10.841666666666667,-0.41472656891818577,-0.9082211540736287,-0.05600186002728062
11.041666666666666,-0.13202728168102984,-0.942530423218736,-0.30692865327145336
11.241666666666667,-0.07034652431137045,-0.9552531920220566,-0.28730246370155277
11.441666666666666,-0.05920059470354322,-0.9631301911255394,-0.26244146876823604
11.641666666666667,-0.39674743878936825,-0.898567289422139,-0.1875321204344114
11.841666666666667,-0.39581287975871104,-0.886441205182752,-0.2399044684270522
12.041666666666666,-0.40101101650176835,-0.8851601451529597,-0.23596966346759493
12.241666666666667,-0.35756998985923816,-0.7527205475835247,-0.5527707296860281
12.441666666666666,-0.32662400710178474,-0.7046179285316888,-0.6299447061262483
12.641666666666667,-0.3053048862816865,-0.6911753555189769,-0.6550309567766565
12.841666666666667,-0.3356038083672805,-0.7388118118679554,-0.5844032772442046
13.041666666666666,-0.33809399614429647,-0.7424191554972205,-0.5783651505078556
13.241666666666667,-0.3559841280241186,-0.8540677650356934,-0.37926712660319484
13.441666666666666,-0.35549975039899706,-0.860219158899785,-0.3655720532644664
13.641666666666667,-0.3616684130184766,-0.8619494387270655,-0.35530145525003654
13.841666666666667,-0.3658572767093693,-0.8634781966715308,-0.347208664856863
14.041666666666666,0.10805531742632013,-0.7862424994495821,-0.6083968938408306
14.241666666666667,-0.6765104851099432,-0.4843100518413979,-0.554776835512886
14.441666666666666,-0.5654223028515302,-0.7170458212678165,-0.40760631697808003
14.641666666666667,-0.4681515259454768,-0.8039632670181565,-0.3667113497567455
14.841666666666667,-0.4725796877912806,-0.7959011921633723,-0.378430615833364
15.041666666666666,-0.47057633799535437,-0.8037402565215639,-0.36408722878663663
15.241666666666667,-0.46203346515292953,-0.8152428182661631,-0.34914785456052927
15.441666666666666,-0.4623613024078948,-0.8172430237028209,-0.3439998055882392
15.641666666666667,-0.456101794273975,-0.8223230567698242,-0.34022925148316324
15.841666666666667,-0.45638478162733803,-0.8259579453368009,-0.3309175178711114
16.041666666666668,-0.5017063840240361,-0.7812961466572501,-0.3713045050198813
16.241666666666667,-0.49598753646494986,-0.7844695831557544,-0.37229536227955756
16.44166666666667,-0.4876365272568134,-0.7874003148390954,-0.37710921690699656
16.64166666666667,-0.4844348849603221,-0.7915603000588187,-0.37249850147923047
16.84166666666667,-0.48515632914777135,-0.8171112224560807,-0.31137210283548017
17.041666666666668,-0.48187272624642047,-0.8288694310538742,-0.28420792030530934
17.241666666666667,-0.3960562858378984,-0.8542426941149445,-0.3367622870802646
17.44166666666667,-0.3833043966086931,-0.8499789013826886,-0.36140504526738865
17.64166666666667,-0.3805634900945864,-0.8496812319550833,-0.3649838819322291
17.84166666666667,-0.38309157235694313,-0.8472080430572069,-0.36807523547267224
18.041666666666668,-0.3809768795702722,-0.8489203329887561,-0.366320741251649
18.241666666666667,-0.36719045446118553,-0.846913620008024,-0.3845887289007474
18.44166666666667,-0.3803210919544884,-0.8405931528430632,-0.38569290686750324
18.64166666666667,-0.4046684491520036,-0.8343053438540042,-0.37440357834503085
18.84166666666667,-0.40620891722603686,-0.83509643905225,-0.37095586401660036
19.041666666666668,-0.33072219395833213,-0.8560888615437228,-0.3971582701696644
19.24166666666667,-0.305797885271385,-0.867023016119463,-0.39339387753580796
19.44166666666667,-0.27973153394409894,-0.8784572246245055,-0.3873798825730273
19.64166666666667,-0.2956681990603473,-0.8723871327854736,-0.3892569930197155
19.84166666666667,-0.30537495390191155,-0.869526405005345,-0.38816229663361973
20.041666666666668,-0.6983113954295651,-0.6151664602305941,-0.365966420892101
20.24166666666667,-0.7870853579750319,-0.48786989753969584,-0.37746470343056265
20.44166666666667,-0.4280465307981999,-0.8615091005479117,-0.2730901630318336
20.64166666666667,-0.9125320965932356,-0.3127764547607243,-0.263545180252773
20.84166666666667,-0.9330008349269691,-0.29681723194200643,-0.20349194786984742
21.041666666666668,-0.95253331723219,-0.23767003240034915,-0.19024519773559942
21.24166666666667,-0.9415895343657077,-0.2751881143345334,-0.19411504450189812
21.44166666666667,-0.9486672807555765,-0.2566561044686884,-0.18481892344340206
21.64166666666667,-0.9417344892213037,-0.24914004581317822,-0.22597652396498527
21.84166666666667,-0.9338432414581177,-0.21750448933511315,-0.2839517520672614
22.041666666666668,-0.9326884464581406,-0.2156996493089419,-0.28907771123263665
22.24166666666667,-0.9321899332425343,-0.2379389883530391,-0.27277640327347186
22.44166666666667,-0.9331821733407049,-0.25737099284115494,-0.25086092442442404
22.64166666666667,-0.9398264859700382,-0.27150940243185984,-0.20738568094327103
22.84166666666667,-0.946936146800868,-0.2759963436525725,-0.16473600751607598
23.041666666666668,-0.9516770589927033,-0.278269869904535,-0.12991018008728814
23.24166666666667,-0.9501727989879065,-0.28119626869827646,-0.13453739455502223
23.44166666666667,-0.9537569960225778,-0.2684237172935458,-0.13526381826750003
23.64166666666667,-0.9592011624478174,-0.2514734451668965,-0.12920617761797545
23.84166666666667,-0.9614434249180932,-0.24274154489670985,-0.12924040801129572
24.041666666666668,-0.9612905232261971,-0.23988202189915273,-0.13556233077473273
24.24166666666667,-0.9326777006634258,-0.23657010542110524,-0.2722992690152362
24.44166666666667,-0.7260818490224336,-0.6307980171320821,-0.2736768351585458
24.64166666666667,-0.13904870680074677,-0.9304263493249768,-0.3390756045763777
24.84166666666667,-0.3963328852805984,-0.8962742252702445,-0.1990295384142253
25.041666666666668,-0.394712366112989,-0.856439320828387,-0.3327368897139253
25.24166666666667,-0.4063717899806487,-0.842966637877198,-0.35251839063222795
25.44166666666667,-0.6609012692173294,-0.6918878350519242,-0.2906901031237298
25.64166666666667,-0.9461654272758675,-0.2883598014420219,-0.14703608108281732
25.84166666666667,-0.9669767420429451,-0.21725581012865208,-0.13325124132012547
26.041666666666668,-0.9710633704522459,-0.1933163569522514,-0.14023094059669758
26.24166666666667,-0.9725804969190344,-0.1803812881829129,-0.14679839197415487
26.44166666666667,-0.9759315634029889,-0.1487292296681486,-0.15949043794571993
