19.999821      17.250914      -1.868534       4.456011       0.474489       0.568889
19.999821      17.226175      -1.873249       4.454479       0.476021       0.568574
19.999821      17.192812      -1.883807       4.429491       0.475003       0.567869
19.999821      17.178446      -1.894949       4.395889       0.474348       0.568013
19.999821      17.171280      -1.912369       4.356089       0.474348       0.568013
19.999821      17.180384      -1.930132       4.328159       0.474348       0.568013
19.999821      17.153568      -1.956792       4.300969       0.556009       0.936327
19.999821      17.134003      -1.982501       4.266978       0.556009       0.936327
19.999821      17.108627      -2.008013       4.229490       0.517678       0.908254
19.999821      17.091488      -2.028134       4.199455       0.468224       0.815026
19.999821      17.073689      -2.042077       4.175678       0.421095       0.533721
19.999821      17.059454      -2.050287       4.145002       0.101820       0.508022
19.999821      17.027494      -2.056612       4.106730       0.462559       0.537576
19.999821      17.003901      -2.049473       4.077127       0.474797       0.574250
19.999821      16.954004      -2.038467       4.032187       0.474708       0.572627
19.999821      16.915916      -2.029071       3.962011       0.544113       0.630914
19.999821      16.873579      -2.038960       3.880625       0.475272       0.559891
19.999821      16.840775      -2.072811       3.808533       0.474271       0.560085
19.999821      16.785309      -2.132145       3.745585       0.471657       0.416932
20.003407      16.731421      -2.206032       3.699727       0.472748       0.557790
19.999821      16.668594      -2.280659       3.675610       0.472408       0.559020
19.999821      16.600512      -2.345893       3.671555       0.424637       0.441005
20.025692      16.508345      -2.393675       3.676687       0.471128       0.564704
19.999821      16.401175      -2.414281       3.687013       0.471056       0.566052
19.999821      16.250616      -2.418379       3.681195       0.473461       0.576638
19.999821      16.077425      -2.414338       3.650707       0.490122       0.643723
19.999821      15.896294      -2.404458       3.587665       0.490870       0.646242
19.999821      15.716273      -2.386532       3.501032       0.492328       0.651059
19.999821      15.499342      -2.358376       3.412934       0.493006       0.651961
19.999821      15.281210      -2.309039       3.341772       0.492662       0.651910
19.999821      15.031943      -2.250926       3.270664       0.493433       0.651963
19.999821      14.802903      -2.187108       3.196001       0.494332       0.652181
19.999821      14.571466      -2.122277       3.127990       0.494514       0.651163
19.999821      14.344931      -2.055003       3.062322       0.494059       0.649838
19.999821      14.119015      -1.984804       2.984920       0.494663       0.649614
19.999821      13.932751      -1.897494       2.893481       0.494382       0.648706
19.999821      13.748915      -1.793286       2.810896       0.494391       0.647444
19.999821      13.584011      -1.650743       2.742775       0.506676       0.791977
19.999821      13.455228      -1.460980       2.662062       0.504803       0.639314
20.020569      13.364062      -1.220677       2.560961       0.501596       0.634781
19.999821      13.272589      -0.939448       2.438616       0.502739       0.634833
19.999821      13.205784      -0.637883       2.286805       0.501091       0.629957
19.999821      13.097508      -0.350623       2.083129       0.502039       0.629231
19.999821      12.906157      -0.095982       1.838231       0.503421       0.629613
19.999821      12.635731       0.109310       1.569871       0.504545       0.629721
19.999821      12.346450       0.280040       1.288132       0.506976       0.629774
19.999821      12.079123       0.405846       1.002975       0.506894       0.628727
19.999821      11.866302       0.563105       0.736362       0.466360       0.579915
19.999821      11.825948       0.806604       0.469425       0.441231       0.546844
19.999821      11.962390       1.136940       0.183599       0.406183       0.519494
19.999821      12.260826       1.550158      -0.109566       0.407660       0.520551
20.003151      12.687727       2.054456      -0.388861       0.410729       0.521629
19.999821      13.229151       2.660476      -0.656390       0.415705       0.523927
19.999821      13.817534       3.358244      -0.926368       0.420038       0.525831
19.999821      14.459422       4.135489      -1.186234       0.424714       0.527522
19.999821      15.088923       4.976481      -1.429737       0.455408       0.542949
20.008017      15.690807       5.870024      -1.660507       0.457613       0.545519
19.999821      16.262630       6.805666      -1.882957       0.460400       0.548473
19.999821      16.852848       7.775114      -2.090644       0.407367       0.530426
19.999821      17.427961       8.767044      -2.306106       0.393570       0.522515
19.999821      17.973734       9.760992      -2.586715       0.395889       0.522036
19.999821      18.480129      10.715941      -2.946834       0.399227       0.523622
19.999821      18.949385      11.612255      -3.337203       0.430848       0.537423
19.999821      19.370136      12.423470      -3.770053       0.436747       0.539447
19.999821      19.756615      13.105875      -4.260902       0.441675       0.541170
19.999821      20.063738      13.657825      -4.848805       0.471408       0.554812
19.999821      20.322222      14.077467      -5.505516       0.474669       0.555537
19.999821      20.562325      14.337936      -6.221072       0.476051       0.554061
19.999821      20.790846      14.402520      -7.033035       0.478924       0.554041
19.999821      20.983332      14.266061      -7.948898       0.484892       0.555128
19.999821      21.137562      13.933846      -8.952825       0.482299       0.730337
20.003151      21.292183      13.377265     -10.024395       0.538537       0.491510
19.999821      21.503643      12.541101     -11.109460       0.540508       0.493926
19.999821      21.688623      11.431149     -12.121246       0.494963       0.704485
19.999821      21.773586      10.089028     -13.017789       0.543867       0.497247
19.999821      21.744345       8.615075     -13.893414       0.539127       0.491989
19.999821      21.697548       7.032706     -14.838513       0.536561       0.493524
19.999821      21.761906       5.211626     -15.893232       0.532620       0.494791
19.999821      21.889952       3.090216     -16.945379       0.460628       0.618525
19.999821      22.009560       0.793662     -17.825893       0.496832       0.510093
19.999821      22.086285      -1.428424     -18.544472       0.490876       0.515134
19.999821      22.068531      -3.415490     -19.217226       0.486013       0.518880
19.999821      21.937799      -5.097408     -19.902166       0.462307       0.534100
19.999821      21.762680      -6.456975     -20.552999       0.404468       0.474226
19.999821      21.586823      -7.569056     -21.151562       0.483735       0.532838
19.999821      21.458616      -8.457441     -21.641571       0.485754       0.531590
19.999821      21.302467      -9.142467     -21.933365       0.486401       0.532024
19.999821      21.151949      -9.574223     -22.041847       0.486378       0.532097
20.007761      20.985516      -9.809181     -22.067415       0.485386       0.532146
19.999821      20.843086      -9.896922     -21.999258       0.485192       0.532067
19.999821      20.722525      -9.908095     -21.810585       0.485554       0.532605
19.999821      20.602976      -9.881125     -21.561180       0.485399       0.532699
19.999821      20.486067      -9.835805     -21.274603       0.442023       0.639987
19.999821      20.422504      -9.816710     -20.902401       0.442130       0.638880
19.999821      20.348108      -9.899003     -20.425982       0.489869       0.534501
19.999821      20.249153     -10.112610     -19.872795       0.490746       0.533417
19.999821      20.097094     -10.486863     -19.289589       0.490669       0.533208
19.999821      19.883738     -11.048961     -18.666525       0.492294       0.533941
19.999821      19.586306     -11.835984     -17.973539       0.530510       0.554332
19.999821      19.229471     -12.836187     -17.175409       0.599856       0.474764
19.999821      18.768126     -13.992203     -16.280853       0.585894       0.594150
19.999821      18.235153     -15.232212     -15.321030       0.588677       0.596965
19.999821      17.646687     -16.497293     -14.258352       0.610448       0.620214
19.999821      17.070429     -17.743105     -13.037665       0.585306       0.612597
20.002126      16.546425     -18.948416     -11.675579       0.580575       0.613929
19.999821      16.047129     -20.077148     -10.290347       0.577225       0.615969
19.999821      15.546040     -21.154709      -9.029584       0.571914       0.616710
19.999821      15.035768     -22.183939      -7.939872       0.534824       0.612721
19.999821      14.501613     -23.184614      -6.985491       0.533149       0.612537
19.999821      14.023744     -24.158869      -6.192396       0.529134       0.610650
19.999821      13.646790     -25.088373      -5.548448       0.525555       0.608770
19.999821      13.356852     -25.969883      -4.955276       0.523323       0.608054
19.999821      13.116906     -26.797640      -4.280876       0.520816       0.607719
19.999821      12.938401     -27.589233      -3.516671       0.522419       0.607692
19.999821      12.795267     -28.309776      -2.729864       0.524049       0.607083
19.999821      12.637506     -28.977657      -1.930569       0.551932       0.597538
19.999821      12.458315     -29.601284      -1.103906       0.550682       0.597817
19.999821      12.216647     -30.196751      -0.253178       0.548326       0.597755
19.999821      11.916135     -30.770477       0.590738       0.546268       0.597913
19.999821      11.551950     -31.338671       1.368341       0.543791       0.597734
19.999821      11.145777     -31.957327       2.078219       0.541367       0.597331
20.000589      10.699773     -32.605556       2.761061       0.538369       0.596209
19.999821      10.240757     -33.238674       3.427488       0.536029       0.595006
19.999821       9.708896     -33.832947       4.178161       0.533509       0.593662
19.999821       9.098638     -34.370174       5.033243       0.532391       0.592801
19.999821       8.355412     -34.832336       5.964382       0.505239       0.574159
19.999821       7.525522     -35.191032       6.791050       0.506584       0.568814
19.999821       6.715512     -35.472683       7.457314       0.526921       0.533266
19.999821       5.990728     -35.718472       8.069359       0.522957       0.522405
19.999821       5.352747     -35.911648       8.666411       0.522070       0.517279
19.999821       4.849347     -36.069550       9.216707       0.521019       0.513148
19.999821       4.507852     -36.207180       9.678983       0.521029       0.509942
19.999821       4.351462     -36.350201      10.047553       0.479645       0.708353
19.999821       4.340984     -36.501419      10.364011       0.518177       0.493010
19.999821       4.468604     -36.645245      10.599244       0.518714       0.492935
19.999821       4.708551     -36.790474      10.828571       0.518998       0.492612
19.999821       5.043519     -36.893490      11.115496       0.519221       0.493258
19.999821       5.407616     -36.945572      11.463640       0.519770       0.493861
20.001614       5.780882     -36.959003      11.872996       0.519978       0.495665
19.999821       6.142295     -36.953045      12.365556       0.520068       0.497487
19.999821       6.532471     -36.933182      12.941493       0.520259       0.497866
19.999821       6.912747     -36.911671      13.556170       0.520765       0.498503
19.999821       7.335990     -36.895126      14.178175       0.521446       0.500022
19.999821       7.789629     -36.899391      14.929191       0.522092       0.502796
19.999821       8.292896     -36.912716      15.827611       0.531313       0.708583
19.999821       8.814746     -36.942379      16.834948       0.531313       0.708583
19.999821       9.351402     -36.975319      17.902649       0.468237       0.752852
19.999821       9.848767     -37.003868      19.038210       0.468237       0.752852
19.999821      10.313931     -37.049694      20.227793       0.468237       0.752852
19.999821      10.806972     -37.110264      21.426121       0.468237       0.752852
19.999821      11.358701     -37.212620      22.585419       0.468237       0.752852
20.006993      11.970358     -37.378635      23.696657       0.468237       0.752852
19.999821      12.583568     -37.597557      24.796856       0.468237       0.752852
20.000845      13.251390     -37.857769      25.881479       0.468237       0.752852
20.008017      13.945673     -38.143719      26.948977       0.468237       0.752852
19.999821      14.658684     -38.439716      28.029829       0.468237       0.752852
19.999821      15.427599     -38.728386      29.166471       0.468237       0.752852
19.999821      16.285656     -38.977077      30.346697       0.468237       0.752852
19.999821      17.179956     -39.185036      31.619137       0.468237       0.752852
19.999821      18.093477     -39.311436      32.934639       0.468237       0.752852
19.999821      18.986460     -39.328716      34.257729       0.468237       0.752852
19.999821      19.860739     -39.271328      35.577644       0.468237       0.752852
20.008530      20.724344     -39.180546      36.858665       0.468237       0.752852
20.004944      21.592857     -39.080570      38.066978       0.468237       0.752852
19.999821      22.436619     -38.983482      39.149818       0.468237       0.752852
19.999821      23.206593     -38.918888      40.166832       0.468237       0.752852
19.999821      23.914051     -38.905205      41.178345       0.468237       0.752852
19.999821      24.567389     -38.916466      42.184143       0.468237       0.752852
19.999821      25.182529     -38.961399      43.140480       0.468237       0.752852
19.999821      25.748968     -39.073135      44.006561       0.468237       0.752852
19.999821      26.232159     -39.224144      44.831867       0.468237       0.752852
19.999821      26.664509     -39.394718      45.562435       0.468237       0.752852
19.999821      27.031958     -39.578690      46.172379       0.468237       0.752852
19.999821      27.359489     -39.788761      46.705704       0.468237       0.752852
19.999821      27.690428     -39.978436      47.218029       0.468237       0.752852
19.999821      28.045267     -40.155811      47.716961       0.468237       0.752852
19.999821      28.444538     -40.325672      48.187439       0.468237       0.752852
19.999821      28.897282     -40.537552      48.556171       0.468237       0.752852
19.999821      29.400455     -40.799877      48.863491       0.468237       0.752852
19.999821      29.959774     -41.125877      49.131985       0.468237       0.752852
19.999821      30.537451     -41.454372      49.387745       0.468237       0.752852
19.999821      31.171839     -41.787731      49.623425       0.468237       0.752852
19.999821      31.865551     -42.109806      49.892467       0.468237       0.752852
19.999821      32.603600     -42.403664      50.209068       0.468237       0.752852
19.999821      33.398270     -42.674988      50.481350       0.468237       0.752852
19.999821      34.215412     -42.937374      50.721531       0.468237       0.752852
19.999821      35.000210     -43.158234      51.028896       0.468237       0.752852
20.006481      35.722908     -43.381592      51.356194       0.468237       0.752852
19.999821      36.379395     -43.606277      51.638950       0.468237       0.752852
19.999821      36.994339     -43.856682      51.813335       0.468237       0.752852
19.999821      37.571812     -44.134277      51.889957       0.468237       0.752852
19.999821      38.083488     -44.449532      51.880489       0.468237       0.752852
19.999821      38.496620     -44.790627      51.781158       0.468237       0.752852
19.999821      38.821796     -45.143017      51.618565       0.468237       0.752852
19.999821      39.067024     -45.528728      51.363670       0.468237       0.752852
19.999821      39.225571     -45.919849      51.035801       0.468237       0.752852
19.999821      39.329639     -46.322075      50.616531       0.468237       0.752852
19.999821      39.397278     -46.716866      50.136921       0.468237       0.752852
19.999821      39.441849     -47.092350      49.656395       0.468237       0.752852
19.999821      39.496609     -47.434650      49.216583       0.468237       0.752852
19.999821      39.609859     -47.746574      48.829384       0.468237       0.752852
19.999821      39.788513     -48.033913      48.502087       0.468237       0.752852
19.999821      40.039371     -48.338970      48.240685       0.468237       0.752852
20.010067      40.373150     -48.632034      48.133907       0.468237       0.752852
19.999821      40.801914     -48.895054      48.172703       0.468237       0.752852
19.999821      41.306625     -49.134781      48.293812       0.468237       0.752852
19.999821      41.855827     -49.369488      48.437695       0.468237       0.752852
19.999821      42.404713     -49.629742      48.570534       0.468237       0.752852
19.999821      42.873211     -49.993649      48.617332       0.468237       0.752852
19.999821      43.219051     -50.418934      48.606735       0.468237       0.752852
19.999821      43.444214     -50.869545      48.525436       0.468237       0.752852
19.999821      43.485439     -51.358826      48.338203       0.468237       0.752852
20.005968      43.378620     -51.821434      48.159538       0.468237       0.752852
19.999821      43.185280     -52.176617      48.072029       0.468237       0.752852
19.999821      42.957623     -52.457092      47.967030       0.468237       0.752852
19.999821      42.700573     -52.677746      47.847382       0.468237       0.752852
19.999821      42.470142     -52.829529      47.765652       0.468237       0.752852
19.999821      42.335316     -52.885616      47.721104       0.468237       0.752852
19.999821      42.298740     -52.878044      47.653591       0.468237       0.752852
19.999821      42.319511     -52.864124      47.576202       0.468237       0.752852
19.999821      42.349602     -52.857956      47.546783       0.468237       0.752852
19.999821      42.374344     -52.882900      47.553947       0.468237       0.752852
19.999821      42.377815     -52.945946      47.569168       0.468237       0.752852
19.999821      42.356499     -53.045483      47.573418       0.468237       0.752852
19.999821      42.319077     -53.120712      47.623882       0.468237       0.752852
19.999821      42.315372     -53.121658      47.726452       0.468237       0.752852
19.999821      42.391392     -53.070320      47.782608       0.647198       0.871028
19.999821      42.446938     -52.989819      47.759071       0.638704       0.864541
19.999821      42.414577     -52.953674      47.674603       0.638704       0.864541
19.999821      42.313992     -52.940224      47.608067       0.638704       0.864541
20.007761      42.156574     -52.930759      47.534351       0.638704       0.864541
19.999821      41.944126     -52.925339      47.415043       0.638704       0.864541
19.999821      41.720455     -52.936012      47.247646       0.638704       0.864541
19.999821      41.503231     -52.944946      47.076252       0.534440       0.737316
19.999821      41.247700     -52.970543      46.916477       0.526399       0.726175
19.999821      41.000191     -53.056828      46.742062       0.522774       0.724232
19.999821      40.765759     -53.170979      46.581699       0.522774       0.724232
19.999821      40.562046     -53.306602      46.421768       0.522774       0.724232
19.999821      40.384895     -53.436394      46.256256       0.536322       0.649183
19.999821      40.244652     -53.539494      46.106106       0.536322       0.649183
19.999821      40.140354     -53.621914      45.955681       0.614243       0.628480
20.007249      40.088264     -53.722443      45.740952       0.619879       0.621592
20.007505      40.042545     -53.800510      45.556076       0.538047       0.628431
19.999821      40.037544     -53.873985      45.401638       0.639688       0.619423
19.999821      40.102894     -53.898266      45.322968       0.679049       0.600250
19.999821      40.230167     -53.888268      45.322643       0.538274       0.622990
19.999821      40.382652     -53.817791      45.429432       0.539455       0.620760
19.999821      40.574768     -53.743237      45.575241       0.543072       0.616701
19.999821      40.734730     -53.647713      45.791550       0.540988       0.615756
19.999821      40.859325     -53.543812      45.995579       0.540988       0.615756
19.999821      40.890141     -53.437935      46.148880       0.540988       0.615756
19.999821      40.832180     -53.360477      46.222363       0.696854       0.596023
19.999821      40.703003     -53.304363      46.250607       0.696854       0.596023
19.999821      40.519993     -53.247959      46.266888       0.596968       0.765132
19.999821      40.319126     -53.174755      46.271561       0.562663       0.595838
19.999821      40.123299     -53.103756      46.267715       0.686719       0.595998
19.999821      39.949242     -53.023373      46.290890       0.654785       0.600057
19.999821      39.819878     -52.983971      46.274170       0.552595       0.597028
19.999821      39.712021     -52.968018      46.210472       0.549506       0.597404
19.999821      39.606033     -52.994133      46.105698       0.548964       0.597845
19.999821      39.497543     -53.056385      46.022362       0.552028       0.596703
19.999821      39.375843     -53.097958      46.011379       0.527341       0.615675
19.999821      39.271221     -53.107201      46.032974       0.530524       0.616261
19.999821      39.190441     -53.072487      46.083210       0.607406       0.756594
19.999821      39.120255     -53.007107      46.156071       0.600136       0.760868
19.999821      39.029167     -52.914871      46.244495       0.713370       0.741204
19.999821      38.916668     -52.790482      46.364746       0.710824       0.743712
19.999821      38.797283     -52.608513      46.553692       0.671402       0.589455
19.999821      38.720818     -52.407116      46.734905       0.667892       0.590989
19.999821      38.667664     -52.175613      46.905003       0.667486       0.591193
19.999821      38.576767     -51.925011      47.076164       0.668869       0.598633
20.004175      38.400444     -51.644566      47.282288       0.679501       0.599024
19.999821      38.103855     -51.274216      47.621651       0.623162       0.760796
19.999821      37.745213     -50.816334      48.061604       0.545240       0.784353
19.999821      37.363655     -50.289951      48.563244       0.724738       0.771633
19.999821      36.975071     -49.724556      49.134659       0.724738       0.771633
19.999821      36.612198     -49.169327      49.743961       0.724738       0.771633
19.999821      36.278011     -48.668999      50.340122       0.519020       0.874402
19.999821      36.002487     -48.265034      50.843113       0.519020       0.874402
19.999821      35.777184     -47.956203      51.254051       0.519020       0.874402
19.999821      35.602707     -47.731277      51.616764       0.519020       0.874402
19.999821      35.457394     -47.560978      51.999428       0.519020       0.874402
20.001358      35.374069     -47.457394      52.336327       0.519020       0.874402
20.009042      35.312634     -47.387184      52.628227       0.519020       0.874402
20.005968      35.293427     -47.364887      52.862411       0.519020       0.874402
19.999821      35.280514     -47.382309      53.081112       0.519020       0.874402
19.999821      35.309238     -47.419495      53.276268       0.519020       0.874402
19.999821      35.376369     -47.452579      53.482277       0.519020       0.874402
19.999821      35.502819     -47.507576      53.682358       0.519020       0.874402
19.999821      35.644890     -47.556240      53.899399       0.519020       0.874402
19.999821      35.810677     -47.598839      54.095219       0.519020       0.874402
19.999821      35.971184     -47.623779      54.298199       0.519020       0.874402
19.999821      36.159885     -47.658226      54.490845       0.519020       0.874402
19.999821      36.335976     -47.686562      54.694328       0.519020       0.874402
19.999821      36.487915     -47.708057      54.896652       0.519020       0.874402
20.005456      36.593082     -47.712616      55.089016       0.519020       0.874402
19.999821      36.672878     -47.716763      55.210285       0.519020       0.874402
19.999821      36.684414     -47.689693      55.331867       0.519020       0.874402
19.999821      36.658932     -47.637398      55.467941       0.519020       0.874402
19.999821      36.609989     -47.539829      55.608040       0.519020       0.874402
19.999821      36.554123     -47.405155      55.736351       0.519020       0.874402
19.999821      36.461525     -47.232635      55.871952       0.519020       0.874402
19.999821      36.320145     -47.045982      56.008804       0.519020       0.874402
19.999821      36.126724     -46.858959      56.135513       0.519020       0.874402
19.999821      35.904945     -46.676685      56.258877       0.519020       0.874402
19.999821      35.683487     -46.473331      56.392227       0.519020       0.874402
19.999821      35.499104     -46.248413      56.522190       0.519020       0.874402
19.999821      35.357094     -46.033684      56.633671       0.519020       0.874402
19.999821      35.213963     -45.806751      56.799931       0.519020       0.874402
19.999821      35.102764     -45.594666      56.965576       0.519020       0.874402
20.009554      35.025078     -45.403301      57.132191       0.519020       0.874402
19.999821      34.957767     -45.241741      57.302097       0.519020       0.874402
19.999821      34.898827     -45.101128      57.465073       0.519020       0.874402
19.999821      34.848080     -44.987179      57.590420       0.519020       0.874402
19.999821      34.803799     -44.885063      57.697384       0.519020       0.874402
19.999821      34.766663     -44.779133      57.779301       0.519020       0.874402
19.999821      34.736469     -44.674320      57.820400       0.519020       0.874402
20.005968      34.734531     -44.583488      57.843136       0.519020       0.874402
19.999821      34.735836     -44.498058      57.886784       0.519020       0.874402
20.003407      34.754799     -44.437904      57.903946       0.519020       0.874402
19.999821      34.778736     -44.399475      57.901421       0.519020       0.874402
19.999821      34.812439     -44.393688      57.888493       0.519020       0.874402
20.000589      34.839314     -44.411087      57.886719       0.519020       0.874402
19.999821      34.870514     -44.453583      57.865871       0.519020       0.874402
20.007249      34.888748     -44.507381      57.843410       0.519020       0.874402
19.999821      34.901012     -44.564209      57.853306       0.519020       0.874402
19.999821      34.871181     -44.599014      57.898754       0.519020       0.874402
19.999821      34.862530     -44.633209      57.912567       0.519020       0.874402
19.999821      34.838799     -44.656746      57.916542       0.519020       0.874402
20.000077      34.812351     -44.683887      57.912601       0.519020       0.874402
19.999821      34.787079     -44.709404      57.895996       0.519020       0.874402
19.999821      34.788483     -44.752480      57.831020       0.519020       0.874402
19.999821      34.773491     -44.766460      57.793621       0.519020       0.874402
19.999821      34.759834     -44.750893      57.771244       0.519020       0.874402
19.999821      34.746792     -44.700241      57.770981       0.519020       0.874402
19.999821      34.735657     -44.634415      57.762482       0.519020       0.874402
19.999821      34.683937     -44.548435      57.778664       0.519020       0.874402
19.999821      34.604557     -44.440166      57.832504       0.519020       0.874402
19.999821      34.536396     -44.298512      57.909794       0.519020       0.874402
19.999821      34.485310     -44.138786      57.964989       0.519020       0.874402
19.999821      34.415703     -43.969028      58.019268       0.519020       0.874402
19.999821      34.325775     -43.809731      58.075260       0.519020       0.874402
19.999821      34.198795     -43.670086      58.144585       0.519020       0.874402
19.999821      34.060509     -43.549534      58.201332       0.519020       0.874402
19.999821      33.939919     -43.462402      58.218277       0.519020       0.874402
19.999821      33.836613     -43.404037      58.216595       0.519020       0.874402
19.999821      33.778305     -43.385326      58.204834       0.519020       0.874402
19.999821      33.727573     -43.384102      58.233147       0.519020       0.874402
19.999821      33.727062     -43.394901      58.268734       0.519020       0.874402
20.001614      33.737526     -43.409260      58.295280       0.519020       0.874402
19.999821      33.770870     -43.456173      58.286671       0.519020       0.874402
19.999821      33.810947     -43.533871      58.240681       0.519020       0.874402
19.999821      33.880951     -43.616905      58.177044       0.519020       0.874402
19.999821      33.965973     -43.666340      58.131775       0.519020       0.874402
19.999821      34.089874     -43.709991      58.067162       0.519020       0.874402
19.999821      34.229225     -43.756699      57.993885       0.519020       0.874402
19.999821      34.395229     -43.817966      57.896889       0.519020       0.874402
19.999821      34.549072     -43.872578      57.821888       0.519020       0.874402
19.999821      34.704926     -43.923706      57.768726       0.519020       0.874402
19.999821      34.824013     -43.951019      57.752167       0.519020       0.874402
19.999821      34.914177     -43.974022      57.737690       0.519020       0.874402
20.000077      34.938396     -43.993267      57.752193       0.519020       0.874402
19.999821      34.925400     -44.020664      57.775902       0.519020       0.874402
19.999821      34.868935     -44.052444      57.756557       0.519020       0.874402
19.999821      34.783211     -44.099503      57.671860       0.519020       0.874402
19.999821      34.629520     -44.130207      57.635384       0.519020       0.874402
19.999821      34.447563     -44.143509      57.622059       0.519020       0.874402
20.006993      34.249752     -44.118443      57.628559       0.519020       0.874402
19.999821      34.060505     -44.057640      57.660042       0.519020       0.874402
19.999821      33.900555     -43.958767      57.745525       0.519020       0.874402
19.999821      33.795715     -43.844669      57.847324       0.519020       0.874402
19.999821      33.754383     -43.732876      57.922676       0.519020       0.874402
19.999821      33.729877     -43.631371      57.990837       0.519020       0.874402
19.999821      33.736839     -43.571857      58.038952       0.519020       0.874402
19.999821      33.748104     -43.554813      58.095852       0.519020       0.874402
19.999821      33.743896     -43.551350      58.149128       0.519020       0.874402
19.999821      33.733738     -43.553513      58.148769       0.519020       0.874402
19.999821      33.750439     -43.585464      58.077080       0.519020       0.874402
19.999821      33.727291     -43.627762      58.014275       0.519020       0.874402
19.999821      33.692623     -43.686424      57.948666       0.519020       0.874402
19.999821      33.652370     -43.738331      57.911816       0.519020       0.874402
19.999821      33.618191     -43.768250      57.905491       0.519020       0.874402
19.999821      33.611664     -43.783993      57.891090       0.519020       0.874402
19.999821      33.648388     -43.795868      57.874359       0.519020       0.874402
19.999821      33.698143     -43.801628      57.888569       0.519020       0.874402
19.999821      33.760361     -43.798622      57.919231       0.519020       0.874402
19.999821      33.843170     -43.786922      57.933350       0.519020       0.874402
19.999821      33.934101     -43.779938      57.915428       0.519020       0.874402
19.999821      33.981785     -43.775742      57.898094       0.519020       0.874402
19.999821      33.974262     -43.773102      57.912670       0.519020       0.874402
19.999821      33.921291     -43.756294      57.952305       0.519020       0.874402
20.006737      33.841068     -43.729534      57.965164       0.519020       0.874402
19.999821      33.736393     -43.713249      57.954388       0.519020       0.874402
19.999821      33.611855     -43.706032      57.950748       0.519020       0.874402
19.999821      33.475178     -43.691277      57.978180       0.519020       0.874402
19.999821      33.369442     -43.688728      57.974632       0.519020       0.874402
19.999821      33.298683     -43.693253      57.942924       0.519020       0.874402
19.999821      33.284584     -43.705742      57.886936       0.519020       0.874402
19.999821      33.271168     -43.717731      57.838814       0.519020       0.874402
19.999821      33.274960     -43.744831      57.808186       0.519020       0.874402
20.008017      33.275723     -43.777348      57.810570       0.519020       0.874402
19.999821      33.293262     -43.820061      57.798866       0.519020       0.874402
19.999821      33.309811     -43.849476      57.798397       0.519020       0.874402
19.999821      33.320644     -43.881729      57.776745       0.519020       0.874402
19.999821      33.315445     -43.918465      57.770660       0.519020       0.874402
19.999821      33.313122     -43.962040      57.778522       0.519020       0.874402
19.999821      33.291771     -43.997074      57.795753       0.519020       0.874402
19.999821      33.289158     -44.052303      57.763538       0.519020       0.874402
19.999821      33.295914     -44.141983      57.697906       0.519020       0.874402
19.999821      33.310390     -44.268185      57.610229       0.519020       0.874402
19.999821      33.306099     -44.389618      57.510197       0.519020       0.874402
19.999821      33.323677     -44.502171      57.388054       0.519020       0.874402
19.999821      33.352600     -44.589375      57.312603       0.519020       0.874402
19.999821      33.379181     -44.649212      57.266468       0.519020       0.874402
19.999821      33.396500     -44.683006      57.239048       0.519020       0.874402
19.999821      33.428909     -44.704113      57.216747       0.519020       0.874402
19.999821      33.461437     -44.720230      57.194344       0.519020       0.874402
20.000845      33.472389     -44.744812      57.176060       0.519020       0.874402
19.999821      33.464886     -44.762459      57.191673       0.519020       0.874402
19.999821      33.437775     -44.778477      57.211845       0.519020       0.874402
19.999821      33.412376     -44.799446      57.209404       0.519020       0.874402
19.999821      33.395546     -44.830109      57.172237       0.519020       0.874402
20.008530      33.373505     -44.855064      57.139660       0.519020       0.874402
19.999821      33.330952     -44.869865      57.127785       0.519020       0.874402
19.999821      33.290123     -44.879154      57.132389       0.519020       0.874402
19.999821      33.256058     -44.866993      57.162334       0.519020       0.874402
19.999821      33.240898     -44.836121      57.181858       0.519020       0.874402
19.999821      33.219963     -44.796268      57.211048       0.519020       0.874402
19.999821      33.189346     -44.762169      57.252777       0.519020       0.874402
19.999821      33.135288     -44.721924      57.319599       0.519020       0.874402
19.999821      33.106831     -44.688389      57.353024       0.519020       0.874402
19.999821      33.087658     -44.656082      57.357430       0.519020       0.874402
19.999821      33.084141     -44.625526      57.353519       0.519020       0.874402
19.999821      33.064827     -44.575703      57.368931       0.519020       0.874402
19.999821      33.049198     -44.522217      57.387577       0.519020       0.874402
19.999821      33.054638     -44.488113      57.379368       0.519020       0.874402
19.999821      33.087597     -44.484711      57.320610       0.519020       0.874402
19.999821      33.092766     -44.489311      57.278751       0.519020       0.874402
19.999821      33.074978     -44.493446      57.279938       0.519020       0.874402
19.999821      33.045254     -44.472034      57.334393       0.519020       0.874402
19.999821      33.030701     -44.428791      57.383827       0.519020       0.874402
19.999821      33.008865     -44.347736      57.430561       0.519020       0.874402
19.999821      32.987625     -44.274670      57.455109       0.519020       0.874402
19.999821      32.937244     -44.219124      57.467323       0.519020       0.874402
19.999821      32.864712     -44.195766      57.467609       0.519020       0.874402
19.999821      32.792645     -44.191803      57.450806       0.519020       0.874402
20.006737      32.751747     -44.204636      57.415569       0.519020       0.874402
19.999821      32.777241     -44.268768      57.333740       0.519020       0.874402
19.999821      32.816547     -44.335186      57.289101       0.519020       0.874402
19.999821      32.882984     -44.426201      57.226158       0.519020       0.874402
20.005200      32.975674     -44.540642      57.153725       0.519020       0.874402
19.999821      33.055790     -44.651569      57.113560       0.519020       0.874402
19.999821      33.124676     -44.743279      57.101990       0.519020       0.874402
19.999821      33.203850     -44.805061      57.092129       0.519020       0.874402
19.999821      33.276825     -44.844631      57.089954       0.519020       0.874402
20.009554      33.320042     -44.847420      57.119461       0.519020       0.874402
19.999821      33.338467     -44.831112      57.151806       0.519020       0.874402
19.999821      33.372597     -44.815643      57.160912       0.519020       0.874402
19.999821      33.370102     -44.789116      57.180592       0.519020       0.874402
19.999821      33.360115     -44.773109      57.159744       0.519020       0.874402
19.999821      33.324528     -44.775074      57.136154       0.519020       0.874402
19.999821      33.281826     -44.793163      57.142296       0.519020       0.874402
19.999821      33.244499     -44.808014      57.159939       0.519020       0.874402
19.999821      33.240944     -44.832401      57.118717       0.519020       0.874402
19.999821      33.229042     -44.859341      57.083862       0.519020       0.874402
19.999821      33.218040     -44.886688      57.084019       0.519020       0.874402
19.999821      33.188358     -44.896488      57.091373       0.519020       0.874402
19.999821      33.175816     -44.891506      57.077141       0.519020       0.874402
19.999821      33.147511     -44.866104      57.072201       0.519020       0.874402
19.999821      33.129822     -44.840923      57.049767       0.519020       0.874402
19.999821      33.092651     -44.820618      57.027050       0.519020       0.874402
19.999821      33.060963     -44.802982      57.004082       0.519020       0.874402
19.999821      33.036602     -44.785233      56.995907       0.519020       0.874402
19.999821      33.015759     -44.765694      57.011002       0.519020       0.874402
19.999821      32.989502     -44.728451      57.085590       0.519020       0.874402
19.999821      33.003349     -44.707909      57.147137       0.519020       0.874402
19.999821      33.028427     -44.694958      57.190498       0.519020       0.874402
19.999821      33.078056     -44.711868      57.186333       0.519020       0.874402
19.999821      33.107079     -44.721554      57.199562       0.519020       0.874402
19.999821      33.133175     -44.732582      57.215252       0.519020       0.874402
19.999821      33.139217     -44.724594      57.250168       0.519020       0.874402
19.999821      33.154774     -44.727940      57.250912       0.519020       0.874402
19.999821      33.152531     -44.731300      57.246105       0.519020       0.874402
19.999821      33.131897     -44.744595      57.219368       0.519020       0.874402
19.999821      33.086002     -44.764908      57.198853       0.519020       0.874402
19.999821      33.039841     -44.786240      57.180954       0.519020       0.874402
19.999821      32.988571     -44.790031      57.175884       0.519020       0.874402
19.999821      32.948212     -44.800674      57.152187       0.519020       0.874402
19.999821      32.921093     -44.817390      57.132092       0.519020       0.874402
19.999821      32.895924     -44.834980      57.114166       0.519020       0.874402
19.999821      32.874538     -44.840740      57.087082       0.519020       0.874402
19.999821      32.888763     -44.851189      57.041115       0.519020       0.874402
19.999821      32.903263     -44.864521      57.023617       0.519020       0.874402
19.999821      32.903584     -44.876850      57.023407       0.519020       0.874402
19.999821      32.897861     -44.887978      57.022095       0.519020       0.874402
19.999821      32.889576     -44.885319      57.015873       0.519020       0.874402
19.999821      32.886776     -44.865608      57.006893       0.519020       0.874402
19.999821      32.906055     -44.841892      56.969711       0.519020       0.874402
19.999821      32.936291     -44.812546      56.918365       0.519020       0.874402
20.005712      32.950733     -44.781048      56.878380       0.519020       0.874402
19.999821      32.985912     -44.774284      56.828400       0.519020       0.874402
19.999821      33.013630     -44.762081      56.807766       0.519020       0.874402
19.999821      33.033772     -44.733715      56.822624       0.519020       0.874402
19.999821      33.071083     -44.693581      56.829350       0.519020       0.874402
19.999821      33.148048     -44.664871      56.800522       0.519020       0.874402
19.999821      33.215672     -44.617920      56.813068       0.519020       0.874402
19.999821      33.278824     -44.569523      56.834293       0.519020       0.874402
19.999821      33.321663     -44.525528      56.859467       0.519020       0.874402
19.999821      33.361652     -44.490810      56.885159       0.519020       0.874402
19.999821      33.371716     -44.437431      56.932266       0.519020       0.874402
19.999821      33.373463     -44.384560      56.957458       0.519020       0.874402
19.999821      33.350994     -44.333466      56.988926       0.519020       0.874402
19.999821      33.342697     -44.302250      57.005047       0.519020       0.874402
19.999821      33.318356     -44.270519      57.001167       0.519020       0.874402
19.999821      33.305973     -44.246853      56.971905       0.519020       0.874402
19.999821      33.271957     -44.224903      56.964622       0.519020       0.874402
19.999821      33.231548     -44.199516      56.985485       0.519020       0.874402
19.999821      33.202099     -44.173347      57.002781       0.519020       0.874402
19.999821      33.172279     -44.154766      57.011387       0.519020       0.874402
19.999821      33.132511     -44.152657      57.006134       0.519020       0.874402
19.999821      33.084621     -44.167007      56.986034       0.519020       0.874402
19.999821      33.050018     -44.187519      56.958935       0.519020       0.874402
19.999821      32.993385     -44.214783      56.941959       0.519020       0.874402
19.999821      32.941914     -44.234489      56.939465       0.519020       0.874402
19.999821      32.905014     -44.248367      56.928692       0.519020       0.874402
20.001101      32.863590     -44.230099      56.933960       0.519020       0.874402
19.999821      32.846561     -44.208614      56.919243       0.519020       0.874402
19.999821      32.829052     -44.183960      56.927441       0.519020       0.874402
19.999821      32.820465     -44.155537      56.924515       0.519020       0.874402
19.999821      32.826664     -44.112541      56.919899       0.519020       0.874402
19.999821      32.844147     -44.077911      56.916927       0.519020       0.874402
19.999821      32.866203     -44.066624      56.921196       0.519020       0.874402
19.999821      32.883915     -44.068516      56.934479       0.519020       0.874402
19.999821      32.924202     -44.074131      56.929359       0.519020       0.874402
19.999821      32.952801     -44.081913      56.915627       0.519020       0.874402
19.999821      32.976482     -44.106270      56.887779       0.519020       0.874402
19.999821      32.992683     -44.141308      56.849861       0.519020       0.874402
19.999821      33.023819     -44.165493      56.798721       0.519020       0.874402
19.999821      33.009777     -44.146755      56.777260       0.519020       0.874402
19.999821      32.986900     -44.120430      56.758991       0.519020       0.874402
19.999821      32.951447     -44.097286      56.767109       0.519020       0.874402
19.999821      32.906162     -44.057297      56.800350       0.519020       0.874402
19.999821      32.862911     -44.005444      56.831390       0.519020       0.874402
19.999821      32.845886     -43.971924      56.812325       0.519020       0.874402
19.999821      32.830116     -43.957321      56.790775       0.519020       0.874402
19.999821      32.793785     -43.957428      56.798920       0.519020       0.874402
20.021337      32.718815     -43.942768      56.847557       0.519020       0.874402
19.999821      32.683243     -43.953430      56.857296       0.519020       0.874402
19.999821      32.655457     -43.966553      56.886536       0.519020       0.874402
19.999821      32.659214     -43.973846      56.939644       0.519020       0.874402
19.999821      32.662991     -43.949802      57.022072       0.519020       0.874402
19.999821      32.680416     -43.902596      57.108109       0.519020       0.874402
19.999821      32.718346     -43.849842      57.200916       0.519020       0.874402
19.999821      32.768978     -43.798069      57.278080       0.519020       0.874402
19.999821      32.792522     -43.748981      57.339245       0.519020       0.874402
19.999821      32.799526     -43.701344      57.376999       0.519020       0.874402
19.999821      32.795639     -43.644459      57.397121       0.519020       0.874402
19.999821      32.761337     -43.566433      57.423798       0.519020       0.874402
19.999821      32.755882     -43.501659      57.411064       0.519020       0.874402
19.999821      32.769848     -43.445278      57.380821       0.519020       0.874402
19.999821      32.771603     -43.386333      57.371365       0.519020       0.874402
19.999821      32.784729     -43.349884      57.362656       0.519020       0.874402
19.999821      32.783108     -43.329140      57.394787       0.519020       0.874402
19.999821      32.776516     -43.330791      57.428787       0.519020       0.874402
19.999821      32.780403     -43.339516      57.429077       0.519020       0.874402
19.999821      32.796684     -43.343323      57.401363       0.519020       0.874402
19.999821      32.807682     -43.354431      57.382259       0.519020       0.874402
19.999821      32.801239     -43.374134      57.382545       0.519020       0.874402
19.999821      32.796841     -43.403431      57.385242       0.519020       0.874402
19.999821      32.797985     -43.419178      57.386131       0.519020       0.874402
19.999821      32.820820     -43.421707      57.367565       0.519020       0.874402
19.999821      32.843552     -43.422901      57.341408       0.519020       0.874402
19.999821      32.872486     -43.451431      57.270298       0.519020       0.874402
19.999821      32.845173     -43.470207      57.219612       0.519020       0.874402
19.999821      32.810509     -43.471958      57.183727       0.519020       0.874402
19.999821      32.785690     -43.442528      57.179352       0.519020       0.874402
19.999821      32.764595     -43.385033      57.187138       0.519020       0.874402
19.999821      32.759056     -43.312614      57.212326       0.519020       0.874402
19.999821      32.749096     -43.253475      57.255409       0.519020       0.874402
19.999821      32.717533     -43.197327      57.337254       0.519020       0.874402
19.999821      32.702885     -43.165886      57.395599       0.519020       0.874402
19.999821      32.692543     -43.146591      57.432438       0.519020       0.874402
19.999821      32.701439     -43.147499      57.455296       0.519020       0.874402
19.999821      32.713486     -43.166100      57.460827       0.519020       0.874402
19.999821      32.755585     -43.229282      57.392406       0.519020       0.874402
19.999821      32.763252     -43.292191      57.316761       0.519020       0.874402
19.999821      32.773357     -43.373055      57.195759       0.519020       0.874402
19.999821      32.764561     -43.448715      57.068718       0.519020       0.874402
19.999821      32.733673     -43.508583      56.962067       0.519020       0.874402
19.999821      32.662773     -43.522129      56.916389       0.519020       0.874402
20.005968      32.584564     -43.488140      56.910515       0.519020       0.874402
19.999821      32.523880     -43.426277      56.916527       0.519020       0.874402
19.999821      32.459370     -43.359394      56.949425       0.519020       0.874402
19.999821      32.390179     -43.315716      56.970417       0.519020       0.874402
19.999821      32.322552     -43.324974      56.964371       0.519020       0.874402
20.003407      32.251465     -43.355968      56.967407       0.519020       0.874402
19.999821      32.220764     -43.404682      56.950169       0.519020       0.874402
19.999821      32.201244     -43.450943      56.950092       0.519020       0.874402
19.999821      32.192715     -43.495083      56.965397       0.519020       0.874402
19.999821      32.183407     -43.536133      56.977184       0.519020       0.874402
19.999821      32.195461     -43.570045      56.957939       0.519020       0.874402
19.999821      32.217323     -43.573322      56.936520       0.519020       0.874402
19.999821      32.240799     -43.548164      56.911472       0.519020       0.874402
19.999821      32.268116     -43.507477      56.887157       0.519020       0.874402
19.999821      32.287086     -43.456944      56.876171       0.519020       0.874402
19.999821      32.312901     -43.378075      56.869419       0.519020       0.874402
19.999821      32.389122     -43.274487      56.825626       0.519020       0.874402
19.999821      32.563332     -43.155575      56.739117       0.519020       0.874402
19.999821      32.731754     -43.013912      56.708740       0.536591       0.804344
19.999821      32.875160     -42.894024      56.692505       0.476877       0.661025
19.999821      32.972900     -42.792927      56.679707       0.533408       0.635140
19.999821      33.039864     -42.681244      56.698132       0.532031       0.634224
19.999821      33.077282     -42.553112      56.757545       0.527857       0.635413
19.999821      33.123180     -42.426464      56.805389       0.527857       0.635413
19.999821      33.131657     -42.320663      56.822449       0.523934       0.636004
19.999821      33.107635     -42.237171      56.835423       0.522187       0.638099
19.999821      33.044830     -42.170601      56.851074       0.470956       0.670160
19.999821      32.988316     -42.126945      56.846275       0.468739       0.673897
19.999821      32.918839     -42.097645      56.836323       0.469258       0.672405
19.999821      32.863544     -42.089310      56.822075       0.501106       0.650129
19.999821      32.800434     -42.099716      56.827103       0.466187       0.678985
19.999821      32.746418     -42.124699      56.818748       0.351513       0.664073
19.999821      32.705921     -42.150013      56.805416       0.514251       0.650996
19.999821      32.695900     -42.176449      56.773018       0.512459       0.649926
19.999821      32.675369     -42.202534      56.759010       0.514445       0.649400
19.999821      32.631748     -42.227001      56.757858       0.513728       0.650199
19.999821      32.595974     -42.261795      56.731228       0.514281       0.649346
19.999821      32.568390     -42.308136      56.685627       0.514241       0.648960
19.999821      32.541969     -42.359055      56.641903       0.511828       0.650619
19.999821      32.529915     -42.408588      56.605854       0.511164       0.650309
19.999821      32.498787     -42.437183      56.579048       0.511579       0.650591
19.999821      32.479565     -42.457916      56.541451       0.510979       0.650239
19.999821      32.455135     -42.458611      56.529438       0.511768       0.648911
19.999821      32.421669     -42.427261      56.557644       0.511768       0.648911
19.999821      32.386162     -42.371117      56.638538       0.511768       0.648911
19.999821      32.379948     -42.317062      56.712952       0.511768       0.648911
19.999821      32.367771     -42.266792      56.788357       0.511768       0.648911
19.999821      32.350811     -42.256958      56.845947       0.511768       0.648911
19.999821      32.337242     -42.288792      56.899166       0.511768       0.648911
19.999821      32.324993     -42.356529      56.947323       0.511768       0.648911
19.999821      32.308693     -42.417221      56.995251       0.511768       0.648911
19.999821      32.319359     -42.492985      56.986343       0.511768       0.648911
19.999821      32.327106     -42.585125      56.957203       0.511768       0.648911
19.999821      32.316353     -42.691139      56.927204       0.511768       0.648911
19.999821      32.279171     -42.795296      56.895496       0.511768       0.648911
19.999821      32.234612     -42.886570      56.861782       0.511768       0.648911
19.999821      32.202019     -42.975250      56.818577       0.511768       0.648911
19.999821      32.178116     -43.064926      56.770634       0.511768       0.648911
19.999821      32.168247     -43.155018      56.720814       0.511768       0.648911
19.999821      32.132679     -43.238178      56.692463       0.511768       0.648911
19.999821      32.088028     -43.324986      56.670734       0.511768       0.648911
19.999821      32.017303     -43.407627      56.670254       0.511768       0.648911
19.999821      31.941807     -43.484318      56.652927       0.511768       0.648911
19.999821      31.850742     -43.538177      56.631874       0.511768       0.648911
19.999821      31.748436     -43.582829      56.593338       0.511768       0.648911
19.999821      31.633436     -43.602806      56.582214       0.511768       0.648911
19.999821      31.515299     -43.612679      56.580299       0.511768       0.648911
19.999821      31.427973     -43.612499      56.579132       0.511768       0.648911
20.002382      31.385996     -43.614037      56.571194       0.511768       0.648911
19.999821      31.355288     -43.608135      56.578163       0.511768       0.648911
19.999821      31.336245     -43.616833      56.584270       0.511768       0.648911
19.999821      31.321980     -43.629559      56.605202       0.511768       0.648911
19.999821      31.337069     -43.644207      56.624268       0.511768       0.648911
19.999821      31.366272     -43.649338      56.634663       0.511768       0.648911
20.004431      31.407278     -43.671177      56.627644       0.511768       0.648911
19.999821      31.434433     -43.701981      56.636833       0.511768       0.648911
19.999821      31.473095     -43.749641      56.607426       0.511768       0.648911
19.999821      31.516588     -43.804848      56.543552       0.511768       0.648911
19.999821      31.541983     -43.869247      56.480160       0.511768       0.648911
19.999821      31.529776     -43.921852      56.480591       0.511768       0.648911
19.999821      31.491737     -43.951378      56.494755       0.511768       0.648911
20.004431      31.472158     -43.962612      56.484020       0.511768       0.648911
19.999821      31.440350     -43.978058      56.489170       0.511768       0.648911
19.999821      31.398344     -43.980663      56.516590       0.511768       0.648911
19.999821      31.335529     -43.966301      56.551361       0.511768       0.648911
20.004175      31.273726     -43.937286      56.576153       0.511768       0.648911
20.004431      31.247217     -43.914642      56.568638       0.511768       0.648911
19.999821      31.218250     -43.881657      56.568741       0.511768       0.648911
19.999821      31.190586     -43.850616      56.562397       0.511768       0.648911
19.999821      31.175674     -43.826626      56.565208       0.511768       0.648911
19.999821      31.189249     -43.798824      56.569641       0.511768       0.648911
19.999821      31.212694     -43.761120      56.569752       0.511768       0.648911
19.999821      31.230682     -43.714558      56.587540       0.511768       0.648911
19.999821      31.247967     -43.659081      56.640167       0.511768       0.648911
19.999821      31.232273     -43.578556      56.719692       0.511768       0.648911
19.999821      31.236156     -43.484940      56.773426       0.511768       0.648911
19.999821      31.242750     -43.384323      56.814896       0.511768       0.648911
19.999821      31.265707     -43.296459      56.835938       0.511768       0.648911
19.999821      31.261417     -43.207195      56.880470       0.511768       0.648911
19.999821      31.255318     -43.128094      56.920132       0.511768       0.648911
19.999821      31.265200     -43.072102      56.935028       0.511768       0.648911
20.005200      31.308605     -43.033878      56.924568       0.511768       0.648911
19.999821      31.347485     -42.996845      56.927067       0.511768       0.648911
19.999821      31.385899     -42.971863      56.921124       0.511768       0.648911
19.999821      31.395802     -42.949047      56.941193       0.511768       0.648911
19.999821      31.422134     -42.939419      56.947296       0.511768       0.648911
19.999821      31.432407     -42.923317      56.959446       0.511768       0.648911
19.999821      31.461809     -42.907425      56.951080       0.511768       0.648911
19.999821      31.458868     -42.880611      56.956688       0.511768       0.648911
19.999821      31.457243     -42.856621      56.953072       0.511768       0.648911
19.999821      31.426954     -42.827667      56.947296       0.511768       0.648911
19.999821      31.395836     -42.805408      56.924942       0.511768       0.648911
19.999821      31.355738     -42.769855      56.937031       0.511768       0.648911
19.999821      31.315243     -42.723743      56.968716       0.511768       0.648911
19.999821      31.270405     -42.666225      57.011036       0.511768       0.648911
19.999821      31.239199     -42.619209      57.042675       0.511768       0.648911
19.999821      31.217056     -42.581375      57.080021       0.511768       0.648911
19.999821      31.181871     -42.541012      57.135326       0.511768       0.648911
19.999821      31.168673     -42.525532      57.132637       0.511768       0.648911
19.999821      31.173735     -42.536766      57.109398       0.511768       0.648911
19.999821      31.175732     -42.557190      57.105080       0.511768       0.648911
19.999821      31.195898     -42.577503      57.085697       0.511768       0.648911
19.999821      31.193981     -42.587448      57.075005       0.511768       0.648911
20.002126      31.187958     -42.600277      57.072784       0.511768       0.648911
19.999821      31.179232     -42.616600      57.062286       0.511768       0.648911
19.999821      31.149696     -42.625568      57.032486       0.511768       0.648911
19.999821      31.120234     -42.626461      56.996624       0.511768       0.648911
19.999821      31.059731     -42.618366      56.994411       0.511768       0.648911
19.999821      31.018835     -42.593555      57.022469       0.511768       0.648911
19.999821      30.976919     -42.551353      57.068855       0.511768       0.648911
19.999821      30.971306     -42.498154      57.102985       0.511768       0.648911
19.999821      30.993313     -42.468311      57.099144       0.511768       0.648911
20.002382      31.027277     -42.472626      57.083012       0.511768       0.648911
19.999821      31.039692     -42.486954      57.078690       0.511768       0.648911
19.999821      31.060892     -42.508553      57.070389       0.511768       0.648911
20.004175      31.090364     -42.530235      57.067440       0.511768       0.648911
19.999821      31.126436     -42.556885      57.046341       0.511768       0.648911
19.999821      31.141722     -42.576263      57.045212       0.511768       0.648911
19.999821      31.145308     -42.590939      57.044170       0.511768       0.648911
19.999821      31.119352     -42.588295      57.051960       0.511768       0.648911
20.010323      31.103966     -42.591030      57.045845       0.511768       0.648911
19.999821      31.088350     -42.588779      57.045887       0.511768       0.648911
19.999821      31.086346     -42.598492      57.021812       0.511768       0.648911
19.999821      31.068855     -42.600521      57.016220       0.511768       0.648911
19.999821      31.073740     -42.595932      57.017433       0.511768       0.648911
19.999821      31.073084     -42.590038      57.039268       0.511768       0.648911
19.999821      31.085102     -42.608730      57.026764       0.511768       0.648911
19.999821      31.059620     -42.659962      57.003956       0.511768       0.648911
19.999821      31.001383     -42.752930      56.977413       0.511768       0.648911
20.006224      30.903442     -42.843388      56.969063       0.511768       0.648911
19.999821      30.826675     -42.914829      56.906776       0.511768       0.648911
19.999821      30.766459     -42.960373      56.828606       0.511768       0.648911
20.009042      30.741121     -42.999748      56.753582       0.511768       0.648911
19.999821      30.716511     -43.027954      56.705418       0.511768       0.648911
19.999821      30.709248     -43.054146      56.669827       0.511768       0.648911
19.999821      30.717550     -43.067284      56.643417       0.511768       0.648911
19.999821      30.725378     -43.063259      56.619171       0.511768       0.648911
19.999821      30.745693     -43.046715      56.597656       0.511768       0.648911
19.999821      30.752932     -43.018284      56.590763       0.511768       0.648911
20.000589      30.749149     -42.982388      56.606228       0.511768       0.648911
19.999821      30.761683     -42.942493      56.631447       0.511768       0.648911
19.999821      30.767973     -42.893414      56.665131       0.511768       0.648911
19.999821      30.752018     -42.841541      56.694950       0.511768       0.648911
19.999821      30.740971     -42.797108      56.729958       0.511768       0.648911
19.999821      30.711126     -42.758320      56.775436       0.511768       0.648911
19.999821      30.690329     -42.727406      56.805901       0.511768       0.648911
19.999821      30.662830     -42.694984      56.823006       0.511768       0.648911
19.999821      30.643988     -42.675488      56.818703       0.511768       0.648911
19.999821      30.631453     -42.669109      56.809364       0.511768       0.648911
19.999821      30.617386     -42.690422      56.785534       0.511768       0.648911
19.999821      30.584898     -42.719730      56.777885       0.511768       0.648911
19.999821      30.583895     -42.749256      56.763733       0.511768       0.648911
19.999821      30.593227     -42.781754      56.735836       0.511768       0.648911
19.999821      30.623569     -42.831223      56.686607       0.511768       0.648911
19.999821      30.634813     -42.899391      56.652386       0.511768       0.648911
19.999821      30.646345     -42.982594      56.620232       0.511768       0.648911
19.999821      30.660868     -43.061398      56.592579       0.511768       0.648911
19.999821      30.699942     -43.146362      56.542648       0.511768       0.648911
19.999821      30.697495     -43.253857      56.486687       0.511768       0.648911
19.999821      30.659187     -43.375549      56.446869       0.511768       0.648911
19.999821      30.571917     -43.481861      56.414967       0.511768       0.648911
19.999821      30.484005     -43.575218      56.354725       0.511768       0.648911
19.999821      30.397030     -43.649094      56.300182       0.511768       0.648911
20.005456      30.337807     -43.710400      56.243652       0.511768       0.648911
20.008786      30.273855     -43.746910      56.228340       0.511768       0.648911
19.999821      30.235367     -43.767445      56.232117       0.511768       0.648911
19.999821      30.202246     -43.763084      56.270359       0.511768       0.648911
19.999821      30.210678     -43.755524      56.288494       0.511768       0.648911
19.999821      30.216465     -43.751259      56.289150       0.511768       0.648911
19.999821      30.235344     -43.752422      56.279869       0.511768       0.648911
20.005456      30.228485     -43.745735      56.287224       0.511768       0.648911
19.999821      30.227510     -43.735111      56.273865       0.561310       0.674456
19.999821      30.216599     -43.701641      56.286633       0.447598       0.660057
19.999821      30.198971     -43.651073      56.309723       0.447598       0.660057
19.999821      30.170609     -43.596622      56.338867       0.447598       0.660057
20.009298      30.162710     -43.551502      56.342525       0.447598       0.660057
19.999821      30.160284     -43.514530      56.350224       0.447598       0.660057
19.999821      30.155525     -43.496742      56.366180       0.447598       0.660057
19.999821      30.185368     -43.476242      56.407143       0.447598       0.660057
19.999821      30.228340     -43.459530      56.457901       0.447598       0.660057
19.999821      30.267307     -43.439640      56.505405       0.447598       0.660057
19.999821      30.315092     -43.399788      56.516224       0.447598       0.660057
19.999821      30.363543     -43.344471      56.513226       0.447598       0.660057
19.999821      30.403542     -43.292458      56.524937       0.447598       0.660057
19.999821      30.435089     -43.246460      56.538338       0.447598       0.660057
19.999821      30.446989     -43.205551      56.546001       0.447598       0.660057
19.999821      30.454483     -43.171761      56.557972       0.447598       0.660057
19.999821      30.448286     -43.144970      56.573410       0.447598       0.660057
19.999821      30.435431     -43.136486      56.581570       0.447598       0.660057
19.999821      30.385303     -43.126629      56.618736       0.447598       0.660057
19.999821      30.337273     -43.120441      56.648094       0.447598       0.660057
19.999821      30.287138     -43.112236      56.661140       0.447598       0.660057
19.999821      30.234169     -43.091450      56.684544       0.447598       0.660057
19.999821      30.178741     -43.071095      56.723320       0.447598       0.660057
19.999821      30.145201     -43.059795      56.775494       0.447598       0.660057
19.999821      30.138569     -43.057037      56.816734       0.447598       0.660057
20.006224      30.177118     -43.067036      56.796146       0.447598       0.660057
19.999821      30.194172     -43.058689      56.777271       0.447598       0.660057
19.999821      30.181738     -43.039551      56.764793       0.447598       0.660057
19.999821      30.125212     -42.991096      56.798672       0.447598       0.660057
19.999821      30.020275     -42.909531      56.880920       0.447598       0.660057
19.999821      29.912834     -42.820515      56.938843       0.447598       0.660057
20.007761      29.805527     -42.744514      56.962505       0.447598       0.660057
19.999821      29.712013     -42.675339      56.983345       0.447598       0.660057
19.999821      29.643608     -42.628502      56.975613       0.447598       0.660057
19.999821      29.581882     -42.579456      56.979202       0.447598       0.660057
20.007249      29.542933     -42.530602      56.989407       0.447598       0.660057
19.999821      29.502306     -42.477573      57.039108       0.447598       0.660057
19.999821      29.485266     -42.425892      57.082386       0.447598       0.660057
19.999821      29.489689     -42.384609      57.109230       0.447598       0.660057
19.999821      29.537506     -42.366714      57.109730       0.447598       0.660057
19.999821      29.585983     -42.360268      57.121490       0.447598       0.660057
20.004431      29.641027     -42.358326      57.156487       0.447598       0.660057
19.999821      29.704943     -42.360008      57.183441       0.447598       0.660057
19.999821      29.758455     -42.377846      57.174786       0.447598       0.660057
20.000077      29.780775     -42.400448      57.157475       0.447598       0.660057
19.999821      29.797749     -42.433617      57.118855       0.447598       0.660057
19.999821      29.772394     -42.443832      57.104149       0.447598       0.660057
19.999821      29.725557     -42.411991      57.115410       0.447598       0.660057
19.999821      29.662819     -42.353584      57.133301       0.447598       0.660057
19.999821      29.595060     -42.296661      57.160000       0.447598       0.660057
19.999821      29.520996     -42.254005      57.188335       0.447598       0.660057
19.999821      29.443743     -42.232388      57.212109       0.447598       0.660057
19.999821      29.389830     -42.213589      57.255314       0.447598       0.660057
19.999821      29.347198     -42.205200      57.297596       0.447598       0.660057
19.999821      29.345039     -42.219822      57.307899       0.447598       0.660057
19.999821      29.364019     -42.255787      57.309669       0.447598       0.660057
19.999821      29.382256     -42.310242      57.316780       0.447598       0.660057
19.999821      29.383709     -42.367462      57.336334       0.447598       0.660057
19.999821      29.399607     -42.407475      57.353817       0.447598       0.660057
19.999821      29.397175     -42.407005      57.387043       0.447598       0.660057
19.999821      29.392958     -42.382599      57.393684       0.447598       0.660057
19.999821      29.380775     -42.346066      57.389046       0.447598       0.660057
19.999821      29.383017     -42.313667      57.366554       0.447598       0.660057
19.999821      29.381653     -42.277012      57.367489       0.447598       0.660057
19.999821      29.393076     -42.230392      57.380604       0.447598       0.660057
19.999821      29.385708     -42.171329      57.414387       0.447598       0.660057
19.999821      29.397865     -42.111572      57.443645       0.447598       0.660057
19.999821      29.393072     -42.033890      57.496456       0.447598       0.660057
19.999821      29.410196     -41.953773      57.539837       0.447598       0.660057
19.999821      29.408726     -41.876480      57.587868       0.447598       0.660057
19.999821      29.384012     -41.813522      57.631500       0.447598       0.660057
19.999821      29.352440     -41.769173      57.663052       0.447598       0.660057
19.999821      29.319567     -41.747326      57.677586       0.447598       0.660057
19.999821      29.289152     -41.742779      57.679077       0.447598       0.660057
19.999821      29.230198     -41.747204      57.677368       0.447598       0.660057
20.006224      29.214607     -41.779266      57.621811       0.447598       0.660057
19.999821      29.204260     -41.828648      57.571560       0.447598       0.660057
19.999821      29.207518     -41.876579      57.512268       0.447598       0.660057
19.999821      29.234507     -41.918919      57.442551       0.447598       0.660057
19.999821      29.272181     -41.959904      57.373871       0.447598       0.660057
19.999821      29.302523     -41.990479      57.328629       0.447598       0.660057
19.999821      29.333626     -42.014957      57.298256       0.447598       0.660057
19.999821      29.348288     -42.017944      57.298504       0.447598       0.660057
19.999821      29.339834     -41.995827      57.322662       0.447598       0.660057
19.999821      29.309877     -41.954666      57.363636       0.447598       0.660057
19.999821      29.276007     -41.898632      57.406368       0.447598       0.660057
19.999821      29.237867     -41.830120      57.439396       0.447598       0.660057
19.999821      29.205534     -41.746971      57.479679       0.447598       0.660057
19.999821      29.181608     -41.680679      57.510777       0.447598       0.660057
19.999821      29.166498     -41.626270      57.558681       0.447598       0.660057
19.999821      29.159147     -41.572250      57.623596       0.447598       0.660057
20.010323      29.178772     -41.526512      57.668083       0.447598       0.660057
19.999821      29.192482     -41.486591      57.709660       0.447598       0.660057
20.001358      29.213810     -41.480164      57.728138       0.447598       0.660057
19.999821      29.228525     -41.503799      57.731853       0.447598       0.660057
19.999821      29.229918     -41.549664      57.726166       0.447598       0.660057
19.999821      29.214699     -41.598721      57.735104       0.447598       0.660057
19.999821      29.208981     -41.648262      57.733868       0.447598       0.660057
19.999821      29.194221     -41.702332      57.705742       0.447598       0.660057
19.999821      29.196545     -41.769348      57.639080       0.447598       0.660057
19.999821      29.192724     -41.835346      57.578045       0.447598       0.660057
19.999821      29.195127     -41.898159      57.518425       0.447598       0.660057
19.999821      29.155655     -41.927429      57.504440       0.447598       0.660057
19.999821      29.114754     -41.936954      57.497360       0.447598       0.660057
19.999821      29.062557     -41.913589      57.517227       0.447598       0.660057
19.999821      29.023520     -41.881371      57.540501       0.447598       0.660057
19.999821      28.996580     -41.860634      57.557636       0.447598       0.660057
19.999821      28.988279     -41.859051      57.554657       0.447598       0.660057
19.999821      28.958254     -41.888088      57.548069       0.447598       0.660057
20.007249      28.935749     -41.937416      57.535179       0.447598       0.660057
19.999821      28.916235     -41.993088      57.518620       0.447598       0.660057
19.999821      28.890593     -42.039909      57.505550       0.447598       0.660057
19.999821      28.891857     -42.076771      57.466232       0.447598       0.660057
19.999821      28.903940     -42.114639      57.413902       0.447598       0.660057
19.999821      28.926651     -42.136608      57.368950       0.447598       0.660057
19.999821      28.927017     -42.124214      57.335621       0.447598       0.660057
19.999821      28.936314     -42.091682      57.292046       0.447598       0.660057
19.999821      28.958900     -42.039619      57.266899       0.447598       0.660057
19.999821      28.974564     -41.985386      57.254704       0.447598       0.660057
19.999821      29.003902     -41.938652      57.259041       0.447598       0.660057
19.999821      29.026737     -41.910786      57.283943       0.447598       0.660057
19.999821      29.038797     -41.914886      57.295700       0.447598       0.660057
19.999821      29.045515     -41.949757      57.296799       0.447598       0.660057
19.999821      29.026102     -42.001839      57.307465       0.447598       0.660057
19.999821      28.980465     -42.067020      57.303066       0.447598       0.660057
20.009042      28.929968     -42.140366      57.252983       0.447598       0.660057
19.999821      28.859539     -42.196468      57.201710       0.447598       0.660057
19.999821      28.775415     -42.219181      57.181538       0.447598       0.660057
19.999821      28.708838     -42.217712      57.169735       0.447598       0.660057
19.999821      28.667168     -42.181599      57.168266       0.447598       0.660057
20.003663      28.653942     -42.112103      57.174576       0.447598       0.660057
19.999821      28.663572     -42.042797      57.196991       0.447598       0.660057
19.999821      28.683765     -41.987915      57.236000       0.447598       0.660057
19.999821      28.683144     -41.951778      57.290066       0.447598       0.660057
19.999821      28.716461     -41.940960      57.336014       0.447598       0.660057
19.999821      28.754332     -41.940075      57.393276       0.447598       0.660057
19.999821      28.807226     -41.964375      57.407269       0.447598       0.660057
19.999821      28.818226     -41.998886      57.403431       0.447598       0.660057
19.999821      28.813040     -42.043896      57.364395       0.447598       0.660057
19.999821      28.767738     -42.087799      57.319355       0.447598       0.660057
19.999821      28.713795     -42.106987      57.292831       0.447598       0.660057
19.999821      28.660364     -42.107849      57.283855       0.447598       0.660057
19.999821      28.622120     -42.088207      57.279560       0.447598       0.660057
19.999821      28.584621     -42.064754      57.293163       0.447598       0.660057
19.999821      28.558304     -42.050220      57.311401       0.447598       0.660057
19.999821      28.524332     -42.041264      57.321587       0.447598       0.660057
19.999821      28.513590     -42.054840      57.290337       0.447598       0.660057
19.999821      28.496561     -42.072540      57.254898       0.447598       0.660057
19.999821      28.488840     -42.104366      57.178219       0.447598       0.660057
19.999821      28.481398     -42.132977      57.086826       0.447598       0.660057
19.999821      28.497208     -42.168732      56.971375       0.447598       0.660057
19.999821      28.516973     -42.193516      56.873432       0.447598       0.660057
19.999821      28.516235     -42.214096      56.807590       0.447598       0.660057
19.999821      28.500710     -42.240971      56.750782       0.447598       0.660057
19.999821      28.475477     -42.271774      56.710640       0.447598       0.660057
19.999821      28.462826     -42.292023      56.691673       0.447598       0.660057
20.003663      28.429203     -42.291782      56.710835       0.447598       0.660057
19.999821      28.422853     -42.275490      56.732262       0.447598       0.660057
19.999821      28.436104     -42.251484      56.765163       0.447598       0.660057
19.999821      28.439264     -42.216797      56.820797       0.447598       0.660057
19.999821      28.444099     -42.170586      56.866570       0.447598       0.660057
19.999821      28.446518     -42.119324      56.907879       0.447598       0.660057
19.999821      28.425880     -42.054440      56.957905       0.447598       0.660057
19.999821      28.414326     -41.981911      57.016918       0.447598       0.660057
19.999821      28.405199     -41.906967      57.073734       0.447598       0.660057
19.999821      28.412525     -41.844913      57.109657       0.447598       0.660057
19.999821      28.450260     -41.813023      57.128109       0.447598       0.660057
19.999821      28.506687     -41.796318      57.144100       0.447598       0.660057
19.999821      28.535089     -41.774902      57.184998       0.447598       0.660057
20.000845      28.583168     -41.792542      57.199314       0.447598       0.660057
19.999821      28.601940     -41.837345      57.225971       0.447598       0.660057
19.999821      28.593285     -41.891239      57.244965       0.447598       0.660057
19.999821      28.554651     -41.932655      57.243961       0.447598       0.660057
20.001870      28.538713     -41.966995      57.208736       0.447598       0.660057
19.999821      28.511541     -41.984299      57.180508       0.447598       0.660057
19.999821      28.471460     -41.992733      57.140232       0.447598       0.660057
19.999821      28.417831     -41.996387      57.103100       0.447598       0.660057
19.999821      28.369534     -42.006287      57.042431       0.447598       0.660057
19.999821      28.316507     -42.012325      56.999069       0.447598       0.660057
19.999821      28.274719     -42.008289      56.984375       0.447598       0.660057
19.999821      28.244276     -41.988564      56.997543       0.447598       0.660057
19.999821      28.229521     -41.958576      57.016800       0.447598       0.660057
20.009042      28.226635     -41.926891      57.025730       0.447598       0.660057
19.999821      28.224245     -41.909668      57.017410       0.447598       0.660057
19.999821      28.209137     -41.889591      57.004112       0.447598       0.660057
19.999821      28.170549     -41.849728      57.003643       0.447598       0.660057
19.999821      28.120062     -41.803108      57.007057       0.447598       0.660057
19.999821      28.055099     -41.750828      56.985023       0.447598       0.660057
19.999821      27.966373     -41.701824      56.905762       0.447598       0.660057
19.999821      27.863136     -41.665756      56.777000       0.447598       0.660057
19.999821      27.767302     -41.626846      56.654346       0.447598       0.660057
19.999821      27.649961     -41.573830      56.594639       0.447598       0.660057
19.999821      27.561306     -41.503048      56.584148       0.447598       0.660057
19.999821      27.515348     -41.423653      56.604004       0.447598       0.660057
19.999821      27.498873     -41.343849      56.658203       0.447598       0.660057
19.999821      27.552696     -41.279133      56.694603       0.447598       0.660057
19.999821      27.640551     -41.230343      56.713543       0.447598       0.660057
19.999821      27.745365     -41.205574      56.722061       0.447598       0.660057
19.999821      27.863220     -41.217285      56.729229       0.447598       0.660057
19.999821      27.965742     -41.269302      56.733540       0.447598       0.660057
19.999821      28.035240     -41.351841      56.742111       0.447598       0.660057
19.999821      28.061773     -41.447205      56.767628       0.447598       0.660057
19.999821      28.065147     -41.533314      56.803806       0.447598       0.660057
19.999821      28.007822     -41.594719      56.830677       0.447598       0.660057
19.999821      27.921495     -41.614647      56.834728       0.447598       0.660057
19.999821      27.813707     -41.587540      56.833984       0.447598       0.660057
19.999821      27.697519     -41.519905      56.823631       0.447598       0.660057
20.000333      27.554222     -41.421482      56.796623       0.447598       0.660057
19.999821      27.427420     -41.321510      56.747723       0.447598       0.660057
19.999821      27.334455     -41.218655      56.682236       0.447598       0.660057
19.999821      27.276516     -41.123947      56.588173       0.447598       0.660057
19.999821      27.234831     -41.063461      56.500309       0.447598       0.660057
19.999821      27.197155     -41.044903      56.440456       0.447598       0.660057
19.999821      27.143484     -41.052219      56.421505       0.447598       0.660057
19.999821      27.089640     -41.070477      56.428860       0.447598       0.660057
19.999821      27.060450     -41.082058      56.445744       0.447598       0.660057
19.999821      27.049770     -41.091869      56.446690       0.447598       0.660057
19.999821      27.027458     -41.099224      56.443623       0.447598       0.660057
19.999821      27.010508     -41.125580      56.411835       0.447598       0.660057
19.999821      26.978476     -41.171749      56.393433       0.447598       0.660057
20.004688      26.980930     -41.216160      56.371944       0.447598       0.660057
19.999821      27.006996     -41.252647      56.344830       0.447598       0.660057
19.999821      27.051678     -41.286133      56.333481       0.447598       0.660057
19.999821      27.092342     -41.330536      56.334366       0.447598       0.660057
19.999821      27.118034     -41.392502      56.323593       0.447598       0.660057
19.999821      27.109859     -41.434139      56.341064       0.447598       0.660057
19.999821      27.086733     -41.448364      56.359970       0.447598       0.660057
19.999821      27.045448     -41.435452      56.368885       0.447598       0.660057
19.999821      26.993505     -41.401054      56.366516       0.447598       0.660057
19.999821      26.925524     -41.348835      56.370518       0.447598       0.660057
19.999821      26.869770     -41.281197      56.356438       0.447598       0.660057
19.999821      26.812521     -41.199593      56.361336       0.447598       0.660057
19.999821      26.762892     -41.119884      56.377201       0.447598       0.660057
19.999821      26.726099     -41.047218      56.406235       0.447598       0.660057
19.999821      26.695995     -40.980186      56.474880       0.447598       0.660057
19.999821      26.693089     -40.916916      56.551464       0.447598       0.660057
19.999821      26.688612     -40.861118      56.621304       0.447598       0.660057
19.999821      26.710604     -40.830956      56.683075       0.447598       0.660057
19.999821      26.735600     -40.826355      56.740810       0.447598       0.660057
20.015958      26.788980     -40.852371      56.753727       0.447598       0.660057
19.999821      26.848194     -40.889755      56.742374       0.447598       0.660057
19.999821      26.909985     -40.940441      56.728767       0.447598       0.660057
19.999821      26.967205     -40.994957      56.737255       0.447598       0.660057
19.999821      27.037174     -41.044453      56.725178       0.447598       0.660057
19.999821      27.080742     -41.078533      56.721962       0.447598       0.660057
19.999821      27.110373     -41.091984      56.715744       0.447598       0.660057
19.999821      27.102297     -41.087303      56.711891       0.447598       0.660057
19.999821      27.070032     -41.084412      56.682343       0.447598       0.660057
19.999821      27.002092     -41.090157      56.635483       0.447598       0.660057
19.999821      26.914846     -41.102707      56.586723       0.447598       0.660057
19.999821      26.792511     -41.099834      56.575886       0.447598       0.660057
19.999821      26.686619     -41.095264      56.558147       0.447598       0.660057
19.999821      26.580648     -41.093624      56.542889       0.447598       0.660057
19.999821      26.484854     -41.109344      56.519287       0.447598       0.660057
19.999821      26.379929     -41.135666      56.512108       0.447598       0.660057
19.999821      26.295252     -41.173405      56.486843       0.447598       0.660057
20.008786      26.222977     -41.208054      56.465878       0.447598       0.660057
19.999821      26.143623     -41.219090      56.433968       0.447598       0.660057
19.999821      26.044821     -41.200848      56.409126       0.447598       0.660057
19.999821      25.950800     -41.191185      56.376526       0.447598       0.660057
19.999821      25.918646     -41.192074      56.340374       0.447598       0.660057
19.999821      25.929230     -41.204926      56.309349       0.447598       0.660057
19.999821      25.971592     -41.216576      56.290329       0.447598       0.660057
19.999821      26.049387     -41.230228      56.306370       0.447598       0.660057
19.999821      26.147429     -41.239906      56.340408       0.447598       0.660057
19.999821      26.244413     -41.247547      56.381371       0.447598       0.660057
19.999821      26.370974     -41.246063      56.414433       0.447598       0.660057
19.999821      26.496391     -41.230629      56.457848       0.447598       0.660057
19.999821      26.599730     -41.203304      56.519623       0.447598       0.660057
19.999821      26.697468     -41.166046      56.581142       0.447598       0.660057
19.999821      26.773630     -41.112980      56.637604       0.447598       0.660057
19.999821      26.827911     -41.065884      56.667080       0.447598       0.660057
20.003919      26.880709     -41.042393      56.666950       0.447598       0.660057
20.002126      26.897036     -41.062092      56.641457       0.447598       0.660057
19.999821      26.838005     -41.107452      56.613678       0.447598       0.660057
19.999821      26.747730     -41.155537      56.570698       0.447598       0.660057
19.999821      26.665384     -41.194878      56.533554       0.447598       0.660057
19.999821      26.597174     -41.221790      56.514507       0.447598       0.660057
19.999821      26.547636     -41.243942      56.493214       0.447598       0.660057
19.999821      26.511389     -41.278336      56.477901       0.447598       0.660057
19.999821      26.493896     -41.334419      56.469673       0.526105       0.857992
19.999821      26.489361     -41.406300      56.458801       0.516675       0.852315
19.999821      26.496185     -41.507961      56.407001       0.516675       0.852315
19.999821      26.478067     -41.652943      56.336765       0.516675       0.852315
19.999821      26.450869     -41.850124      56.248177       0.516675       0.852315
20.003919      26.395304     -42.058334      56.147591       0.516675       0.852315
19.999821      26.303825     -42.249493      56.053722       0.516675       0.852315
19.999821      26.168552     -42.400410      55.997814       0.516675       0.852315
20.006993      26.031975     -42.529758      55.950233       0.516675       0.852315
19.999821      25.868332     -42.617592      55.920509       0.516675       0.852315
19.999821      25.706575     -42.658058      55.889221       0.516675       0.852315
19.999821      25.554678     -42.648197      55.906029       0.516675       0.852315
19.999821      25.445501     -42.599495      55.936455       0.516675       0.852315
19.999821      25.358656     -42.518753      55.970890       0.475832       0.647606
19.999821      25.305971     -42.429829      55.993084       0.470632       0.648465
19.999821      25.253334     -42.336781      56.049149       0.473483       0.645324
19.999821      25.220985     -42.260773      56.111801       0.477609       0.638978
19.999821      25.202288     -42.179916      56.192387       0.477108       0.638400
19.999821      25.218561     -42.101868      56.253021       0.477108       0.638400
19.999821      25.219982     -42.029514      56.343872       0.477108       0.638400
19.999821      25.242533     -41.965008      56.443077       0.477108       0.638400
19.999821      25.275780     -41.903580      56.551640       0.481552       0.606224
19.999821      25.322296     -41.854282      56.643784       0.483355       0.604089
19.999821      25.369713     -41.820744      56.729362       0.480041       0.601905
19.999821      25.422121     -41.820972      56.788734       0.481358       0.603487
19.999821      25.463037     -41.839878      56.840755       0.481250       0.603639
19.999821      25.454113     -41.884052      56.902401       0.481250       0.603639
19.999821      25.455729     -41.954853      56.913746       0.481250       0.603639
19.999821      25.434410     -42.040840      56.890770       0.481250       0.603639
19.999821      25.382561     -42.140282      56.855099       0.481250       0.603639
19.999821      25.307957     -42.224621      56.812157       0.481250       0.603639
19.999821      25.258587     -42.322819      56.712193       0.480940       0.603583
19.999821      25.211988     -42.425110      56.623348       0.468468       0.645689
19.999821      25.166479     -42.524551      56.566673       0.468468       0.645689
19.999821      25.124296     -42.620304      56.528927       0.468468       0.645689
19.999821      25.102255     -42.708508      56.480125       0.468468       0.645689
19.999821      25.086246     -42.772556      56.448128       0.461845       0.648611
19.999821      25.087679     -42.819130      56.380749       0.460291       0.650187
19.999821      25.069836     -42.845036      56.342964       0.460291       0.650187
19.999821      25.045805     -42.864952      56.325081       0.460291       0.650187
19.999821      25.010696     -42.870293      56.310249       0.460291       0.650187
19.999821      25.003361     -42.880898      56.243698       0.460291       0.650187
19.999821      24.978193     -42.898148      56.176708       0.460291       0.650187
19.999821      24.943407     -42.926136      56.128670       0.460291       0.650187
19.999821      24.904869     -42.951580      56.102497       0.460291       0.650187
19.999821      24.882200     -42.974735      56.062931       0.460291       0.650187
19.999821      24.837412     -42.979549      56.074924       0.460291       0.650187
19.999821      24.793509     -42.962566      56.106930       0.460291       0.650187
19.999821      24.749762     -42.924206      56.140331       0.460291       0.650187
19.999821      24.711300     -42.875820      56.153824       0.460291       0.650187
19.999821      24.656624     -42.812061      56.168236       0.460291       0.650187
19.999821      24.619600     -42.744476      56.152042       0.460291       0.650187
19.999821      24.581104     -42.656158      56.132080       0.460291       0.650187
20.000589      24.559038     -42.559555      56.092960       0.460291       0.650187
19.999821      24.510933     -42.458462      56.073414       0.460291       0.650187
19.999821      24.463680     -42.357738      56.060658       0.460291       0.650187
19.999821      24.400288     -42.256748      56.081718       0.460291       0.650187
19.999821      24.341642     -42.160824      56.113701       0.460291       0.650187
20.000589      24.283213     -42.078274      56.136841       0.460291       0.650187
19.999821      24.227705     -42.043488      56.124138       0.460291       0.650187
19.999821      24.160559     -42.047359      56.102982       0.460291       0.650187
19.999821      24.064793     -42.100407      56.067196       0.460291       0.650187
19.999821      23.966656     -42.165745      56.012264       0.462551       0.646475
19.999821      23.886065     -42.246609      55.913868       0.462216       0.645178
19.999821      23.819946     -42.323792      55.822334       0.462216       0.645178
19.999821      23.780813     -42.396404      55.722797       0.462216       0.645178
19.999821      23.725004     -42.464314      55.651306       0.462216       0.645178
19.999821      23.661388     -42.524433      55.590637       0.462216       0.645178
19.999821      23.609594     -42.584885      55.506866       0.462216       0.645178
19.999821      23.570133     -42.634903      55.397137       0.462216       0.645178
19.999821      23.525976     -42.650723      55.300011       0.462216       0.645178
19.999821      23.482630     -42.617325      55.230888       0.462216       0.645178
19.999821      23.458117     -42.547272      55.153896       0.462216       0.645178
19.999821      23.442501     -42.450191      55.088772       0.462216       0.645178
19.999821      23.418165     -42.341644      55.076294       0.462216       0.645178
19.999821      23.396414     -42.230419      55.104542       0.462216       0.645178
19.999821      23.418425     -42.132504      55.115417       0.462216       0.645178
19.999821      23.453699     -42.039528      55.149498       0.462216       0.645178
19.999821      23.517166     -41.978424      55.167202       0.462216       0.645178
19.999821      23.581963     -41.944561      55.205376       0.462216       0.645178
19.999821      23.651323     -41.942776      55.236488       0.462216       0.645178
19.999821      23.719418     -41.967010      55.251991       0.462216       0.645178
19.999821      23.796583     -42.017067      55.242168       0.462216       0.645178
19.999821      23.836380     -42.078144      55.230968       0.462216       0.645178
19.999821      23.851099     -42.139782      55.213371       0.462216       0.645178
19.999821      23.832678     -42.188747      55.211967       0.462216       0.645178
19.999821      23.822607     -42.224388      55.189308       0.462216       0.645178
19.999821      23.800159     -42.224621      55.166195       0.462216       0.645178
19.999821      23.784409     -42.201332      55.137970       0.462216       0.645178
19.999821      23.742765     -42.143429      55.161919       0.462216       0.645178
23.0203
