0.0,0.9861373880655036,-0.12155496721721136,0.11294884596209531
0.2,0.9819153304590781,-0.148952137599426,0.11685694037583227
0.4,0.9814965181818319,-0.16140817373403787,0.10301449533334765
0.6000000000000001,0.977488334186998,-0.19214489087807024,0.08716018263967841
0.8,0.9683618215029587,-0.23770853445841408,0.07596074842380843
1.0,0.9485739718082241,-0.31305040400296996,0.04697727707677062
1.2000000000000002,0.9128880493020856,-0.407819009757704,0.017862382866760406
1.4000000000000001,0.8600875209716542,-0.5094904664692086,-0.025863504128837166
1.6,0.7948695871421932,-0.6029359659726373,-0.06819501721564684
1.8,0.7175630886650439,-0.6879551025480167,-0.10872437934350318
2.0,0.669838169379003,-0.7339155011042541,-0.11262710189771216
2.2,0.6761315065555007,-0.7322943864285973,-0.08118569731272508
2.4000000000000004,0.665636501304844,-0.742919122230014,-0.07070520458659646
2.6,0.6435056678028537,-0.7635563879602921,-0.05368517403003213
2.8000000000000003,0.632576763791129,-0.7733013026875639,-0.043031769348460244
3.0,0.6336165999055853,-0.7723341703795493,-0.04505478429888493
3.2,0.631767469463292,-0.7731694217944204,-0.05548792418202588
3.4000000000000004,0.6351808771002756,-0.7696243453432982,-0.06498938698760001
3.6,0.6427463986380954,-0.7633887225607486,-0.06414612462827951
3.8000000000000003,0.6529557651676418,-0.7556859896159025,-0.050867021070370076
4.0,0.6639008773806674,-0.7463653293076132,-0.04663067896480064
4.2,0.6595512658966229,-0.7496852423322731,-0.054444146456373285
4.4,0.6564874649439071,-0.751880866989271,-0.06082244838038758
4.6000000000000005,0.6555491250650278,-0.7524364766680349,-0.06398978985642921
4.800000000000001,0.655934053483862,-0.7520365824139497,-0.06474176543296103
5.0,0.6565862149859061,-0.7514897054337482,-0.06448073291751129
5.2,0.6577304718347583,-0.7502970055162796,-0.06667105768869847
5.4,0.6584230683313238,-0.7494725738633682,-0.06906463723051877
5.6000000000000005,0.6569461037424178,-0.7508587060496485,-0.06806629361955668
5.800000000000001,0.656476431454943,-0.7514086202752174,-0.06651150517225116
6.0,0.6580393703216592,-0.749992964018403,-0.06704282981471926
6.2,0.6587691571565583,-0.7492216441277745,-0.06848449130797772
6.4,0.6588629283396175,-0.7491107863603658,-0.06879441415041612
6.6000000000000005,0.658852097687368,-0.7489668497336673,-0.07044552060266802
6.800000000000001,0.6590916057227632,-0.7486348458459962,-0.07172254074509221
7.0,0.6590730038633477,-0.748684487720216,-0.07137445919698204
7.2,0.6579962697514523,-0.7496352903671095,-0.07132909945732725
7.4,0.6564780549797663,-0.7509166680329789,-0.07183815838558215
7.6000000000000005,0.6554687315999127,-0.7517958135691354,-0.07185956160959808
7.800000000000001,0.6552394651697528,-0.7520471042783405,-0.07131897524936169
8.0,0.6519795530620709,-0.7547636506894253,-0.07248788855355891
8.200000000000001,0.6393088284838289,-0.764785635939549,-0.07991966518432263
8.4,0.5832612295333053,-0.8069428348877824,-0.09300322223754784
8.6,0.5016526116684881,-0.860060140593654,-0.0929581183555751
8.8,0.4376423456529417,-0.8953029425672999,-0.08307718291880971
9.0,0.3620765153916126,-0.9286704594997849,-0.08044734087790564
9.200000000000001,0.2718064240875371,-0.9583004316188849,-0.08821309757515955
9.4,0.1710952690095398,-0.9795456797862405,-0.10590878214135527
9.600000000000001,0.08993630037137612,-0.9891097700013765,-0.11650461262685476
9.8,0.036935287436660136,-0.9926974005546834,-0.11483751771066227
10.0,-0.0021549320819862494,-0.9938538624125279,-0.11067906954534038
10.200000000000001,-0.022608757514944844,-0.9935410262613903,-0.11119835079304845
10.4,-0.025125746881089595,-0.9934000371699756,-0.11191542786568143
10.600000000000001,-0.026228951315551086,-0.9933039736864345,-0.1125133679685478
10.8,-0.025318402142154195,-0.9932724632406876,-0.1129990808845168
11.0,-0.021814148823908308,-0.9933023301527406,-0.11346639953847353
11.200000000000001,-0.02031833390679616,-0.9936116419033132,-0.11100932565083946
11.4,-0.020321723544401205,-0.9935395696739188,-0.11165191912524015
11.600000000000001,-0.020613980705883772,-0.9933052974518979,-0.11366463765593166
11.8,-0.020117064391124206,-0.9932653139338276,-0.11410223422973924
12.0,-0.019063450037064278,-0.9935351864406963,-0.11191254700405737
12.200000000000001,-0.018905876624018658,-0.9935693236959131,-0.11163586717324885
12.4,-0.019504604207664034,-0.9935427267245727,-0.11176949757158056
12.600000000000001,-0.018923297616669776,-0.9936610009019463,-0.11081391651707412
12.8,-0.017721141311065614,-0.9937338506996546,-0.11035848460481189
13.0,-0.01669013122562757,-0.9937127972544368,-0.11070824762606506
13.200000000000001,-0.017052517320748695,-0.9936242411708517,-0.111445408208121
13.4,-0.01698523866678142,-0.9936238290206943,-0.11145935613346418
13.600000000000001,-0.016566895497563905,-0.9935963418145078,-0.11176693386865527
13.8,-0.01635086396803931,-0.9936780597788581,-0.11107008040702247
14.0,-0.01671908522283233,-0.993813393019302,-0.10979714042166058
14.200000000000001,-0.01673556766912665,-0.9937901445887661,-0.11000486031549643
14.4,-0.016361130263373436,-0.9937910998873483,-0.11005254745438521
14.600000000000001,-0.01654427327524005,-0.9937968061300791,-0.10997361114125698
14.8,-0.016614991414203584,-0.9938043636305248,-0.1098946262982578
15.0,-0.01762033815458447,-0.9936755164312829,-0.11089856504184782
15.200000000000001,-0.017876474167203504,-0.993664719316131,-0.11095430256526333
15.4,-0.019262354314233288,-0.9936234505315849,-0.11109185505688435
15.600000000000001,-0.026778502143929628,-0.9931366320116073,-0.11385315972588779
15.8,-0.05148563678456852,-0.9896607207285779,-0.13386891742252816
16.0,-0.11066412501756384,-0.9762491443785358,-0.18625536108867835
16.2,-0.21940839535137519,-0.9518934917367691,-0.21391291788603184
16.400000000000002,-0.3114706150341227,-0.9282651194187865,-0.20324842936832566
16.6,-0.3479713193104669,-0.920795406460926,-0.1762151536553874
16.8,-0.3748837059728494,-0.9186208165407247,-0.12489196296845555
17.0,-0.42851288928410075,-0.898479640542341,-0.09545176398735557
17.2,-0.4742491914532358,-0.8754630907645092,-0.09301656365940972
17.400000000000002,-0.5171778026663636,-0.8541474076750798,-0.05439969109409843
17.6,-0.5682610046605028,-0.8203219896681211,-0.0644303022588843
17.8,-0.6107991423706686,-0.7871358257232273,-0.08568313452639946
18.0,-0.6467356082818981,-0.7561920494444857,-0.09953209199645903
18.2,-0.6727236710898343,-0.7308606293432585,-0.11526318940317717
18.400000000000002,-0.6906552220155973,-0.7129851022439009,-0.12102730386503718
18.6,-0.6969150253675936,-0.7039045389059454,-0.1372146039038658
18.8,-0.6892973271019366,-0.710860947955315,-0.13980667910438796
19.0,-0.6845742826823491,-0.7146645793889747,-0.14357085517864382
19.200000000000003,-0.6832656395980352,-0.7155563918861922,-0.14535169684424845
19.400000000000002,-0.6816365693577489,-0.7176522550040045,-0.14264230859694635
19.6,-0.6789696674794147,-0.7218195321636757,-0.13407741655441294
19.8,-0.6789016124194012,-0.7230961316303984,-0.12737576329698994
