0.020854087,0.11675749531544677,0.0,-0.41220006598220893,-0.9035810936999102
0.06256242033333334,0.11503045332499726,-4.0531850015098356e-23,-0.42326629568285296,-0.8986732652898725
0.10427075366666669,0.11351954236212164,-8.449197592831688e-23,-0.42490729912232394,-0.8980908086905613
0.145979087,0.11178953860168542,-7.279189390466644e-23,-0.41637604287197083,-0.9022937936068834
0.18768742033333335,0.10944246031756188,1.4558378780933287e-22,-0.3977128592281791,-0.9109592907941526
0.2293957536666667,0.106123206225448,-2.713152409173931e-22,-0.36446819865314317,-0.9251490675944954
0.27110408700000005,0.10273099505876299,-1.2821299494571929e-23,-0.3387812648063512,-0.9352398608220489
0.3128124203333334,0.09951365101354818,2.0679515313825692e-22,-0.32916899039638536,-0.9390126777756402
0.35452075366666674,0.09595896842984437,3.705769144237564e-22,-0.32333735258063145,-0.941405774787912
0.3962290870000001,0.09257169303206168,-9.26442286059391e-23,-0.3302779763026123,-0.9393332422620999
0.43793742033333344,0.08975862231134288,6.617444900424221e-22,-0.3527212498473467,-0.931413500882876
0.4796457536666668,0.08785962169251597,3.970466940254533e-22,-0.3865268485585015,-0.9180837010967362
0.5213540870000001,0.08646629714658008,-6.7220534694101275e-18,-0.4215418278906695,-0.902677166431251
0.5630624203333334,0.08494962639589539,-4.553649124439119e-18,-0.4548274405600944,-0.8865187873298297
0.6047707536666668,0.08326189453527737,4.336808689942018e-19,-0.4834275151104455,-0.871415684132743
0.6464790870000001,0.08188279310637842,3.308722450212111e-24,-0.501567657216701,-0.8612346332023857
0.6881874203333335,0.08138648364794118,-8.68539643180679e-23,-0.5127413403343358,-0.8546768735560665
0.7298957536666668,0.08162479765502482,-1.1208297300093525e-22,-0.5177510931728327,-0.8516285563120304
0.7716040870000002,0.08220492172102582,5.790264287871194e-23,-0.5177951925670925,-0.8515459408624104
0.8133124203333335,0.08264449355287151,-8.437242248040882e-23,-0.5163715810254432,-0.8523674547955674
0.8550207536666669,0.08285426359837596,2.3161057151484775e-23,-0.5103450084884542,-0.8559691252110034
0.8967290870000002,0.08270000587355852,4.716279450311944e-18,-0.5033371112155665,-0.8601235152591062
0.9384374203333335,0.08235938968034283,-5.963111948670274e-19,-0.49442886517490653,-0.8653074761108536
0.9801457536666669,0.08146896015631122,-7.535205098774256e-18,-0.4848409430255791,-0.8707996718517507
1.0218540870000001,0.0810547335365192,-2.574980159653073e-18,-0.47700680838396453,-0.8751540635377679
1.0635624203333336,0.08104606042873452,4.4858864886587746e-18,-0.4739487014269701,-0.8768147834660811
1.1052707536666668,0.08084396760032014,1.6263032587282567e-19,-0.4748456625817074,-0.8763480185576833
1.1469790870000003,0.08011715372764487,-4.336808689942018e-19,-0.48311018399112926,-0.8718863411033791
1.1886874203333335,0.0783831519134288,-3.2526065174565133e-19,-0.4913284731706867,-0.8674401494903715
1.230395753666667,0.07646461268081997,7.914675859144182e-18,-0.5027691613487981,-0.861032132620031
1.2721040870000002,0.07482663819637722,4.553649124439119e-18,-0.5240422183050564,-0.8483989201137305
1.3138124203333337,0.07297552843576252,-3.0357660829594124e-18,-0.5510753435696532,-0.8312584062486886
1.355520753666667,0.07065481945867949,6.5052130349130266e-18,-0.5823484047925923,-0.8098630945553603
1.3972290870000001,0.06789473663340605,2.168404344971009e-19,-0.6190703085040293,-0.782395205676905
1.4389374203333336,0.06508793425519807,-4.336808689942018e-18,-0.655441534326001,-0.7524360144854637
1.4806457536666668,0.06256253280436327,-3.2526065174565133e-18,-0.6890140464143009,-0.72204263955316
1.5223540870000003,0.060678063721974214,-5.5294310796760726e-18,-0.7149104047975906,-0.6965782696116043
1.5640624203333335,0.05936017314809566,4.228388472693467e-18,-0.7327907479234576,-0.6778599336157934
1.605770753666667,0.05896506644909947,9.75781955236954e-19,-0.743058524650331,-0.6666236943607143
1.6474790870000002,0.058866655263825694,-6.749158523722265e-18,-0.7481330221475233,-0.6609324459205067
1.6891874203333337,0.05875943231018099,-1.5043305143236374e-18,-0.7514616778951645,-0.6571549861102548
1.730895753666667,0.05922790654338561,5.583641188300348e-18,-0.7538366503644285,-0.6543870106090329
1.7726040870000004,0.06021674211960411,3.63207727782644e-18,-0.7597975951171653,-0.647365088974277
1.8143124203333336,0.06099808371026126,-1.4365678785432934e-18,-0.7639948135788098,-0.6423325918932927
1.856020753666667,0.06191737205366613,2.520770051028798e-18,-0.7674610202569087,-0.6380985985129513
1.8977290870000003,0.06262708365380172,-3.06287113727155e-18,-0.7679018143383664,-0.6374987466096423
1.9394374203333338,0.0629573935834924,1.0299920638612292e-18,-0.7652785482770611,-0.6406130736568891
1.981145753666667,0.06297246143968238,1.3891340334970526e-18,-0.7628612921612973,-0.6434882423340956
2.0228540870000002,0.06334406838353518,-1.9244588561617704e-18,-0.7615961357193994,-0.6449487228128297
2.0645624203333335,0.0636554760922804,3.144186300207963e-18,-0.7591781071059163,-0.6477627513639101
2.106270753666667,0.06411407804763289,3.550762114890027e-18,-0.7561588739709316,-0.6512396965105205
2.1479790870000004,0.06465312204800207,1.4907779871675686e-18,-0.755610738326149,-0.6518223576524959
2.1896874203333336,0.06518701453001276,5.7462715141731735e-18,-0.7592843279263368,-0.6474858782260159
2.231395753666667,0.06582049791646935,3.8624702394796095e-18,-0.7634342392508482,-0.6425230146800245
2.2731040870000006,0.06654841239183522,-4.87890977618477e-19,-0.7628547236871038,-0.6431360504251016
2.314812420333334,0.06716014342671985,3.984442983884229e-18,-0.7599274217758544,-0.6465290625857475
2.356520753666667,0.06765478718066317,3.0086610286472748e-18,-0.7548627865637019,-0.6523840917993191
2.3982290870000003,0.06833477854181316,-2.710505431213761e-18,-0.7501878972931734,-0.6576841770914733
2.439937420333334,0.06870025087005072,4.607859233063394e-19,-0.7443898393326399,-0.6642018086611318
2.481645753666667,0.06883371153214733,7.318364664277155e-19,-0.7400395576693891,-0.6690316683395519
2.5233540870000004,0.06869547031889708,-8.131516293641283e-19,-0.7359559375460796,-0.6735352925781518
2.5650624203333336,0.06837754543022764,8.775261333554552e-19,-0.7340050197965724,-0.6756930828374453
2.6067707536666673,0.06836122045072363,1.6263032587282567e-19,-0.7317749241848353,-0.6781092860835681
2.6484790870000006,0.06835635157436601,-6.288372600415926e-18,-0.7272919088361097,-0.6829157257970924
2.690187420333334,0.06841912134823733,0.0,-0.7196927450809472,-0.6909132916016207
2.731895753666667,0.06854934459321013,-1.734723475976807e-18,-0.712597878032131,-0.6982157629128302
2.7736040870000003,0.06861957533683719,-4.607859233063394e-19,-0.7069371749627458,-0.7039397591671354
2.815312420333334,0.06863773032815328,4.404571325722362e-18,-0.7031855480247169,-0.7076856272559012
2.857020753666667,0.06852283557579304,-1.9312351197398048e-19,-0.6995313479470264,-0.7113090145949714
2.8987290870000004,0.06817465899668097,4.797594613248357e-18,-0.6990090121141888,-0.7118557556512639
2.9404374203333337,0.06801151924546267,1.0299920638612292e-18,-0.7014739069048388,-0.7094425918857604
2.9821457536666673,0.0678935164479169,-3.249218385667496e-18,-0.7025800755823738,-0.7083584599755989
3.0238540870000006,0.06776871775599824,-4.008159906407349e-18,-0.7019730966584903,-0.7089719123219184
3.065562420333334,0.06743681277060229,-2.6698478497455547e-18,-0.7006137843418554,-0.7103468177401283
3.107270753666667,0.06731177914190799,-4.811147140404426e-19,-0.6990854793067859,-0.7118627796219946
3.1489790870000007,0.06729347797500906,8.043424867126836e-18,-0.6975512719841973,-0.7133679350624443
3.190687420333334,0.06717034653807322,4.0657581468206416e-20,-0.6946411035901068,-0.7162135727205073
3.232395753666667,0.06682494308049158,-5.285485590866834e-18,-0.6900477925836629,-0.72067223543904
3.2741040870000004,0.06685863346261238,-1.4907779871675686e-19,-0.6865832547565187,-0.7239705501050835
3.315812420333334,0.06700794427019355,-2.913793338554793e-18,-0.6843006698220785,-0.7261146801199776
3.3575207536666674,0.06746456444574433,-4.87890977618477e-18,-0.6823688108178486,-0.7278882734095813
3.3992290870000006,0.06774163649537487,4.0657581468206416e-19,-0.678482565217416,-0.7314864861232389
3.440937420333334,0.06780552752527379,1.463672932855431e-18,-0.6706976299230898,-0.7386251414977487
3.482645753666667,0.06786236213808781,-4.87890977618477e-19,-0.6642007690339872,-0.744467620665734
3.5243540870000007,0.06850496010668146,4.2825985813177425e-18,-0.6583111997684155,-0.7496221946422421
3.566062420333334,0.06930450195332093,3.0899761915836876e-18,-0.651242080935456,-0.7556987746634629
3.607770753666667,0.06990715305947072,-2.8189256484623115e-18,-0.6416539970589453,-0.7638017661732649
3.6494790870000005,0.07007779459374779,1.8566962203814263e-18,-0.6386826029435403,-0.7662725594735472
3.691187420333334,0.06996761466226736,7.318364664277155e-19,-0.6395523381778628,-0.7655568820340531
3.7328957536666674,0.0700507572303875,-6.999880276109538e-18,-0.6425472183908555,-0.7630373277563972
3.7746040870000006,0.07051474069283573,-2.4936649967166602e-18,-0.6445064336031174,-0.7613403499022056
3.816312420333334,0.0709618941912439,9.75781955236954e-19,-0.6441514016331223,-0.761599226198973
3.8580207536666675,0.07125689361150582,-3.144186300207963e-18,-0.6410047565945542,-0.7642220600950975
3.8997290870000008,0.07146736558678024,-1.734723475976807e-18,-0.6404962440159564,-0.764628653045083
3.941437420333334,0.0714427650202212,-1.9786689647860456e-18,-0.641851155366588,-0.7634939591646036
3.9831457536666672,0.07103130419752428,1.463672932855431e-18,-0.6443136512665438,-0.7614554961490352
4.0248540870000005,0.07049144136456265,-2.2768245622195593e-18,-0.6464419978434247,-0.7596997433977112
4.066562420333334,0.07049505889387345,4.580754178751256e-18,-0.6508449146868203,-0.7559307797000034
4.108270753666667,0.07031074012913863,4.2148359455373985e-18,-0.6536029364588888,-0.7535645966171785
4.149979087000001,0.07028869857181963,7.253990160285828e-18,-0.6566857476246685,-0.7508817002162926
4.191687420333334,0.07038302570801505,-7.724940478959219e-19,-0.6561445749010131,-0.7513458102100218
4.2333957536666675,0.07050626378242067,5.366800753803247e-18,-0.654372957751129,-0.7528777450100933
4.275104087000001,0.07065904517480033,1.0733601507606494e-17,-0.6515786829166751,-0.7552830723004166
4.316812420333334,0.07071495451955068,-4.092863201132779e-18,-0.649531128075625,-0.7570394367984433
4.358520753666667,0.07055417538615343,4.723055713889979e-18,-0.644693773586578,-0.7611780649981174
4.4002290870000005,0.07008031945684243,5.312590645178972e-18,-0.642845186191753,-0.7627835967133257
4.441937420333334,0.06944415251686088,-3.3610267347050637e-18,-0.6448921485142773,-0.7611120984886878
4.483645753666668,0.0689925027786961,-2.9544509200229996e-18,-0.6493860144653235,-0.7573228101524305
4.525354087000001,0.06881885240073422,-5.319366908757006e-18,-0.6506037615501933,-0.7562927416093491
4.567062420333334,0.06862348337202477,2.7172816947917955e-18,-0.647481753137179,-0.7589849780359916
4.6087707536666676,0.0686709447373608,-5.692061405548898e-19,-0.6417804818755689,-0.7638076422977456
4.650479087000001,0.06882048450347691,2.439454888092385e-18,-0.6360318540513125,-0.7685878099116303
4.692187420333334,0.06883716340164862,-3.74049749507499e-18,-0.63061897223665,-0.7730337358679801
4.733895753666667,0.06889092898460403,-1.0028870095490916e-18,-0.6277573522656915,-0.7753545940922818
4.7756040870000005,0.06888410644222737,-8.402566836762659e-19,-0.6239299732730622,-0.7784384165308981
4.817312420333334,0.06868247330208754,3.2526065174565133e-19,-0.6226658359290355,-0.779467750858176
4.859020753666668,0.06888982549576463,1.8973538018496328e-18,-0.6232512738974989,-0.7789814128259467
4.900729087000001,0.06896088565677004,-9.283481101907132e-19,-0.6250712472018091,-0.7775154867724557
4.942437420333334,0.06893848439087964,3.105222784634265e-18,-0.6248628976923302,-0.7776849262120445
4.984145753666668,0.0688835740402922,7.928228386300251e-19,-0.6242005506544102,-0.7782215146024729
5.025854087000001,0.06853799595965811,3.40168431617327e-18,-0.6183703861272475,-0.7828924630309534
5.067562420333334,0.06832698738459607,-3.028989819381378e-18,-0.6141677701183121,-0.7862120407007549
5.109270753666667,0.06839363722144302,-1.4501204056993622e-18,-0.6135336957365795,-0.7867011596428699
5.1509790870000005,0.06849235189744499,-4.3503612170980865e-18,-0.6161946291402541,-0.7846100794345311
5.192687420333335,0.06845797279041732,-4.336808689942018e-19,-0.6209686735153972,-0.7808401965024308
5.234395753666668,0.06824039853802782,-2.439454888092385e-19,-0.627635970234368,-0.7755103718683166
5.276104087000001,0.06764657620628343,1.0299920638612292e-18,-0.6334699195537611,-0.7708046456451328
5.317812420333334,0.06729702074106926,0.0,-0.6378179286486406,-0.7672414228218741
5.359520753666668,0.06721459245358057,8.538092108323347e-19,-0.6396539102771939,-0.7657186648034607
5.401229087000001,0.06707624221431312,2.795208725939191e-20,-0.6388941149465347,-0.7663648528064754
5.442937420333334,0.06702048198306323,-1.1926223897340549e-18,-0.6345892225913677,-0.7699381621699509
5.484645753666667,0.06727540384294106,-2.019326546254252e-18,-0.6334122412033175,-0.770884526198029
5.5263540870000005,0.06760655825571522,2.222614453595284e-18,-0.6347174683001608,-0.769781195350634
5.568062420333335,0.06755883083119771,-3.5101045334218206e-18,-0.6366474716469035,-0.7681899512635706
5.609770753666668,0.06752047678299504,-4.689174395999807e-18,-0.637207700306946,-0.7677286837708556
5.651479087000001,0.0676483430354519,-1.429791614965259e-18,-0.6393428429101563,-0.7659402267175403
5.693187420333334,0.06764196301741651,-5.319366908757006e-19,-0.6396755571242854,-0.7656629457253925
5.734895753666668,0.06760319027593727,-6.139294801699169e-18,-0.6377004625109948,-0.7673121455951151
5.776604087000001,0.06744233500701155,-3.06287113727155e-18,-0.6333539052816509,-0.7709178698884102
5.818312420333334,0.06746907067205665,3.130633773051894e-18,-0.629456982267436,-0.7741006601065664
5.860020753666667,0.06788966539996466,-2.6020852139652106e-18,-0.6261852417850765,-0.7767129690577121
5.901729087000001,0.06862380341935016,4.716279450311944e-18,-0.6210550275869166,-0.7807569572621668
5.943437420333335,0.06910922084557723,3.4423418976414766e-18,-0.6170086394280485,-0.7839159741102777
5.985145753666668,0.06927090378593759,4.377466271410224e-18,-0.6148172945469282,-0.7856215604314044
6.026854087000001,0.06939620029685807,-4.272434185950691e-18,-0.6156350300365951,-0.7849698574953049
6.068562420333334,0.06970440522006016,-4.269046054161674e-18,-0.6152985848115946,-0.7852063088270282
6.110270753666668,0.07000805216693405,1.8973538018496328e-18,-0.6133892878221063,-0.7866717576072508
6.151979087000001,0.0703851457957741,1.734723475976807e-18,-0.6093627562558502,-0.789761332643971
6.193687420333334,0.07080416644201654,-4.607859233063394e-18,-0.6026853731147382,-0.7948314985253163
6.235395753666667,0.07129437913171198,3.957337929572091e-18,-0.5969883737547332,-0.7990757117482066
6.277104087000001,0.07184564904793887,-1.81603863891322e-18,-0.5928190062116797,-0.8021245717387523
6.318812420333335,0.07233203006557137,-4.526544070126981e-18,-0.589446014476398,-0.8045629083200911
6.360520753666668,0.07243707988078738,1.6263032587282567e-19,-0.5853029720387847,-0.8075724737637545
6.402229087000001,0.07266346164292971,-1.463672932855431e-18,-0.5828956122674578,-0.809291496644696
6.443937420333334,0.07252908336152941,-5.065257024580716e-19,-0.5818102933197227,-0.8100841404779846
6.485645753666668,0.07237826183665183,-3.821812658011403e-18,-0.5804027557709409,-0.8111066688833242
6.527354087000001,0.07265818839990482,1.3552527156068805e-18,-0.5795639779039766,-0.8116812078486006
6.569062420333334,0.07306566969131331,-5.854691731421724e-18,-0.5789026533309669,-0.8121164484720934
6.610770753666668,0.07339096137709723,-2.4936649967166602e-18,-0.5777017732482633,-0.8129418355417304
6.6524790870000015,0.07374013905021866,-1.3417001884508117e-18,-0.5769155777375014,-0.8134683817190804
6.694187420333335,0.07406947345688254,2.7511630126819675e-18,-0.5753284097512339,-0.8145618049202507
6.735895753666668,0.0743534103552861,-1.9786689647860456e-18,-0.5731716881147673,-0.81605501426816
6.777604087000001,0.07468207142415367,-2.520770051028798e-18,-0.5698230297152961,-0.8183668511211085
6.819312420333334,0.07492434320370633,2.168404344971009e-18,-0.5679412579100903,-0.8196517982405684
6.861020753666668,0.07528780158390216,6.532318089225164e-18,-0.5705014090239505,-0.8178385471682966
6.902729087000001,0.07552946319441212,1.751664134921893e-18,-0.5731496987133641,-0.8159624519880458
6.944437420333334,0.0755299299458855,2.3852447794681098e-18,-0.5729556473156964,-0.8160986802411954
6.986145753666668,0.07548612321460207,1.1892342579450377e-18,-0.5727695958321778,-0.8162333216012895
7.0278540870000015,0.07545575129257728,-1.2332799712022613e-18,-0.5717940639583416,-0.8169198112537586
7.069562420333335,0.07590062984374189,-5.8817967857338616e-18,-0.5711661536667512,-0.8173177590722306
7.111270753666668,0.07627909370164242,-1.0842021724855044e-18,-0.5692923470894099,-0.8185888610343333
7.152979087000001,0.0761629106178171,-4.80902955803629e-19,-0.5672958196822276,-0.8199845510845262
7.194687420333334,0.07633211223763776,-3.815036394433369e-18,-0.5683890311712425,-0.8192113999973127
7.236395753666668,0.07632936362117962,-5.149960319306146e-19,-0.5706376551161627,-0.8176469255202475
7.278104087000001,0.07660311467114725,1.2197274440461925e-18,-0.5721197252926233,-0.8165849513392787
7.319812420333335,0.07701587763414482,3.198396408832238e-18,-0.5693241923990098,-0.8184977205475027
7.361520753666668,0.07735393687354757,-1.0299920638612292e-18,-0.5627221808124342,-0.8230189035932659
7.4032290870000015,0.07778619315178685,2.168404344971009e-19,-0.5560843342706367,-0.8274778071548117
7.444937420333335,0.07859991079846813,-1.3064636178450328e-17,-0.5497873255456069,-0.8315984311504454
7.486645753666668,0.07919632284379062,-6.505213034913027e-19,-0.5417527224737699,-0.8367986198245553
7.528354087000001,0.07966303543192756,-1.6263032587282567e-18,-0.5325020767406866,-0.8426715487380758
7.570062420333334,0.08004829421635885,-1.6263032587282567e-18,-0.5241499033530825,-0.8478556182558478
7.611770753666668,0.08039356167484062,2.439454888092385e-18,-0.5202949502868259,-0.8501941189794617
7.653479087000001,0.0807777324687413,1.5449880957918438e-18,-0.5175290551978913,-0.8518442551095748
7.695187420333335,0.08105539011804533,-4.228388472693467e-18,-0.5134141062799102,-0.8543043832297785
7.736895753666668,0.08131390737597281,4.7704895589362195e-18,-0.5060553326714288,-0.8586594486419289
7.7786040870000015,0.08145869951316505,4.553649124439119e-18,-0.49872679197904396,-0.8629229787390734
7.820312420333335,0.08187520728637103,7.643625316022806e-18,-0.4933107123836668,-0.8659913345290084
7.862020753666668,0.08252222638847045,-5.7462715141731735e-18,-0.49051834587966525,-0.8675147459884284
7.903729087000001,0.0830868255782562,-2.1141942363467336e-18,-0.4838285031251999,-0.8712098248866096
7.945437420333334,0.08350320128981077,-2.710505431213761e-18,-0.4725654777718637,-0.8773306586416569
7.987145753666668,0.08413608642473659,8.72782748850831e-18,-0.4669952731890768,-0.8802479956127074
8.028854087000001,0.08464239400514606,-3.3068166260807885e-18,-0.4646591488888837,-0.8814349326472918
8.070562420333335,0.08521258137892596,1.1926223897340549e-18,-0.46423996477899354,-0.8816008570077156
8.112270753666667,0.08552656011785457,-7.318364664277155e-19,-0.4640179236578204,-0.881687344833015
8.153979087000002,0.08592381628465351,2.032879073410321e-18,-0.4615076178914694,-0.8829653540333406
8.195687420333334,0.08634094630610355,6.600080725005508e-18,-0.4601513613559454,-0.8836322570126313
8.237395753666668,0.08690305373778895,-4.119968255444917e-18,-0.45979895365975487,-0.8837605905812057
8.279104087000002,0.0871796313537142,-2.1955093992831465e-18,-0.45918677639653177,-0.8840515914015381
8.320812420333334,0.08710889186016191,-1.9109063290057016e-18,-0.458695922157382,-0.8843133448925691
8.362520753666669,0.08664410498059792,2.7511630126819675e-18,-0.4582251628403381,-0.8846030178628472
8.404229087000001,0.08606394011211305,-7.331917191433224e-18,-0.4586786722445666,-0.8844246004269329
8.445937420333335,0.08559956372781614,3.7608262858090935e-18,-0.4573262273501722,-0.8851697218428036
8.487645753666667,0.08527861548151627,-3.0747295985331102e-18,-0.45543082216923875,-0.8861773659712863
8.529354087000002,0.08507274274826875,7.521652571618187e-19,-0.45288346672485136,-0.8875016585948262
8.571062420333336,0.08516284201464144,1.1519648082658485e-19,-0.45401997190506155,-0.8869121464109713
8.612770753666668,0.08553279189655719,3.776072878859671e-18,-0.45604132642106254,-0.885838839804678
8.654479087000002,0.08556203015484579,-6.46455545344482e-18,-0.45859942167871126,-0.8845143918737177
8.696187420333334,0.08592782318705629,2.5682038960750386e-18,-0.4624483014644001,-0.882472649816993
8.737895753666669,0.08631223923938565,-2.6834003769016235e-18,-0.46389003612884433,-0.8816780771562048
8.779604087000001,0.08660394919665924,-4.838913939206606e-18,-0.4645271424023631,-0.8813139565189225
8.821312420333335,0.08678900966120554,5.970735245195563e-18,-0.46594934186948866,-0.8805446488471881
8.863020753666667,0.08670384705457516,-1.3950632641278327e-18,-0.4646034776331945,-0.8812638943455466
8.904729087000002,0.08665427969827809,3.279711571768651e-18,-0.46325293003041174,-0.8819794547653654
8.946437420333336,0.08680649150454732,2.439454888092385e-18,-0.4627971057489694,-0.8822037587445705
8.988145753666668,0.08677705814840435,-4.6349642873755315e-18,-0.46131168893861046,-0.8829842964785474
9.029854087000002,0.08669919034639594,6.061579528788587e-21,-0.46032491149343585,-0.883506777705661
9.071562420333334,0.08681300813369143,-2.0735366548785272e-18,-0.46118672030927677,-0.8830460410585353
9.113270753666669,0.08687138460557557,-5.095750210681871e-18,-0.46490062035907304,-0.8810906739527206
9.154979087000001,0.08665708899621025,8.656676720938949e-19,-0.46525151854901303,-0.8809265425757931
9.196687420333335,0.08638470347592012,-4.611247364852411e-18,-0.46311246000908063,-0.882079663289952
9.238395753666667,0.08616012554061028,-3.686287386450715e-18,-0.457571602266556,-0.8849885092847494
9.280104087000002,0.08629329454643209,-2.6020852139652106e-18,-0.4552823733692358,-0.8861554196728688
9.321812420333336,0.08662320296181825,4.336808689942018e-19,-0.4582623266892698,-0.8845858130481025
9.363520753666668,0.08700755386045937,-4.865357249028701e-18,-0.4621914607319655,-0.8825014103091684
9.405229087000002,0.08722520044638848,6.6373501746846975e-18,-0.4643434781881403,-0.8813494759011475
9.446937420333335,0.08744480095080251,1.7076184216646695e-18,-0.4686474456030244,-0.8790466304562203
9.488645753666669,0.08733131381037829,4.689174395999807e-18,-0.47354702388823583,-0.8764282388163609
9.530354087000001,0.0872197531680939,1.2197274440461925e-18,-0.4787369061008231,-0.8736152982831222
9.572062420333335,0.08705533943863576,-6.898236322439022e-18,-0.48119946172389455,-0.8722777343896028
9.613770753666667,0.08712887256914877,-2.6291902682773483e-18,-0.4796298330417846,-0.8731344586151315
9.655479087000002,0.08723209635926048,4.675621868843738e-18,-0.4773936484854733,-0.8743488238400604
9.697187420333336,0.08742192094572644,-1.7618285302889447e-18,-0.4773269063934714,-0.8743663031996357
9.738895753666668,0.08774919146490023,-3.903127820947816e-18,-0.478360072670236,-0.8737686880817959
9.780604087000002,0.08766667027953196,-2.358139725155972e-18,-0.48076566459099435,-0.8724556898046338
9.822312420333335,0.08755087983325759,-7.657177843178875e-18,-0.4822126184704544,-0.8716684197722724
9.864020753666669,0.08734885388479019,-6.071532165918825e-18,-0.4847619403934032,-0.8702735425548891
9.905729087000001,0.08721434722531199,-3.755744088125568e-18,-0.4854836776938393,-0.8698846224246796
9.947437420333335,0.08741917101171377,3.767602549387128e-18,-0.4839601145224625,-0.8707126369193395
9.98914575366667,0.08778837959903255,7.15573433840433e-18,-0.4803284688810452,-0.8726842283379292
10.030854087000002,0.08793385089590157,-4.689174395999807e-18,-0.47639241722784015,-0.8748244982134605
10.072562420333336,0.08812205128703104,-1.7618285302889447e-19,-0.47487791742972213,-0.8756286128345602
10.114270753666668,0.08851650133938968,2.9680034471790684e-18,-0.47862095756191525,-0.873548400475411
10.155979087000002,0.0888583614528733,-3.076423664427619e-18,-0.48133891190590267,-0.8720189467466589
10.197687420333335,0.08876637571265891,-1.5178830414797062e-18,-0.48307539532616645,-0.8710675593622502
10.239395753666669,0.08877268192511256,9.486769009248164e-18,-0.48623574901763944,-0.8693067394890471
10.281104087000001,0.088518559260024,-6.0173220572945496e-18,-0.4896901533978084,-0.8673915023400681
10.322812420333335,0.08850330291345068,3.282252670610414e-18,-0.49086680773890584,-0.8667277210483267
10.36452075366667,0.08849475956721901,-2.4191260973582818e-18,-0.4903908679217904,-0.8669979666573927
10.406229087000002,0.08853001936052358,-1.734723475976807e-18,-0.48724464823794206,-0.8687664176494793
10.447937420333336,0.08861560266338867,-3.2526065174565133e-19,-0.48360013651973355,-0.8707916989284519
10.489645753666668,0.0888697063319573,2.6020852139652106e-18,-0.4806978329665812,-0.8723713479234084
10.531354087000002,0.08897257697230866,1.0299920638612292e-18,-0.47619436188186337,-0.8748273031054938
10.573062420333335,0.08890953915126197,4.445228907190568e-18,-0.4728512076866612,-0.8766452128638906
10.614770753666669,0.0885916230400918,-6.152847328855238e-18,-0.47304958998787067,-0.8765703678196233
10.656479087000001,0.08824137069842414,-5.9631119486702744e-18,-0.4761787480696565,-0.8749098584334719
10.698187420333335,0.08796167558204651,-1.0137290312739466e-17,-0.47753387324546137,-0.8741991440924582
10.73989575366667,0.08780033553418976,-3.5236570605778894e-18,-0.47380654664112015,-0.8762410954983223
10.781604087000002,0.08776706176843499,3.3610267347050637e-18,-0.4677436149539493,-0.8794957950657567
10.823312420333336,0.08799249537440104,-9.405453846311751e-18,-0.46263827547167946,-0.8821695680686205
10.865020753666668,0.08822217326880798,-4.30970363562988e-18,-0.4609082421830754,-0.8830517767557212
10.906729087000002,0.08838787700183107,5.149960319306146e-18,-0.46002574533881524,-0.8834952726667964
10.948437420333335,0.08849871873647683,4.025100565352435e-18,-0.45859558504952214,-0.8842273837396626
10.990145753666669,0.0880910872271655,3.144186300207963e-18,-0.4581060286974544,-0.8845218068663899
11.031854087000001,0.08777564034728393,1.2197274440461925e-18,-0.45943496207296164,-0.88386365044991
11.073562420333335,0.08754294093504149,-3.1738324533618634e-18,-0.45973557812420174,-0.8837304066847819
11.11527075366667,0.08756582937478184,-6.8575787409708155e-18,-0.45686914110661586,-0.8852134281801253
11.156979087000002,0.08774517614322616,-3.415236843329339e-18,-0.454200343863377,-0.886568007373368
11.198687420333336,0.08754415234246192,2.2429432443293873e-18,-0.45159900018398197,-0.8879157417364936
11.240395753666668,0.0872548565096999,3.835365185167472e-18,-0.45130729705146166,-0.8880925141242748
11.282104087000002,0.087018972383324,-1.2156616858993718e-17,-0.45073699272989,-0.8884052351433807
11.323812420333335,0.0871306680739021,-1.9312351197398048e-18,-0.45052537523771036,-0.8885016223665075
11.365520753666669,0.08701204716342197,4.526544070126981e-18,-0.4512031053333161,-0.8881692751868885
11.407229087000001,0.08654462204813636,-7.508100044462118e-18,-0.4530106323218352,-0.8872944243022812
11.448937420333335,0.08568549350989627,-3.7947076036992655e-19,-0.45503427738310787,-0.8863418091280578
11.49064575366667,0.08478100835181396,-4.472333961502706e-18,-0.4549661770928164,-0.8864637377379843
11.532354087000002,0.0839962633861553,-2.473336205982557e-18,-0.4532903018327905,-0.8873964897392267
11.574062420333336,0.08339488628006127,-9.161508357502512e-18,-0.4476074104460827,-0.8903330270500404
11.615770753666668,0.08299611354824608,-4.363913744254155e-18,-0.44106695494513715,-0.8936283267619214
11.657479087000002,0.08293262155863709,-4.228388472693467e-18,-0.4349931047645154,-0.8966064795041018
11.699187420333335,0.08331035531354021,-1.1926223897340549e-18,-0.43120503550829287,-0.8983994668574908
11.740895753666669,0.08380559402843005,3.713392440762853e-18,-0.43042342496368935,-0.8987281555910381
11.782604087000003,0.08384286850810013,-9.351243737687476e-19,-0.43338642653426435,-0.897299603642058
11.824312420333335,0.08393092025936683,-2.710505431213761e-19,-0.4385587734957903,-0.8947747218234787
11.86602075366667,0.08353411547710775,3.3068166260807885e-18,-0.4456904752161013,-0.8912811295282219
11.907729087000002,0.08282657636170228,2.5478751053409354e-18,-0.4540131318601948,-0.8871368746403774
11.949437420333336,0.08226995169445242,3.2526065174565133e-18,-0.45748242489203106,-0.8854047017963591
11.991145753666668,0.08223092786485342,-7.182839392716467e-18,-0.4539216452340964,-0.8872390965745685
12.032854087000002,0.08235146208804449,-6.274820073259857e-18,-0.4512354873962866,-0.8885970805748786
12.074562420333335,0.08262725807968828,6.80336863234654e-18,-0.45033212913408704,-0.8890296450016685
12.116270753666669,0.08256137243400556,4.1335207826009857e-19,-0.4500398627222733,-0.8891837502691617
12.157979087000003,0.08237322755274958,-2.6020852139652106e-18,-0.4500236439552823,-0.889209407993276
12.199687420333335,0.08230205495191266,3.3271454168148917e-18,-0.4503995071709371,-0.8890256777455134
12.24139575366667,0.08247503998112385,3.3203691532368573e-18,-0.449062845432892,-0.889685578523012
12.283104087000002,0.08284685183704088,3.496552006265752e-18,-0.44611835118772175,-0.891131200146331
12.324812420333336,0.08334814075752779,-6.505213034913027e-19,-0.44112331745628086,-0.8935677401454399
12.366520753666668,0.08363060308920077,-2.4123498337802474e-18,-0.43619628516297226,-0.8959568756569479
12.408229087000002,0.08380317603808059,-4.0793106739767104e-18,-0.4345838933228975,-0.8967239638541188
12.449937420333335,0.08390778895129028,5.041540102057596e-18,-0.43347545685120187,-0.8972505287047468
12.491645753666669,0.08397674113399851,1.870248747537495e-18,-0.4345375547354614,-0.8967301826486267
12.533354087000003,0.08406432470104805,1.5839516113655416e-18,-0.4353056438251528,-0.8963493659095911
12.575062420333335,0.0843065562755721,2.775303451678715e-18,-0.43677208141832685,-0.8956129484673926
12.61677075366667,0.08451148176500654,2.168404344971009e-18,-0.43552447715319303,-0.8962010038213084
12.658479087000002,0.0848535030468357,1.2908782116155537e-18,-0.43627538179347486,-0.8958033680789766
12.700187420333336,0.08494907227297069,-2.0803129184565616e-18,-0.4358349825665618,-0.8960086623973936
12.741895753666668,0.08509281696481359,-3.0696474008495844e-18,-0.43537778234396357,-0.8962172722851559
12.783604087000002,0.08521623970666747,1.2874900798265365e-18,-0.43360353578124433,-0.897065307682924
12.825312420333335,0.08560955470077311,-2.9680034471790684e-18,-0.4324014553664952,-0.8976079241745096
12.867020753666669,0.08603626222870184,-3.686287386450715e-18,-0.43035431834145027,-0.8985504561606875
12.908729087000003,0.08650044337891757,2.7647155398380363e-18,-0.4289263793716794,-0.8991884309611377
12.950437420333335,0.08667127705876977,-1.748276003132876e-18,-0.4310829371948895,-0.8981400731469613
12.99214575366667,0.08663446446658703,-4.6349642873755315e-18,-0.43522866345966615,-0.8961419977155965
13.033854087000002,0.08674023237551919,3.950561665994057e-18,-0.4359545546852893,-0.8957788557097072
13.075562420333336,0.08707963482479253,4.607859233063394e-19,-0.4340821926455446,-0.8966547759460255
13.117270753666668,0.08753282823919052,-2.927345865710862e-18,-0.43218125671602126,-0.897528476051768
13.158979087000002,0.08800415027770438,-4.336808689942018e-19,-0.43186479271532635,-0.8976347087467416
13.200687420333336,0.08853646052862602,-2.1141942363467336e-18,-0.43025057902845415,-0.8983572420828714
13.242395753666669,0.08915416626094534,-3.957337929572091e-18,-0.4275087384350356,-0.8996042536582407
13.284104087000003,0.08966728848122117,3.469446951953614e-18,-0.42536218659913533,-0.9005702568861732
13.325812420333335,0.08995878372537151,4.336808689942018e-19,-0.423396353528654,-0.9014671070257033
13.36752075366667,0.09012924368451862,-2.7621744409962734e-18,-0.4236220627072828,-0.9013440338852218
13.409229087000002,0.09026658133750917,-3.63207727782644e-18,-0.4232416479421018,-0.9015089859457269
13.450937420333336,0.09062976317242633,-1.0977546996415732e-18,-0.4232148542799757,-0.9014851264131257
13.492645753666668,0.09095813667209487,4.363913744254155e-18,-0.42033635615938303,-0.9027978539317608
13.534354087000002,0.09125542611309892,-2.1412992906588713e-18,-0.4171618136423764,-0.9042391655107183
13.576062420333336,0.09125824811002926,1.6805133673525319e-18,-0.41516841969291013,-0.9051558514651386
13.617770753666669,0.09148191378799567,4.824699667560495e-18,-0.41514354539836207,-0.9051446824479298
13.659479087000003,0.0916489203554047,7.318364664277155e-18,-0.4124408238873245,-0.9063625335310556
13.701187420333335,0.09149668737711804,2.0938654456126304e-18,-0.41044721314612487,-0.9072824485349607
13.74289575366667,0.0910934727908896,9.622294280808852e-19,-0.4097200555428151,-0.9076516155997785
13.784604087000002,0.09085203693999447,4.960224939121183e-18,-0.4129546735637559,-0.9062087755951748
13.826312420333336,0.09070677833236836,1.0570971181733668e-18,-0.4145411651308998,-0.9054987039065704
13.868020753666668,0.09072538523583379,7.535205098774256e-18,-0.4141062436711299,-0.9056958227939426
13.909729087000002,0.09075926847834934,-5.0550926292136644e-18,-0.4127021391627956,-0.9063331062670762
13.951437420333336,0.0907493440146523,-4.038653092508504e-18,-0.41045431548125816,-0.9073542921393616
13.993145753666669,0.09077132741529673,-5.102526474259905e-18,-0.4091190305798722,-0.9079549465346012
14.034854087000003,0.09069257307727617,-2.6698478497455547e-18,-0.41007249057327416,-0.9075325942706712
14.076562420333335,0.09058105031360401,-3.3881317890172014e-19,-0.41061837731511536,-0.9072968761850698
14.11827075366667,0.09041684482062727,3.5236570605778894e-18,-0.41322269025214386,-0.9061301244487258
14.159979087000002,0.09003732855777076,-1.6534083130403943e-18,-0.41575372300106633,-0.9050094592195889
14.201687420333336,0.08970014156741282,4.526544070126981e-18,-0.4182925140501724,-0.9038723678110602
14.243395753666668,0.08932090666109309,8.348356728138384e-18,-0.4216904525583209,-0.9023297279012804
14.285104087000002,0.08913694255040945,3.903127820947816e-18,-0.42483636194507385,-0.9008710623846453
14.326812420333336,0.08928272955927842,-2.0328790734103208e-20,-0.4251319373743751,-0.9007171753812376
14.368520753666669,0.08940402222253338,-1.6263032587282567e-19,-0.4206332653843324,-0.9028148076225526
14.410229087000003,0.08970259680948092,-3.604972223514302e-18,-0.4174609194452446,-0.9042565039089112
14.451937420333335,0.08990448294276425,-1.3552527156068805e-19,-0.41652237547697557,-0.9046691631053927
14.49364575366667,0.09019185430543157,4.729831977468013e-18,-0.4159134191779342,-0.9049206910910305
14.535354087000002,0.09022921411645317,7.8198081690517e-18,-0.4141526779157925,-0.9057241568463906
14.577062420333336,0.08989738928189539,2.7647155398380363e-18,-0.4138798187594229,-0.9058818659317377
14.61877075366667,0.08928258950724531,5.963111948670274e-19,-0.41797048855982594,-0.9040626581736141
14.660479087000002,0.08882825994902728,2.9815559743351372e-18,-0.4214323092105231,-0.9024989468070942
14.702187420333336,0.0888391917246247,2.859583229930518e-18,-0.42047366500344724,-0.9029449014487453
14.743895753666669,0.08903588591115959,-3.74049749507499e-18,-0.4153093133042523,-0.9053125345993865
14.785604087000003,0.08932275517951838,-3.2526065174565133e-18,-0.409289668302154,-0.9080217028398896
14.827312420333335,0.08963096394906477,5.149960319306146e-19,-0.4051937704858775,-0.909826521190166
14.86902075366667,0.09001932109837482,1.8295911660692887e-18,-0.40356965619601876,-0.910509777227469
14.910729087000002,0.09013118500561718,1.0842021724855044e-18,-0.4070391365997201,-0.9089529750023583
14.952437420333336,0.0900535076929253,4.526544070126981e-18,-0.4111455327012627,-0.9071106419241232
14.99414575366667,0.09001750921088401,2.7376104855258987e-18,-0.41452293380262717,-0.9055758308320354
15.035854087000002,0.08999201382821248,-2.580062357336599e-18,-0.4149783134525679,-0.9053697790467746
15.077562420333336,0.08964311809889595,6.166399856011306e-19,-0.41270361591701543,-0.9064435099809188
15.119270753666669,0.08962808510236737,8.135751458377555e-18,-0.41226465865202394,-0.9066447251197203
15.160979087000003,0.0896202516652064,3.9282211720102246e-18,-0.4122309321839091,-0.906660834624641
15.202687420333335,0.08991492820400025,5.421010862427522e-19,-0.412146535361787,-0.9066700276701247
15.24439575366667,0.09017150461142323,4.1335207826009857e-19,-0.41194120257065353,-0.9067378592408921
15.286104087000002,0.09007715403696012,-2.5106056556617462e-18,-0.4115563958997015,-0.9069219587785103
15.327812420333336,0.08977820761928343,4.9060148304969076e-18,-0.41230887761290413,-0.9066097632820067
15.36952075366667,0.08960555528206256,3.4220131069073734e-18,-0.41094680435121606,-0.9072450432248812
15.411229087000002,0.0895048882242916,5.339695699491109e-18,-0.4089942736354964,-0.9081368614461863
15.452937420333337,0.08911971615978709,-1.2536087619363645e-19,-0.40600868435477694,-0.9095133998023901
15.494645753666669,0.08857310814900399,1.734723475976807e-18,-0.4078725243272461,-0.9087325285317704
15.536354087000003,0.08791096633526417,-5.095750210681871e-18,-0.4122356626610592,-0.9068260144197439
15.578062420333335,0.08735804653777612,3.7947076036992655e-18,-0.4160556295615504,-0.9051332967111783
15.61977075366667,0.08714833603170327,7.765598060427426e-18,-0.416573309979825,-0.9049153799882936
15.661479087000002,0.08732939267856629,6.572975670693371e-18,-0.41492274200210405,-0.9056559475561612
15.703187420333336,0.08751720884733276,7.318364664277155e-19,-0.41075889264618626,-0.9075339499256494
15.74489575366667,0.08725624439579477,-1.328147661294743e-18,-0.40687697860442423,-0.9093060387436545
15.786604087000002,0.08703722742978054,2.8189256484623115e-18,-0.40541962179504915,-0.9099777202244547
15.828312420333337,0.08678160362944788,3.1746794863091177e-18,-0.4041876546773727,-0.9105499948261525
15.870020753666669,0.08666976698463141,-3.0831999280056532e-18,-0.40470735849298,-0.9103297784168463
15.911729087000003,0.08660128982410148,2.918875536238319e-18,-0.4053146946306758,-0.9100660497553155
15.953437420333335,0.08613998979409816,8.99548989984067e-19,-0.4031660197982997,-0.9110636984526765
15.99514575366667,0.08583948281326301,7.426784881525705e-18,-0.4007711333666502,-0.9121480591715154
16.036854087000002,0.08590923533789167,-2.4665599424045226e-18,-0.3982732770027454,-0.9132349095983756
16.078562420333338,0.08593742156438731,-5.421010862427522e-19,-0.3928844215485768,-0.9155635373251303
16.12027075366667,0.08626403508493342,-3.0086610286472748e-18,-0.3891654786424215,-0.9171198103213561
16.161979087000002,0.08648520099535897,-4.6349642873755315e-18,-0.3853753604198343,-0.918698068785428
16.203687420333335,0.08655904094835135,-3.7269449679189215e-19,-0.38345346497749505,-0.9194949551938034
16.24539575366667,0.08637098282314801,5.116079001415974e-18,-0.3828002674192995,-0.919784762099197
16.287104087000003,0.08631025827833338,3.550762114890027e-18,-0.3839106622033105,-0.9193275492241834
16.328812420333335,0.08607527205177981,-2.0328790734103208e-19,-0.38427407527257107,-0.9191977385821957
16.370520753666668,0.08559749647582464,4.404571325722362e-18,-0.38444624885467127,-0.9191703598020573
16.412229087000004,0.08529655781238814,4.0657581468206416e-20,-0.3856746504083077,-0.91868360236688
16.453937420333336,0.08515396297127947,-5.692061405548898e-19,-0.38775008502566183,-0.9178227901686022
16.49564575366667,0.08500007359180259,-2.273436430430542e-18,-0.38801096021465353,-0.9177268015279335
16.537354087000004,0.08501696998111252,4.662069341687669e-18,-0.38580503384518905,-0.9186547723029271
16.579062420333337,0.0852950072391974,-4.133520782600986e-18,-0.38419237626506414,-0.9193046175016575
16.62077075366667,0.08558880580116918,4.431676380034499e-18,-0.3837314682377323,-0.9194698018997927
16.662479087,0.0857414378795961,-8.012931681025681e-19,-0.38388633930905136,-0.9193909311724994
16.704187420333337,0.08573131796439393,7.31158840069912e-18,-0.38434406853138875,-0.9192006190733485
16.74589575366667,0.08564564158194608,-4.873404062027617e-18,-0.3851080560464607,-0.9188887904671235
16.787604087000002,0.08542974783345302,8.402566836762659e-19,-0.3866650888762651,-0.9182547942861081
16.829312420333338,0.08518162329186212,4.594306705907325e-18,-0.38732818095482274,-0.9179983503752016
16.87102075366667,0.08508016872394512,-4.255493527005605e-18,-0.38895270188605335,-0.9173206421886755
16.912729087000002,0.08500294681981575,-1.7448878713438587e-19,-0.38917092433729883,-0.9172352428261792
16.954437420333335,0.08501578050715657,-2.439454888092385e-19,-0.3908903709730906,-0.9165026104410607
16.99614575366667,0.08489179622091321,9.385125055577648e-19,-0.3910028718552347,-0.9164661134681118
17.037854087000003,0.08494980056978174,-2.1616280813929745e-18,-0.39063842861318643,-0.9166161407447367
17.079562420333335,0.0852506645465048,1.4568966692773966e-18,-0.39098197024090164,-0.9164417183547038
17.12127075366667,0.08546525010011195,6.559423143537302e-18,-0.3906915405053259,-0.9165455859928084
17.162979087000004,0.08537120826380236,1.4026865606531214e-18,-0.39071253005743867,-0.9165454029428621
17.204687420333336,0.08521444566730699,-2.2497195079074217e-18,-0.3932473158379523,-0.9154753119750743
17.24639575366667,0.08494619493896127,8.592302216947623e-18,-0.39529304478514254,-0.9146188018567537
17.288104087000004,0.08466937048214664,-7.047314121155779e-18,-0.39707814368139466,-0.9138709129372129
17.329812420333337,0.08469602345209802,-1.9786689647860456e-18,-0.39518963448565764,-0.9146866875638313
17.37152075366667,0.0850487556743049,1.951563910473908e-18,-0.3894498918510351,-0.917112583544392
17.413229087,0.08532603534391248,2.6020852139652106e-18,-0.3829366779589534,-0.9198255097388037
17.454937420333337,0.08555635221586641,5.2583805365546965e-18,-0.3776850253554921,-0.9219729563375143
17.49664575366667,0.08580284261567572,3.713392440762853e-18,-0.3746554667307,-0.9231853299570305
17.538354087000002,0.08598512608968038,-1.883801274693564e-18,-0.3734698167496384,-0.9236486637614615
17.580062420333338,0.08603240564642507,1.3823577699190182e-18,-0.37105566401496953,-0.9246167418888213
17.62177075366667,0.08615064069038245,-1.5585406229479126e-18,-0.3692420768796968,-0.9253314842639933
17.663479087000002,0.086223473587333,5.4447277849506426e-18,-0.368467624018899,-0.9256333629749967
17.705187420333335,0.0862891548060504,1.463672932855431e-18,-0.37073679697839296,-0.924720719530529
17.74689575366667,0.08617484987036954,1.009663273127126e-18,-0.3708416746208232,-0.9246893249163434
17.788604087000003,0.08612271888517144,-6.0478152433957044e-18,-0.36985466726510424,-0.9250894023790591
17.830312420333335,0.08639619080801851,5.827586677109586e-19,-0.37097368759590266,-0.9246157154869055
17.87202075366667,0.08700813221113678,-7.860465750519907e-19,-0.3718878719362329,-0.9241909952146631
17.913729087000004,0.08735231255183755,6.88807192707197e-18,-0.3723390014120243,-0.923976862004316
17.955437420333336,0.0875251477918021,2.574980159653073e-18,-0.3756441537922844,-0.9226217091667104
17.99714575366667,0.08718520938749195,2.087089182034596e-18,-0.37918507642536486,-0.9212043297121163
18.038854087000004,0.08679885242704735,-8.673617379884035e-18,-0.38230632443964263,-0.9199499081530463
18.080562420333337,0.08673395286592729,-1.0164395367051604e-19,-0.38405632413402796,-0.9192268279988948
18.12227075366667,0.08685414856668253,7.26415455565288e-18,-0.3810496492538707,-0.9204659264091523
18.163979087,0.08700320467174569,-4.607859233063394e-19,-0.3753687219068164,-0.9227831624985847
18.205687420333337,0.08724412533830256,-7.318364664277155e-19,-0.3728923165771564,-0.9237639215901845
18.24739575366667,0.08776132131140356,-5.55653613398821e-19,-0.37506582763064544,-0.9228345330693989
18.289104087000002,0.08828873948122277,-8.175562006898507e-18,-0.37768815516885174,-0.921714031533624
18.330812420333338,0.08820638499691112,-3.90990408452585e-18,-0.37830800897446404,-0.9214676792983862
18.37252075366667,0.08817944131027139,2.1955093992831465e-18,-0.3798932099319585,-0.920817862108355
18.414229087000002,0.08786149430729334,-3.1712913545201005e-18,-0.3805516881019112,-0.920576325190299
18.455937420333335,0.08780766818362179,-3.279711571768651e-18,-0.38247579876731935,-0.9197837119483341
18.49764575366667,0.08787231603676281,-3.3203691532368573e-18,-0.38145068565812545,-0.9202031463135091
18.539354087000003,0.08787610339390194,-5.44811591673966e-18,-0.3786912411498676,-0.92134181188562
18.581062420333335,0.08790285277053517,-1.1858461261560205e-18,-0.37735940818561853,-0.9218855490399018
18.62277075366667,0.08824322389083361,3.737109363285973e-18,-0.3777285014716221,-0.9217018566832526
18.664479087000004,0.08865792772805849,-1.6805133673525319e-18,-0.3787018350815453,-0.9212625532153341
18.706187420333336,0.08906246591433387,1.3010426069826053e-18,-0.37890566682946736,-0.9211397140552431
18.74789575366667,0.08957611838793798,1.4230153513872246e-18,-0.37915806248238904,-0.9209860382596204
18.789604087000004,0.09019861412889622,-3.5236570605778894e-19,-0.37883185116666335,-0.9210595195484739
18.831312420333337,0.09083021244399044,-2.791820594150174e-18,-0.3766386734271762,-0.9218965138161638
18.87302075366667,0.09088365195961479,-2.8731357570865868e-18,-0.371641510996588,-0.9239170683078956
18.914729087000005,0.09072573082259816,2.5478751053409354e-18,-0.3655602241446582,-0.9263555280182727
18.956437420333337,0.09083425359601617,0.0,-0.3567701415750295,-0.9297656717981087
18.99814575366667,0.0914285139488559,2.710505431213761e-19,-0.35188997887602014,-0.9315654939958532
19.039854087000002,0.09221524601472264,-2.019326546254252e-18,-0.3512909703390592,-0.931714013289854
19.081562420333338,0.09264865907788696,3.2526065174565133e-19,-0.3523174584394524,-0.9312833266250579
19.12327075366667,0.09249393395768354,7.345469718589293e-18,-0.3549260722894655,-0.930307667059777
19.164979087000003,0.0922774806343882,-1.5720931501039814e-18,-0.3603458804064537,-0.928243347965321
19.206687420333335,0.09218369377544651,7.399679827213568e-18,-0.3657183967803285,-0.9261491353223524
19.24839575366667,0.09229157623946332,5.664956351236761e-18,-0.36937667726573764,-0.9246854250215899
19.290104087000003,0.09254518347993325,-3.1629269041659643e-18,-0.37092798853040493,-0.9240388608383595
19.331812420333335,0.09277881716590067,-6.749158523722265e-18,-0.37037586616989726,-0.9242368791842246
19.37352075366667,0.09302349130028037,5.9631119486702744e-18,-0.3697243263036278,-0.9244731216242229
19.415229087000004,0.09307699854157028,-1.82789710017478e-18,-0.36987667575882044,-0.9244067919872165
19.456937420333336,0.09320536323059513,-2.473336205982557e-18,-0.371245790316971,-0.9238448589654977
19.49864575366667,0.09323725023862929,-3.245830253878479e-18,-0.3704970041217653,-0.924142188791712
19.540354087000004,0.09304761069853294,1.0503208545953324e-18,-0.37007944420318056,-0.9243285926127999
19.582062420333337,0.0926110255706431,1.951563910473908e-18,-0.37250586374085715,-0.923397303126575
19.62377075366667,0.09203351802012216,1.6805133673525319e-18,-0.3754058972850166,-0.9222799162100795
19.665479087000005,0.09160456416198626,-1.3552527156068805e-18,-0.3778343905871018,-0.9213304386127521
19.707187420333337,0.09141249745401421,-3.4558944247975454e-18,-0.3793124878737698,-0.9207419789779497
19.74889575366667,0.0913635336736471,-6.911788849595091e-19,-0.37932537888748963,-0.9207415281426851
19.790604087000002,0.09128803816403111,-1.3145951341386741e-18,-0.3792054728496134,-0.9207984054336018
19.832312420333338,0.09095213783268413,1.111307226797642e-18,-0.3796974576180207,-0.9206288879358911
19.87402075366667,0.09051811051123385,5.55653613398821e-18,-0.38158867174560795,-0.9198894266513225
19.915729087000003,0.09023216763958321,2.574980159653073e-18,-0.3845101672836792,-0.9187002161633244
19.95743742033334,0.09006137744712013,2.1582399496039573e-18,-0.38493736519152655,-0.918538062995613
19.99914575366667,0.08980392680084992,1.6940658945086007e-18,-0.3823828809359656,-0.9196295923350112
20.040854087000003,0.089751486051327,3.1035287187397564e-18,-0.3807238397409579,-0.9203227850077818
20.082562420333335,0.08956372247713129,-2.8663594935085523e-18,-0.3806872881632094,-0.9203561963973412
20.12427075366667,0.08983131391562307,-5.978358541720852e-18,-0.38167952939450017,-0.9199190572443783
20.165979087000004,0.09017152590363117,-6.884683795282953e-18,-0.3816010037894819,-0.9199183495414529
20.207687420333336,0.09048635085382278,-1.0842021724855044e-19,-0.3804348521542339,-0.9203703295823616
20.24939575366667,0.09077309059997134,6.911788849595091e-19,-0.38006926897866095,-0.9204931269710578
20.291104087000004,0.09106597218687344,-2.3987973066241786e-18,-0.3812882513965366,-0.9199599219839041
20.332812420333337,0.0913762091243614,4.784042086092288e-18,-0.38331142047543765,-0.9190879954276213
20.37452075366667,0.09116318811531944,3.903127820947816e-18,-0.38369307085350923,-0.9189498900982878
20.416229087000005,0.09080567071870477,2.642742795433417e-18,-0.3843114202513613,-0.9187268704189008
20.457937420333337,0.09066312234304252,7.020209066843641e-18,-0.385893273457349,-0.9180776545300416
20.49964575366667,0.09085182979312555,2.6156377411212794e-18,-0.3859272524273123,-0.9180447161533835
20.541354087000002,0.09131669077068942,1.0028870095490916e-18,-0.3850691377206655,-0.9183588738405882
20.583062420333338,0.09174074910298148,-7.589415207398531e-19,-0.3812292094648152,-0.9199173467246152
20.62477075366667,0.09204681172554223,-3.0357660829594124e-18,-0.3756227877977696,-0.9221902763194776
20.666479087000003,0.09220947135417597,2.5478751053409354e-18,-0.3723460342026191,-0.92350194596772
20.70818742033334,0.09230831410781942,5.996993266560446e-19,-0.37154119590508716,-0.9238161694254923
20.74989575366667,0.09231279646609065,-3.496552006265752e-18,-0.3731529660173539,-0.9231658635159025
20.791604087000003,0.0922506183062016,2.9544509200229996e-18,-0.3756176530074134,-0.9221720024872399
20.833312420333336,0.09192937615599175,4.743384504624082e-20,-0.3756333863785194,-0.92219767340705
20.87502075366667,0.0917138161421922,5.936006894358137e-18,-0.37381443970704636,-0.922957930024518
20.916729087000004,0.0918376497772656,-9.291951431379675e-19,-0.3748148218686514,-0.9225398069411203
20.958437420333336,0.09169274765615512,-1.4501204056993622e-18,-0.3747426963924596,-0.9225835200824766
21.00014575366667,0.09127153209019895,1.3552527156068805e-18,-0.37752915952087157,-0.9214886006573125
21.041854087000004,0.09065146735825447,3.63207727782644e-18,-0.3797997639411902,-0.9206163428790581
21.083562420333337,0.09022858867936404,1.870248747537495e-18,-0.38293981225628204,-0.9193562432343915
21.12527075366667,0.08981359058092628,2.710505431213761e-19,-0.38415117916070385,-0.9188913921113869
21.166979087000005,0.08960434236574794,2.337810934421869e-18,-0.3849935403724237,-0.9185592173075772
21.208687420333337,0.08928107499039989,-1.6805133673525319e-18,-0.38595409242016376,-0.9181875234355378
21.25039575366667,0.0887211538376315,-2.710505431213761e-19,-0.3874604180107436,-0.9176072042746064
21.292104087000002,0.08811116866200623,-8.131516293641283e-18,-0.389812029292532,-0.9166695172066396
21.333812420333338,0.08767473834323444,2.7647155398380363e-18,-0.392385205561763,-0.9156129044048574
21.37552075366667,0.08761958267063129,1.0570971181733668e-18,-0.3966284911861663,-0.9137880764772596
21.417229087000003,0.08737036592182228,-2.710505431213761e-18,-0.39661623051429357,-0.9138172600970721
21.45893742033334,0.08737309081002359,-4.2825985813177425e-18,-0.3871799818877433,-0.9178548930128934
21.50064575366667,0.08795638665058039,-6.179952383167375e-18,-0.37642602500048045,-0.9222619593964132
21.542354087000003,0.08880954614365996,-1.3010426069826053e-18,-0.3674167588859786,-0.9258065617630282
21.584062420333336,0.08965279478917275,-4.553649124439119e-18,-0.36320885123146085,-0.927384336062246
21.62577075366667,0.0904901759888893,5.21772295508649e-18,-0.3645277450789607,-0.9267853317339179
21.667479087000004,0.09096791433417381,1.5585406229479126e-18,-0.3681050816593163,-0.9253234501612279
21.709187420333336,0.09146054700275148,-4.9873299934333204e-18,-0.37331395270809825,-0.9231856048787879
21.750895753666672,0.09161638350978038,-3.2102548700937983e-19,-0.37553190972914574,-0.922270146458059
21.792604087000004,0.09167193993900492,-6.572975670693371e-18,-0.37407168468599705,-0.9228578602060014
21.834312420333337,0.09172719946087476,1.0570971181733668e-18,-0.3703763793263141,-0.9243416351740276
21.87602075366667,0.09214815910215415,-4.092863201132779e-18,-0.3672816883256613,-0.9255338341707104
21.917729087000005,0.09256277155415102,-6.5052130349130266e-18,-0.3644509947921401,-0.9266108167495314
21.959437420333337,0.09297911325051512,4.594306705907325e-18,-0.36502609694112664,-0.92634271900365
22.00114575366667,0.09310875490502081,2.137911158869854e-18,-0.3658726612064908,-0.9259956563298326
22.042854087000002,0.09295973940424072,4.553649124439119e-18,-0.3680480223992667,-0.9251481719475452
22.084562420333338,0.0926032114706356,7.589415207398531e-19,-0.3724394899186212,-0.9234248597338508
22.12627075366667,0.09227642174654509,-1.1926223897340549e-18,-0.37701186705503037,-0.9216003006126537
22.167979087000003,0.09210210444073873,-5.285485590866834e-18,-0.37640617612700605,-0.9218652791655798
22.20968742033334,0.09216625674098038,2.1141942363467336e-18,-0.3707476556114695,-0.9241490988887858
22.25139575366667,0.09215784574092277,-2.0057740190981832e-18,-0.36610499822926784,-0.9259989534227023
22.293104087000003,0.0920331108659332,-8.673617379884035e-19,-0.36337100946513834,-0.927087598873281
22.334812420333336,0.09209776813905034,-7.840136959785804e-18,-0.3642040000372767,-0.9267542540828464
22.37652075366667,0.09216224457299764,5.231275482242559e-18,-0.3679790712376461,-0.9252553830193837
22.418229087000004,0.09208301465579495,-6.478107980600889e-18,-0.3723929152943096,-0.9234956605477396
22.459937420333336,0.09189426800379194,-2.0057740190981832e-18,-0.376397141706218,-0.9218897088174033
22.501645753666672,0.09189239845947106,-2.3818566476790926e-18,-0.3774982991940717,-0.9214395374689263
22.543354087000004,0.09180911545500894,3.211948935988307e-18,-0.3786075978914584,-0.920992602108306
22.585062420333337,0.09160541713022337,1.0198276684941776e-18,-0.37840032554644143,-0.9210980627374835
22.62677075366667,0.09169845110133402,8.754932542820448e-18,-0.3783524300433064,-0.9211084804440471
22.668479087000005,0.09191317732624425,-9.839134715305953e-18,-0.37588884365587705,-0.9220951930515862
22.710187420333337,0.09216663355795542,8.226383983733765e-18,-0.37697455819761255,-0.9216265480824152
22.75189575366667,0.09217305502453996,-2.913793338554793e-18,-0.3794652296498257,-0.9206032084531579
22.793604087000002,0.09227211685558027,-3.198396408832238e-18,-0.38294571378919495,-0.9191509325140645
22.835312420333338,0.09219714420217838,2.622414004699314e-18,-0.38386902739509315,-0.9187732344859137
22.87702075366667,0.0919008207034003,-8.890457814381136e-18,-0.3820681889507497,-0.9195532274675218
22.918729087000003,0.0914599425331979,-5.421010862427522e-19,-0.380927684030832,-0.9200702030012334
22.96043742033334,0.09115401919562229,-8.944667923005412e-19,-0.38180739238866446,-0.9197358642033334
23.00214575366667,0.09118860853420468,4.824699667560495e-18,-0.38009567800505073,-0.9204411514244005
23.043854087000003,0.09143971194049193,0.0,-0.375955880909961,-0.9221149357262658
23.085562420333336,0.09184951368173334,1.4365678785432934e-18,-0.3716765754441975,-0.923807442112534
23.12727075366667,0.09225511443675695,1.7753810574450135e-18,-0.3709710220238258,-0.924050590973708
23.168979087000004,0.09228195187007171,-8.538092108323347e-19,-0.3731550336788764,-0.923168111558868
23.210687420333336,0.09189144786009043,-1.111307226797642e-18,-0.37481659222234404,-0.9225337305513579
23.252395753666672,0.09162211533557361,-1.5720931501039814e-18,-0.3782265105180505,-0.9211677885829346
23.294104087000004,0.09143320354902357,2.642742795433417e-19,-0.37941901707908693,-0.9206960295165297
23.335812420333337,0.09146387151565628,2.981555974335137e-19,-0.37806430148997017,-0.9212500985868433
23.37752075366667,0.09158137156748898,1.6263032587282567e-19,-0.37595688640512803,-0.9221004673821498
23.419229087000005,0.09174697000583337,-5.285485590866834e-18,-0.3747931265249986,-0.9225576436214514
23.460937420333337,0.09187947677151048,5.719166459861036e-18,-0.37358060773520246,-0.9230361267428216
23.50264575366667,0.09212229102125702,-1.395910297075087e-18,-0.3726809850275024,-0.9233755286425591
23.544354087000006,0.0921881542173017,-3.9302328752599536e-18,-0.37066653202926947,-0.9241794556553407
23.586062420333338,0.09221888621020785,-3.953949797783074e-18,-0.3704079358007716,-0.9242800647649825
23.62777075366667,0.0921734042102429,7.528428835196221e-18,-0.36979842823436615,-0.9245286291033328
23.669479087000003,0.09206512025615012,3.144186300207963e-18,-0.366983641071081,-0.9256603161086859
23.71118742033334,0.09186535886493158,7.860465750519907e-19,-0.36322727892071655,-0.9271605576643505
23.75289575366667,0.09173821536242391,-2.520770051028798e-18,-0.360217170025604,-0.9283467510908102
23.794604087000003,0.09148488290445365,-7.047314121155779e-19,-0.359810128937238,-0.9285295834350819
23.836312420333336,0.09117648659776814,6.776263578034403e-20,-0.36147257477884576,-0.9279140186323509
23.87802075366667,0.0910223018819506,-4.353749348887104e-18,-0.3619432282766374,-0.9277456763924028
23.919729087000004,0.0911574843600989,-2.1277467635028025e-18,-0.36188150560240984,-0.9277564814907366
23.961437420333336,0.0914856050195038,2.6969529040576923e-18,-0.36108247929384685,-0.9280354665750788
24.003145753666672,0.09179006005211567,-3.1170812458958252e-18,-0.3588868638398481,-0.9288567186809964
24.044854087000004,0.09202209926171653,2.778268066994105e-18,-0.35737218547269295,-0.9294175887607992
24.086562420333337,0.09199251569408658,2.6331077956583994e-18,-0.3564181764237984,-0.9297867823167887
24.12827075366667,0.09166558000127241,5.312590645178972e-18,-0.3591637224390803,-0.9287619942303484
24.169979087000005,0.09140483188979194,5.7462715141731735e-18,-0.3626225862140644,-0.9274427295928425
24.211687420333337,0.09104513317173706,2.4953590626111688e-18,-0.3627869054515722,-0.9274138477285171
24.25339575366667,0.0912308621379916,5.366800753803247e-18,-0.35757441392484074,-0.9294178114819328
24.295104087000006,0.09178048361943907,-5.312590645178972e-18,-0.34842080928480784,-0.9328340058573665
24.336812420333338,0.09214101179488866,-2.8189256484623115e-18,-0.33464129174194346,-0.937830069792336
24.37852075366667,0.09249671933363748,-2.8189256484623115e-18,-0.3222222814852245,-0.9421343631494241
24.420229087000003,0.09272305410685112,-2.0599841277224584e-18,-0.3059877473695041,-0.9475093317201866
24.46193742033334,0.09282458240742388,-4.336808689942018e-19,-0.2836379335850632,-0.9544281636312304
24.50364575366667,0.09366009368539725,-2.168404344971009e-18,-0.255835419519375,-0.9621725546751935
24.545354087000003,0.09637751722244627,0.0,-0.2141300211645612,-0.9720389437723685
24.58706242033334,0.10198462425391945,0.0,-0.14840477237989333,-0.9836539838533969
24.62877075366667,0.11230178900475982,8.673617379884035e-19,-0.07058113749500317,-0.9911642705506701
24.670479087000004,0.12915380934248896,-4.336808689942018e-19,-0.0036464855151568157,-0.9916178682717006
24.712187420333336,0.1542536715186257,-2.168404344971009e-19,0.032967246991209946,-0.9874811215657971
24.753895753666672,0.1860864874699378,-4.336808689942018e-19,0.0626217204808276,-0.980535740962624
24.795604087000005,0.22014982579636228,-2.168404344971009e-18,0.08802092439344102,-0.9714866808509294
24.837312420333337,0.25227120636501293,-1.0232158002831948e-18,0.10181774844429665,-0.9622849809390539
24.87902075366667,0.28090992865441083,-5.929230630780102e-20,0.11311310976081007,-0.953045138691559
24.920729087000005,0.30608011965373116,-8.646512325571898e-18,0.12257191566744546,-0.9440821393514286
24.962437420333337,0.3273452917050373,4.9060148304969076e-18,0.13018451357874358,-0.9358937185507819
25.00414575366667,0.3437043994379108,-2.1412992906588713e-18,0.13609728006478256,-0.9291635034621158
