0.03336666666666667,-0.9952186382256891,-0.06625462335638413,0.07176480343531261
0.23336666666666667,-0.9962990329700819,-0.07111978093288214,0.048272286696801905
0.4333666666666667,-0.9776772119489916,-0.20704039324456827,-0.035798670377282134
0.6333666666666667,-0.9730596352096922,-0.23005460126535188,-0.015160038331764008
0.8333666666666667,-0.8448768802471904,-0.533121357610022,0.04432465774060697
1.0333666666666668,-0.6871706708107976,-0.7264883305111957,0.0033428742863478756
1.233366666666667,-0.7028366423735302,-0.7110275287548621,0.021459438246526512
1.433366666666667,-0.7698569945815105,-0.6382164028353166,0.000176198391306583
1.6333666666666669,-0.9948038533542551,-0.09983285113526823,-0.01996735299756895
1.8333666666666668,-0.9934572406191746,-0.11377457383344382,-0.009902394172804413
2.0333666666666668,-0.9979400614740199,0.06412920823575259,-0.0017545245181517463
2.233366666666667,-0.8900516305651839,0.4538442927091123,-0.042818838186276284
2.433366666666667,-0.9030887481925124,0.42923932627542805,-0.013576216950884897
2.633366666666667,-0.8901936908836607,0.19663931766987947,-0.4109600606594882
2.833366666666667,-0.15931206774643591,-0.985455194849704,-0.059141559111059894
3.0333666666666668,0.004516369636841933,-0.9992255617844834,-0.03908809386229281
3.233366666666667,0.47195226542685664,-0.8803661558420709,-0.047079621985658016
3.433366666666667,0.4599499166863995,-0.8867735750156831,-0.045592771291934814
3.633366666666667,0.5660291755866487,-0.8243385848112824,-0.008767552453869582
3.833366666666667,0.5881499182892191,-0.8085142252982681,-0.01960665975444411
4.033366666666667,0.5999375146602483,-0.7999686933267203,-0.011183389487283922
4.233366666666667,0.6182123802474006,-0.7860092088348044,0.0017252639591757415
4.433366666666667,0.628805189169941,-0.7775176860941951,0.008383429112433697
4.633366666666667,0.3922062075523436,-0.8996630046537828,-0.19178312964058108
4.8333666666666675,0.3728752873467706,-0.8947821982845029,-0.24561929427310006
5.033366666666667,0.371785609401473,-0.8931206070794573,-0.25320158343106286
5.233366666666667,0.38138406086433196,-0.8883603313004805,-0.2556601648484418
5.433366666666667,0.3891566444161291,-0.8836209276741118,-0.2603289501440834
5.633366666666667,0.42727054607365006,-0.902924536042825,-0.04655279443571808
5.8333666666666675,0.41649261261059056,-0.9091241649842581,-0.005211169012814198
6.033366666666667,0.4058792699840719,-0.9138810239402204,-0.00913741096652658
6.233366666666667,0.4069843865257878,-0.9134245034982638,-0.00440290054154569
6.433366666666667,0.4028741481977037,-0.915254291313897,0.0014152545604536873
6.633366666666667,0.3961905828902073,-0.9181379588966593,-0.007463944144617201
6.8333666666666675,0.3898621729490748,-0.9207501349595081,-0.015055732312777572
7.033366666666667,0.384672650919146,-0.9228628320468004,-0.018738859661041867
7.233366666666667,0.3818038576325338,-0.9238676353150566,-0.026351597945511576
7.433366666666667,0.3783929570857289,-0.9249205833723497,-0.03661535855443749
7.633366666666667,0.5010825250999882,-0.8652824743923256,-0.01423174440869488
7.8333666666666675,0.505347628852743,-0.8628850303669465,-0.007293722063804281
8.033366666666666,0.5040336382607099,-0.8636501807766366,-0.0076457011552309665
8.233366666666667,0.49986804365555965,-0.8660697855509254,-0.0074206123559687745
8.433366666666666,0.4195808488651048,-0.9045408593991314,-0.07587980589800437
8.633366666666666,0.026728305630137117,-0.9992183391638465,-0.029125733583652794
8.833366666666667,-0.16791342695695477,-0.9855914358590314,0.020361792870574522
9.033366666666666,-0.2096971153893144,-0.977641552589197,0.015624162325861817
9.233366666666667,-0.2292692745823176,-0.9732464174102197,0.015066875278924361
9.433366666666666,0.31546123785003044,-0.9487045325728031,-0.021069344791556935
9.633366666666667,0.4097334464633642,-0.9121869087833179,-0.005791916227706451
9.833366666666667,0.5288785125199733,-0.8477912361651306,-0.039211463582230176
10.033366666666666,0.6631171799522229,-0.7478589262055537,-0.03134696391818444
10.233366666666667,0.6456059288353185,-0.7636701632231558,-0.0009308358633072922
10.433366666666666,0.5953080362831588,-0.8033520449801632,0.015291623945132568
10.633366666666667,0.6070507257401389,-0.7928121547514687,-0.05420612194857296
10.833366666666667,0.5748470927251623,-0.8168872796554593,-0.04739190144457099
11.033366666666666,0.5345300751855135,-0.8445391554841098,-0.03211251432628953
11.233366666666667,0.5096236639437395,-0.8595215355367652,-0.038813027414513465
11.433366666666666,0.5099438199606379,-0.8587464547687701,-0.05011812951438977
11.633366666666667,0.5175380590597567,-0.8548116996057505,-0.03809613683549263
11.833366666666667,0.592479311592646,-0.8054463227537956,-0.01498287345914804
12.033366666666666,0.6339797509841497,-0.7733491457274834,-0.0008798549014510706
12.233366666666667,0.8748601169248295,-0.4827402265942124,-0.039769956525524786
12.433366666666666,0.9216897779016512,-0.3859227571762338,-0.039390085111593906
12.633366666666667,0.9662951937320889,-0.25605493222529085,0.026635882815594942
12.833366666666667,0.9953587328604971,-0.09585625374662438,0.008518892886269247
13.033366666666666,0.9932915466794812,-0.11523899177895969,0.009585304838833512
13.233366666666667,0.9927798500562304,-0.11887259428193143,0.01604604783154773
13.433366666666666,0.9523927665310746,-0.30279082754386044,0.03557714174284106
13.633366666666667,0.04177165399692612,-0.9990309279947572,0.013868447364254775
13.833366666666667,-0.5959012240019611,-0.8003794963061952,-0.06553161928112367
14.033366666666666,-0.6311973637117014,-0.7737769620254683,-0.05347056276153036
14.233366666666667,-0.831619874383603,-0.5539860816500347,-0.03883047602388466
14.433366666666666,-0.813744244734968,-0.5807049716107786,-0.02453650560371932
14.633366666666667,-0.9173827938984184,-0.3980016334034121,-0.0018733038591271357
14.833366666666667,-0.9253146153697478,-0.3791994999816347,0.0007757556405911086
15.033366666666666,-0.9270545046676413,-0.06158144987768218,0.3698346527928345
15.233366666666667,-0.998637898293474,0.041012963828564265,-0.03225344772252531
15.433366666666666,-0.9955694656429874,0.09003743255480202,-0.027105346673230314
15.633366666666667,-0.999458220039225,0.031762317873925854,-0.008626793106329517
15.833366666666667,-0.9890733984485753,0.14742359823167364,-0.00030848956582092555
16.033366666666666,-0.9681033490974912,0.2505398883708005,0.0023811344706711713
16.233366666666665,-0.9250520163395126,0.3796567711449579,0.01181114685318926
16.433366666666668,-0.9484196506567566,0.31695610957343806,-0.006244265544203528
16.633366666666667,-0.7527312916285528,0.6568701403841308,0.043786085403274354
16.833366666666667,-0.8070678534672575,0.5904284608557371,0.005975994584861101
17.033366666666666,-0.8043863555434607,0.5937724964403107,0.0199201778744624
17.233366666666665,-0.9147606390373061,0.4032353456837186,0.024783649033019196
17.433366666666668,-0.9288489636958083,0.36905879324402074,0.03217467591896672
17.633366666666667,-0.7949186675520031,0.6039499009926427,0.05786906832086578
17.833366666666667,-0.7771774002967666,0.628913087051801,0.021531776585621495
18.033366666666666,-0.04416892543328976,0.998931368179199,0.013609838121814575
18.233366666666665,0.1663422732907779,0.9859108333105875,0.01760899989434116
18.433366666666668,0.2886149631782389,0.9572444560793772,0.019607507106226017
18.633366666666667,0.5364372144899094,0.8360469124916554,-0.11515500433536313
18.833366666666667,0.8770541118305637,0.4780743388346412,0.04712760835138784
19.033366666666666,0.8962918105860224,0.4389089611203923,0.06340279271963006
19.23336666666667,0.8635830864567852,0.5037692442349206,0.020995269675556687
19.433366666666668,0.42865440572612834,0.8992959430243828,0.08673065958163577
19.633366666666667,0.11769463574698907,0.9926072226351641,0.029645814019681714
19.833366666666667,-0.08259526208973961,0.9954772657818229,0.046936510222565446
20.033366666666666,-0.8396960443285233,0.5313683918560547,0.11206330922894013
20.23336666666667,-0.9750278921954066,-0.2210909121712701,0.020962299402939293
20.433366666666668,-0.9877224315419142,-0.15111432062239677,0.03960884158568409
20.633366666666667,-0.9918004512331309,-0.12437650171106511,0.029365809300541418
20.833366666666667,-0.9513487293409505,-0.3062615660080416,0.033755716073893986
21.033366666666666,-0.9457572311321643,-0.32483259777604684,0.005200306076331361
21.23336666666667,-0.9603403564605634,-0.27867543900289304,0.009295130431729321
21.433366666666668,-0.9672495676137859,-0.2534814262047547,0.01324539618689139
21.633366666666667,-0.9916984440461939,-0.12845809561710006,0.005719593236092271
21.833366666666667,-0.9637149819830482,-0.2667677779889576,-0.009401389697686334
22.033366666666666,-0.9606076155509056,-0.2778618624390722,-0.005078813591158484
22.23336666666667,-0.9576640676414808,-0.28788791888098314,0.00028233092219503243
22.433366666666668,-0.9863876199662149,-0.16117423111784432,0.032593410391632806
22.633366666666667,-0.9872804868765972,-0.15648467957036666,0.028103118909982894
22.833366666666667,-0.986188158895897,-0.1634883318102183,0.02654205371544071
23.033366666666666,-0.9863579204426365,-0.16244572424459347,0.026635304667435772
23.23336666666667,-0.9858086875081256,-0.1657274658626663,0.02675142411622125
23.433366666666668,-0.9879490105464065,-0.15264201149166642,0.02563530550149049
23.633366666666667,-0.9881048372654251,-0.1514827544885977,0.026491614998245257
23.833366666666667,-0.9362231865969108,-0.351400646155713,-0.0019315174535995047
24.033366666666666,-0.9317045435510612,-0.36315813722591767,-0.006543003355507453
