0.019999831,-0.9947678151886779,-0.05671795786356428,0.08497097810742235
0.219999831,-0.9914190274279812,-0.09877145354931388,0.08563008827224156
0.41999983100000005,-0.9833613516769595,-0.1667617564608534,0.0720483768738366
0.6199998310000001,-0.9745363737656288,-0.2163842974442044,0.05879363934403658
0.8199998310000001,-0.9729532963364884,-0.23099668089875955,0.001554529420217273
1.019999831,-0.9657170424421713,-0.24553706669471764,-0.08427421204436715
1.2199998310000002,-0.9599249097645721,-0.2532096702598749,-0.12012089951529484
1.4199998310000002,-0.9621541656183883,-0.24375841084821345,-0.1218244586441361
1.6199998310000001,-0.9666445827140087,-0.23271630676025049,-0.10696434582387339
1.819999831,-0.9690817623228436,-0.23188582912661457,-0.08431785210448778
2.019999831,-0.9670967974213738,-0.24442503025407794,-0.07057045417606457
2.219999831,-0.9658500862843179,-0.25154609303232767,-0.062114200507993655
2.419999831,-0.9663566031503634,-0.2506190666989965,-0.05783596592618853
2.619999831,-0.9664981577428782,-0.25176133017062174,-0.04997543106709491
2.819999831,-0.9678846451959013,-0.2490275228108104,-0.034418112625703066
3.019999831,-0.9715095042372263,-0.23560979607084237,-0.025638002500097585
3.219999831,-0.9752788018095294,-0.22049483329015612,-0.014604356655296065
3.419999831,-0.977502917288375,-0.2109218734679486,-9.992741041997815e-05
3.619999831,-0.982236673972535,-0.18764488677415322,-0.0007160802244537912
3.819999831,-0.9881395802317399,-0.15343143874964196,0.006242081596368053
4.019999831,-0.9934957601355977,-0.11360047677212036,0.00781704993829366
4.219999831,-0.9972505240667061,-0.07302667088530845,0.012589582522433708
4.419999831,-0.9991885497431342,-0.03530665599007094,0.01938252060519585
4.619999831,-0.9996458556883293,-0.007007894852799513,0.025672020077902875
4.8199998310000005,-0.9994603900364293,0.018453998301662146,0.027173124496660615
5.019999831,-0.9985213960214165,0.04305071717472981,0.03319122531909718
5.219999831,-0.9971131496887831,0.06751884841033892,0.03473574278831785
5.419999831,-0.9947735257208956,0.09693653556647305,0.032077103940169174
5.619999831,-0.9878340156689457,0.15156013514031913,0.03483508179426946
5.8199998310000005,-0.97066364418624,0.2380238821591213,0.034010606830655994
6.019999831,-0.929337608987177,0.3675639764652646,0.035047563781804215
6.219999831,-0.8487744139061469,0.5274603597578176,0.03698057844910708
6.419999831,-0.7434722210864795,0.6675463032516918,0.040385510863888446
6.619999831,-0.6044980395186921,0.7937373800093677,0.06755066094363825
6.8199998310000005,-0.4837702111833338,0.8737690891945085,0.049939578891213636
7.019999831,-0.39648001233023183,0.9173508740738576,0.03565071750398968
7.219999831,-0.24926294739806615,0.9597249617403095,0.1295993088985843
7.419999831,-0.06612352400238214,0.9834129478723113,0.16889835265803418
7.619999831,0.025497205021397962,0.9850311815498878,0.17048009828284713
7.8199998310000005,0.026873931444483468,0.9853137871715044,0.1686254210327272
8.019999831,0.020053849694743553,0.9841358197433774,0.17627969653494366
8.219999831,-0.013953203286395544,0.9823843045682403,0.18635017106518495
8.419999831,-0.14044609107779882,0.9709827492586213,0.19356496620808228
8.619999831,-0.3709515039673776,0.915662811846924,0.15477918692422937
8.819999831,-0.5958125324585987,0.7902528748311257,0.14320551660607397
9.019999831,-0.7590921147105391,0.6372069035475819,0.13321607806712052
9.219999831,-0.8839396135531061,0.45265234377429225,0.11728859819788723
9.419999831,-0.9576585475212281,0.2697203159160307,0.10070281794313683
9.619999831000001,-0.9881070185810706,0.13272405405340418,0.07764563932673185
9.819999831,-0.9965983092715833,0.024276809114201242,0.07875561247463224
10.019999831,-0.9944369152622154,-0.07230372057785434,0.07659891353256326
10.219999831,-0.9854436833024486,-0.15150789226560968,0.07711099545808386
10.419999831,-0.9729176873147125,-0.21606470078062634,0.08214145595720805
10.619999831000001,-0.9669223613900031,-0.24571467527130578,0.06845031336887575
10.819999831,-0.9610272888158538,-0.2708745754146092,0.055258615122031327
11.019999831,-0.9450877252238062,-0.32423137887673714,0.04102687634930721
11.219999831,-0.9259900402593352,-0.37442265553161636,0.04847804003017322
11.419999831,-0.9226584464227284,-0.3813531258601711,0.05719427105465578
11.619999831000001,-0.9318209964873007,-0.36065179906024264,0.040495806449854406
11.819999831,-0.9581687390152008,-0.28543779389896806,0.02092685805634302
12.019999831,-0.9833883934265245,-0.17864314254912203,0.03215424224224284
12.219999831,-0.998029524350489,-0.04073815800117937,0.04772285623689475
12.419999831,-0.9978330552822812,0.051001478393638486,0.04156973644000349
12.619999831000001,-0.9965615174959112,0.07258906165577637,0.03994959291633192
12.819999831,-0.9976117867689469,0.06429652577542931,0.02523251221894098
13.019999831,-0.9985301930297583,0.052524588841212284,0.013364923307489437
13.219999831,-0.9981312309541845,0.057358471264572615,0.02107253112646987
13.419999831,-0.9966253696571012,0.07473429557173605,0.03395081179063222
13.619999831000001,-0.9961135163987899,0.08072329136042224,0.03523652479428448
13.819999831,-0.9960936987061904,0.07897219369092486,0.03950615169140967
14.019999831,-0.9965472411092353,0.07429478390262503,0.037065905120929964
14.219999831,-0.9972123936959173,0.06779792540542895,0.031158998218474235
14.419999831,-0.9971347827020598,0.0717594998669712,0.023933225953853866
14.619999831000001,-0.9968557487369071,0.07314249211082928,0.030476089939464476
14.819999831,-0.9969873772882474,0.07274541877190757,0.026912331292576808
15.019999831,-0.9956100836929509,0.09024681084918139,0.02482084568397165
15.219999831,-0.9916788777112222,0.12558791628484203,0.02829626803383002
15.419999831,-0.9876693714524323,0.1546182187345359,0.024544228040761656
15.619999831000001,-0.9895541154843333,0.1428898100648594,0.019109021629780794
15.819999831,-0.994621231604505,0.10357324503369418,0.0010902085711026847
16.019999831,-0.9977766112475983,0.06520913208136259,0.013769645618357826
16.219999831,-0.9973625959029969,0.061627405421748195,0.03833947306130182
16.419999831000002,-0.995761434135368,0.07948282246128144,0.046277934507320005
16.619999831,-0.9962076492358225,0.08004259651779924,0.03411015020086173
16.819999831,-0.9952673944087458,0.09054474450952958,0.035276945283434565
17.019999831,-0.99057507804609,0.1273699621541823,0.05037764876237225
17.219999831,-0.9836371948700673,0.17389496932188783,0.04709998421108537
17.419999831000002,-0.972138620367682,0.23076411019190646,0.04116343325037778
17.619999831,-0.9582235997755102,0.2831901213158443,0.04013586952316391
17.819999831,-0.9495656469862175,0.3117379413006377,0.03383102152295641
18.019999831,-0.9504817598909916,0.30958427803153316,0.027239656940160346
18.219999831,-0.9530353969038846,0.30162717978330045,0.027286932114613572
18.419999831000002,-0.9490363490245757,0.3141968420820232,0.024705316346647355
18.619999831,-0.9440068903451955,0.32893225954356325,0.025584362653000518
18.819999831,-0.9370040075016284,0.3486211382262741,0.022063361205970144
19.019999831,-0.9291960314313605,0.36891656623291663,0.02225538881089667
19.219999831000003,-0.9199914822878087,0.3913479505918985,0.02150474564838477
19.419999831000002,-0.9075948371222479,0.41931857436055947,0.021060503917718684
19.619999831,-0.8964505618513483,0.44261891109969986,0.021561300826197317
19.819999831,-0.8884235713181345,0.4585171547264321,0.021577227530637344
20.019999831,-0.8837726149873419,0.46729977855254906,0.024018367204586003
20.219999831000003,-0.8851033164500757,0.46475333311542016,0.024422501247512485
20.419999831000002,-0.8842362016444116,0.46612357534523846,0.029242985634769812
20.619999831,-0.8834906040510897,0.4671088760064569,0.03540692742141886
20.819999831,-0.8850724643217373,0.4643584525526065,0.03190549235469808
21.019999831,-0.8858177453121643,0.4628953884887729,0.03247739838567638
21.219999831000003,-0.8855275437523699,0.4634782997378398,0.032075456785762325
21.419999831000002,-0.892495751945433,0.450120977100585,0.02902479514777894
21.619999831,-0.9167043879593948,0.3989119018942527,0.02285518810033337
21.819999831,-0.9496417764837588,0.312848087169979,0.017509160769600716
22.019999831,-0.9765335634441621,0.21418035558811352,0.022560468682978667
22.219999831000003,-0.9922858968541757,0.12051234036403781,0.02907704806693001
22.419999831000002,-0.9990179443888181,0.03933428317986937,0.020395120883832964
22.619999831,-0.9996502770845844,-0.02604297955362009,0.00459203012664173
22.819999831,-0.9987911880724867,-0.048950350025952764,-0.004475026378371283
23.019999831,-0.9995642912443653,-0.026211159135880523,-0.013572133432254186
23.219999831000003,-0.9998470599052156,-0.010297741672600327,-0.014135533783362285
23.419999831000002,-0.9999515908465857,-0.009034324273590202,0.003898326346272564
23.619999831,-0.9988696904069451,-0.011929526807562239,0.04601117230066651
23.819999831,-0.9980117964732875,0.0017481673390476644,0.06300315873919195
24.019999831,-0.997983515632447,0.00801425020848757,0.06296565984326212
