0.03336666666666667,-0.999945788713972,-0.0036233323892976526,0.009761715811749996
0.23336666666666667,-0.9999414952855017,0.0029615323822291487,0.010403621107290198
0.4333666666666667,-0.9979027288215934,-0.016489482145590307,0.06259585280981242
0.6333666666666667,-0.9959917412990352,-0.033205489383947386,0.08305327650904533
0.8333666666666667,-0.9939496692956977,-0.050480269461939044,0.09754894823637734
1.0333666666666668,-0.9976051079652829,0.0242695029379843,0.06476912681763995
1.233366666666667,-0.9970599542490179,0.034330457965053074,0.06850450560989245
1.433366666666667,-0.9985731989250807,0.03377234738301029,0.041364174605243144
1.6333666666666669,-0.9994922997353072,0.031081925179428056,0.007004048612589574
1.8333666666666668,-0.999986315239072,0.0043406451962810285,0.002920296879315434
2.0333666666666668,-0.9998774565709936,-0.010312565590884781,-0.01177806571787185
2.233366666666667,-0.8983318839995054,0.00011850187336272446,-0.43931743892907915
2.433366666666667,-0.7982260867494644,0.05434539571939263,-0.5999014022293493
2.633366666666667,-0.7637760630416297,0.20214253941031693,-0.6130126583402475
2.833366666666667,-0.20067124081104862,0.1341145524240636,-0.9704351291763131
3.0333666666666668,-0.31191851917863417,0.16398444688376923,-0.9358503825791987
3.233366666666667,-0.600015694186421,0.6447945919702546,-0.4735199054906781
3.433366666666667,-0.30651883963599713,0.9369174269749017,-0.1680236173248639
3.633366666666667,0.009857125454482862,0.9995032513417041,-0.02993472290061933
3.833366666666667,0.7053993166272583,0.7066173220443718,0.05571143768237857
4.033366666666667,0.9259315996196726,0.37358240188681874,0.055559534071390096
4.233366666666667,0.9997053239671507,-0.023898680081178285,-0.004256562241116074
4.433366666666667,0.9038828163966433,-0.42751598413850994,0.015031218478667467
4.633366666666667,0.8810821591111639,-0.4729096116974402,0.007122363384860115
4.8333666666666675,0.9492186973191709,-0.3141715974540118,0.016735352189032812
5.033366666666667,0.9264489737002243,0.37639145957063536,0.004665650232045384
5.233366666666667,-0.41024270429531257,0.9116359866495868,-0.024914883461565274
5.433366666666667,-0.6503392383159347,0.7596125063707326,0.006907624180826329
5.633366666666667,-0.9908905603478935,0.13415844266217083,-0.011722187334244651
5.8333666666666675,-0.9971571551500655,-0.06225934191969555,0.04244269403271848
6.033366666666667,-0.9865990083397158,-0.09805357087779348,0.13041431662667782
6.233366666666667,-0.9862683207183435,-0.14881085103929656,0.07162492694850733
6.433366666666667,-0.9538374934260561,-0.2864222203883621,0.09031250080968463
6.633366666666667,-0.9479156220408687,-0.31625371697705196,0.037941533826031125
6.8333666666666675,-0.8450361584544724,-0.5347088613300319,-0.0005696662607984748
7.033366666666667,-0.9738507817608615,-0.22273651288680787,0.04475601290087773
7.233366666666667,-0.9997904467970543,-0.011249401640279181,0.01710302476411133
7.433366666666667,-0.9993963373797664,0.010360471156735872,0.03316054084780042
7.633366666666667,-0.9982904711095357,0.025574594408990157,0.052555450837347015
7.8333666666666675,-0.9982372297493255,0.05573897704443715,0.02038625959885578
8.033366666666666,-0.9917312012257535,0.08876060314306408,0.09268645987955296
8.233366666666667,-0.906130476778458,0.06601276638611311,0.41781559775491595
8.433366666666666,-0.8865181231497223,-0.0026228248017511023,0.46268643606351056
8.633366666666666,-0.891250486611971,0.054480758857947266,0.45022707274017576
8.833366666666667,-0.9315717726783855,0.07298922620078233,-0.3561553105141934
9.033366666666666,-0.9150547960895776,0.0826817097140022,-0.39476379650650734
9.233366666666667,-0.9992652852995433,-0.025603980089770367,-0.02851886741764975
9.433366666666666,-0.97685964632528,0.1358015877906569,0.16523667914475107
9.633366666666667,-0.9795159349395042,0.11764927516041593,0.16342331918614933
9.833366666666667,-0.9812472601191511,0.0960929894053778,0.16709264464900156
10.033366666666666,-0.9801308815069257,0.08711747646881893,0.17819652188009155
10.233366666666667,-0.730934243923597,0.04454646784551032,0.680992469313963
10.433366666666666,-0.7332723863835668,0.03837233705351515,0.678851361578071
10.633366666666667,-0.9995406941937766,-0.015800011345039448,0.025860400076573514
10.833366666666667,-0.9994570244998147,-0.01630051560957543,0.0286347580544818
11.033366666666666,-0.9983693069906157,0.02161149430538871,0.052836258127978916
11.233366666666667,-0.9962305467851544,0.0475586383490389,0.0725456654152256
11.433366666666666,-0.9944556491277263,0.049528626940950775,0.09276247641852012
11.633366666666667,-0.9935552190586704,0.03203220597171527,0.1087288575395848
11.833366666666667,-0.9927525838493689,0.005052307333261125,0.1200699023528058
12.033366666666666,-0.9922830597531541,-0.027196110851995418,0.12097396778416492
12.233366666666667,-0.9914217066341658,-0.03434595997482284,0.12610850347223246
12.433366666666666,-0.9856509950741498,0.04783659737122031,0.16187580381663677
12.633366666666667,-0.985339691825852,0.048112581235183145,0.16367917167258325
12.833366666666667,-0.9835525676023317,0.04986567667015255,0.17360230716522534
13.033366666666666,-0.9817078645040023,0.05689908177152338,0.181692496445366
13.233366666666667,-0.9806586727898543,0.06329092354353252,0.18521022239349655
13.433366666666666,-0.9794012495202754,0.06933239667337347,0.1896475974265167
13.633366666666667,-0.9800339064419148,0.07230905623952806,0.18521593508645337
13.833366666666667,-0.9789877402783428,0.0769807680712649,0.18883052118728813
14.033366666666666,-0.6892538945776743,-0.047302858517646845,0.7229740717242684
14.233366666666667,-0.6899644803720194,-0.05427565149959477,0.7218054928297952
14.433366666666666,-0.6876141984075318,-0.06088533367048891,0.7235189633259107
14.633366666666667,-0.6848305786416978,-0.06552821804496615,0.7257500473283687
14.833366666666667,-0.6820651420452265,-0.06808982640187275,0.7281146321475681
15.033366666666666,-0.6752687307229426,-0.06662822911675557,0.7345562064216679
15.233366666666667,-0.6707235034257091,-0.0652500367140806,0.7388317905052231
15.433366666666666,-0.960715546150708,0.10883514060836623,0.25530482085754685
15.633366666666667,-0.9667021564918732,0.09794814265291771,0.23641722015285963
15.833366666666667,-0.9706067102903406,0.09355390257334924,0.22174372877864948
16.033366666666666,-0.9733590334202906,0.09411624586092812,0.2090797080640863
16.233366666666665,-0.978328809951768,-0.07616759270712009,0.19253892447907553
16.433366666666668,-0.9727770224985578,-0.09631449185417508,0.21078041454962693
16.633366666666667,-0.9707401617866076,-0.10741450468619115,0.21476885825820208
16.833366666666667,-0.9705932392581264,-0.13077543013557683,0.202105296267249
17.033366666666666,-0.9735251932474276,-0.14582988245845663,0.17601802036925576
17.233366666666665,-0.9774933737293567,-0.14296992981831547,0.15513317982606306
17.433366666666668,-0.9804523131973437,-0.1394002481526374,0.13885543691538169
17.633366666666667,-0.983573478321492,-0.1260397826647003,0.1292175914045648
17.833366666666667,-0.987066915314716,-0.10777408102997733,0.118674564036426
18.033366666666666,-0.9888535773304752,-0.09801232943006817,0.11208115756189443
18.233366666666665,-0.988376574294038,-0.09886521245609455,0.11548773594106623
18.433366666666668,-0.8525095010663162,-0.5210980481380998,-0.04104113568511572
18.633366666666667,-0.6724792030129602,-0.737484664142274,-0.062354564147390906
18.833366666666667,-0.459193801278119,-0.8868476432579452,-0.05140340957154242
19.033366666666666,-0.13861390845974902,-0.9903376575769671,-0.004184299998608274
19.23336666666667,0.18996436387789528,-0.9817632831314002,0.007375388228489941
19.433366666666668,0.2598796133886355,-0.9656255015356269,-0.00547515561806921
19.633366666666667,0.5395980811056549,-0.8376546408147978,0.08466766554315283
19.833366666666667,0.7457724351666364,-0.6598656509968955,0.09165586495183259
20.033366666666666,0.7215915171264883,-0.6885460881688945,0.07218010029368242
20.23336666666667,0.2942252187419929,-0.9540659002195777,0.056478125804890075
20.433366666666668,-0.9732957960762788,-0.21465524815609444,0.08135365867180357
20.633366666666667,-0.9986490752219869,0.03398090997768546,0.03931058782769008
20.833366666666667,-0.946258348407667,0.2333614328738867,0.2239142240141094
21.033366666666666,-0.8160648612701239,0.28753192571508984,0.5013616797230774
21.23336666666667,-0.9572428610345599,0.1702101903529569,0.23391151339423455
21.433366666666668,-0.9994555668892091,-0.030193780542907188,0.013300580088736504
21.633366666666667,-0.998160462552149,-0.05689111854638093,0.020954513313899765
21.833366666666667,-0.9775296830179097,0.11251167607415855,0.17826060015014064
22.033366666666666,-0.9773017461835511,0.115118764087681,0.17784534590904125
22.23336666666667,-0.9736368370584989,0.11634024742108044,0.1962046287749698
22.433366666666668,-0.9759400196229233,0.12048599125389525,0.18172562837963951
22.633366666666667,-0.9759061504029705,0.11873223676444944,0.18305693529218006
22.833366666666667,-0.976374542250737,0.12540504940608885,0.17597251725232652
23.033366666666666,-0.9752457733192893,0.12818923032070953,0.18017547794482192
23.23336666666667,-0.974979851712062,0.12982214921240648,0.18044527793599116
23.433366666666668,-0.721535577144931,0.1766370804991594,0.6694667674402252
23.633366666666667,-0.9923177755578743,0.08018483453573914,0.094211594946423
23.833366666666667,-0.9938519664764953,0.05357089330297638,0.09689390136393758
24.033366666666666,-0.9979481015790433,0.0057444939712408905,0.06376979962175224
24.23336666666667,-0.9980028457924623,-0.01711209740108907,0.0608070383482267
24.433366666666668,-0.9984666670321871,-0.029155309306894833,0.04705616606625816
24.633366666666667,-0.9986640349611684,-0.03271365643607711,0.0399995244679264
24.833366666666667,-0.9701063995153528,-0.2415848626707952,0.02302884599132523
25.033366666666666,-0.7893763212312268,-0.6136829574564415,0.016680863495942718
25.23336666666667,-0.7678586448964564,-0.6404493675672849,-0.014754966636438722
25.433366666666668,-0.43459574160795195,-0.9006059212316698,-0.0059595317508337065
25.633366666666667,-0.16109674226252374,-0.9867879425531185,-0.01724517509872198
25.833366666666667,0.056580258778207326,-0.998397335516792,0.001197810319608846
26.033366666666666,0.11112042708723524,-0.9937810372111258,0.007176403244661968
26.23336666666667,0.10716045527524459,-0.9941014009101728,-0.016704536319026173
26.433366666666668,0.05974974829695967,-0.9982032230730762,0.004504778015874149
26.633366666666667,0.06229675207064583,-0.9979189768989228,0.01663821584353789
26.833366666666667,0.054183351822358006,-0.9984069478239854,0.015739470197206184
27.033366666666666,0.049943695025137014,-0.9979293493802417,0.04052950743301982
27.23336666666667,0.0411586472391956,-0.9982079947946246,0.043436906951736826
27.433366666666668,0.033101672423189954,-0.998284892425506,0.04828615575694473
27.633366666666667,0.0235307563054426,-0.9987826118619426,0.043354327926179596
27.833366666666667,0.03462080007471502,-0.999270476747909,0.016121864104175244
28.033366666666666,0.06517387630255889,-0.9978431152546021,-0.007841121519894587
28.23336666666667,0.08246849358835223,-0.9962494056506508,-0.02619292473155258
28.433366666666668,0.0780134097882123,-0.9968505254929844,-0.014245620996556246
28.633366666666667,0.23993514466745897,-0.966083451904146,0.09546669738906538
28.833366666666667,0.034027643779813044,-0.9976713853297947,0.05910944385563745
29.033366666666666,0.032237439906340426,-0.9978261932952155,0.05747726021885034
29.23336666666667,0.04672512876455931,-0.9977209477669149,0.048679284393098717
29.433366666666668,0.04293271584290137,-0.9979837040506532,0.04674728184280496
29.633366666666667,0.02302620251815357,-0.9982355902946934,0.054731163577964495
29.833366666666667,0.011217967320160893,-0.9974556506583798,0.0704015779572618
30.033366666666666,0.015494644928466417,-0.996796044363943,0.07847013392964536
30.23336666666667,0.02246279083180963,-0.9966108889109594,0.07913380524247539
30.433366666666668,0.028570494870325924,-0.9970757035933029,0.07087854489748541
30.633366666666667,-0.02016843926766454,-0.9960640270253801,0.08631157583713432
30.833366666666667,-0.049851954268840704,-0.993084047351949,0.10629608436179286
31.033366666666666,-0.1031865066828001,-0.9877827538502175,0.11678088899593457
31.23336666666667,-0.3376797150554899,-0.9330003218686466,0.1244299378487557
31.433366666666668,-0.8995202656124456,-0.36602163225021284,0.23851930001030383
31.633366666666667,-0.9085716250836859,-0.33682380203894224,0.2470775758194615
31.833366666666667,-0.9753847377336409,-0.03162629384911527,0.21823013296436866
32.033366666666666,-0.9620711250630698,0.09992584382331737,0.2538384841903946
32.23336666666667,-0.98093706801491,0.040045423632870704,0.19015475971002044
32.433366666666664,-0.923185161424442,-0.34221719461652333,0.1749758538613944
32.63336666666667,-0.7963267462552182,-0.5690380174601655,0.20508400201766577
32.83336666666667,-0.703274215416292,-0.6818867885126361,0.20108651268178673
33.033366666666666,-0.792278890433206,-0.5840135938304655,0.1766982795477981
33.23336666666667,-0.8027348316697239,-0.557096983121676,0.21274336986356823
33.433366666666664,-0.8174162676085619,-0.5369880854303121,0.20850525546080603
33.63336666666667,-0.8501095614148264,-0.48515006848737907,0.20480025546317765
33.83336666666667,-0.9863028014374211,0.031053618762237344,0.16199523646843592
34.033366666666666,-0.9783674132769751,0.09634066237748669,0.1830728855139074
34.23336666666667,-0.7989720367972104,-0.5734102782106035,0.18123006720341786
34.433366666666664,-0.8131172112368112,-0.5584184179344759,0.16434497650378127
34.63336666666667,-0.8266447373797444,-0.5351948881169023,0.17385312736879333
34.83336666666667,-0.722162404339028,-0.6612679518102538,0.20299299906141216
35.033366666666666,-0.6943671863207452,-0.6819485163396267,0.2297834450590235
35.23336666666667,-0.696983828033494,-0.6766158165936852,0.23749648459511508
35.433366666666664,-0.7107310118185086,-0.6613118296793591,0.23985014647812408
35.63336666666667,-0.7342641902530157,-0.6358668683682812,0.23775917358452914
35.83336666666667,-0.817336427650857,-0.5759696736830858,-0.01483573497793056
36.033366666666666,-0.8566122118821643,-0.5139732100861613,0.04524442250789757
36.23336666666667,-0.9418600375769758,0.043532692288126125,0.3331734898182106
36.433366666666664,-0.9568186266013238,0.023130105106997437,0.2897638935866501
36.63336666666667,-0.956592437606524,0.023591605041369614,0.29047262260939627
36.83336666666667,-0.9605229579311024,0.010620993404770624,0.27799791687417696
37.033366666666666,-0.9384226277600731,-0.2786169182509318,0.2042928891866597
37.23336666666667,-0.9438829884590991,-0.25496914677669735,0.20994198791447832
37.433366666666664,-0.9558989672410801,-0.10839400668812584,0.27296135942937205
37.63336666666667,-0.9610094104420611,-0.04842402453511903,0.2722425883098104
37.83336666666667,-0.9679125162623132,0.08955617077988821,0.2347872507995299
38.033366666666666,-0.9686061351891306,0.13408830798532956,0.2093381965519133
38.23336666666667,-0.9503616906487344,0.21694529589278613,0.22304124178561954
38.43336666666667,-0.940473314597156,0.24994425590859737,0.23029939962782495
38.63336666666667,-0.9321983636557145,0.272531026135586,0.23818700760346484
38.83336666666667,-0.9254692512469744,0.28991968896167936,0.24383034870320794
39.033366666666666,-0.9261091766032401,0.2900499617446723,0.2412318650244681
39.23336666666667,-0.9305036565407288,0.2806001994754964,0.23542827616632014
39.43336666666667,-0.9351702105817188,0.2699408512966538,0.22932207491164353
39.63336666666667,-0.9409477773241521,0.25153487801465674,0.22659983559325367
39.83336666666667,-0.9466383204320477,0.2318610289657048,0.22386682098193184
40.033366666666666,-0.9904780048368982,-0.06298501089455867,0.12241817813106702
40.23336666666667,-0.9884279092166204,-0.12363562584771177,0.08788913643281393
40.43336666666667,-0.9809129730766959,-0.14358865750849312,0.13111840711641587
40.63336666666667,-0.9826060981128324,-0.12916775439886335,0.13342019028254176
40.83336666666667,-0.931894704521413,0.20592557894345798,0.2986082979787238
41.033366666666666,-0.9117119433820825,0.2292812239046566,0.34089800917466434
41.23336666666667,-0.6195572349907587,-0.010129544820808635,0.7848861222447046
41.43336666666667,-0.8646866178370582,-0.20842863434151546,0.4570279612015443
41.63336666666667,-0.8649322480518782,-0.33089238364361295,0.37736247392470285
41.83336666666667,-0.8431597069099158,-0.3555430493251125,0.40332474350104713
42.033366666666666,-0.8359086804668507,-0.3606154275200408,0.4137791577094068
42.23336666666667,-0.8448958162584154,-0.2904971874860087,0.44917974546026107
42.43336666666667,-0.8835116439995565,-0.26585150875069785,0.385655481242234
42.63336666666667,-0.8872183770207487,-0.26154866230308615,0.3800471664466602
42.83336666666667,-0.8843966022702521,-0.26267910567140107,0.385800903752838
43.033366666666666,-0.9564884503920669,-0.09696256647489934,0.2751873997282279
43.23336666666667,-0.9580083794681709,-0.08690995722476272,0.2732519061305144
43.43336666666667,-0.9569832909369436,-0.08965909190555013,0.2759424362184439
43.63336666666667,-0.956977387164347,-0.09003427080852675,0.2758407340043834
43.83336666666667,-0.959300939752189,-0.08711878276657567,0.2686112891891129
44.033366666666666,-0.9601945228229751,-0.08307892090951662,0.26669152825177905
44.23336666666667,-0.9591536942553756,-0.0856727104993583,0.26960040332306495
44.43336666666667,-0.9600347385094642,-0.08685135542619714,0.2660641706725976
44.63336666666667,-0.9627811560206457,-0.08538560568398294,0.2564405271276923
44.83336666666667,-0.9652085984309138,-0.0820488897546237,0.24827472929209848
45.033366666666666,-0.9115353385739592,0.2064161865851953,0.35566231800189846
45.23336666666667,-0.9131315239585275,0.2090379795143396,0.3499913471412399
45.43336666666667,-0.9177264192774461,0.20116352785072786,0.34250759761331845
45.63336666666667,-0.9222153941697632,0.19087739011673086,0.3362805208431413
45.83336666666667,-0.9263335973452438,0.18567201372158293,0.3277681646377387
46.033366666666666,-0.9291956730680739,0.1842320776846276,0.3203965397809015
46.23336666666667,-0.962330736742747,0.04849768815017382,0.2675210783550528
46.43336666666667,-0.9774828347254771,-0.03337831013396052,0.2083583361174848
46.63336666666667,-0.9766092824144145,-0.028895258138514752,0.2130712875051702
46.83336666666667,-0.9809555455571255,-0.03610113472629634,0.19084791251726113
47.033366666666666,-0.9806927504941925,-0.03795021343807282,0.19183719771759808
47.23336666666667,-0.9791669674648451,-0.03715792014363303,0.1996280010326661
47.43336666666667,-0.9777881630059999,-0.03888480094755272,0.20595698711289398
47.63336666666667,-0.934737038734316,-0.21808071647761307,0.2805485154457478
47.83336666666667,-0.934505378382092,-0.21708627474713066,0.2820873040236953
48.033366666666666,-0.930816526248404,-0.21865395203238167,0.2928669385975059
48.23336666666667,-0.9533860874825744,-0.13606706422780876,0.26933384901845375
48.43336666666667,-0.9818995659375152,-0.04436123377926407,0.18413398206007983
48.63336666666667,-0.9826340533902411,-0.04130980610212319,0.18089725547301733
48.83336666666667,-0.9832552460651504,-0.04201061952075284,0.17732520670463847
49.033366666666666,-0.9843572141382593,-0.04760394438958009,0.1696311865563611
49.23336666666667,-0.9845441398540081,-0.04124726167042628,0.1702101644550716
49.43336666666667,-0.9851284346326048,-0.03408705767532044,0.16840439358090767
49.63336666666667,-0.9329546526233716,-0.22652211868307276,0.2797916115535557
49.83336666666667,-0.8881654221239206,-0.26999049715464185,0.3718431314272557
50.033366666666666,-0.9326482436936003,-0.2143118102064442,0.2902373193462196
50.23336666666667,-0.9290730972580004,-0.22215293697918834,0.29575539309190474
50.43336666666667,-0.9750590755172173,-0.03344080326096307,0.21941174063566257
50.63336666666667,-0.9544709083665301,0.17381019395999325,0.2424361803806536
50.83336666666667,-0.9501466369782172,0.18829204887011067,0.24853062702870277
51.033366666666666,-0.9480918391472339,0.19071293858754712,0.2544610767833028
51.23336666666667,-0.9499054491828476,0.18951950074699378,0.2485196097883281
51.43336666666667,-0.9517019948362804,0.18229804664136506,0.2470439944936694
51.63336666666667,-0.9530911685607069,0.17840770839849152,0.24451567229031612
51.83336666666667,-0.9529401083186784,0.18603941871713836,0.23936266342304782
52.033366666666666,-0.9522779437952178,0.1950308805421974,0.23479708983734768
52.23336666666667,-0.9651892115122522,0.1353747349517815,0.22379335807188744
52.43336666666667,-0.9817456937706114,0.026146955882675692,0.18839248780386736
52.63336666666667,-0.6350380099615313,0.016754752050128732,0.7722991675431465
52.83336666666667,-0.9578799171999122,0.02246574189635857,0.28628893563345437
53.033366666666666,-0.976735483569065,-0.0023491579476925244,0.214434784011462
53.23336666666667,-0.979712456545981,-0.010123294043573539,0.2001524953787658
53.43336666666667,-0.9414371530317646,-0.22003248521172056,0.25550301826592847
53.63336666666667,-0.9349824125525228,-0.2253621359603371,0.2738974185582246
53.83336666666667,-0.9846595407776813,-0.046340380188848035,0.1682205633073403
54.033366666666666,-0.9873660524702865,-0.04316728712582933,0.15246266346696122
54.23336666666667,-0.9851656092042202,-0.025792913382860737,0.16965685385654775
54.43336666666667,-0.9746231902133223,0.029706159059560245,0.22187199285248857
54.63336666666667,-0.9650577199843215,0.1309019404183939,0.22699841209436317
54.83336666666667,-0.9678970321351346,0.12383103106075735,0.21872633798980035
55.033366666666666,-0.9736203012143103,0.11725407285872579,0.1957421555552011
55.23336666666667,-0.976390033087999,0.11241248677672669,0.18446120487270284
55.43336666666667,-0.9771281033463719,0.11145706791012276,0.18110215808653493
55.63336666666667,-0.9783585387171438,0.10903724977730428,0.17585632738191784
55.83336666666667,-0.9795093498248731,0.10605763711083985,0.17121101371150188
56.033366666666666,-0.9802782197953898,0.10597952678213206,0.1668021333730982
56.23336666666667,-0.9818086402705544,0.10451745509853903,0.15851780805263033
56.43336666666667,-0.9830065695845983,0.09831333918442361,0.1550244222434939
56.63336666666667,-0.9838043407480367,0.09591771883160694,0.1514226216239214
56.83336666666667,-0.978739762682751,-0.017348104978192884,0.2043710356126272
57.033366666666666,-0.9786371156862588,-0.012994941915744082,0.20518413019989382
57.23336666666667,-0.979862868508141,-0.021435990934980092,0.19851764962247795
57.43336666666667,-0.9814552151482919,-0.025738977187758957,0.1899556940750867
57.63336666666667,-0.9823658097300881,-0.025752631074026516,0.1851869808223927
57.83336666666667,-0.9814421463386661,-0.02546434027314003,0.19006020300053997
58.033366666666666,-0.9804814706327104,-0.02128680056095724,0.19545576959454564
58.23336666666667,-0.9804026263526644,-0.020912873496411744,0.19589114825055373
58.43336666666667,-0.9807124834298225,-0.016527805850772983,0.19475588945823788
58.63336666666667,-0.9802908038281688,-0.010279173510826715,0.19729236812876838
