0.04,-0.9752657986899954,0.027308826092218304,0.21934185629521466
0.24000000000000002,-0.9786964833277447,0.06981581648279282,0.19307756288794073
0.44,-0.9826216530182584,0.0891999541323865,0.16278223245319542
0.6400000000000001,-0.9966350854532959,0.0814298581033911,0.009364008370517847
0.8400000000000001,-0.8711011322915561,0.014596988027821911,-0.49088669289448555
1.04,-0.5926135092341388,-0.06888193566477895,-0.8025362967568961
1.2400000000000002,-0.5322083642878732,-0.09475950168725501,-0.8412935836091998
1.4400000000000002,-0.4700301902873153,-0.1176231370084957,-0.8747779248807956
1.6400000000000001,-0.43548509626140686,-0.17375246043580456,-0.8832682567751978
1.84,-0.4648909379914676,-0.20869781106063437,-0.8604194555168508
2.04,-0.46752057425033905,-0.26627206363983846,-0.8429256792728618
2.24,-0.3767492787475048,-0.43167354728709567,-0.8195839978524535
2.4400000000000004,-0.19896603129687493,-0.5630099405265793,-0.8021423347874298
2.64,0.09325266448877323,-0.5719188497204917,-0.8149924968367097
2.8400000000000003,0.36016983294699784,-0.48388884755761674,-0.7975771277088461
3.04,0.47023840313004683,-0.2647638596541237,-0.8418883196973075
3.24,0.48945225655096647,-0.11954155201995594,-0.8637976070225172
3.4400000000000004,0.37976449937247697,0.1325755233187763,-0.9155340821799726
3.64,0.38754619952720337,0.18500226844217302,-0.9030958442509143
3.8400000000000003,0.5430457463417452,0.18505305848687228,-0.8190584124009662
4.04,0.7505877025572969,0.06430031522604983,-0.6576348304580512
4.24,0.8552186736199181,-0.20608722825581677,-0.47553030885698905
4.44,0.7420765138789045,-0.5877143158058464,-0.32235745771766783
4.640000000000001,0.5008256332196187,-0.8342202345193109,-0.23076023363810672
4.840000000000001,0.2611147300666257,-0.9588072124184537,-0.11183839750545076
5.04,0.021524824252355024,-0.9997527768721753,0.005573784825395225
5.24,-0.1002658775168444,-0.99420736206475,0.038710141074764025
5.44,-0.16284605924954498,-0.9840344152951325,0.07181525256977615
5.640000000000001,-0.24964880352679897,-0.9621642464602564,0.10915785693757847
5.840000000000001,-0.33337616535662157,-0.9334043015294414,0.13272807637591433
6.04,-0.39912329608536623,-0.9089478886985205,0.12047543381310223
6.24,-0.41368081071553814,-0.9027244278882883,0.11813887649498785
6.44,-0.4565186868618406,-0.8841129884002528,0.09967403015788909
6.640000000000001,-0.4911991498850724,-0.8645735547244529,0.10599982841168443
6.840000000000001,-0.5390200797878669,-0.8351435119143255,0.10951104096340564
7.04,-0.5786216445181285,-0.8072098779471701,0.11665849921738125
7.24,-0.6005064780297664,-0.7919895235107132,0.1102023797091476
7.44,-0.6148199740813136,-0.7801091287185552,0.11587125079427497
7.640000000000001,-0.5836738926039899,-0.8038466694340123,0.11469663958613643
7.840000000000001,-0.5637593935854218,-0.8183616528015193,0.11162236052047556
8.04,-0.5744069667167014,-0.8110485238566865,0.11071101362198951
8.24,-0.5846442795536153,-0.8035051928483213,0.11211811383989718
8.44,-0.5819581306065648,-0.8064854993793635,0.10443119032037759
8.639999999999999,-0.6039515883610209,-0.7908127938470538,0.09928546723472177
8.84,-0.6382303132995215,-0.7656859039254995,0.07991973295366596
9.04,-0.6617529234233759,-0.7435346307497342,0.09612138792418735
9.24,-0.7063472618556339,-0.7005263208114197,0.10166818341774586
9.44,-0.7531404734663849,-0.650803653491287,0.09609386988368605
9.64,-0.7731773387514488,-0.6270384006297138,0.09497182201557929
9.84,-0.7923181976780859,-0.6030679092891341,0.0924173707361464
10.04,-0.8225485160692995,-0.5603484860385121,0.09707477997163326
10.24,-0.8465989733505382,-0.5230005846204854,0.09869430990916125
10.44,-0.8796998429803449,-0.4586287058909942,0.12564989611260674
10.64,-0.9182596241729147,-0.3864602811747956,0.08630013724274078
10.84,-0.9500831852022997,-0.3057414663836417,0.06216186073014083
11.04,-0.9648808217615227,-0.25830989502436746,0.04775979406686055
11.24,-0.9637160900551371,-0.26513910600272605,0.0308634449942817
11.44,-0.9510406002575307,-0.30902503583766183,0.005030296942341766
11.64,-0.9414372965771421,-0.3366915191023042,-0.018293101926828148
11.84,-0.9390780596605701,-0.3429391684016591,-0.022915598183715608
12.04,-0.9604694247316078,-0.2776638334598285,-0.020031968054259826
12.24,-0.9993959265235542,-0.015987434113646507,-0.030857478811272616
12.44,-0.9421164812514042,0.33476276703202407,-0.01871965714256652
12.64,-0.7859593175877979,0.6171753703747543,-0.036912237804115636
12.84,-0.7281217292968665,0.6763621433637315,-0.11123398019562142
13.04,-0.7402415854061919,0.6621586478906665,-0.1165689506641116
13.24,-0.6323702377062644,0.7677014103739339,-0.10364567995432884
13.44,-0.4865579139695151,0.8702822635390974,-0.0766170876691329
13.64,-0.3460082799667434,0.9363887346697821,-0.058774210143400465
13.84,-0.18282224195975155,0.9826836405688615,-0.03014780925935264
14.04,-0.02773770992258573,0.9995835065079993,-0.007964481491197207
14.24,0.09112308857331386,0.9958283052776898,-0.004750698540716461
14.44,0.22919918476145673,0.9730961180531879,-0.02348784226999184
14.64,0.35051982484236655,0.935064872739174,-0.0528160596954047
14.84,0.44643476516889885,0.8924028114701049,-0.06567512869300313
15.04,0.6210846294239549,0.7823998582160783,-0.045873139818079826
15.24,0.7891034017612412,0.613071881723228,-0.03819278949196901
15.44,0.8632932997981574,0.5039980967375866,-0.026657025499839282
15.64,0.9082116487430668,0.41527552141847174,-0.051940758542946525
15.84,0.9414957750057994,0.33319353194365703,-0.050673226827790976
16.04,0.9616495018690978,0.2694229765418731,-0.05139547904468711
16.24,0.8926530072647191,0.44758083252882513,-0.05331047715090793
16.44,0.4967498114029352,0.8667523714877106,-0.04449664472270283
16.64,0.1852894902861253,0.9821058377913842,-0.03370353342886698
16.84,0.11148214600345135,0.9936421215936617,-0.015718311528661582
17.04,0.12730138990036277,0.9915518104224368,-0.0248870122237219
17.24,0.18168776708739864,0.9832666450615796,-0.013276294669114359
17.44,0.22080390030038377,0.9753165087529018,-0.0018290342231201918
17.64,0.26385869945813756,0.9645549654590911,-0.003507895162658114
17.84,0.3262731943806216,0.9452749249518503,0.0010577740492086827
18.04,0.3417798256171576,0.9397590063186398,-0.006289741179768428
18.24,0.3407577481853341,0.9400957651456966,-0.01020340172628254
18.44,0.31070200970370243,0.9502417322461143,-0.022470235067415394
18.64,0.24973889439371388,0.9676392439955209,-0.03612171240102729
18.84,0.23122497245893964,0.9721121076382364,-0.0391543394083972
19.04,0.4414826855256505,0.8971682814541005,-0.01349492992779164
19.240000000000002,0.8444989883361591,0.5263431312079125,0.09891595892197454
19.44,0.987382644837147,0.07598835743534041,0.1389290545878717
19.64,0.9932895924155526,0.03704930461696175,0.1095588181131258
19.84,0.9973124650926334,0.0024685521333776073,0.07322399348041858
20.04,0.9980233096932651,0.008021014646653385,0.06233086420818648
20.240000000000002,0.9971604691746156,0.04059869558322682,0.06342511042482384
20.44,0.995697686133405,0.07732037872070806,0.0510654174864899
20.64,0.9898807620770325,0.13356671486372906,0.047916693858247136
20.84,0.9805285085835923,0.19266417215949522,0.03800474471605531
21.04,0.9709022603929068,0.23888315429133736,0.01684159611693344
21.240000000000002,0.9654504562621965,0.2605608416710996,0.0036693719850946173
21.44,0.9721322441165362,0.2344301255504665,0.0011900350162946816
21.64,0.9613844955681642,0.27488020361965804,0.013443412482025163
21.84,0.8539089829136616,0.520244441897539,0.013607702747872139
22.04,0.6670581931213978,0.7447380247590544,0.019966007803220134
22.240000000000002,0.5798518136014698,0.8143491009500182,0.024645811915700148
22.44,0.7902391290691348,0.6118565074437056,0.033966648154409806
22.64,0.9374327451019887,0.3454938872967222,0.043056036175549164
22.84,0.9870808626982317,0.15374717767946008,0.04509075127468391
23.04,0.9994777905546522,0.007107388780830832,0.031521916386993296
23.240000000000002,0.9823575413546044,0.18470034238126837,0.029316283324794072
23.44,0.7101565540647383,0.7038591626874736,0.016122897375625767
23.64,0.12068032773072762,0.9924207346979931,0.023180678167383686
23.84,-0.4929474913048227,0.8693873223618919,0.03418266421304398
24.04,-0.8073890075563073,0.5892705964413182,0.029717917944131325
24.240000000000002,-0.9891936301750153,0.1448876073887256,-0.02243976930241493
24.44,-0.9402687287148058,-0.34035797617226116,-0.0071530313130578355
24.64,-0.743465985077111,-0.6687462216929412,0.0060679489728068
24.84,-0.43443328418075633,-0.8999461255007379,0.03694174863393242
25.04,-0.19614833135158954,-0.9803021824974116,0.02309682010145173
25.240000000000002,-0.06111118406703786,-0.9981115392852302,-0.00622722471035009
25.44,0.06961176462291668,-0.9971522622252177,-0.029009794298028333
25.64,0.14478777279573063,-0.989114454676588,-0.026250645681343693
25.84,0.1449151472927288,-0.9880784314609482,-0.05196742601668483
26.04,0.11131992547880804,-0.9892286444485576,-0.09505031927280409
26.240000000000002,0.07323813582715855,-0.9835526418422244,-0.16510716576134404
26.44,0.07515225606841308,-0.9805908798027303,-0.18109021192636385
26.64,-0.007493381936717669,-0.9831703906008417,-0.18253720791372788
26.84,-0.09961945730307142,-0.9747474558285251,-0.19985835254614517
27.04,-0.2029698962320441,-0.9590288943630019,-0.1976532342270977
27.240000000000002,-0.30390646480478,-0.9315186655281441,-0.1997844749286763
27.44,-0.33408054793344255,-0.9188424683696836,-0.21004453292765862
27.64,-0.33185251828679796,-0.9179879648978692,-0.2171911655877818
27.84,-0.32491198242615493,-0.9174547390592946,-0.22958441901302332
28.04,-0.31920015679291636,-0.9154646152105611,-0.24502203615339752
28.240000000000002,-0.3358794956043455,-0.9056803660982767,-0.25870453976817254
28.44,-0.3525787303390401,-0.8969787029119188,-0.26667854325941265
28.64,-0.35842199194861235,-0.8934941860953267,-0.27055833955256003
28.84,-0.36093745370481406,-0.8913097967055169,-0.2743920567543009
29.04,-0.3598193624694131,-0.8918166724157839,-0.2742135102312491
29.240000000000002,-0.35601694419472407,-0.8937985443873827,-0.272719815006623
29.44,-0.3395845266717441,-0.9001602334848599,-0.27275245791305003
29.64,-0.32595179123885026,-0.9047309116346269,-0.27425792116356884
29.84,-0.31883094040774973,-0.9006865079899844,-0.29514512661319203
30.04,-0.3134859777373102,-0.8924800488305875,-0.32435459639326
30.240000000000002,-0.2996192001896375,-0.9068693927962673,-0.29633804900324784
30.44,-0.29379771325290627,-0.914447802917075,-0.2783309530531915
30.64,-0.3059921730193661,-0.9047700896593089,-0.2962429322511723
30.84,-0.32103268890110676,-0.901339517214973,-0.2907319854498384
31.04,-0.3527064273742391,-0.8876638282294083,-0.2960592915988486
31.240000000000002,-0.3955212559551333,-0.8821035632076204,-0.2558441710574884
31.44,-0.38219940236667377,-0.8954204194548899,-0.22835474432073063
31.64,-0.31534938450979777,-0.9150113834846836,-0.25161266618105116
31.84,-0.2792106851178509,-0.9250795895480247,-0.2574279439332072
32.04,-0.23912797294360816,-0.9356043005585544,-0.2597352600865341
32.24,-0.2301416352963399,-0.9341567525509431,-0.2727379499934002
32.44,-0.19592722207414665,-0.9553216785677257,-0.22129847290221233
32.64,-0.1817470192248084,-0.9593089241940237,-0.2160888913493748
32.84,-0.21465736420489512,-0.9528581625011774,-0.2144377255696566
33.04,-0.23254127566925886,-0.9467829977640615,-0.22254552400578884
33.24,-0.220266746010283,-0.9487726484508876,-0.2265237783402217
33.44,-0.23186210192890155,-0.9469686239529705,-0.22246435880322366
33.64,-0.5860758032969612,-0.7951902499511615,-0.15552369328314894
33.84,-0.9503984310952027,-0.2941989132162915,-0.1009446463866735
34.04,-0.9941437630612223,0.02812749797904273,-0.10434089430281476
34.24,-0.9791691388795223,0.17670925195084272,-0.10000818836929747
34.44,-0.988754993145329,0.08628394580568058,-0.1221419020090273
34.64,-0.9708462316434897,-0.18665328146062332,-0.150393307775368
34.84,-0.8535592780153793,-0.48727396151732255,-0.18439263906425107
35.04,-0.5803361823783643,-0.7821917602074996,-0.22668472750937457
35.24,-0.4006232723664557,-0.8757542164911056,-0.2693613668224207
35.44,-0.3482077473502479,-0.9046738650899004,-0.24559430471525026
35.64,-0.36762709959856255,-0.9024821055262784,-0.22444679736098727
35.84,-0.41338315493603534,-0.8857843129672152,-0.2109514591471898
36.04,-0.687895664728199,-0.702699949862009,-0.18169296880198763
36.24,-0.944387872001601,-0.2951757658062316,-0.1449234780737497
36.44,-0.9942721888824119,-0.009682211026100512,-0.1064381003429883
36.64,-0.9789382349950315,0.16606938472533736,-0.11874717479485705
36.84,-0.9593350619536936,0.24352885225409687,-0.14272328831030298
37.04,-0.9472743668462823,0.2801155678889822,-0.15558451896705008
37.24,-0.9335731839595359,0.3077796434927123,-0.18361046060383793
37.44,-0.9227041122897484,0.34886092866459745,-0.16405235022657227
37.64,-0.8942734807905373,0.4172511902527004,-0.16179117957256342
37.84,-0.872443027535186,0.4631222973293733,-0.15607979184251367
38.04,-0.8449192842221755,0.5063767839422069,-0.17231934259923923
38.24,-0.8207425554153469,0.5379261059603224,-0.19239844660664585
38.440000000000005,-0.8269304367343461,0.5210184394663756,-0.21148484233714376
38.64,-0.8387375412102974,0.508084529050537,-0.1958812096756571
38.84,-0.8895325776332079,0.4372879820908428,-0.13232918819421555
39.04,-0.9501703588777229,0.3027035446477264,-0.07447719897982852
39.24,-0.9830907610359958,0.17768041008505855,-0.04429703644345197
39.440000000000005,-0.9997059049051165,0.0017198318913297249,-0.02418978867432094
