0.020854087,0.1976896273936944,0.0,-0.3222804133852162,-0.9257721892394459
0.06256242033333334,0.19818384538775694,6.245213624775359e-23,-0.32582725999721857,-0.9244240153035979
0.10427075366666669,0.19942363510189745,-4.963083675318166e-24,-0.3298750331554797,-0.9227202589427721
0.145979087,0.201565753255331,-5.963111948670274e-19,-0.33123482094817647,-0.9217671834612255
0.18768742033333335,0.20446180625105062,-3.144186300207963e-18,-0.3281410821426676,-0.9222357616113123
0.2293957536666667,0.20750379648900358,4.7704895589362195e-18,-0.3211778667769956,-0.9240059265693206
0.27110408700000005,0.20989707429072915,1.0842021724855044e-19,-0.3147242953440765,-0.92568452300142
0.3128124203333334,0.2125429058280513,-6.505213034913027e-19,-0.31254639888291924,-0.9258186980869889
0.35452075366666674,0.21648410152725345,-1.7997756063259374e-17,-0.3121818706388982,-0.9250281689928886
0.3962290870000001,0.22001389177411268,2.168404344971009e-19,-0.3053309226855814,-0.9264809307688855
0.43793742033333344,0.22216854725846671,-7.589415207398531e-18,-0.29407884358818864,-0.9296014040237333
0.4796457536666668,0.2234943857125222,-7.26415455565288e-18,-0.2879710204591318,-0.9311943679655224
0.5213540870000001,0.2250929702469298,-9.486769009248164e-19,-0.28760842800494424,-0.9309213430177329
0.5630624203333334,0.2267366546159939,1.0299920638612292e-18,-0.28777367886491223,-0.9304712780124392
0.6047707536666668,0.22786113153409207,3.3610267347050637e-18,-0.28307325218820517,-0.9316377185535137
0.6464790870000001,0.22834646739765677,-1.1275702593849246e-17,-0.27255292414472826,-0.9346511618604927
0.6881874203333335,0.22878132066195925,-2.168404344971009e-18,-0.26176350287760575,-0.9376241122525675
0.7298957536666668,0.22970665489078054,-6.5052130349130266e-18,-0.24914161489017123,-0.9408311795581638
0.7716040870000002,0.23205708997414465,-2.6020852139652106e-18,-0.23396097459729742,-0.9441460529802657
0.8133124203333335,0.2394334025967242,-7.37257477290143e-18,-0.21659002016773074,-0.9464461996778776
0.8550207536666669,0.25439120372202495,8.673617379884035e-18,-0.18988048199161134,-0.9482776587200041
0.8967290870000002,0.27559525066769125,-1.734723475976807e-18,-0.15123137378518275,-0.9493030756257238
0.9384374203333335,0.3016422066880709,-1.734723475976807e-18,-0.10903488475096036,-0.947165969116129
0.9801457536666669,0.33070402919680436,7.806255641895632e-18,-0.06989601695094948,-0.9411425991248042
1.0218540870000001,0.3607016143819054,0.0,-0.03755621455093987,-0.9319248232185315
1.0635624203333336,0.39097893917390264,1.3010426069826053e-18,-0.021310293730100932,-0.9201528897436483
1.1052707536666668,0.4200772950128628,1.1926223897340549e-18,-0.01954531608957108,-0.9072778222979084
1.1469790870000003,0.4456883156604472,-1.5856456772600502e-18,-0.020249854761688894,-0.89495914357354
1.1886874203333335,0.4660890582533659,0.0,-0.023276403268034627,-0.8844315681992556
1.230395753666667,0.48101977902680076,-1.4094628242311558e-18,-0.026184349106510345,-0.8763186361403461
1.2721040870000002,0.4911613138691045,-1.2468324983583301e-18,-0.028210485942444043,-0.8706117000369717
1.3138124203333337,0.49769317217156195,-5.963111948670274e-19,-0.028590376915345057,-0.8668818239654391
1.355520753666667,0.5005269606850296,2.0837010502455788e-19,-0.028176022910280936,-0.8652623147695538
1.3972290870000001,0.5017969939736653,1.9786689647860456e-18,-0.029105812166893077,-0.8644955919708897
1.4389374203333336,0.5025380327863115,2.222614453595284e-18,-0.02967984349061064,-0.8640455037170421
1.4806457536666668,0.5027707283684801,5.963111948670274e-19,-0.028354100423373007,-0.8639546514053903
1.5223540870000003,0.5025564359801525,-1.0842021724855044e-18,-0.02600253371716447,-0.864153283217286
1.5640624203333335,0.5019501407128261,-1.6263032587282567e-19,-0.024852621272900915,-0.8645394169465265
1.605770753666667,0.5011189926703817,-2.168404344971009e-19,-0.02898030946860399,-0.8648929973402062
1.6474790870000002,0.49928867500165847,-1.734723475976807e-18,-0.03835836105349836,-0.8655861916368455
1.6891874203333337,0.4962690976578568,0.0,-0.05224121949537286,-0.8665955444701369
1.730895753666667,0.4916541530882429,-6.071532165918825e-18,-0.07062968196934208,-0.8679214490816506
1.7726040870000004,0.4857788071010584,-8.673617379884035e-19,-0.0940611562883979,-0.8690060123204917
1.8143124203333336,0.4793061948695686,4.336808689942018e-18,-0.12248162593325713,-0.8690591595906466
1.856020753666667,0.4729680754723808,3.469446951953614e-18,-0.15451848032893264,-0.8674244859472147
1.8977290870000003,0.46692952748661753,-1.474514954580286e-17,-0.18634548159791972,-0.8644374921584347
1.9394374203333338,0.4615678899017803,-3.469446951953614e-18,-0.21337346557031084,-0.8610614654030998
1.981145753666667,0.4567440583853008,-8.673617379884035e-19,-0.23301394655516938,-0.8585390881261667
2.0228540870000002,0.4527207187685645,-1.3444106938820255e-17,-0.24760575598345871,-0.8565835279770061
2.0645624203333335,0.4494050714601777,4.7704895589362195e-18,-0.2574680852620792,-0.8554211049637198
2.106270753666667,0.44666516379307875,3.903127820947816e-18,-0.2676252566458931,-0.8537370517079144
2.1479790870000004,0.4443803569502643,-1.214306433183765e-17,-0.27777979408813797,-0.8516833239843946
2.1896874203333336,0.4420195785772586,-1.8214596497756474e-17,-0.2887396077816098,-0.8492632872393019
2.231395753666667,0.43950719448909525,3.903127820947816e-18,-0.30217014201362286,-0.8458880725413923
2.2731040870000006,0.4363050168695541,1.1709383462843448e-17,-0.3191749778403236,-0.8412878614214562
2.314812420333334,0.4324366935798181,2.6020852139652106e-18,-0.3409195975876278,-0.834728898521217
2.356520753666667,0.4268811904097605,8.673617379884035e-18,-0.3668833449146695,-0.8265404167362717
2.3982290870000003,0.41915336932999747,6.938893903907228e-18,-0.39391391974506407,-0.8180111715682068
2.439937420333334,0.4110809804194883,-3.469446951953614e-18,-0.4250332517178585,-0.806448487177883
2.481645753666667,0.40418930860808067,-6.938893903907228e-18,-0.46169538646570885,-0.7896001348297765
2.5233540870000004,0.3988736902310347,2.168404344971009e-17,-0.5011269678416145,-0.7679658464693244
2.5650624203333336,0.39576005302654976,-1.6479873021779667e-17,-0.5426979087850073,-0.7408461110303559
2.6067707536666673,0.39474214598223817,-2.688821387764051e-17,-0.5831183177651846,-0.710036383343867
2.6484790870000006,0.3958930003488588,-1.3877787807814457e-17,-0.6212397700069879,-0.6762616952308058
2.690187420333334,0.3991186254187048,-8.673617379884035e-18,-0.6556377269647107,-0.6409707433451477
2.731895753666667,0.4035542493151953,1.2576745200831851e-17,-0.6861095057297083,-0.6053079497305355
2.7736040870000003,0.407917867760025,-1.0191500421363742e-17,-0.7109620724176444,-0.5728315151471006
2.815312420333334,0.4124880580552822,3.0357660829594124e-18,-0.7321844768789971,-0.5419958429538103
2.857020753666667,0.41618303548567653,-1.3227266504323154e-17,-0.749502497501923,-0.514818110804494
2.8987290870000004,0.41859580110603556,3.903127820947816e-18,-0.7622772022445543,-0.4936709655576388
2.9404374203333337,0.41981877072258056,-9.107298248878237e-18,-0.7714519833795729,-0.47813600271126305
2.9821457536666673,0.42094513339694395,-2.4936649967166602e-18,-0.7790141959645034,-0.4646956823074726
3.0238540870000006,0.42311868107126316,1.168227840853131e-17,-0.785638807880579,-0.45137816216615695
3.065562420333334,0.4252201249727173,2.8189256484623115e-18,-0.7916449166096392,-0.438732459848031
3.107270753666667,0.4265544424929638,-1.2224379494774062e-17,-0.7961385046701728,-0.42920250345385674
3.1489790870000007,0.4266384035257829,2.2768245622195593e-18,-0.7989113918615349,-0.42393426446895777
3.190687420333334,0.42504689610698027,9.703609443745265e-18,-0.8005561972336029,-0.4224274034443019
3.232395753666667,0.422597625017559,2.47198095326695e-17,-0.8017925576290161,-0.4225398701427354
3.2741040870000004,0.41893393018812203,-5.095750210681871e-18,-0.803191144723541,-0.42353081018365313
3.315812420333334,0.4133101599576913,-5.204170427930421e-18,-0.8053680951150716,-0.4249199254523949
3.3575207536666674,0.40635223056100045,5.421010862427522e-18,-0.8074375113433375,-0.4276944353084071
3.3992290870000006,0.39824601806209253,-1.0842021724855044e-18,-0.8111009721865564,-0.4283868835710431
3.440937420333334,0.38886427835648224,-2.8189256484623115e-17,-0.8165730631444349,-0.4266063824712507
3.482645753666667,0.37815954737288526,-7.806255641895632e-18,-0.823160895242544,-0.4235581391901567
3.5243540870000007,0.36526035620127184,-4.0332320816460765e-17,-0.8303817657163868,-0.42077428076518186
3.566062420333334,0.35037293330226765,-1.214306433183765e-17,-0.8378691088958047,-0.41858590990060235
3.607770753666667,0.33329299094670506,-6.071532165918825e-18,-0.8463526540794082,-0.41545513249753135
3.6494790870000005,0.3135951705809292,-8.673617379884035e-18,-0.8560513946118156,-0.4108942428064472
3.691187420333334,0.29207730902485296,-2.6020852139652106e-18,-0.8683214192244771,-0.4008849691230521
3.7328957536666674,0.2697310610392875,-1.6479873021779667e-17,-0.8827425549277785,-0.3847216349910647
3.7746040870000006,0.25060793261420744,2.6020852139652106e-18,-0.900787738361916,-0.35465069367993224
3.816312420333334,0.23573100534202215,-7.806255641895632e-18,-0.9239693221588725,-0.30118363971124523
3.8580207536666675,0.22108092091130713,8.673617379884035e-19,-0.9481955134205248,-0.2281413919879422
3.8997290870000008,0.20619075992370473,-1.5178830414797062e-18,-0.967291947982334,-0.14775539885441427
3.941437420333334,0.1915424670602209,0.0,-0.9793914378741466,-0.0640616478971298
3.9831457536666672,0.17659022620203613,1.2197274440461925e-18,-0.9840620787611122,0.020921690999356955
4.0248540870000005,0.16317399723584192,9.75781955236954e-19,-0.9804324936309565,0.11011980774893262
4.066562420333334,0.15174928524015488,-3.144186300207963e-18,-0.968077749951525,0.1994934196355737
4.108270753666667,0.14236770575775648,-6.071532165918825e-18,-0.9476385643635108,0.2858541370845226
4.149979087000001,0.1342769975431343,1.951563910473908e-18,-0.9212963803953073,0.36494200553143585
4.191687420333334,0.12699813630681,6.1257422745431e-18,-0.8866168582243383,0.4447269050630965
4.2333957536666675,0.11963909795818732,-5.502326025363935e-18,-0.8367149673780823,0.5344104692137366
4.275104087000001,0.11271418612232299,6.938893903907228e-18,-0.7579125561168335,0.6425449941655684
4.316812420333334,0.10627064150908344,-9.540979117872439e-18,-0.6493721652635903,0.7530088590010906
4.358520753666667,0.10110909689824625,1.734723475976807e-18,-0.5186529497114312,0.8489853168813069
4.4002290870000005,0.0968505014287907,1.734723475976807e-18,-0.3643019706563056,0.9262311021278243
4.441937420333334,0.09402498434645915,6.938893903907228e-18,-0.21173592602700514,0.972793503241122
4.483645753666668,0.09303838310980461,-2.6020852139652106e-18,-0.07997555255743125,0.9924453487529915
4.525354087000001,0.09308713352322362,8.673617379884035e-19,0.016177087334414638,0.9955265377767709
4.567062420333334,0.09327248857680345,4.336808689942018e-19,0.09378705516998007,0.9912135144141414
4.6087707536666676,0.0934223239550285,1.3010426069826053e-18,0.14531669582287715,0.984964632513251
4.650479087000001,0.09300103590053682,1.951563910473908e-18,0.18406079036896086,0.97850520324124
4.692187420333334,0.09251155563325107,1.5178830414797062e-18,0.20672411271112978,0.9740157869860796
4.733895753666667,0.0917832596973855,2.168404344971009e-18,0.22141536142310356,0.9708506944763436
4.7756040870000005,0.09105609323731151,3.577867169202165e-18,0.23372182361688143,0.9680304215516977
4.817312420333334,0.09025101533731929,4.336808689942018e-19,0.24455139929010739,0.9654270388464544
4.859020753666668,0.08893813571481907,2.4936649967166602e-18,0.24850896868634145,0.9645378688771237
4.900729087000001,0.08689900555550771,-2.6291902682773483e-18,0.24398401945890566,0.9658780259857558
4.942437420333334,0.08297999030844835,-1.3010426069826053e-18,0.22177691413992934,0.9715602511234084
4.984145753666668,0.07750336582996147,7.047314121155779e-19,0.1945505215755358,0.977825814161047
5.025854087000001,0.07134967777470319,-3.4558944247975454e-18,0.17597623978961036,0.9818052691399429
5.067562420333334,0.06572791944954483,9.75781955236954e-19,0.16873433847145788,0.9834676220524159
5.109270753666667,0.06151404364996843,-3.2526065174565133e-19,0.17580239199087508,0.9825016750133897
5.1509790870000005,0.059547081024772804,-3.8624702394796095e-19,0.17819154875496968,0.9821924032966934
5.192687420333335,0.05920878492731549,8.673617379884035e-19,0.16365477268899706,0.9847392726826445
5.234395753666668,0.05963875946503717,-4.336808689942018e-19,0.1254288114613287,0.9903084527685654
5.276104087000001,0.05893207788380621,-4.336808689942018e-19,0.08144206424749922,0.9949342693702953
5.317812420333334,0.056804804846342406,-4.336808689942018e-19,0.039503857399426905,0.9976034579916685
5.359520753666668,0.05394070669241726,2.168404344971009e-19,0.0033783802412645867,0.9985384252538647
5.401229087000001,0.050832478677705545,0.0,-0.04130984596135964,0.9978524719306605
5.442937420333334,0.04668674961599731,0.0,-0.10350946399122508,0.9935321526123564
5.484645753666667,0.041479987932685675,-8.673617379884035e-19,-0.20299299681815913,0.9783012081378043
5.5263540870000005,0.03583088625620885,0.0,-0.3906978069596384,0.9198213800662736
5.568062420333335,0.030731956113312517,4.336808689942018e-18,-0.6862908610828894,0.72667764577394
5.609770753666668,0.02982967819669461,1.0842021724855044e-18,-0.9609974106359335,0.2749439343751976
5.651479087000001,0.03681150575261287,1.3688052427629493e-18,-0.9673677728337015,-0.2506880633915179
5.693187420333334,0.05220667946723345,-2.6020852139652106e-18,-0.8103774645429938,-0.5835776105882359
5.734895753666668,0.07373596379894964,1.734723475976807e-18,-0.6599239325055701,-0.7477054306001953
5.776604087000001,0.09980980219420599,0.0,-0.5473381235489336,-0.8309386149986565
5.818312420333334,0.12927749550668974,3.469446951953614e-18,-0.46379903614369833,-0.8764575193514482
5.860020753666667,0.15994561194011034,5.204170427930421e-18,-0.4023238542553431,-0.9014171717458179
5.901729087000001,0.1901151107200783,1.734723475976807e-18,-0.36132837206543017,-0.9128516047071608
5.943437420333335,0.21828993248254053,4.336808689942018e-18,-0.3365110214203006,-0.916029386995545
5.985145753666668,0.24217127278120035,0.0,-0.31928503503355116,-0.9161932880365133
6.026854087000001,0.26085295810859005,-3.469446951953614e-18,-0.3088002836273539,-0.9146573779714806
6.068562420333334,0.27393211400161965,1.5178830414797062e-17,-0.30246085256418126,-0.912950507741111
6.110270753666668,0.28146488377475903,0.0,-0.2980814682998901,-0.9120992037370952
6.151979087000001,0.28485028897366915,2.0925101928970236e-17,-0.2942953067272528,-0.9122776908978588
6.193687420333334,0.2857088184595928,-1.0842021724855044e-18,-0.29082665063980173,-0.9131212024326552
6.235395753666667,0.28569699643171215,9.595189226496714e-18,-0.29071586874400657,-0.913160177564876
6.277104087000001,0.2850060284926754,-1.0299920638612292e-17,-0.2951247556292337,-0.9119610421161737
6.318812420333335,0.28416154643742897,-6.071532165918825e-18,-0.30332300206012386,-0.909531402397698
6.360520753666668,0.28320112886328985,-1.0842021724855044e-18,-0.3126304427633841,-0.9066748738484642
6.402229087000001,0.28213939488508694,-3.903127820947816e-18,-0.3231894320189162,-0.903297267174637
6.443937420333334,0.28141545603326656,2.168404344971009e-19,-0.3334807390388324,-0.8997754929957266
6.485645753666668,0.27943172636511526,5.204170427930421e-18,-0.3429385542618211,-0.8968339078677966
6.527354087000001,0.275880188621956,-9.75781955236954e-18,-0.35243352845861103,-0.8942486955786557
6.569062420333334,0.27044475957068015,-1.951563910473908e-18,-0.3586880312198323,-0.8934218087109793
6.610770753666668,0.263282972881776,6.7220534694101275e-18,-0.360916109125598,-0.8946628629624532
6.6524790870000015,0.25580235631147585,-7.15573433840433e-18,-0.36347898577476967,-0.8957947205725436
6.694187420333335,0.2498161339674036,6.7220534694101275e-18,-0.3696920044360884,-0.8949411830202069
6.735895753666668,0.24484060844765065,4.7704895589362195e-18,-0.37542399711433194,-0.8939294708452578
6.777604087000001,0.24000103115808857,-4.553649124439119e-18,-0.38294072034104343,-0.8920515174291992
6.819312420333334,0.23546998744154474,-3.0357660829594124e-18,-0.3908251638649712,-0.8898368256619846
6.861020753666668,0.23172369254929856,-6.071532165918825e-18,-0.3971430239100897,-0.8880211421305622
6.902729087000001,0.22848841870963615,8.673617379884035e-19,-0.40177158387713724,-0.8867765428248691
6.944437420333334,0.22564444075393558,2.168404344971009e-19,-0.40301914657221216,-0.886938641537874
6.986145753666668,0.22324463636669614,-1.2197274440461925e-17,-0.4009975052494286,-0.8884609350541173
7.0278540870000015,0.22133332082025192,-2.981555974335137e-19,-0.39785946024138086,-0.8903479156998778
7.069562420333335,0.22041954543412157,8.158621347953421e-18,-0.39451302226441276,-0.8920620489934624
7.111270753666668,0.21920870715758609,8.023096076392733e-18,-0.3943048572131043,-0.892452364154218
7.152979087000001,0.21796409281271817,4.119968255444917e-18,-0.3981085331275683,-0.8910674778575103
7.194687420333334,0.21643329305636885,-1.8431436932253575e-18,-0.40159109972044843,-0.8898770804342008
7.236395753666668,0.21485225356396537,3.3610267347050637e-18,-0.4074547113231861,-0.88759177968198
7.278104087000001,0.21292651402123378,-6.071532165918825e-18,-0.4119364503840498,-0.8859856999250917
7.319812420333335,0.2098738623789068,-1.4094628242311558e-17,-0.4148844062317834,-0.8853382920420082
7.361520753666668,0.20579467476130725,-1.3227266504323154e-17,-0.4206825985087099,-0.883557979507767
7.4032290870000015,0.1996365187155593,4.7704895589362195e-18,-0.4292063469681529,-0.8808672840544061
7.444937420333335,0.190662304503901,5.204170427930421e-18,-0.44128212618721013,-0.8768796786041725
7.486645753666668,0.17900262241209536,-3.469446951953614e-18,-0.45359059105508565,-0.8730484733827159
7.528354087000001,0.16516185680069592,-7.806255641895632e-18,-0.47855178317894703,-0.8623860805198543
7.570062420333334,0.1497429573290458,6.071532165918825e-18,-0.51937128212318,-0.8413266417011146
7.611770753666668,0.1326179475847519,1.214306433183765e-17,-0.5826832569642116,-0.8018059004721695
7.653479087000001,0.11432246006444295,-1.734723475976807e-18,-0.6693753293956825,-0.73407563882834
7.695187420333335,0.09638302111155772,-1.734723475976807e-18,-0.7931042976620035,-0.6014115780989496
7.736895753666668,0.08392156548406118,8.673617379884035e-19,-0.9340465582805798,-0.34715154876639653
7.7786040870000015,0.081567264147834,-3.7269449679189215e-18,-0.9961919992921954,0.03079418720564056
7.820312420333335,0.09213052294910712,-2.6020852139652106e-18,-0.9120650167753213,0.39956147451394375
7.862020753666668,0.11346263539340593,0.0,-0.7542473549740815,0.6467125774903292
7.903729087000001,0.1411663542692945,-1.214306433183765e-17,-0.6059516252869337,0.7828759085796673
7.945437420333334,0.17292266191834946,-1.214306433183765e-17,-0.4923007434177999,0.8530754544736087
7.987145753666668,0.20630574009298902,6.938893903907228e-18,-0.41553244023325986,0.8858728648731015
8.028854087000001,0.23958308158093133,-1.214306433183765e-17,-0.3603925917657874,0.9015082511106172
8.070562420333335,0.2720876572201529,5.204170427930421e-18,-0.3182442211488494,0.9081238475526402
8.112270753666667,0.3027654464092671,-1.0408340855860843e-17,-0.28699306793944684,0.9088278513642181
8.153979087000002,0.33231133132202906,-6.071532165918825e-18,-0.2606020658410238,0.9064522835507512
8.195687420333334,0.3615366389059635,9.540979117872439e-18,-0.23747420223912735,0.9016081532458928
8.237395753666668,0.39206435228473224,-1.734723475976807e-17,-0.21917533227312422,0.8934470982607303
8.279104087000002,0.42384759647390435,1.734723475976807e-18,-0.20535985582358404,0.8821454214467199
8.320812420333334,0.45651767226619355,-8.673617379884035e-18,-0.19335544483363298,0.8684499334226725
8.362520753666669,0.48961232477378375,2.6020852139652106e-18,-0.18723927379602606,0.8515992166377019
8.404229087000001,0.5221528938880636,-5.204170427930421e-18,-0.18454396612495158,0.8326463114499417
8.445937420333335,0.5532659970497128,-9.107298248878237e-18,-0.18363821908633868,0.8125107636206339
8.487645753666667,0.5815985762111532,1.214306433183765e-17,-0.18183105415730844,0.7928937910547678
8.529354087000002,0.6065776746295861,-6.071532165918825e-18,-0.17779183507637777,0.7748894037352286
8.571062420333336,0.6279509708973852,4.336808689942018e-19,-0.17233524720678348,0.7589322372380872
8.612770753666668,0.6454308042635581,4.7704895589362195e-18,-0.1647631023411326,0.7458365752727752
8.654479087000002,0.6592787167200301,-5.204170427930421e-18,-0.15501680514189325,0.735745447694779
8.696187420333334,0.670271572579635,-1.1275702593849246e-17,-0.14420467464952233,0.7279704875891937
8.737895753666669,0.6793385174959657,5.204170427930421e-18,-0.1340923457834761,0.7214696261442115
8.779604087000001,0.6874085934408575,3.903127820947816e-18,-0.12650533898598204,0.7151683891725806
8.821312420333335,0.6946269088617649,-1.734723475976807e-18,-0.12188967035243722,0.7089685223946995
8.863020753666667,0.7010334550440482,-3.144186300207963e-18,-0.11899367735336973,0.7031305708465011
8.904729087000002,0.7065146868204178,6.5052130349130266e-18,-0.11631876895809545,0.6980737362880228
8.946437420333336,0.7111747452200434,2.3852447794681098e-18,-0.11297704945831344,0.6938779921981242
8.988145753666668,0.7151720613327929,-1.734723475976807e-18,-0.10861074151144268,0.6904582750009871
9.029854087000002,0.7182886377162228,-2.3852447794681098e-18,-0.1029149130346351,0.6880915299601111
9.071562420333334,0.7201548533935804,-4.336808689942018e-19,-0.09999152072662132,0.6865702315979396
9.113270753666669,0.7204327248184142,4.87890977618477e-19,-0.09842298066835796,0.6865053575079156
9.154979087000001,0.7192878212709727,-6.828779620764169e-18,-0.09791348218217466,0.6877775659166402
9.196687420333335,0.7173609395576701,7.047314121155779e-18,-0.09839244113900499,0.689718935453888
9.238395753666667,0.7150024403952618,5.4752209710517974e-18,-0.09966320387906359,0.6919817598906639
9.280104087000002,0.7127802046953137,-4.0115480381963664e-18,-0.101605180910438,0.6939890251341614
9.321812420333336,0.7108316748628368,-2.4936649967166602e-18,-0.1025827209344089,0.695841300425167
9.363520753666668,0.709469032349711,-4.553649124439119e-18,-0.10212302728057662,0.6972980563832194
9.405229087000002,0.7086705441346007,-7.101524229780054e-18,-0.10075051072404374,0.6983089534474073
9.446937420333335,0.7086683353030947,9.75781955236954e-19,-0.09949444063059375,0.6984912646714673
9.488645753666669,0.709013323384247,6.291760732204943e-18,-0.09937115946034741,0.6981586352191967
9.530354087000001,0.709670561548637,3.675275958136409e-18,-0.09924008136377965,0.6975092116396405
9.572062420333335,0.7104982443524128,7.101524229780054e-18,-0.09996691410388125,0.6965621730015824
9.613770753666667,0.7110227234496286,-5.336307567702092e-18,-0.10037773756314486,0.6959676691772236
9.655479087000002,0.7114578875472682,-1.2617402782300058e-17,-0.10027585176856547,0.6955375099869651
9.697187420333336,0.7117296711468101,4.662069341687669e-18,-0.0990090049430411,0.6954409336165386
9.738895753666668,0.7116628996918571,-5.800481622797449e-18,-0.0976565957578389,0.6957004430839238
9.780604087000002,0.7112331588397021,-4.87890977618477e-19,-0.09670217246132767,0.6962729950300808
9.822312420333335,0.7109081296054075,2.710505431213761e-19,-0.0969865808479969,0.6965653123694547
9.864020753666669,0.7108656987190946,-6.179952383167375e-18,-0.09817966055871892,0.6964414638985736
9.905729087000001,0.7111702465402646,4.038653092508504e-18,-0.09911003282614511,0.6959986220022709
9.947437420333335,0.7115442454435116,3.699839913606784e-18,-0.09976248137281214,0.695522993211988
9.98914575366667,0.7118696711274367,-3.0357660829594124e-18,-0.09955311910466637,0.6952199276527157
10.030854087000002,0.7116305718912639,-1.269075054157636e-17,-0.09937292704286912,0.6954904388420055
10.072562420333336,0.7113412386541862,1.305108365129426e-17,-0.09940227690782195,0.6957821710388022
10.114270753666668,0.7111098977467648,9.825582188149884e-18,-0.09939401694386844,0.696019786157224
10.155979087000002,0.711265489797226,7.003268407898555e-18,-0.09937022014911318,0.695864183854169
10.197687420333335,0.7115191610210672,-8.40256683676266e-18,-0.1003429740477063,0.6954651472641444
10.239395753666669,0.7110171216320688,-3.198396408832238e-18,-0.10217727627874927,0.6957114753677017
10.281104087000001,0.7108592277368343,4.87890977618477e-19,-0.10334893735055595,0.6956997595873543
10.322812420333335,0.7106720151498951,1.0611628763201875e-17,-0.10399767861814907,0.6957943444185383
10.36452075366667,0.7104461045515696,3.06287113727155e-18,-0.10366395613540373,0.6960747924798436
10.406229087000002,0.710058525493383,1.2170169386149787e-17,-0.1031030982482892,0.6965534017616788
10.447937420333336,0.7100202860268641,1.4257258568184383e-17,-0.10288246550731849,0.6966250007869842
10.489645753666668,0.7099869176903486,1.0842021724855044e-18,-0.10132773582415387,0.6968868392079942
10.531354087000002,0.7100246783638068,-3.1712913545201005e-18,-0.10071302510314262,0.6969374740168207
10.573062420333335,0.7106502179147348,-3.808260130855334e-18,-0.10034159236264042,0.6963532383926062
10.614770753666669,0.7110558173655069,-1.0706496453294356e-18,-0.1006400449757131,0.6958959735031935
10.656479087000001,0.7114505812096311,-8.409343100340694e-18,-0.10107000556722533,0.6954300284508277
10.698187420333335,0.7114187664770356,1.2136288068259615e-17,-0.10109722518013044,0.6954586182981496
10.73989575366667,0.711254215208767,-2.3174821436877657e-18,-0.10150786170657286,0.6955671034195913
10.781604087000002,0.7112264962357411,4.631576155586514e-18,-0.10173212316723831,0.695562683133675
10.823312420333336,0.7112939416836778,-6.627185779317646e-18,-0.10183803665048353,0.6954782116035495
10.865020753666668,0.7115457773822443,-7.73510487432627e-18,-0.10186848164510544,0.6952160952803224
10.906729087000002,0.7114472295951892,1.4645199658026853e-18,-0.10206109667524041,0.6952886969071028
10.948437420333335,0.7113216740666841,-6.0647559023407904e-18,-0.101931378872961,0.6954361724874735
10.990145753666669,0.7111508321569956,3.767602549387128e-18,-0.10139381305466162,0.695689434012512
11.031854087000001,0.7109032275508512,-7.115076756936123e-18,-0.10122585440535974,0.6959669011222358
11.073562420333335,0.7105948708788,5.421010862427522e-19,-0.1016331115869287,0.6962224070725536
11.11527075366667,0.7102816903771499,7.047314121155779e-19,-0.10246182879413157,0.6964204864556618
11.156979087000002,0.7100293866283428,-5.366800753803247e-18,-0.10331064919493915,0.6965523525816991
11.198687420333336,0.70968842286462,-6.1257422745431e-18,-0.1040552708418158,0.696788951592923
11.240395753666668,0.7094405996493044,-6.5052130349130266e-18,-0.1051116978806607,0.6968827494908167
11.282104087000002,0.7091896181590359,2.168404344971009e-18,-0.1062364606673584,0.6969676462507521
11.323812420333335,0.7090039373637104,1.6263032587282567e-18,-0.10739053266050873,0.6969796914528055
11.365520753666669,0.708883052225092,-9.75781955236954e-18,-0.10830204654912697,0.6969616094027766
11.407229087000001,0.7088431810266328,8.61940727125976e-18,-0.10928563922821355,0.6968486161072039
11.448937420333335,0.7089639508468681,-4.30970363562988e-18,-0.1102501383521006,0.6965737745515131
11.49064575366667,0.7091932759557859,2.6969529040576923e-18,-0.11081677478207803,0.6962503427403098
11.532354087000002,0.7092361064926024,5.078809551736785e-18,-0.11087906911452151,0.6961967949362531
11.574062420333336,0.7090260110719828,1.4365678785432934e-18,-0.1113031370667452,0.6963431103288478
11.615770753666668,0.7087860761930916,-5.136407792150077e-18,-0.11174747466173914,0.6965161879680364
11.657479087000002,0.7086700903652927,-2.8646654276140437e-18,-0.11177390233104355,0.6966299575666685
11.699187420333335,0.7085264263670117,9.974659986866641e-18,-0.11233580027679506,0.696685704687389
11.740895753666669,0.7084146518157526,-5.299038118022903e-18,-0.11295018446912553,0.6967000336738594
11.782604087000003,0.7082902724179798,8.544868371901382e-18,-0.11258198181503148,0.6968860648403467
11.824312420333335,0.70811516946242,1.2468324983583301e-18,-0.11237090856119888,0.6970980459636499
11.86602075366667,0.7077681812200961,-1.0846256889591316e-18,-0.11214875170724345,0.6974860996055077
11.907729087000002,0.7076404476381658,-6.640738306473715e-18,-0.11175637611579582,0.697678657595258
11.949437420333336,0.7075191422776705,5.990217002982412e-18,-0.11062240392732882,0.697982340077461
11.991145753666668,0.707995579000064,-3.564314642046096e-18,-0.11069352635943724,0.6974877800639065
12.032854087000002,0.7081837398306553,-1.3864235280658388e-17,-0.11038897438316378,0.6973450114355879
12.074562420333335,0.708258434150686,-6.2341624917916505e-19,-0.11093527045636672,0.6971824411322985
12.116270753666669,0.7080904922615808,3.604972223514302e-18,-0.11103933645044904,0.6973364471540234
12.157979087000003,0.707526371959985,-8.441530352336357e-18,-0.11099013261796509,0.6979166307250368
12.199687420333335,0.706792892391535,1.003564635906895e-17,-0.1106545478327275,0.6987126578993275
12.24139575366667,0.7054749250195522,-6.254491282525754e-18,-0.11024617231990691,0.7001077857426432
12.283104087000002,0.7020109348386308,6.1257422745431e-18,-0.11060340622503327,0.7035250769506457
12.324812420333336,0.6949923469468772,1.0842021724855044e-19,-0.11184760625820835,0.710264563848979
12.366520753666668,0.6838729249102944,-7.589415207398531e-18,-0.11413159849419474,0.7206190399925603
12.408229087000002,0.6694629550126973,6.7220534694101275e-18,-0.11579742157093023,0.7337644778968191
12.449937420333335,0.6506733524095412,1.1709383462843448e-17,-0.11762422877530469,0.7501924614851473
12.491645753666669,0.6248338864803473,-9.324138683375338e-18,-0.11999671198818627,0.7714813046457373
12.533354087000003,0.5911228439518499,-1.3444106938820255e-17,-0.1218672359380946,0.7973218673553898
12.575062420333335,0.5504412110578887,8.673617379884035e-19,-0.12226349002594822,0.8258729394863352
12.61677075366667,0.50355811699808,-2.3852447794681098e-18,-0.11954313024459803,0.8556510169553189
12.658479087000002,0.45239073932833906,1.0842021724855044e-18,-0.11455094381228885,0.8844324170006844
12.700187420333336,0.39937509499083146,-1.951563910473908e-18,-0.10951500020521376,0.9102230486156216
12.741895753666668,0.34515291207096666,-6.071532165918825e-18,-0.10460686487579623,0.9326987032851438
12.783604087000002,0.2902603673501026,-4.336808689942018e-18,-0.10021771144002688,0.9516855202531491
12.825312420333335,0.234219638983271,2.168404344971009e-18,-0.09644583722544954,0.9673879062694698
12.867020753666669,0.17866873183970655,-2.168404344971009e-18,-0.09422702937256194,0.979386926193327
12.908729087000003,0.12479811037110286,2.3852447794681098e-18,-0.08884261157689394,0.9881965502955367
12.950437420333335,0.0727751701206707,6.505213034913027e-19,-0.0806627894654057,0.9940811279817996
12.99214575366667,0.02239070859402445,1.3010426069826053e-18,-0.08554863802520292,0.9960823694357263
13.033854087000002,0.026252342378854883,1.734723475976807e-18,-0.03995680986014926,-0.9988564801138466
13.075562420333336,0.07314713637163867,0.0,-0.034290470330655604,-0.996731488458718
13.117270753666668,0.11876502102754562,-1.0842021724855044e-19,-0.04558886681835319,-0.9918752567750369
13.158979087000002,0.1635851945114003,1.2468324983583301e-18,-0.05759790809689094,-0.9848463662518787
13.200687420333336,0.20803840362298798,-1.1926223897340549e-18,-0.06643288426415328,-0.9758620263676339
13.242395753666669,0.2530405428259461,-2.6020852139652106e-18,-0.07094321859025922,-0.9648510472722748
13.284104087000003,0.2985605804873182,-3.469446951953614e-18,-0.07196599105016802,-0.9516735132970985
13.325812420333335,0.34369633630311214,-1.734723475976807e-18,-0.07233996828290566,-0.9362904236403609
13.36752075366667,0.38818367017340116,-2.168404344971009e-19,-0.07469961993944853,-0.9185496203208677
13.409229087000002,0.43122626527082925,1.0842021724855044e-19,-0.07703744540974464,-0.8989489085289069
13.450937420333336,0.4724921278040153,3.903127820947816e-18,-0.08053911099583055,-0.8776472188546123
13.492645753666668,0.5117707199285676,2.8189256484623115e-18,-0.08254955672796459,-0.8551469469674859
13.534354087000002,0.5506321069497555,-5.637851296924623e-18,-0.08276587959294382,-0.8306347524461515
13.576062420333336,0.5901505628295726,1.3010426069826053e-18,-0.08089571154396896,-0.8032298531838403
13.617770753666669,0.6286294122421019,0.0,-0.07794142556761466,-0.7737895038346265
13.659479087000003,0.6644838477771907,2.168404344971009e-18,-0.07324818989109304,-0.7437041876451266
13.701187420333335,0.697201677066888,8.456776945386935e-18,-0.06872793504893283,-0.7135729061834037
13.74289575366667,0.7270984627794278,1.734723475976807e-18,-0.06551266008145153,-0.6834002610424185
13.784604087000002,0.7538779030406775,2.168404344971009e-19,-0.06223459450141836,-0.6540603661392692
13.826312420333336,0.7777594611427433,-7.589415207398531e-19,-0.05997940540244519,-0.6256937681729926
13.868020753666668,0.7979750344136244,3.3610267347050637e-18,-0.05920122585145014,-0.5997758408857935
13.909729087000002,0.8148939540314531,2.375080384101058e-18,-0.05980900271024655,-0.5765160248230656
13.951437420333336,0.8291275916924228,-5.312590645178972e-18,-0.06136679767991337,-0.5556811611318452
13.993145753666669,0.8408727581750469,-4.391018798566293e-18,-0.06386272770637345,-0.5374519109362165
14.034854087000003,0.8505502698877652,7.860465750519907e-19,-0.06576891745626108,-0.521764973805718
14.076562420333335,0.857714512891619,-8.334804200982315e-19,-0.06665654438872305,-0.5097869353614772
14.11827075366667,0.862733725889639,-4.716279450311944e-18,-0.0659214085396575,-0.5013430822388284
14.159979087000002,0.8656361449633246,-4.797594613248357e-18,-0.065114329418415,-0.4964213821315761
14.201687420333336,0.8666001238171203,-1.734723475976807e-18,-0.06402294174446946,-0.4948790643485902
14.243395753666668,0.8661322468746738,-4.960224939121183e-18,-0.06339040862410149,-0.49577876822056277
14.285104087000002,0.8643795168177795,5.824198545320569e-18,-0.06288899828069115,-0.4988917966865295
14.326812420333336,0.862339908246837,-5.44811591673966e-18,-0.06358034030533075,-0.5023220311428664
14.368520753666669,0.8597926516591783,1.0842021724855044e-18,-0.06375870838459925,-0.506647237491735
14.410229087000003,0.8566215156294436,-5.990217002982412e-18,-0.06423686303237977,-0.511930858992183
14.451937420333335,0.8531000024268592,-2.8189256484623115e-18,-0.06303054449719035,-0.5179261880998881
14.49364575366667,0.8490487365127394,3.903127820947816e-18,-0.05825173418057083,-0.5250933045574632
14.535354087000002,0.8444945891801043,2.168404344971009e-18,-0.047668935011270994,-0.5334384326990492
14.577062420333336,0.8392094948858648,8.673617379884035e-19,-0.027513527073544368,-0.5431118020457528
14.61877075366667,0.833489676487918,-8.673617379884035e-19,0.0017927509412792673,-0.5525321214482724
14.660479087000002,0.8259681964594601,-1.734723475976807e-18,0.04177917966337096,-0.5621663798059812
14.702187420333336,0.8168376407526233,1.734723475976807e-18,0.08596217356825597,-0.5704268343662572
14.743895753666669,0.8070220309822732,1.0408340855860843e-17,0.13077437488868562,-0.5758589275002346
14.785604087000003,0.7975703007751688,1.214306433183765e-17,0.16923747125520885,-0.5789993900208784
14.827312420333335,0.7891619837119996,-5.204170427930421e-18,0.19863584913453056,-0.5811773936607872
14.86902075366667,0.7819197086509415,-1.734723475976807e-18,0.2204258665267091,-0.5831071999119682
14.910729087000002,0.7749776254694842,5.204170427930421e-18,0.23916621077874406,-0.5849864986847282
14.952437420333336,0.7682424484055089,1.0408340855860843e-17,0.255323576458132,-0.5870378282296105
14.99414575366667,0.7615100940262121,-3.0357660829594124e-18,0.2712576471835306,-0.588660908792698
15.035854087000002,0.7550741815096558,-1.8648277366750676e-17,0.28500591741498454,-0.5904528833496935
15.077562420333336,0.7487432861812359,3.122502256758253e-17,0.29983887533372117,-0.591168453350763
15.119270753666669,0.7428788949235111,-1.3010426069826053e-17,0.3143649780465493,-0.5910208186307954
15.160979087000003,0.7373150483506152,-1.3010426069826053e-18,0.3294136214775578,-0.5897907980468754
15.202687420333335,0.7321553686498509,-3.0357660829594124e-18,0.3432354788491668,-0.5883348725142715
15.24439575366667,0.7270825079849959,-2.168404344971009e-18,0.3554561117532551,-0.5873686910276252
15.286104087000002,0.7221187626580876,1.3877787807814457e-17,0.3645115105020473,-0.5879420475936964
15.327812420333336,0.7172896054942979,-7.806255641895632e-18,0.37239695154730323,-0.5889109714788052
15.36952075366667,0.7126192434371521,8.239936510889834e-18,0.37981370875551224,-0.5898435051133849
15.411229087000002,0.7082547386417453,1.214306433183765e-17,0.38859042162898755,-0.5893833297691059
15.452937420333337,0.7045987277466774,-5.204170427930421e-18,0.39782884929016143,-0.5875992167542683
15.494645753666669,0.7007827868791708,2.1250362580715887e-17,0.40931831373577,-0.5842619306906522
15.536354087000003,0.6969627447754508,-1.734723475976807e-18,0.42431432250524326,-0.578100586500296
15.578062420333335,0.6921650959447552,-1.3010426069826053e-18,0.4395074478464686,-0.5724864044178444
15.61977075366667,0.6864624631785191,-1.3444106938820255e-17,0.4534158886908503,-0.5684921446507127
15.661479087000002,0.6800519264745927,-2.3418766925686896e-17,0.463594458602037,-0.5679872844102054
15.703187420333336,0.6727021791081551,-2.949029909160572e-17,0.4724435232658707,-0.569446130505134
15.74489575366667,0.6652825179156545,1.1709383462843448e-17,0.4790103607570285,-0.5726676572351791
15.786604087000002,0.6586252846292835,3.0357660829594124e-17,0.48375287977588244,-0.5763643689156506
15.828312420333337,0.6531808039651651,-1.5178830414797062e-18,0.4871914604579108,-0.5796544817288215
15.870020753666669,0.6492225129093108,2.8189256484623115e-18,0.4893674495743797,-0.5822625078336978
15.911729087000003,0.6466154522948555,-2.6454533008646308e-17,0.4911474787815284,-0.5836630971203058
15.953437420333335,0.644821599733967,-7.968885967768458e-18,0.4920031527741242,-0.5849256381599712
15.99514575366667,0.6434954332346114,-3.539920093165172e-17,0.4924710135457745,-0.5859914062709428
16.036854087000002,0.6423255409600535,-4.6214117602194626e-17,0.4921054440053854,-0.5875798936405476
16.078562420333338,0.64071154995511,3.480288973678469e-17,0.49027943242432453,-0.5908593638894138
16.12027075366667,0.6379584325849619,-4.87890977618477e-17,0.4865946991740181,-0.5968539494964284
16.161979087000002,0.633486652124394,-3.913969842672671e-17,0.48058570631783826,-0.6064091361970163
16.203687420333335,0.626970239688259,-7.26415455565288e-18,0.47217396188723276,-0.6196451147721261
16.24539575366667,0.6182622451791069,-2.3201926491189795e-17,0.4615140072414598,-0.6362048548274524
16.287104087000003,0.6076047565175164,9.64939933512099e-18,0.44875350287123217,-0.6553142402833076
16.328812420333335,0.595062126316522,8.348356728138384e-18,0.4348094592096581,-0.6759007323605031
16.370520753666668,0.5798666062270824,1.691355389077387e-17,0.41879305074893847,-0.6988326692614497
16.412229087000004,0.5624522432160042,-3.0791341698588326e-17,0.3978322955426597,-0.7248289030692299
16.453937420333336,0.5436393412895026,-1.6046192152785466e-17,0.37477367302279363,-0.7509999737758449
16.49564575366667,0.52324367934985,-7.15573433840433e-18,0.3520900527809922,-0.7760468070632786
16.537354087000004,0.5017121735042436,-1.5829351718288365e-17,0.3308052090234041,-0.799282683811322
16.579062420333337,0.4793758382557156,2.168404344971009e-19,0.3102675450548907,-0.8209341363241277
16.62077075366667,0.45583808735853504,-2.0166160408230382e-17,0.28932287941111196,-0.8417267428106201
16.662479087,0.4294766713154155,-1.0516761073109393e-17,0.26780410077863726,-0.8624562321660016
16.704187420333337,0.4014342394095595,-1.691355389077387e-17,0.2454727199697769,-0.8823795641221003
16.74589575366667,0.37145282037638927,-5.9631119486702744e-18,0.22317365776939363,-0.9012304481719731
16.787604087000002,0.34101867335347635,-1.5178830414797062e-18,0.1979825056982035,-0.9189718123325089
16.829312420333338,0.3106139174749316,4.336808689942018e-19,0.1684057527772229,-0.9354990629083566
16.87102075366667,0.2814681152325023,6.938893903907228e-18,0.1321079196903836,-0.9504331631748453
16.912729087000002,0.25335335516033813,1.734723475976807e-18,0.08813009544749154,-0.9633510075281053
16.954437420333335,0.22682970085500695,8.673617379884035e-19,0.03647108329111324,-0.9732513277122209
16.99614575366667,0.20128966294251105,1.734723475976807e-18,-0.018967514626733874,-0.9793481020461392
17.037854087000003,0.17773732264408917,0.0,-0.08713604859828356,-0.9802126061084854
17.079562420333335,0.15525435404342564,0.0,-0.16756198456599947,-0.9735599965481647
17.12127075366667,0.13567100477549388,-6.938893903907228e-18,-0.2694713970902108,-0.953403662995616
17.162979087000004,0.11989505151934786,3.469446951953614e-18,-0.38715974038038775,-0.9141840690198905
17.204687420333336,0.10795040469805188,-5.204170427930421e-18,-0.5186822466383869,-0.8481246589668778
17.24639575366667,0.09932302245585442,-6.938893903907228e-18,-0.6498056017881614,-0.7535831852522716
17.288104087000004,0.09469810442934992,-9.540979117872439e-18,-0.770178135320745,-0.6307597869960863
17.329812420333337,0.09373649028032047,7.37257477290143e-18,-0.8675032041800549,-0.48851986768939654
17.37152075366667,0.09622767708311912,-6.505213034913027e-19,-0.938203594626416,-0.3324368348923733
17.413229087,0.10195488395481801,3.469446951953614e-18,-0.9799824190045383,-0.17099608205971573
17.454937420333337,0.11119876983010055,1.6805133673525319e-18,-0.9937325031203187,-0.011425665429131343
17.49664575366667,0.12332237757952122,-1.1926223897340549e-18,-0.983701964133884,0.13085120155074198
17.538354087000002,0.1386166801896838,-2.8189256484623115e-18,-0.9581903025569561,0.2503133237744242
17.580062420333338,0.15655301377503975,-1.5612511283791264e-17,-0.9264876050363102,0.342216118252829
17.62177075366667,0.1758607119254031,1.0408340855860843e-17,-0.8936272942030916,0.4129204149183609
17.663479087000002,0.19470874758238127,-8.673617379884035e-18,-0.8645521946357922,0.46329041255495
17.705187420333335,0.2120408007441833,1.9081958235744878e-17,-0.8398422045047068,0.49970368254840775
17.74689575366667,0.226623607073425,-1.3444106938820255e-17,-0.8209056918006774,0.5241713325681606
17.788604087000003,0.23860222713061618,-4.336808689942018e-19,-0.8055180641329965,0.5424109379093855
17.830312420333335,0.24951251526265958,-1.3010426069826053e-17,-0.7963923733584789,0.5509107844140921
17.87202075366667,0.25817903034013934,-5.204170427930421e-18,-0.7915305459536628,0.5539160433810543
17.913729087000004,0.26548450548030744,1.3444106938820255e-17,-0.787354710496008,0.5564086063403623
17.955437420333336,0.2707575748518607,-6.505213034913027e-19,-0.7818845164596476,0.5615576004124622
17.99714575366667,0.27430865262375037,9.540979117872439e-18,-0.7753827850118804,0.5688025138859383
18.038854087000004,0.2765713556492855,1.2468324983583301e-17,-0.7693222587717684,0.5758919580899016
18.080562420333337,0.2781948833441151,-1.1709383462843448e-17,-0.7625404557641244,0.5840716224952174
18.12227075366667,0.27978146993484104,-1.1926223897340549e-17,-0.7557880982387319,0.5920360458973599
18.163979087,0.2819465677703859,8.023096076392733e-18,-0.7480482664065391,0.6007744369134483
18.205687420333337,0.2847441253725746,-4.336808689942018e-19,-0.7383074211950087,0.6114106106980675
18.24739575366667,0.28776032188909373,2.5370330836160804e-17,-0.7260285303537172,0.6245611021018734
18.289104087000002,0.29103568599438123,5.421010862427522e-18,-0.7137849469878349,0.6370316153311028
18.330812420333338,0.2942515714317617,-2.0816681711721685e-17,-0.7019881628216808,0.6485588885892942
18.37252075366667,0.29724768961704157,1.951563910473908e-18,-0.6915894594653937,0.6582915999568089
18.414229087000002,0.29988339120014235,-3.0357660829594124e-18,-0.6823636324921422,0.6666707018719448
18.455937420333335,0.3019328364238029,-1.474514954580286e-17,-0.6747007134163587,0.6735098437324682
18.49764575366667,0.30404861671321004,-3.469446951953614e-18,-0.6658013652931065,0.6813684617361
18.539354087000003,0.30661512955611997,-9.75781955236954e-18,-0.6563998763049816,0.6892941061071745
18.581062420333335,0.3090275976151548,-2.0816681711721685e-17,-0.6466545150649138,0.6973807296293522
18.62277075366667,0.31153914616777967,1.4094628242311558e-17,-0.6380321717064292,0.7041720729144467
18.664479087000004,0.31362802353477726,-3.469446951953614e-18,-0.6305799870361316,0.7099340411638122
18.706187420333336,0.3157563652528746,7.806255641895632e-18,-0.6236170879177795,0.7151221192630262
18.74789575366667,0.3175621135433455,-9.75781955236954e-18,-0.6155697776138241,0.7212684333383448
18.789604087000004,0.31970037841659266,-4.119968255444917e-18,-0.6073819566177004,0.7272405563605084
18.831312420333337,0.3215618235674738,-1.2576745200831851e-17,-0.6004213197736396,0.7321831959183727
18.87302075366667,0.3232515914762026,-6.7220534694101275e-18,-0.5943812993488135,0.7363554030442897
18.914729087000005,0.3245039265523548,1.0625181290357943e-17,-0.5890996053666524,0.7400397669105077
18.956437420333337,0.3260107621896739,-2.927345865710862e-18,-0.584196846233606,0.7432570401867826
18.99814575366667,0.32759001668114474,-1.0733601507606494e-17,-0.5790777432554989,0.7465612823050535
19.039854087000002,0.32925525401495054,-1.680513367352532e-17,-0.5745586132685857,0.7493152725138
19.081562420333338,0.33098950376145936,-7.589415207398531e-19,-0.5698853493772312,0.7521147764569807
19.12327075366667,0.332903535597536,-3.0574501264091225e-17,-0.5647303686324264,0.7551522010369458
19.164979087000003,0.3348311422213258,2.0599841277224584e-17,-0.5589054913635504,0.758625571624389
19.206687420333335,0.3368210392217851,-2.5153490401663703e-17,-0.5524393054423722,0.7624712462381164
19.24839575366667,0.3387558448471476,-3.5128150388530344e-17,-0.5453971076637081,0.7666723371388566
19.290104087000003,0.34012543093316633,5.204170427930421e-18,-0.5401403859854154,0.7697811732304543
19.331812420333335,0.34089279053033106,-1.0733601507606494e-17,-0.5361817185757846,0.7722054584303081
19.37352075366667,0.3414635509309045,-7.26415455565288e-18,-0.5329212255072321,0.7742077310318773
19.415229087000004,0.34198010955719355,5.854691731421724e-18,-0.5310246636601661,0.7752821494474496
19.456937420333336,0.34237548883171215,1.4148838350935833e-17,-0.5293600622375952,0.7762454181217789
19.49864575366667,0.34319275200525173,-9.595189226496714e-18,-0.5276131649710315,0.7770734090935767
19.540354087000004,0.344013026402637,2.1141942363467336e-18,-0.5254688111138747,0.7781629432271046
19.582062420333337,0.3450425568961543,-1.1817803680091998e-17,-0.5232989062579148,0.7791687164150229
19.62377075366667,0.3460701209922262,2.6834003769016235e-17,-0.521737587739213,0.7797598097468816
19.665479087000005,0.346927152570026,-1.940721888749053e-17,-0.5203481675820045,0.7803072057232998
19.707187420333337,0.34760742438228465,-1.0462550964485118e-17,-0.5184372734410112,0.7812757976677407
19.74889575366667,0.34768501129442453,1.0977546996415732e-18,-0.5176354489423604,0.7817727770391069
19.790604087000002,0.3471698154593061,2.37541919727996e-17,-0.5161774911536381,0.7829648247911827
19.832312420333338,0.3461130076835987,3.7486290113686316e-17,-0.515491742722715,0.7838839512943936
19.87402075366667,0.3440980881347198,4.233470670376993e-18,-0.5127047054540126,0.7865941715696506
19.915729087000003,0.34105691805071187,2.778098660404654e-17,-0.5082510568163617,0.7907977250187317
19.95743742033334,0.337577438873998,1.7162581577266633e-17,-0.5029949764731722,0.7956365542168267
19.99914575366667,0.33429901237481285,1.3417001884508117e-17,-0.4978277271418649,0.8002572863860659
20.040854087000003,0.33168770395778385,1.8783802638311364e-17,-0.49287898230831506,0.8043964046674582
20.082562420333335,0.3292215854049011,2.7701365507004638e-17,-0.4875839539023807,0.8086253988098596
20.12427075366667,0.32675134158992036,8.944667923005412e-19,-0.48297111556492905,0.8123868920035302
20.165979087000004,0.32376685731296573,-3.3881317890172014e-18,-0.4798544426685805,0.8154230411000855
20.207687420333336,0.3204419213312476,-2.1304572689340162e-17,-0.477630935545604,0.8180376913464132
20.24939575366667,0.31605205939914716,-7.15573433840433e-18,-0.4777369474350498,0.8196819534459683
20.291104087000004,0.3104897760993499,3.0357660829594124e-18,-0.4801916511942788,0.8203731328249895
20.332812420333337,0.30408506012222025,7.37257477290143e-18,-0.4859255550062335,0.8193952838541053
20.37452075366667,0.2971447875678286,7.806255641895632e-18,-0.4936214939608563,0.8173388501234493
20.416229087000005,0.29024716647805304,7.37257477290143e-18,-0.5016242723089965,0.8149415143321215
20.457937420333337,0.2833760845086957,1.3877787807814457e-17,-0.5095425557141223,0.812443461814323
20.49964575366667,0.2768210598594883,3.7730235602495554e-17,-0.5177023107214115,0.8095396335522931
20.541354087000002,0.270700674105065,-8.673617379884035e-18,-0.5258438435090591,0.8063556270546411
20.583062420333338,0.2647648825399275,1.6046192152785466e-17,-0.5341996806523376,0.8028264184520582
20.62477075366667,0.2586865580868369,6.5052130349130266e-18,-0.5452506882737089,0.7973599887141519
20.666479087000003,0.2526568228995726,5.637851296924623e-18,-0.5623503786229475,0.787354165229931
20.70818742033334,0.2468518744734669,5.204170427930421e-18,-0.5823216694701439,0.7745744801724622
20.74989575366667,0.24124311424183875,-4.7704895589362195e-18,-0.6021688376390659,0.7610482578702323
20.791604087000003,0.2350408419074072,-6.938893903907228e-18,-0.6248471307194383,0.74452794834522
20.833312420333336,0.22894617595733827,1.734723475976807e-18,-0.6436950676282843,0.7302330507622413
20.87502075366667,0.22327631698383965,4.336808689942018e-19,-0.6578004348110748,0.7193373855406747
20.916729087000004,0.21815139357617683,-3.2526065174565133e-18,-0.6657472125981139,0.7135759373736015
20.958437420333336,0.21362979446806604,-1.4094628242311558e-17,-0.6696231460674806,0.7113136812730523
21.00014575366667,0.21033038058858183,1.3227266504323154e-17,-0.6726050990560224,0.7094811567091129
21.041854087000004,0.20838839519763855,1.8106176280507924e-17,-0.6741377776818123,0.7085989934011905
21.083562420333337,0.20763091608719414,-1.3579632210380943e-17,-0.6751281411565648,0.7078780938150819
21.12527075366667,0.20770831168054057,3.2187251995663413e-18,-0.6758458069926887,0.7071702075379172
21.166979087000005,0.20812254942350447,1.7950322218213133e-17,-0.6768506333774378,0.7060865559674837
21.208687420333337,0.20880931812765563,-1.6263032587282567e-18,-0.6771902218551092,0.7055579863391042
21.25039575366667,0.209642436427226,1.680513367352532e-17,-0.6736915360150396,0.7086534859510347
21.292104087000002,0.2100762187203836,-1.8756697583999227e-17,-0.6692581388244949,0.7127141965369559
21.333812420333338,0.21017663849094267,9.86623976961809e-18,-0.6642680756757565,0.7173379289223978
21.37552075366667,0.2100169367807938,2.5261910618912253e-17,-0.6597306550239325,0.7215596642599317
21.417229087000003,0.2096552654281191,-1.282069068964109e-17,-0.6570409348713458,0.7241145486603986
21.45893742033334,0.20888846414717896,5.658180087658726e-18,-0.654144619448856,0.7269528364291209
21.50064575366667,0.20840960119228194,2.894819800536297e-17,-0.6525892427906123,0.7284865944716139
21.542354087000003,0.20784727157211283,-3.2526065174565133e-19,-0.6527555903869632,0.7284982161396111
21.584062420333336,0.20719641426124616,-5.7462715141731735e-18,-0.6532197397222537,0.7282675453117992
21.62577075366667,0.20624457996714496,4.336808689942018e-19,-0.6536877631979289,0.7281177662160595
21.667479087000004,0.20604083421989303,2.642742795433417e-19,-0.6539828664707178,0.727910423745061
21.709187420333336,0.20588900197587087,-1.7211709488207383e-18,-0.6533304697547423,0.7285389599434116
21.750895753666672,0.20565575473469405,-1.588356182691264e-17,-0.651579678049827,0.7301709619650643
21.792604087000004,0.20552676995252905,-4.336808689942018e-18,-0.650348851590822,0.7313037112358854
21.834312420333337,0.20587885111359971,-8.538092108323347e-18,-0.650395027677463,0.731163597723913
21.87602075366667,0.20645683661325723,-1.559387655895167e-18,-0.6518513169967988,0.7297022921337069
21.917729087000005,0.2067963042100412,4.472333961502706e-18,-0.6543373993720077,0.7273773823457433
21.959437420333337,0.20711196076664573,-2.219226321806267e-18,-0.6560646442846715,0.7257298520985773
22.00114575366667,0.2074165267866254,-4.933119884809045e-18,-0.6596292637795335,0.722404055069906
22.042854087000002,0.2070677584482675,-1.1275702593849246e-17,-0.6629286868934783,0.7194779353843304
22.084562420333338,0.2071247630363647,3.97089045672816e-18,-0.6650874291650992,0.7174664062544593
22.12627075366667,0.20721315660440817,1.2902005852577503e-17,-0.6656181025892056,0.7169485680546288
22.167979087000003,0.20742568371837447,1.1831356207248067e-17,-0.6667630414627125,0.7158223468664261
22.20968742033334,0.207731450073751,-1.2617402782300058e-17,-0.667619341358284,0.7149350038252343
22.25139575366667,0.20767079954405823,-1.9203930980149497e-17,-0.6657904021979856,0.7166561095516985
22.293104087000003,0.20793896726099326,-1.9027748127120603e-17,-0.6645358527313492,0.7177419357464424
22.334812420333336,0.2082210193356052,4.607859233063394e-19,-0.6656534891711172,0.7166236386424597
22.37652075366667,0.20793350523182139,1.548376227580861e-17,-0.6660202622371477,0.7163662943575507
22.418229087000004,0.20794010079190192,-8.768485069976517e-18,-0.6661046030371898,0.7162859570697457
22.459937420333336,0.20821254755325536,-1.7889335846010823e-18,-0.6646851896177787,0.7175243088175906
22.501645753666672,0.20846491070736167,-3.0899761915836876e-18,-0.6629622159902145,0.7190434487380549
22.543354087000004,0.20834048814736938,2.2124500582282325e-18,-0.6619169295903709,0.7200418177579495
22.585062420333337,0.2081321943619399,-1.0984323259993767e-17,-0.6613056609589324,0.720663452974933
22.62677075366667,0.20807010823094113,-1.6385005331687186e-17,-0.6604854518756869,0.7214331555461909
22.668479087000005,0.20828924640937083,1.9820570965750628e-17,-0.6601430606718596,0.7216832610480904
22.710187420333337,0.2082340116161263,-5.827586677109586e-19,-0.6602135994588049,0.7216346717667492
22.75189575366667,0.20832445611354222,1.7984203536103305e-17,-0.6595556516342652,0.7222099856567318
22.793604087000002,0.20825101729080953,-1.2671612890924333e-17,-0.6596304941859729,0.7221628105471177
22.835312420333338,0.2079602364557403,3.984442983884229e-18,-0.6611855921595756,0.7208232465548431
22.87702075366667,0.20746622042203086,-1.5070410197548512e-17,-0.6621660655339953,0.7200651838820055
22.918729087000003,0.2071065497543973,9.242823520438925e-18,-0.6633931292592244,0.719038547715269
22.96043742033334,0.20671879462543694,-1.406752318799942e-17,-0.6634071978862234,0.719137142512717
23.00214575366667,0.2062666890239123,-1.3335686721571705e-17,-0.6640645959736499,0.7186600485441402
23.043854087000003,0.20584671494750886,4.092863201132779e-18,-0.6653516690400035,0.7175892184606738
23.085562420333336,0.20557258777476933,9.137791434979392e-18,-0.6652937023133588,0.7177215343138094
23.12727075366667,0.20602356876811506,5.366800753803247e-18,-0.6638526781642132,0.7189255252154088
23.168979087000004,0.20622126774115287,4.87890977618477e-18,-0.6625456973731007,0.7200735987547546
23.210687420333336,0.20594998407937293,2.6698478497455547e-18,-0.6617837685000799,0.720851474166169
23.252395753666672,0.20583437167973848,-4.058981883242607e-18,-0.6613117122310816,0.7213175657789035
23.294104087000004,0.20562031367016068,-1.1587410718438829e-17,-0.6595963819041332,0.7229473698583886
23.335812420333337,0.205491571557509,1.4365678785432934e-18,-0.6588755032818966,0.7236409919247615
23.37752075366667,0.20538971996980548,-6.35613523619627e-18,-0.658544727386263,0.7239709282578118
23.419229087000005,0.20492757112119908,-5.502326025363935e-18,-0.6585602553912905,0.7240877575358695
23.460937420333337,0.20441018013207504,-4.174178364069192e-18,-0.6593873407936555,0.7234810384933696
23.50264575366667,0.20401648607758197,9.405453846311751e-18,-0.6608298265096837,0.7222750264295017
23.544354087000006,0.2038554766525606,-6.207057437479513e-18,-0.6619662945203661,0.7212791204226927
23.586062420333338,0.2038341426544622,-1.7062631689490626e-17,-0.6619844403079773,0.7212684958310978
23.62777075366667,0.2041923533292387,2.859583229930518e-17,-0.6620841412147216,0.7210756359729761
23.669479087000003,0.2043659228770465,1.2580133332620869e-17,-0.6627599350024831,0.7204053290489439
23.71118742033334,0.2043757986414217,7.657177843178875e-18,-0.6630635752089237,0.7201230645944074
23.75289575366667,0.20434701892593657,3.144186300207963e-18,-0.6650875615073597,0.7182623694613808
23.794604087000003,0.20384063222973325,-2.2551405187698492e-17,-0.6657662910245966,0.7177772930286488
23.836312420333336,0.2032272095086754,1.0191500421363742e-17,-0.6668551711206395,0.7169399431367871
23.87802075366667,0.2029033718785363,1.927169361592984e-17,-0.667619543677737,0.7163200168778271
23.919729087000004,0.2026377254418108,-6.3019251275719945e-18,-0.66770970464963,0.7163111771740501
23.961437420333336,0.20229351620950695,-1.3986208025063007e-17,-0.6667382636138113,0.7173126383473485
24.003145753666672,0.2024528512174743,-3.211948935988307e-18,-0.666212048452044,0.7177564695154246
24.044854087000004,0.2023585636713854,1.0652286344670081e-17,-0.6678255947944793,0.7162820580234116
24.086562420333337,0.2028751495432507,8.145068820797352e-18,-0.668938421247123,0.7150965405294663
24.12827075366667,0.20354790652706736,-6.044427111606687e-18,-0.6690085173174073,0.7148397397355666
24.169979087000005,0.20360245165810456,-2.846030702774449e-19,-0.6675234735013548,0.7162111797532174
24.211687420333337,0.20329432584611598,7.594497405082057e-18,-0.6663103744429416,0.7174272799305029
24.25339575366667,0.2031380993811643,1.0489656018797255e-17,-0.6655817068414839,0.7181475503667648
24.295104087000006,0.2032065436640865,-1.7997756063259374e-17,-0.6638022697511998,0.719773330490406
24.336812420333338,0.20315392902528456,1.3417001884508117e-17,-0.6613644680262415,0.7220287539661812
24.37852075366667,0.20330058238656457,-2.6884825745851493e-18,-0.661156044860191,0.7221783419253951
24.420229087000003,0.20357096792746918,-2.2998638583848763e-17,-0.6631539363841772,0.7202678096897321
24.46193742033334,0.2032775852865714,-6.5052130349130266e-18,-0.6636633885253332,0.7198813305338133
24.50364575366667,0.20297117975440115,-5.421010862427522e-19,-0.6651727076318447,0.7185735656220783
24.545354087000003,0.20267394058604946,5.773376568485311e-18,-0.6660676184367036,0.7178281141592187
24.58706242033334,0.20229546487234373,-3.367802998283098e-18,-0.6653315714779211,0.7186170363182344
24.62877075366667,0.20168589118856578,1.991543865584311e-17,-0.6627972539535322,0.7211259262064645
24.670479087000004,0.20143292604358687,-2.5614276324970042e-18,-0.661041818583389,0.7228059839192568
24.712187420333336,0.20208445431909483,1.3291641008314481e-17,-0.6624193956570937,0.7213615027015544
24.753895753666672,0.2028033834403761,3.0588053791247294e-17,-0.6636574860244556,0.7200205058946829
24.795604087000005,0.20370839803138252,-1.5937771935536915e-17,-0.6650150353257412,0.718510884651159
24.837312420333337,0.20397536285759915,-1.2061749168901237e-17,-0.6645368997652477,0.7188774305801402
24.87902075366667,0.20360003683755257,-1.870248747537495e-17,-0.6636829279069636,0.719772183544618
24.920729087000005,0.2030404510506411,5.2583805365546965e-18,-0.6641357276888705,0.7195125505815216
24.962437420333337,0.20272813369502354,1.1763593571467723e-17,-0.6649040395231374,0.7188907580671399
25.00414575366667,0.20275197274891962,1.0991099523571801e-17,-0.6646952455024301,0.719077094721342
25.045854087000006,0.202818519670533,7.51826443982917e-18,-0.6646489018256106,0.7191011649139941
25.087562420333338,0.20351204204183868,-1.9759584593548318e-17,-0.6673766224567707,0.7163737101137605
25.12927075366667,0.20345009657856775,-7.128629284092192e-18,-0.6692817398421842,0.7146117903561277
25.170979087000003,0.20343535556559172,-4.865357249028701e-18,-0.6705768393413183,0.7134008400926571
25.21268742033334,0.2034086205803101,-2.3866000321837166e-17,-0.670311553274136,0.7136577293218581
25.25439575366667,0.20313928810383908,-5.583641188300348e-18,-0.6692702019931159,0.7147110089768867
25.296104087000003,0.20282920814108055,3.848917712323541e-18,-0.667827285943502,0.7161473510906804
25.33781242033334,0.2026956658134736,-9.646011203331972e-18,-0.6669984212838113,0.7169571626431639
25.37952075366667,0.20256464774886362,2.894819800536297e-17,-0.6680677483188217,0.7159979379429795
25.421229087000004,0.20264433999360415,4.1809546276472265e-18,-0.6686215686857535,0.715458223348337
25.462937420333336,0.2026404778274148,2.6291902682773483e-18,-0.6706250129506527,0.7135817603826585
25.504645753666672,0.20275126525558845,-8.267041565201971e-19,-0.6714973971119395,0.7127293806972942
25.546354087000005,0.20251782624829873,-1.769960046582586e-17,-0.6717260578723019,0.7125802644102632
25.588062420333337,0.20227741654737355,-9.452887691357992e-18,-0.6718651297607705,0.7125174342894802
25.62977075366667,0.20225295975381713,1.2271813339820303e-17,-0.6722103619927234,0.7121986868145942
25.671479087000005,0.20239995986456524,5.7886231615358885e-18,-0.672761876036568,0.711635942317826
25.713187420333337,0.20265381721731696,1.1116460399765438e-17,-0.6732361965543767,0.7111149372754357
25.75489575366667,0.20246876158907268,1.6805133673525319e-18,-0.674144379597161,0.7103068041615159
25.796604087000006,0.20212429911651264,6.5052130349130266e-18,-0.6765215438637778,0.7081414889658911
25.838312420333338,0.20241529403828945,-1.6449379835678513e-18,-0.6781434339155795,0.7065051533970429
25.88002075366667,0.202670756057075,1.6954211472242076e-17,-0.6788994488882543,0.7057053938708973
25.921729087000003,0.20261043717014615,3.3271454168148917e-18,-0.6776535390253868,0.7069191550637816
25.96343742033334,0.20201104286122826,4.784042086092288e-18,-0.6768740950157668,0.7078368442365133
26.00514575366667,0.20152426839295726,1.1384122811097797e-18,-0.6766800174434108,0.7081610856588131
26.046854087000003,0.2010043207204105,1.4107333736520372e-17,-0.6755744887463542,0.7093633576713901
26.08856242033334,0.20076902046703143,-1.1980434005964824e-17,-0.6727901895322328,0.7120710366879774
26.13027075366667,0.20051007674712937,-1.4596071747086103e-17,-0.672643718278702,0.7122823438658735
26.171979087000004,0.20056707379244135,-1.0848797988433079e-17,-0.6741718447825873,0.710820070490965
26.213687420333336,0.20100039046145265,-2.5614276324970042e-18,-0.6741695997038211,0.7106997916627903
26.255395753666672,0.20122741604126393,4.038653092508504e-18,-0.6728302972645488,0.7119037281235819
26.297104087000005,0.20096492029978053,2.2360716895447868e-17,-0.6715162178300386,0.7132174072470071
26.338812420333337,0.20058006608115733,9.64939933512099e-18,-0.6704578217868734,0.7143206186970104
26.380520753666673,0.20046840074626518,1.0991099523571801e-17,-0.670500977572418,0.7143114582425979
26.422229087000005,0.20055566068831143,-3.821812658011403e-18,-0.6715055096033147,0.7133426788986256
26.463937420333338,0.20085860970843966,9.01920682236379e-18,-0.6721535032849641,0.7126468178051051
26.50564575366667,0.20030142954834676,-6.261267546103788e-18,-0.6727914204995203,0.7122015457882173
26.547354087000006,0.20008795498174398,1.748276003132876e-18,-0.6743630007413247,0.710773770972438
26.589062420333338,0.20020735826643754,7.569086416664428e-18,-0.6753309015607356,0.7098205316086162
26.63077075366667,0.20029582274537755,2.4530074152484538e-18,-0.6763311426158574,0.7088425558039536
26.672479087000003,0.20020855054232342,-6.938893903907228e-18,-0.6763157188631828,0.7088819257875875
26.71418742033334,0.19996230237600007,9.22588286149384e-18,-0.6755791542025008,0.7096533548398984
26.75589575366667,0.19956148281023972,3.537209587733958e-18,-0.6737934269546338,0.7114616169346798
26.797604087000003,0.19964731173794076,-1.1655173354219173e-17,-0.6728908334072683,0.7122912867867228
26.83931242033334,0.1998229039849708,-9.351243737687476e-19,-0.6736751835018326,0.7115002137573715
26.88102075366667,0.2002718715383105,-2.439454888092385e-19,-0.6745255460326711,0.7105677062883378
26.922729087000004,0.20099315192171194,2.5560066216345767e-17,-0.6748429519560842,0.7100624923735755
26.964437420333336,0.2011296082114958,3.0222135558033436e-18,-0.674103495697838,0.710725937185808
27.006145753666672,0.20096235299782542,1.1712771594632465e-17,-0.6728777935007216,0.7119337101803636
27.047854087000005,0.20046527469995779,1.2210826967617994e-17,-0.6716617328044592,0.7132209968344889
27.089562420333337,0.20018226549102988,6.545870616381233e-18,-0.6714400619831432,0.7135091476266802
27.131270753666673,0.20021808183396236,1.3931997916438732e-17,-0.671437436632435,0.7135015686003736
27.172979087000005,0.200154231065094,-8.592302216947623e-18,-0.6723143609775253,0.7126932606739893
27.214687420333338,0.19998940704086374,-1.2468324983583301e-18,-0.674412324982322,0.7107547066206336
27.25639575366667,0.20003688513623163,-4.797594613248357e-18,-0.6758067861051236,0.709415556947589
27.298104087000006,0.200102093248647,1.1387510942886814e-17,-0.6762520950752263,0.7089726766130532
27.339812420333338,0.19985585158642888,-2.7459114084089908e-17,-0.6748712984727413,0.7103565084409235
27.38152075366667,0.199699662227022,1.3999760552219076e-17,-0.6735890156300349,0.711616387479219
27.423229087000003,0.19975301869678638,-7.237049501340742e-18,-0.6723375801690352,0.7127839152323567
27.46493742033334,0.19986712846480037,-9.005654295207721e-18,-0.6714670863438936,0.7135720586710759
27.50664575366667,0.2000638670611434,2.0491421059976034e-17,-0.67080679621,0.714137725690932
27.548354087000003,0.2003204707458975,3.696451781817767e-18,-0.6707456401940254,0.7141232352758514
27.59006242033334,0.2004173006261009,4.994106257011355e-18,-0.6713068904791061,0.7135684721209455
27.63177075366667,0.20081944906223675,1.9481757786848908e-17,-0.6725349445568909,0.7122978992164722
27.673479087000004,0.20094387965475197,-4.568048684542442e-18,-0.6725910608849496,0.7122098160282225
27.715187420333336,0.200727988100871,-1.4785807127271067e-17,-0.6727229506372807,0.7121461271950074
27.756895753666672,0.20049160669392965,-1.366772363689539e-17,-0.6725881656747866,0.7123399996065871
27.798604087000005,0.2004096684188663,-2.4699480741935398e-18,-0.6726887420636164,0.712268082329336
27.840312420333337,0.20051660604111218,-1.0201664816730793e-17,-0.6730789334779009,0.7118692576660443
27.882020753666673,0.20068383291434905,-2.1602728286773676e-17,-0.6750118323588431,0.7099894544163052
27.923729087000005,0.20061564964037054,5.508255255994715e-18,-0.6757538394461096,0.7093025515203042
27.965437420333338,0.2006544767893279,-9.16489648929153e-18,-0.6753981106897592,0.7096303072876081
28.00714575366667,0.20074359066100264,2.7037291676357267e-18,-0.6751960544095541,0.7097973646881894
28.048854087000006,0.20052960551634585,1.2115959277525512e-17,-0.6735740000208136,0.7113971772557294
28.090562420333338,0.20012170485673147,-7.31874847608138e-18,-0.671760698527125,0.713224275497956
28.13227075366667,0.19962701419242732,-9.175060884658581e-18,-0.6709062308913303,0.7141665663945672
28.173979087000006,0.19937848769181066,-1.14044516018319e-17,-0.6702773560220247,0.7148261919165041
28.21568742033334,0.19944415603736979,-8.748156279242414e-18,-0.6700819512252189,0.7149910539753241
28.25739575366667,0.19957750025648963,-5.9495594215142056e-18,-0.6706401944754408,0.7144302281855898
28.299104087000003,0.19984813200476093,-2.4753690850559673e-17,-0.6709835217479456,0.7140320984920299
28.34081242033334,0.20030834834902825,1.2278589603398338e-17,-0.6717579446742997,0.713174473287319
28.38252075366667,0.20068054958135825,-7.874018277675976e-18,-0.6714977352182514,0.7133148734019803
28.424229087000004,0.20054102438360402,1.0831857329487993e-17,-0.6708883633603532,0.7139272382020745
28.465937420333336,0.20031595202171182,-1.3064636178450328e-17,-0.6709106521176291,0.7139694785078232
28.507645753666672,0.20035758086433467,-4.858580985450667e-18,-0.6715921019984467,0.7133168218425107
28.549354087000005,0.20066955955176374,-6.269737875576331e-18,-0.6726736016461088,0.7122092062854519
28.591062420333337,0.20061946039326056,-1.0015317568334847e-17,-0.6735060660866815,0.7114361609139361
28.632770753666673,0.20022765771766732,-1.0042422622646985e-17,-0.674012083660038,0.711067223379865
28.674479087000005,0.1998567902901998,7.792703114739563e-18,-0.6728301314165634,0.7122898831465103
28.716187420333338,0.19956682126902572,-1.6059744679941534e-18,-0.6722138444403265,0.7129527552309011
28.75789575366667,0.19936253933953887,-1.3423778148086152e-17,-0.6712318204735955,0.7139344655441378
28.799604087000006,0.19916936889107292,-2.174333575601789e-17,-0.6705114879002305,0.7146648914626705
28.841312420333338,0.1989882822786968,-2.4123498337802474e-18,-0.6701298630893564,0.7150731641668663
28.88302075366667,0.19860660076860076,-1.7076184216646695e-18,-0.6703487015439157,0.7149741509100367
28.924729087000006,0.19840349350206674,-5.671732614814795e-18,-0.6694467672627697,0.7158750446604509
28.96643742033334,0.1981884358181167,-1.146543797403421e-17,-0.6689855243786057,0.7163656273718402
29.00814575366667,0.19778674039103494,9.269928574751063e-18,-0.6693832068566634,0.7161051093965038
