0.03336666666666667,-0.9956597583759459,-0.09300048334852629,-0.0035433949390058076
0.23336666666666667,-0.9945856760703409,-0.10380974266196173,-0.0047822885902319085
0.4333666666666667,-0.9951234375937835,-0.09797511467557425,-0.01141143531023045
0.6333666666666667,-0.9955453360242633,-0.08877229313536342,-0.031764191975011666
0.8333666666666667,-0.9955271510674674,-0.08346592749382586,-0.04426206541822877
1.0333666666666668,-0.9815505672002072,-0.18703773550132893,-0.03969092500165196
1.233366666666667,-0.8724861237018725,-0.4877961932695238,-0.028685149109644325
1.433366666666667,-0.7404300469189928,-0.6720864423176335,-0.007947305981572545
1.6333666666666669,-0.6136831757737734,-0.7895497233112878,0.0020479724815206622
1.8333666666666668,-0.4700010032642533,-0.8826539647313162,-0.004586444667046905
2.0333666666666668,-0.4643395250527131,-0.8852615652963451,-0.026471994312590945
2.233366666666667,-0.7581375407551914,-0.650794008701596,-0.04116585400277673
2.433366666666667,-0.9718222566728097,-0.2295203473749002,-0.053683438566033415
2.633366666666667,-0.9950168308798844,0.0728183449995961,-0.06811016735607335
2.833366666666667,-0.9157043588422876,0.395891251999635,-0.06896117594267495
3.0333666666666668,-0.7876266339628688,0.614638604727615,-0.04317025655253694
3.233366666666667,-0.7334299769316202,0.6777002160021457,-0.052942290928219
3.433366666666667,-0.7552906376747518,0.6477683059062322,-0.09966079722858245
3.633366666666667,-0.695585491430411,0.6839469736496548,-0.21994854249799464
3.833366666666667,-0.6507541976291502,0.710583920263038,-0.26756207977150537
4.033366666666667,-0.6419350809393706,0.7067056920254247,-0.29746666488571416
4.233366666666667,-0.6402830639678064,0.7075137153731911,-0.2991018899218478
4.433366666666667,-0.6453043814728444,0.7084528473707616,-0.2857915644385087
4.633366666666667,-0.64293913957303,0.721775242931694,-0.2562611197509009
4.8333666666666675,-0.6588236556695369,0.7112953452290282,-0.24497004426203925
5.033366666666667,-0.6904099621945268,0.6861052594001631,-0.22933307028421993
5.233366666666667,-0.7279703754152369,0.6554684773041023,-0.20104777486567926
5.433366666666667,-0.7225623990855985,0.6699486514840566,-0.17050625737009847
5.633366666666667,-0.7029774916875136,0.6897486032471309,-0.1734056241860802
5.8333666666666675,-0.6909261901435929,0.6879098904151114,-0.22226331780734582
6.033366666666667,-0.6545568327855755,0.7070757589515603,-0.26758031272272614
6.233366666666667,-0.6242596993997678,0.7271611190561789,-0.2855460289310238
6.433366666666667,-0.6342407658295717,0.7147464302631368,-0.29474767409772984
6.633366666666667,-0.6799364752661311,0.6731284031369252,-0.2908342182292229
6.8333666666666675,-0.8782716552018426,0.42161285618642613,-0.22556927797760942
7.033366666666667,-0.9834415515126904,-0.1004374553915487,-0.1508477123220074
7.233366666666667,-0.8729042765083876,-0.4700373149492138,-0.13077861678692698
7.433366666666667,-0.7532540527410037,-0.6476207155110562,-0.11487271595205262
7.633366666666667,-0.7345987931770628,-0.6662420397697857,-0.1283984326469718
7.8333666666666675,-0.7441998426040782,-0.6444750505113868,-0.1755519966745201
8.033366666666666,-0.7975223081632669,-0.5624871967793441,-0.21809704592509002
8.233366666666667,-0.881072212311499,-0.40770272778327843,-0.23977122940543577
8.433366666666666,-0.9417786397168422,-0.20873702214619128,-0.26359409962788344
8.633366666666666,-0.9489287915453403,0.1223259104956382,-0.2908101102054629
8.833366666666667,-0.8493545091368395,0.4284533540871882,-0.30826067082966824
9.033366666666666,-0.738061830524512,0.5977126780637171,-0.31305636681707305
9.233366666666667,-0.6882904705129831,0.6487014650781854,-0.3247193209626316
9.433366666666666,-0.6847158615811605,0.6568339621242882,-0.3158058503246554
9.633366666666667,-0.6827900019755552,0.6749759213243197,-0.27965213897735025
9.833366666666667,-0.6860209737549412,0.6812553728164517,-0.2554727785440939
10.033366666666666,-0.6627411310399555,0.7136866879038233,-0.22677192228481827
10.233366666666667,-0.6637676453514489,0.7131580064487444,-0.22542885978207347
10.433366666666666,-0.6726360879893296,0.7022977663132621,-0.2331062859852002
10.633366666666667,-0.6772096315332546,0.6946050883785044,-0.24271564876885043
10.833366666666667,-0.6779893184141368,0.6893460938147462,-0.25521059354714426
11.033366666666666,-0.6783008700163043,0.6843280822556558,-0.2675873793201414
11.233366666666667,-0.6800732824199225,0.6838378638532937,-0.26432197505912475
11.433366666666666,-0.683996717284745,0.6880101005796523,-0.2424677138178796
11.633366666666667,-0.701398104780383,0.6806975748792335,-0.21140366639208735
11.833366666666667,-0.7289359330774854,0.6564274462818178,-0.19430752233608176
12.033366666666666,-0.7440831492587261,0.638210521446829,-0.1975540364148063
12.233366666666667,-0.7469378756049321,0.6331526965056841,-0.2029814594842906
12.433366666666666,-0.7498468189275934,0.6278324286043975,-0.20870119725788147
12.633366666666667,-0.7485551896105902,0.6286481985518634,-0.21087098084978564
12.833366666666667,-0.7396520373753023,0.6390296003695881,-0.21108300134792837
13.033366666666666,-0.737341203499871,0.6418546426198888,-0.21059574394715783
13.233366666666667,-0.685266781356844,0.69665584235924,-0.21232069064405737
13.433366666666666,-0.5648235337524776,0.7976536424417823,-0.21147823154812212
13.633366666666667,-0.4638504181402068,0.8545587306797389,-0.233606860794346
13.833366666666667,-0.3481315692937269,0.8952188100160715,-0.2781864350655795
14.033366666666666,-0.25809023185475155,0.9195326331051193,-0.29639360464748077
14.233366666666667,-0.21272118973181953,0.9408148962085483,-0.2638503866041846
14.433366666666666,-0.1938777448847302,0.9628127293165485,-0.18815703097261663
14.633366666666667,-0.21306226402132622,0.966076192829785,-0.1459495162637246
14.833366666666667,-0.34451254788472024,0.9303178742380402,-0.12577661636088255
15.033366666666666,-0.5471814296733677,0.8293928736917582,-0.11269402863478013
15.233366666666667,-0.6423026461305291,0.7577234705940988,-0.11533626005967965
15.433366666666666,-0.6568501559232629,0.7451802123603513,-0.11512742405772398
15.633366666666667,-0.6780491445294073,0.7243565361500642,-0.12472756768100479
15.833366666666667,-0.7065630522128417,0.6962196826204115,-0.12667599133066448
16.033366666666666,-0.7314042728280062,0.6692278037484461,-0.13107988548578628
16.233366666666665,-0.7431963759656282,0.6548146099992572,-0.1373934979650711
16.433366666666668,-0.7537537471542726,0.6417199505809816,-0.14160082512907862
16.633366666666667,-0.7576216554906965,0.6365751748049564,-0.14415780920080623
16.833366666666667,-0.757309193057104,0.6359887429142476,-0.14832769464113227
17.033366666666666,-0.7566581532226122,0.6362703938152053,-0.1504274746048392
17.233366666666665,-0.7561083152241536,0.6373349768050178,-0.14867529381117667
17.433366666666668,-0.7612879327640607,0.6343536397685968,-0.13429870863175208
17.633366666666667,-0.7612064652623565,0.6365743509098074,-0.1238459244648226
17.833366666666667,-0.7540020629286923,0.6452896327186417,-0.12280952326720156
18.033366666666666,-0.7541911633314031,0.6453997651315512,-0.12105714485714567
18.233366666666665,-0.7556649787319951,0.6442917664058684,-0.11772238385107382
18.433366666666668,-0.7624996339021601,0.6374775601232497,-0.11052903979670183
18.633366666666667,-0.7890301198801051,0.6060305430404528,-0.10078914040748731
18.833366666666667,-0.8443841345267659,0.5264003261477522,-0.09958980867049023
19.033366666666666,-0.8925856218013654,0.4431140106860628,-0.08331195164669995
19.23336666666667,-0.9215612367993762,0.3818563455893303,-0.07007580297054267
19.433366666666668,-0.9260245359599006,0.37079071746571135,-0.0706597667807784
19.633366666666667,-0.8694443265635455,0.4836700252859218,-0.10064725354613027
19.833366666666667,-0.798019711634025,0.5845809121657044,-0.14638885536495008
20.033366666666666,-0.7630310294477175,0.6268473006768523,-0.1576264880472188
20.23336666666667,-0.7357958577472539,0.6645363516173521,-0.1303682979143401
20.433366666666668,-0.6672426036141923,0.7433977593859303,-0.04633658664740485
20.633366666666667,-0.6360021386041461,0.7710261501231329,-0.03193674243332593
20.833366666666667,-0.6407634357412437,0.766996149243862,-0.03375094757432732
21.033366666666666,-0.6538889693385559,0.7550743021576511,-0.047874983013023405
21.23336666666667,-0.6668182702292743,0.7418580305186888,-0.07071108147504962
21.433366666666668,-0.6649622620734736,0.7413907350271514,-0.09036021267144416
21.633366666666667,-0.6652542243283226,0.740211495693172,-0.09758974667965345
21.833366666666667,-0.6753852645409129,0.7295575748639587,-0.1077055680994271
22.033366666666666,-0.6810778088175169,0.7230793097992686,-0.11527935667995141
22.23336666666667,-0.6827688861987166,0.7189560349979419,-0.13011098254568096
22.433366666666668,-0.6832295538522148,0.7156112570088327,-0.14525118101117837
22.633366666666667,-0.6815451002290306,0.7154224939578558,-0.15384060417497886
22.833366666666667,-0.6799156723366017,0.715274409416937,-0.16154627121762719
23.033366666666666,-0.6918664858636494,0.7029971753046541,-0.16466856789430728
23.23336666666667,-0.7608201086676128,0.6295322840762835,-0.15761302469243904
23.433366666666668,-0.8550076126255463,0.49849004269128255,-0.14307221844232076
23.633366666666667,-0.9371169322536907,0.32883177433701627,-0.1169680275536912
23.833366666666667,-0.9689245655815086,0.22944845427239172,-0.09240450770765847
24.033366666666666,-0.9778206593224307,0.191262540450143,-0.0853545477570168
24.23336666666667,-0.9745221855509087,0.20733725922799082,-0.08554397000902554
24.433366666666668,-0.9660787373913888,0.24286694304419518,-0.08779248906727832
24.633366666666667,-0.9565371934273879,0.2793149146335982,-0.08378410382215637
24.833366666666667,-0.9525302464177376,0.2923862321185278,-0.08483172123029739
25.033366666666666,-0.9521072777014344,0.2940230351448861,-0.08391773681500626
25.23336666666667,-0.9547185352001979,0.2868026948334382,-0.07909951189145493
25.433366666666668,-0.9556211664741153,0.2835614782192543,-0.07988162652802291
25.633366666666667,-0.9542162807312207,0.2877194417745724,-0.08178516009891566
25.833366666666667,-0.9509696684756688,0.2974493119271244,-0.08473840022892493
26.033366666666666,-0.9122207753012996,0.39255155822455146,-0.11728824000799264
26.23336666666667,-0.8152695309142787,0.5583776045326198,-0.1534602317189238
26.433366666666668,-0.7661572458087408,0.6211115335606776,-0.16499556834251125
26.633366666666667,-0.852699195061196,0.49195715331443446,-0.17573344031443258
26.833366666666667,-0.9447031577349003,0.28475534491245574,-0.1626355966862612
27.033366666666666,-0.9709814709984227,0.18301737583721014,-0.15394681912725713
27.23336666666667,-0.972412343715905,0.17658131226581844,-0.1524246500649502
27.433366666666668,-0.9586098287648982,0.23630206570648554,-0.15883491410323108
27.633366666666667,-0.8694167329983028,0.4641085869069752,-0.16946316396718328
27.833366666666667,-0.7065237304783034,0.6880130952694431,-0.16571722604720782
28.033366666666666,-0.5937962777358902,0.7845343233391597,-0.17863895445777897
28.23336666666667,-0.6001846716747538,0.7780373125081074,-0.1855702029740491
28.433366666666668,-0.6731362239822498,0.7145922116249466,-0.19038275932417345
28.633366666666667,-0.7515678486848361,0.6327359372739705,-0.18652346368561168
28.833366666666667,-0.7871317326576891,0.5870251927765994,-0.18927508681519895
29.033366666666666,-0.7634812602172348,0.6183567923756302,-0.18636320082039992
29.23336666666667,-0.7273440849094096,0.6601721071241972,-0.18746565318076597
29.433366666666668,-0.7184313992816262,0.6689571779058898,-0.1906636269833143
29.633366666666667,-0.7281337360073967,0.6581543797444096,-0.19145253957877473
29.833366666666667,-0.7442554498656062,0.6421299697761876,-0.18371969753016745
30.033366666666666,-0.7526436219619448,0.6337619828390564,-0.17853102651335723
30.23336666666667,-0.7561262617346882,0.631307515756684,-0.17240619729073137
30.433366666666668,-0.7595910377522891,0.6290189112065196,-0.1653985027470489
30.633366666666667,-0.7635886014629368,0.6248613746812247,-0.16272894686369307
30.833366666666667,-0.765260496266443,0.6218810280327128,-0.1662539016895964
31.033366666666666,-0.763576065696457,0.6230159563095938,-0.16971361194424703
31.23336666666667,-0.7629962874657862,0.6220153230182154,-0.17587951342886232
31.433366666666668,-0.7615279142044007,0.6239428411129854,-0.1754154124110851
31.633366666666667,-0.7639627533537332,0.6214697999376279,-0.17359780889650553
31.833366666666667,-0.7657827797885233,0.6191483280144169,-0.17387375332785018
32.033366666666666,-0.7690954780681384,0.6157905984111953,-0.17115514752271976
32.23336666666667,-0.767802852076299,0.6170653559615805,-0.17236335693966287
32.433366666666664,-0.7663735800729167,0.6188034300326635,-0.1724930455004841
32.63336666666667,-0.7632338533373256,0.6250603150612605,-0.16362667158924696
32.83336666666667,-0.7227186975648754,0.6788085333514078,-0.12998715028586874
33.033366666666666,-0.6845183459588513,0.7264366645595314,-0.06102791516495835
33.16646666666667,-0.6651648259349248,0.7465385060283407,0.015362726188233571
