0.03336666666666667,-0.9992861393662684,0.03180544232535475,-0.020386895520101256
0.23336666666666667,-0.9991391498199218,0.035121947045763664,-0.022077321686256795
0.4333666666666667,-0.8973369108873482,-0.4407190108562274,-0.023520668125277984
0.6333666666666667,-0.8758697169659614,-0.4824251435357909,-0.01087289227567757
0.8333666666666667,-0.8776835124925,-0.47856396603464485,0.02545942481713901
1.0333666666666668,-0.8490400849475463,-0.5281794564822345,0.012545752364626964
1.233366666666667,-0.5201286507361905,-0.8536169387842727,-0.0283603332829035
1.433366666666667,-0.3361255925246734,-0.9395995564708354,-0.06459303003998865
1.6333666666666669,-0.23988555054593175,-0.9684295056405073,-0.06781751428766884
1.8333666666666668,-0.2122485137367563,-0.9740457284836567,-0.07864786862516283
2.0333666666666668,0.18126790648199093,-0.9828185511999185,-0.034779900760778575
2.233366666666667,0.3178073903637442,-0.9443461087983493,-0.08490517903875659
2.433366666666667,0.5302258514777686,-0.8463358877974609,-0.05075540809370645
2.633366666666667,0.7832668399679233,-0.6091479840722244,-0.12422475963916767
2.833366666666667,0.7978575881561053,-0.5901745740915334,-0.12295219037333081
3.0333666666666668,0.5474087615119656,-0.8179218498287256,-0.17705223916316853
3.233366666666667,0.5359002345022299,-0.8316481660461057,-0.14550692963774498
3.433366666666667,-0.7698800929736987,-0.6370021190061894,0.038896565715154166
3.633366666666667,-0.8981832014124975,-0.43484532672152404,-0.06462568010356093
3.833366666666667,-0.8978397605256722,-0.4353068677182391,-0.06626986748544565
4.033366666666667,-0.8306903639462592,-0.5547827176628195,-0.04657956021140474
4.233366666666667,-0.9109794908359226,-0.4124494509221394,-0.0013482248880887233
4.433366666666667,-0.9148146164273282,-0.40369420906519654,-0.012050026479041128
4.633366666666667,-0.9971733638727666,0.0035977535628554337,0.07504890773337007
4.8333666666666675,-0.7014402019967669,0.7120591981123234,0.030876227204271935
5.033366666666667,-0.34316776473549876,0.9367872374801355,-0.06830488226165095
5.233366666666667,-0.12442922602046702,0.99212398862199,-0.014399962247902376
5.433366666666667,0.34290886474511934,0.9370690606122977,-0.0656893151311501
5.633366666666667,0.33239294651180323,0.9029949139903404,-0.27224091245949644
5.8333666666666675,0.5661501387027944,0.8145639066544963,-0.12633155750868955
6.033366666666667,0.9164205012560721,0.3999873372538083,-0.013549720077453108
6.233366666666667,0.9923938027463304,0.10837303896734586,-0.05839370424677661
6.433366666666667,0.9895338843192448,-0.058664258484564205,-0.13183776606315725
6.633366666666667,0.9141340325219524,-0.06242513016925377,0.40057717572086693
6.8333666666666675,0.33645665388349044,0.8021636920786528,0.49328524320951395
7.033366666666667,-0.13859246940650377,0.8301040461912882,0.5401105441672648
7.233366666666667,-0.4114550872953294,0.4817037725983261,0.7737352173730574
7.433366666666667,-0.6411911819386125,0.314659588421728,0.6999022871933154
7.633366666666667,-0.8540013279931462,0.04010796619923699,0.518722548992526
7.8333666666666675,-0.885499091078356,-0.06866838264387301,0.4595389133952429
8.033366666666666,-0.8684321845563325,-0.2814871913728869,0.4081549974209793
8.233366666666667,-0.754009227087626,-0.6173392477125126,0.22441554915038742
8.433366666666666,-0.7262672032521167,-0.6614810180337193,0.1870262341529204
8.633366666666666,-0.7821673895209573,-0.6224159423049592,-0.02850560531896495
8.833366666666667,-0.790549035892085,-0.6123953770005954,-0.002030782704765112
9.033366666666666,-0.26716984215919504,-0.9635115662632282,0.01630144526143659
9.233366666666667,0.013649332577452267,-0.9998879906173966,0.006140190493360579
9.433366666666666,0.1952060067680118,-0.9807495764801468,-0.0049883018853681856
9.633366666666667,0.4111179881561171,-0.9111698228858185,-0.027414479325584298
9.833366666666667,0.3756113867701554,-0.9255995887601147,-0.046706395875807154
10.033366666666666,0.35434101417744746,-0.9345715045043962,-0.03191470883601099
10.233366666666667,0.24278222142857653,-0.9696125126324372,-0.03013914903937647
10.433366666666666,-0.9068637612637986,-0.41969273364082277,0.038159243121020835
10.633366666666667,-0.8920370719973585,-0.4515874112830863,-0.018403047384046974
10.833366666666667,-0.816384834986397,-0.5770204363583775,-0.023732198149787852
11.033366666666666,-0.764050181494831,-0.6451067718363591,-0.0080357382104853
11.233366666666667,-0.7346758621563405,-0.6783964243719662,-0.005446922449332984
11.433366666666666,-0.7084664807223514,-0.7057119235704014,-0.006776918433253484
11.633366666666667,-0.7867280169766402,-0.6172579226284446,0.007189176338112783
11.833366666666667,-0.8020974898475345,-0.597148695769496,-0.007283674970370515
12.033366666666666,-0.8087462613311396,-0.5880146500972199,-0.012971355131538673
12.233366666666667,-0.8211197418020448,-0.5705777560721249,-0.014261623282152672
12.433366666666666,-0.8020130087570939,-0.5734760332943439,-0.16703404749145653
12.633366666666667,-0.8001728971305168,-0.5775623899551844,-0.16169421884226712
12.833366666666667,-0.8003023132721031,-0.5770597041150896,-0.1628444204077192
13.033366666666666,-0.8065905443275161,-0.5690368882331736,-0.16002722778123982
13.233366666666667,-0.8139682402147921,-0.5595759330865685,-0.15598230358579562
13.433366666666666,-0.8109570677057039,-0.563758386078198,-0.15660496947629834
13.633366666666667,-0.8182378472355804,-0.5534575824617358,-0.15547195813680925
13.833366666666667,-0.8175639899613658,-0.5546185054486691,-0.15487877754016727
14.033366666666666,-0.8218868686670695,-0.5480812182501442,-0.15527058096779778
14.233366666666667,-0.8270903637293203,-0.5389712446847487,-0.15947265480035558
14.433366666666666,-0.8314982520279693,-0.5326989739590327,-0.15761491051745574
14.633366666666667,-0.8313925938779414,-0.5343125653533675,-0.15263170493187775
14.833366666666667,-0.8304727961978496,-0.536577177635596,-0.1496658518699
15.033366666666666,-0.8475873336853664,-0.530428716477386,0.015527025223281258
15.233366666666667,-0.8442712641008876,-0.535914080491461,-0.0014597754900400228
15.433366666666666,-0.8430682526720975,-0.5377106483576171,-0.010157754636105687
15.633366666666667,-0.8401672719572325,-0.5420935329492006,-0.015923462770252292
15.833366666666667,-0.8376707160548686,-0.5457267200619319,-0.022138619527193624
16.033366666666666,-0.8350238552541391,-0.5496351777206965,-0.025225633162584082
16.233366666666665,-0.8311776378684756,-0.5554832027761113,-0.02412769655343422
16.433366666666668,-0.8295559413101693,-0.5578190866928323,-0.025977042906646874
16.633366666666667,-0.8297911955099992,-0.5574319959866362,-0.026760824061317755
16.833366666666667,-0.8299206724505946,-0.557274245568465,-0.02602100430902938
17.033366666666666,-0.8316120356527821,-0.5548876234619984,-0.022828654934790762
17.233366666666665,-0.8342798274345136,-0.5510187167163496,-0.01885585755423565
17.433366666666668,-0.8340826092309495,-0.5513847975836959,-0.016763232745461792
17.633366666666667,-0.8340330416586087,-0.5514407742534772,-0.017376936220622932
17.833366666666667,-0.8333963969907194,-0.5524102283993286,-0.017128486292978886
18.033366666666666,-0.8371393387079117,-0.5467227630419972,-0.01708648470003797
18.233366666666665,-0.8361962115278404,-0.5481103721645775,-0.018732745450043997
18.433366666666668,-0.8327904976622056,-0.5532174586296164,-0.020259083664488746
18.633366666666667,-0.768716737520174,-0.6310430023706878,-0.10420799688760889
18.833366666666667,-0.7696982595805076,-0.6304508508687183,-0.10048041519443782
19.033366666666666,-0.7712237628666415,-0.6286658740371095,-0.0999656261470686
19.23336666666667,-0.7675559489729644,-0.6331619865304845,-0.09981865561598437
19.433366666666668,-0.765752413311587,-0.6346987884463465,-0.10383009897048105
19.633366666666667,-0.7622764147957237,-0.6387176248060785,-0.10475907220025873
19.833366666666667,-0.7585010254661209,-0.6435489204892982,-0.1025718348471071
20.033366666666666,-0.7517466729705989,-0.6501965768548325,-0.11009700778810157
20.23336666666667,-0.7402703223081881,-0.6630770215950157,-0.1110347393495133
20.433366666666668,-0.9096549433283861,-0.4146796017139844,-0.023847683337431706
20.633366666666667,-0.9047268284857178,-0.42494007556670205,-0.02992153063498623
20.833366666666667,-0.7730057233234695,-0.6343231040139689,0.009815876081284028
21.033366666666666,-0.7821263722878423,-0.6229275848655059,0.015477783610307529
21.23336666666667,-0.7848492775103574,-0.6196278668965827,0.008539212882987495
21.433366666666668,-0.7904958769689875,-0.6124393166690704,0.005861048792972671
21.633366666666667,-0.797068055178913,-0.6038744282115716,0.0042650164657783846
21.833366666666667,-0.8070151020140249,-0.5905084883467586,0.005133255469910429
22.033366666666666,-0.47289260378532055,-0.8801502153960906,-0.041330178119090066
22.23336666666667,-0.4851435695922192,-0.8735580514746272,-0.039141379474575494
22.433366666666668,-0.4886979392529026,-0.8714829961284507,-0.041130422182917466
22.633366666666667,-0.500664433319912,-0.8645966435066846,-0.0425178697188232
22.833366666666667,-0.50550276970251,-0.8617739625156745,-0.04257449181287103
23.033366666666666,-0.5075559816424581,-0.8604658207925776,-0.044558913212927716
23.23336666666667,-0.507354639698111,-0.8605835185640823,-0.04457888684864327
23.433366666666668,-0.5032007734610975,-0.8628465397924848,-0.04779989912426224
23.633366666666667,-0.5014115395178605,-0.8636621817736536,-0.051711737664693884
23.833366666666667,-0.49260826265973895,-0.8683084817405252,-0.05811609154801749
24.033366666666666,-0.4861969776584299,-0.871826416888659,-0.05942388182280445
24.23336666666667,-0.47997170528496125,-0.8752250734194645,-0.06006856901691527
24.433366666666668,-0.4796869994016502,-0.8754353341258964,-0.05927358913480071
24.633366666666667,-0.48013584531785003,-0.8751911583021407,-0.05924530758356458
24.833366666666667,-0.4787727099871751,-0.8759892889122318,-0.05847613087900699
25.033366666666666,-0.4816856845087621,-0.8745046637194678,-0.056749400633186314
25.23336666666667,-0.4851591217015454,-0.8726731203260233,-0.055337615509045965
25.433366666666668,-0.4867908739210887,-0.8719287354091673,-0.05267756101902796
25.633366666666667,-0.4878700402567597,-0.8714856907316869,-0.04995512656157138
25.833366666666667,-0.49482518247897134,-0.8676604506026255,-0.04809762202751107
26.033366666666666,-0.4994052749602927,-0.8650425487491387,-0.04791409182515236
26.23336666666667,-0.49857893199157405,-0.8654251086317716,-0.04958255664876263
26.433366666666668,-0.8710162655283823,-0.44309665398680836,-0.2121226541666054
26.633366666666667,-0.8476549211007116,-0.4875987232923188,-0.20911389188059212
26.833366666666667,-0.8457178325237271,-0.4912028335654188,-0.20852127960635716
27.033366666666666,-0.8444309884346707,-0.4948026859025977,-0.20519894686576914
27.23336666666667,-0.8459424037877722,-0.4929910809588336,-0.20332546217531905
27.433366666666668,-0.8449851014558621,-0.49526682760149704,-0.20176954129693414
27.633366666666667,-0.8462884331931767,-0.4948366157686616,-0.19731348544399138
27.833366666666667,-0.8465461971269576,-0.4956255068190598,-0.19420322633838116
28.033366666666666,-0.8446574993234316,-0.49845446637538926,-0.19518415352459662
28.23336666666667,-0.8441832587755638,-0.49854523934561307,-0.19699560890764894
28.433366666666668,-0.8416166449151024,-0.5024797837526003,-0.19797850873715195
28.633366666666667,-0.8397062179750019,-0.5052634476149307,-0.1990033065011573
28.833366666666667,-0.8391608132129046,-0.5066086710841062,-0.19788073162956696
29.033366666666666,-0.8411151597765082,-0.5038592941102689,-0.19659882942896847
29.23336666666667,-0.840706292373459,-0.5044509108827974,-0.19683040535747645
29.433366666666668,-0.8393727705679266,-0.5056586883728154,-0.199405724346637
29.633366666666667,-0.8359920393142243,-0.5104575585236472,-0.201371276872651
29.833366666666667,-0.8327922795373396,-0.5142145113874508,-0.2050376926849482
30.033366666666666,-0.8323721094732607,-0.5142063941313402,-0.20675699650913665
30.23336666666667,-0.8271371726075294,-0.5195817740221136,-0.21419355217852779
30.433366666666668,-0.8250351583896424,-0.5219808651343854,-0.21645545466570434
30.633366666666667,-0.8254656587011094,-0.5209465952243595,-0.2173041445285636
30.833366666666667,-0.8258186210646382,-0.5201937863238745,-0.21776599774283104
31.033366666666666,-0.825106151185081,-0.5210806031134624,-0.2183456991457652
31.23336666666667,-0.823883879988762,-0.5241656871756188,-0.21555900510619944
31.433366666666668,-0.8260432220780128,-0.5226049733876676,-0.211037051366461
31.633366666666667,-0.8278059663221005,-0.5207967001653842,-0.2085859036904955
31.833366666666667,-0.8300619241046785,-0.5182356967944951,-0.20598292336881438
32.033366666666666,-0.8302551402725252,-0.5198493541202343,-0.2010797132279257
32.23336666666667,-0.8290725885515956,-0.5224515750858848,-0.19920591005950172
32.433366666666664,-0.8299026195781095,-0.5219258953797083,-0.1971167211311162
32.63336666666667,-0.8297455590656833,-0.5219161048499464,-0.1978026458595452
32.83336666666667,-0.8278590747349315,-0.5246265390037095,-0.19853550551982493
33.033366666666666,-0.8283430475596244,-0.5236796094857004,-0.19901623594204207
33.23336666666667,-0.8279627522284757,-0.5246972226101347,-0.19791539987443685
33.433366666666664,-0.8274424630443667,-0.5252234451007644,-0.19869399353668638
33.63336666666667,-0.8271509774490154,-0.5255667217559208,-0.19899970223061397
33.83336666666667,-0.8268487140090849,-0.5265394584700462,-0.19768005163797592
34.033366666666666,-0.8261000551301664,-0.5277928094084738,-0.19746759038041325
34.23336666666667,-0.8237291682220196,-0.5308801553192006,-0.1990892214775104
34.433366666666664,-0.820939617776872,-0.5342884810338618,-0.2014794356724568
34.63336666666667,-0.8165984573715023,-0.5395145146069155,-0.20516102930856014
34.83336666666667,-0.8145091778539696,-0.5420719505012755,-0.20671913233030417
35.033366666666666,-0.8157362314660239,-0.5403958643243383,-0.2062685397600921
35.23336666666667,-0.8166967057161897,-0.5391827881555175,-0.20564146427499982
35.433366666666664,-0.8177807364578334,-0.5381862135846394,-0.20393691815341589
35.63336666666667,-0.8150651062719855,-0.5426795719093628,-0.20289838533144558
35.83336666666667,-0.8140277827118921,-0.5447572027327406,-0.20149034479091063
36.033366666666666,-0.8142637672782551,-0.5442959644820974,-0.20178310223189475
36.23336666666667,-0.8169573272319223,-0.5396086387863988,-0.20347786717273164
36.433366666666664,-0.6699327730720133,-0.7383381677049254,-0.07776136363372006
36.63336666666667,-0.6696403992030846,-0.7393091424082966,-0.07073703207403113
36.83336666666667,-0.6954226730976163,-0.716403745438984,-0.05615139591106853
37.033366666666666,-0.7141165285305586,-0.6973713782756499,-0.06091588004276784
37.23336666666667,-0.7243726845542926,-0.6884166288953412,-0.036969702892792375
37.433366666666664,-0.7529143542516202,-0.6569369304552923,-0.03941883516599935
37.63336666666667,-0.9623851072457897,-0.2627203142641381,-0.06923107556915876
37.83336666666667,-0.9662132398644097,-0.25059976245711824,-0.060263871159729726
38.033366666666666,-0.9654120927583016,-0.24806846140197986,-0.08025914037473302
38.23336666666667,-0.965936933552517,-0.2473630795070382,-0.07600886327235479
38.43336666666667,-0.9663910185538934,-0.24541535091019095,-0.0765487086500897
38.63336666666667,-0.9667709382267017,-0.2457745225226646,-0.07034797139235117
38.83336666666667,-0.9624562537650418,-0.26307114221568245,-0.06686952760337078
