0.016666568,-0.9564661958087538,-0.2802538489790604,0.0814260180013291
0.216666568,-0.9609067019591876,-0.263804542414135,0.08405637115404155
0.416666568,-0.9657840355493492,-0.24432633561029143,0.08698182801746725
0.6166665680000001,-0.9687135393980462,-0.2312639066838345,0.09006155701652577
0.816666568,-0.9701168798464908,-0.21903635659384157,0.10438541050838873
1.016666568,-0.9736650358887411,-0.18428350735414278,0.13422364473159043
1.2166665680000002,-0.9752791326806325,-0.1389569074873065,0.17181848334587693
1.4166665680000001,-0.9762119454209441,-0.09829633560379791,0.19325648248977662
1.616666568,-0.978194467675096,-0.062363866225636305,0.19810686913690517
1.816666568,-0.9788255956298859,-0.0391327490695935,0.20092058453542044
2.016666568,-0.981011507289474,-0.049864250985162305,0.18742993101242747
2.2166665680000004,-0.9809258705825323,-0.05196722365718204,0.18730681804799706
2.4166665680000006,-0.9772837239025677,-0.04019515975783445,0.2080886160441555
2.6166665680000003,-0.9739298152773234,-0.0298798881524294,0.2248730913156951
2.8166665680000005,-0.9717646210174634,-0.037039691005396315,0.2330269997854558
3.016666568,-0.9725604326934396,-0.046893250876438176,0.22787546550997798
3.2166665680000004,-0.9739732775141039,-0.048174215634148095,0.22148431013611034
3.4166665680000006,-0.9755848813148024,-0.046050837722418886,0.21474044727308908
3.6166665680000003,-0.9767024244783069,-0.042538813830383486,0.2103397806790259
3.8166665680000005,-0.9783171952975553,-0.03918060584050809,0.20337243055806578
4.016666568,-0.9805712976955016,-0.042971271610734926,0.19139853696388792
4.216666568,-0.9847429208210976,-0.04546426818350718,0.16797136723641978
4.416666568,-0.9900132004586688,-0.05707205370226239,0.12890556079467633
4.616666568,-0.9935917717944092,-0.07842959259482686,0.08138912720908337
4.8166665680000005,-0.9932681655408079,-0.11413878898452931,-0.019765833459378147
5.016666568,-0.9827764677029711,-0.1539242525289858,-0.10226308724395317
5.216666568,-0.9656167952750101,-0.15414895600025275,-0.20933777501170428
5.416666568,-0.9262277988384768,-0.1815520009116205,-0.33036485228277085
5.616666568,-0.935663816315882,-0.19527065122706636,-0.29394318431723654
5.8166665680000005,-0.9578064438603435,-0.1805021961081189,-0.22366442117545038
6.016666568,-0.982920179995536,-0.13537461463820546,-0.12466608788720905
6.216666568,-0.9945953475346534,-0.08945814636270795,-0.052700424208642405
6.416666568,-0.999279027641636,-0.03604782372178375,-0.011915507564087371
6.616666568,-0.9985653137055656,0.01013012383997065,0.0525803656804722
6.8166665680000005,-0.9670884306333261,0.0066732352456405075,0.25435297377173927
7.016666568,-0.9339932013400826,-0.028034536670498954,0.3561892258395448
7.216666568,-0.9025341526084689,-0.05003327832872156,0.4277017353658894
7.416666568,-0.8799592055164854,-0.04948425838920827,0.4724649244107612
7.616666568,-0.8709195199764478,-0.05302339983899538,0.4885567610764463
7.8166665680000005,-0.8749301662676574,-0.05581147089368838,0.481022124097772
8.016666568,-0.8936593334945411,-0.0550455429509985,0.4453571419201927
8.216666568,-0.9388433754715492,-0.05530034164556952,0.3398749601648692
8.416666568,-0.9651054902788808,-0.060668321765416554,0.2547366235305181
8.616666568,-0.9764518373147096,-0.0580507394696003,0.2077785384772946
8.816666568,-0.9883957230547383,-0.05046040046984503,0.14327471036970787
9.016666568,-0.9924193501832204,-0.052437213925226094,0.1111493228844639
9.216666568,-0.9958510811032628,-0.05182955434523746,0.07479519745168306
9.416666568,-0.9969639410846927,-0.06814453782621328,0.037672564836091944
9.616666568000001,-0.9943224179458408,-0.10501531932040888,0.01716717444338491
9.816666568,-0.991445599150579,-0.13046588999046863,0.0037782898173694523
10.016666568,-0.9941982070891828,-0.1073358080734094,0.006996379483872604
10.216666568,-0.9982795848142789,-0.05833368623837437,-0.005920438571085168
10.416666568,-0.9990964318251531,-0.038814699526153795,-0.0173129724467406
10.616666568000001,-0.999214279893419,-0.028611308138499457,-0.027426554717636827
10.816666568,-0.9994696600367,0.0035558723377436315,-0.03236903517314985
11.016666568,-0.9989332187488343,0.030070486774244513,-0.035045546154311144
11.216666568,-0.9984442551344996,0.038668015204133314,-0.04017280160863951
11.416666568,-0.997786358417688,0.05984280096900176,-0.029003829536003344
11.616666568000001,-0.9958357829666121,0.08500553545345323,-0.0329416500125114
11.816666568,-0.9925444368195602,0.11395784784665529,-0.04323366573286529
12.016666568,-0.9883418913166933,0.14623537446693308,-0.042373589924123295
12.216666568,-0.9880182593936285,0.15012892230615188,-0.03579421450428005
12.416666568,-0.9893234018754182,0.14243712953892687,-0.030836190269884378
12.616666568000001,-0.9877441614130975,0.15175649649526646,-0.03648886632685129
12.816666568,-0.9850642253836738,0.16651239299273923,-0.04384170216922284
13.016666568,-0.9840673996963949,0.1705016088990286,-0.0504039107373458
13.216666568,-0.9839771892752885,0.17010898634756083,-0.05340246950945755
13.416666568,-0.9839137455919036,0.1700486764163185,-0.05474658787878115
13.616666568000001,-0.9844064044822457,0.16768442640998807,-0.05315979640566244
13.816666568,-0.9860171460370606,0.1573067657925453,-0.054997901385593795
14.016666568,-0.9877629272301098,0.1448066286360766,-0.05792615896862492
14.216666568,-0.9866067182861222,0.14176678785275718,-0.08068061287942535
14.416666568,-0.9869446255524201,0.14442698057315734,-0.0712822093913662
14.616666568000001,-0.9904006743855851,0.12089591519612226,-0.06701255005945102
14.816666568,-0.994886380974939,0.07635707936245201,-0.06611115928362869
15.016666568,-0.9973119965573733,0.037725554094757925,-0.06281372533920587
15.216666568,-0.9980605577841603,0.010962695200851193,-0.06127758407039092
15.416666568,-0.9984310816449088,-0.015265006649358582,-0.05387350719391528
15.616666568000001,-0.9986545610767423,-0.029998992660820595,-0.04229808600817675
15.816666568,-0.9988739647381624,-0.03492269993244591,-0.03211242123685006
16.016666568,-0.9993561517773706,-0.03395648395050653,0.011586159952464906
16.216666568,-0.9992489129285254,-0.03756006735985052,0.009531597509563878
16.416666568000004,-0.9958070742254992,-0.07364236720195541,0.0542685237991941
16.616666568000003,-0.9905664563770832,-0.11949971217122622,0.0670664915702507
16.816666568000002,-0.9889633298867284,-0.12738861917940753,0.07565495253397654
17.016666568,-0.992785937145673,-0.11347692163730592,0.03871784164321092
17.216666568,-0.9938740385841577,-0.10686686139584473,0.0281756874595376
17.416666568000004,-0.9939649745554044,-0.10762568634513445,0.021221239261951665
17.616666568000003,-0.9941566347902396,-0.10604074923229301,0.020197648496794725
17.816666568000002,-0.9939040677904762,-0.1089550149191987,0.016837718179794098
18.016666568,-0.9942974819512197,-0.10612084046722448,0.010530175876693032
18.216666568,-0.9945110800165353,-0.10420517543492243,0.009433617382583335
18.416666568000004,-0.9946538328720667,-0.10267497450900007,0.011027346121507377
18.616666568000003,-0.9950236042279134,-0.09886232526461937,0.012420453798699996
18.816666568000002,-0.9951682590400142,-0.09762890819800923,0.01042748691354459
19.016666568,-0.9954694407545432,-0.09480402546214335,0.007265623167356386
19.216666568000004,-0.995561305821038,-0.09383689934487505,0.007233441314448378
19.416666568000004,-0.9956878693236105,-0.09251287152888056,0.006858241996987667
19.616666568000003,-0.9956232457179172,-0.09330033995927198,0.005422098265814933
19.816666568000002,-0.9956062006295378,-0.09358610985897978,0.0031517153233988015
20.016666568,-0.9956506995414737,-0.0930582123141625,0.0044557405071073315
20.216666568000004,-0.9957002568217143,-0.09259493175311558,0.0026790257199748517
20.416666568000004,-0.9956387041571326,-0.09329292991814941,3.404902319498187e-06
20.616666568000003,-0.995453487576614,-0.09524023196736212,-0.001285412913902503
20.816666568000002,-0.9954446088967988,-0.0953399695437475,0.0005664147750506023
21.016666568,-0.9954657126469868,-0.09511792697771788,0.0007713051851515466
21.216666568000004,-0.9954757898067893,-0.0950031508232733,-0.0015340280959050376
21.416666568000004,-0.9955276552651052,-0.09446364399013885,-0.001143488726013316
21.616666568000003,-0.9956421507207671,-0.09325044251601518,0.0010308630814412462
21.816666568000002,-0.995661625173251,-0.09296804504385607,0.0038562621908908475
22.016666568,-0.9954662126520817,-0.0942176484695485,0.01304048254434366
22.216666568000004,-0.9935480984772989,-0.10481570650708667,0.04331101108913588
22.416666568000004,-0.9909972090922772,-0.113518085325091,0.07098010901261706
22.616666568000003,-0.9901047373770686,-0.11192746588780325,0.08464544526092943
22.816666568000002,-0.9907760902879553,-0.10981641477694877,0.07939202705089687
23.016666568,-0.9912514068158051,-0.10897505847249647,0.07446532828507188
23.216666568000004,-0.9914526061617097,-0.10886890104196022,0.07189778940321714
23.416666568000004,-0.9914934437685328,-0.10945945094893841,0.07042286249487907
23.616666568000003,-0.9917947664674349,-0.1085818138222558,0.06747689171023778
23.816666568000002,-0.992344278612274,-0.10641907529878138,0.06267226753546914
24.016666568,-0.9925077625233335,-0.1074697238373664,0.05812572398900672
24.216666568000004,-0.9925514239456678,-0.10906593607343135,0.05427976060976785
24.416666568000004,-0.9926085699150692,-0.10912859772232056,0.053095914064277626
24.616666568000003,-0.99242266227983,-0.10994993394809251,0.05484771114846028
24.816666568000002,-0.9920727207688314,-0.11195018956979683,0.05708652872276238
25.016666568,-0.9921053082579894,-0.11171911379204798,0.056972773671634
25.216666568000004,-0.992708405752028,-0.10869272285566507,0.05211442360315246
25.416666568000004,-0.992623095975926,-0.10819961938089548,0.054701295240580344
25.616666568000003,-0.9925284528992302,-0.10712486338626391,0.05840833698998224
25.816666568000002,-0.9927020634473307,-0.10534640159400258,0.058691983256721404
26.016666568,-0.9929886397557709,-0.10442973758818183,0.055389450468905296
26.216666568000004,-0.9935032556813514,-0.10236068347187278,0.04973501211145333
26.416666568000004,-0.9936148615628578,-0.10055538078879132,0.05116759009220361
26.616666568000003,-0.9937112989076294,-0.10055845719318025,0.049252929966037015
26.816666568000002,-0.9939871632109171,-0.09944305844046691,0.04583227574449812
27.016666568,-0.9938476532415202,-0.10043384253979783,0.04668924307604911
27.216666568000004,-0.9939191188417275,-0.09949644270903492,0.04717248232955519
27.416666568000004,-0.9938557815693312,-0.10142500713757734,0.04431312862297146
27.616666568000003,-0.9939523808722661,-0.10189814720293154,0.04093204313204558
27.816666568000002,-0.993837998071474,-0.1037655785941653,0.03897099290886849
28.016666568,-0.9942567060822357,-0.10082059691707962,0.035899995094526495
28.216666568000004,-0.994158276840689,-0.10222910591759708,0.034619799139237406
28.416666568000004,-0.993948523319675,-0.10310276630895956,0.037896603674709414
28.616666568000003,-0.9940103864534755,-0.10260022590155735,0.03763701990808184
28.816666568000002,-0.9942428015209773,-0.10264289254393284,0.03075204438624398
29.016666568,-0.9943209925988523,-0.10297765893423141,0.026858247106958298
29.216666568000004,-0.994404883409515,-0.1019640213687958,0.02760916872367702
29.416666568000004,-0.9946257832151876,-0.10006897968048127,0.026565968254188534
29.616666568000003,-0.9947218445978842,-0.09964738230663833,0.02447143394281703
29.816666568000002,-0.9948607764457474,-0.09920872318098395,0.020240176248340184
30.016666568,-0.9950349649641678,-0.09738609450369011,0.020527228163486805
30.216666568000004,-0.9951759406177244,-0.096000438864982,0.02021788696572163
30.416666568000004,-0.995426865372759,-0.09371598108822472,0.0185113636135958
30.616666568000003,-0.9955765839383335,-0.09215969420720303,0.01827173438164868
30.816666568000002,-0.9956596170199129,-0.09134542906046092,0.017830861603424304
31.016666568,-0.9955771212632452,-0.0923574131866212,0.017213478633483374
31.216666568000004,-0.9953698248451377,-0.0945660969809751,0.01720944768272884
31.416666568000004,-0.9953653231825775,-0.09475092671156549,0.01643579304271357
31.616666568000003,-0.9953008134354668,-0.09589125722533919,0.01345947853528193
31.816666568000002,-0.9953794414446718,-0.09567312657559333,0.008149871197977467
32.016666568,-0.9955290692762441,-0.0937063219443352,-0.011874234865463794
32.216666568,-0.9949435479993352,-0.09172856643467775,-0.04090484560946133
32.416666568,-0.9868564308437724,-0.10664176395706672,-0.12141630484583352
32.616666568,-0.9761254734399838,-0.11563186193949188,-0.18387042341272128
32.816666568,-0.966608356492747,-0.1150948865732356,-0.2289573153299193
33.016666568,-0.9647931221335256,-0.11234032631502197,-0.23781060230208068
33.216666568,-0.9666207565026441,-0.10946148025069291,-0.23165167264577083
33.416666568,-0.9721149308262746,-0.10507990142785378,-0.20964440269308307
33.616666568,-0.9806347171060473,-0.0970098143704149,-0.17013126556326963
33.816666568,-0.9880332577192493,-0.09504324097522095,-0.12147865650234037
34.016666568,-0.9913531356447531,-0.10169086513416355,-0.08293327676862457
34.216666568,-0.9899860505366781,-0.11960617412207619,-0.07497988299983774
34.416666568,-0.9883670142440716,-0.12830599921132846,-0.08165914352136026
34.616666568,-0.9874412845091325,-0.1290068957993462,-0.09119720655355013
34.816666568,-0.9875092158003721,-0.12955838132371741,-0.08966702034813472
35.016666568,-0.9883229389612589,-0.12751983403987585,-0.0834053970041664
35.216666568,-0.9884502712725785,-0.12814191352237803,-0.0809055697711186
35.416666568,-0.9869603036304733,-0.13950775613214023,-0.08029287039718938
35.616666568,-0.9794837078912444,-0.18832253432923043,-0.07173764032525363
35.816666568,-0.9663567988432706,-0.25132632453827575,-0.05467738036398833
36.016666568,-0.9514987556347099,-0.30490673078604813,-0.04101223655158741
